/*--------------------------------*- C++ -*----------------------------------*\
  =========                 |
  \\      /  F ield         | OpenFOAM: The Open Source CFD Toolbox
   \\    /   O peration     | Website:  https://openfoam.org
    \\  /    A nd           | Version:  8
     \\/     M anipulation  |
\*---------------------------------------------------------------------------*/
FoamFile
{
    version     2.0;
    format      ascii;
    class       volScalarField;
    location    "0.8";
    object      rho;
}
// * * * * * * * * * * * * * * * * * * * * * * * * * * * * * * * * * * * * * //

dimensions      [1 -3 0 0 0 0 0];

internalField   nonuniform List<scalar> 
200
(
0.032086825
0.031232868
0.030729644
0.030494135
0.030403339
0.030373897
0.030365728
0.030363759
0.030363341
0.030363263
0.030363249
0.030363247
0.030363247
0.030363247
0.030363247
0.030363247
0.030363247
0.030363247
0.030363247
0.030363247
0.030363247
0.030363247
0.030363247
0.030363247
0.030363247
0.030363247
0.030363247
0.030363247
0.030363247
0.030363247
0.030363246
0.030363246
0.030363246
0.030363246
0.030363246
0.030363246
0.030363246
0.030363246
0.030363246
0.030363246
0.030363246
0.030363246
0.030363246
0.030363246
0.030363246
0.030363246
0.030363246
0.030363246
0.030363246
0.030363246
0.030363246
0.030363246
0.030363245
0.030363245
0.030363245
0.030363245
0.030363245
0.030363245
0.030363245
0.030363245
0.030363245
0.030363245
0.030363245
0.030363245
0.030363245
0.030363245
0.030363244
0.030363244
0.030363244
0.030363244
0.030363244
0.030363244
0.030363244
0.030363244
0.030363244
0.030363244
0.030363244
0.030363243
0.030363243
0.030363243
0.030363243
0.030363243
0.030363243
0.030363243
0.030363243
0.030363243
0.030363242
0.030363242
0.030363242
0.030363242
0.030363242
0.030363242
0.030363242
0.030363242
0.030363241
0.030363241
0.030363241
0.030363241
0.030363241
0.030363241
0.03036324
0.03036324
0.03036324
0.03036324
0.03036324
0.03036324
0.03036324
0.030363239
0.030363239
0.030363239
0.030363239
0.030363239
0.030363238
0.030363238
0.030363238
0.030363238
0.030363238
0.030363237
0.030363237
0.030363237
0.030363237
0.030363237
0.030363236
0.030363236
0.030363236
0.030363236
0.030363236
0.030363235
0.030363235
0.030363235
0.030363235
0.030363234
0.030363234
0.030363233
0.030363234
0.030363233
0.030363233
0.030363232
0.030363233
0.030363231
0.030363233
0.03036323
0.030363233
0.030363229
0.030363232
0.030363228
0.030363233
0.030363227
0.030363233
0.030363225
0.030363233
0.030363223
0.030363233
0.030363222
0.030363234
0.030363219
0.030363235
0.030363217
0.030363237
0.030363214
0.030363238
0.03036321
0.03036324
0.030363206
0.030363243
0.030363202
0.030363247
0.030363196
0.030363251
0.030363189
0.030363256
0.030363182
0.030363263
0.030363173
0.030363271
0.030363163
0.03036328
0.030363151
0.03036329
0.030363138
0.030363302
0.030363124
0.030363314
0.030363109
0.030363328
0.030363094
0.030363344
0.030363076
0.030363353
0.030363065
0.030363374
0.030363043
0.030363383
0.030363032
0.030363399
0.030363014
0.030363408
0.030363004
0.030363418
0.030362996
)
;

boundaryField
{
    left
    {
        type            calculated;
        value           nonuniform List<scalar> 
200
(
0.032086825
0.031232868
0.030729644
0.030494135
0.030403339
0.030373897
0.030365728
0.030363759
0.030363341
0.030363263
0.030363249
0.030363247
0.030363247
0.030363247
0.030363247
0.030363247
0.030363247
0.030363247
0.030363247
0.030363247
0.030363247
0.030363247
0.030363247
0.030363247
0.030363247
0.030363247
0.030363247
0.030363247
0.030363247
0.030363247
0.030363246
0.030363246
0.030363246
0.030363246
0.030363246
0.030363246
0.030363246
0.030363246
0.030363246
0.030363246
0.030363246
0.030363246
0.030363246
0.030363246
0.030363246
0.030363246
0.030363246
0.030363246
0.030363246
0.030363246
0.030363246
0.030363246
0.030363245
0.030363245
0.030363245
0.030363245
0.030363245
0.030363245
0.030363245
0.030363245
0.030363245
0.030363245
0.030363245
0.030363245
0.030363245
0.030363245
0.030363244
0.030363244
0.030363244
0.030363244
0.030363244
0.030363244
0.030363244
0.030363244
0.030363244
0.030363244
0.030363244
0.030363243
0.030363243
0.030363243
0.030363243
0.030363243
0.030363243
0.030363243
0.030363243
0.030363243
0.030363242
0.030363242
0.030363242
0.030363242
0.030363242
0.030363242
0.030363242
0.030363242
0.030363241
0.030363241
0.030363241
0.030363241
0.030363241
0.030363241
0.03036324
0.03036324
0.03036324
0.03036324
0.03036324
0.03036324
0.03036324
0.030363239
0.030363239
0.030363239
0.030363239
0.030363239
0.030363238
0.030363238
0.030363238
0.030363238
0.030363238
0.030363237
0.030363237
0.030363237
0.030363237
0.030363237
0.030363236
0.030363236
0.030363236
0.030363236
0.030363236
0.030363235
0.030363235
0.030363235
0.030363235
0.030363234
0.030363234
0.030363233
0.030363234
0.030363233
0.030363233
0.030363232
0.030363233
0.030363231
0.030363233
0.03036323
0.030363233
0.030363229
0.030363232
0.030363228
0.030363233
0.030363227
0.030363233
0.030363225
0.030363233
0.030363223
0.030363233
0.030363222
0.030363234
0.030363219
0.030363235
0.030363217
0.030363237
0.030363214
0.030363238
0.03036321
0.03036324
0.030363206
0.030363243
0.030363202
0.030363247
0.030363196
0.030363251
0.030363189
0.030363256
0.030363182
0.030363263
0.030363173
0.030363271
0.030363163
0.03036328
0.030363151
0.03036329
0.030363138
0.030363302
0.030363124
0.030363314
0.030363109
0.030363328
0.030363094
0.030363344
0.030363076
0.030363353
0.030363065
0.030363374
0.030363043
0.030363383
0.030363032
0.030363399
0.030363014
0.030363408
0.030363004
0.030363418
0.030362996
)
;
    }
    right
    {
        type            calculated;
        value           nonuniform List<scalar> 
200
(
0.032086825
0.031232868
0.030729644
0.030494135
0.030403339
0.030373897
0.030365728
0.030363759
0.030363341
0.030363263
0.030363249
0.030363247
0.030363247
0.030363247
0.030363247
0.030363247
0.030363247
0.030363247
0.030363247
0.030363247
0.030363247
0.030363247
0.030363247
0.030363247
0.030363247
0.030363247
0.030363247
0.030363247
0.030363247
0.030363247
0.030363246
0.030363246
0.030363246
0.030363246
0.030363246
0.030363246
0.030363246
0.030363246
0.030363246
0.030363246
0.030363246
0.030363246
0.030363246
0.030363246
0.030363246
0.030363246
0.030363246
0.030363246
0.030363246
0.030363246
0.030363246
0.030363246
0.030363245
0.030363245
0.030363245
0.030363245
0.030363245
0.030363245
0.030363245
0.030363245
0.030363245
0.030363245
0.030363245
0.030363245
0.030363245
0.030363245
0.030363244
0.030363244
0.030363244
0.030363244
0.030363244
0.030363244
0.030363244
0.030363244
0.030363244
0.030363244
0.030363244
0.030363243
0.030363243
0.030363243
0.030363243
0.030363243
0.030363243
0.030363243
0.030363243
0.030363243
0.030363242
0.030363242
0.030363242
0.030363242
0.030363242
0.030363242
0.030363242
0.030363242
0.030363241
0.030363241
0.030363241
0.030363241
0.030363241
0.030363241
0.03036324
0.03036324
0.03036324
0.03036324
0.03036324
0.03036324
0.03036324
0.030363239
0.030363239
0.030363239
0.030363239
0.030363239
0.030363238
0.030363238
0.030363238
0.030363238
0.030363238
0.030363237
0.030363237
0.030363237
0.030363237
0.030363237
0.030363236
0.030363236
0.030363236
0.030363236
0.030363236
0.030363235
0.030363235
0.030363235
0.030363235
0.030363234
0.030363234
0.030363233
0.030363234
0.030363233
0.030363233
0.030363232
0.030363233
0.030363231
0.030363233
0.03036323
0.030363233
0.030363229
0.030363232
0.030363228
0.030363233
0.030363227
0.030363233
0.030363225
0.030363233
0.030363223
0.030363233
0.030363222
0.030363234
0.030363219
0.030363235
0.030363217
0.030363237
0.030363214
0.030363238
0.03036321
0.03036324
0.030363206
0.030363243
0.030363202
0.030363247
0.030363196
0.030363251
0.030363189
0.030363256
0.030363182
0.030363263
0.030363173
0.030363271
0.030363163
0.03036328
0.030363151
0.03036329
0.030363138
0.030363302
0.030363124
0.030363314
0.030363109
0.030363328
0.030363094
0.030363344
0.030363076
0.030363353
0.030363065
0.030363374
0.030363043
0.030363383
0.030363032
0.030363399
0.030363014
0.030363408
0.030363004
0.030363418
0.030362996
)
;
    }
    walls
    {
        type            calculated;
        value           uniform 0.031401273;
    }
    centreline
    {
        type            calculated;
        value           uniform 0.030363209;
    }
    frontAndBack
    {
        type            calculated;
        value           nonuniform List<scalar> 
400
(
0.032086825
0.031232868
0.030729644
0.030494135
0.030403339
0.030373897
0.030365728
0.030363759
0.030363341
0.030363263
0.030363249
0.030363247
0.030363247
0.030363247
0.030363247
0.030363247
0.030363247
0.030363247
0.030363247
0.030363247
0.030363247
0.030363247
0.030363247
0.030363247
0.030363247
0.030363247
0.030363247
0.030363247
0.030363247
0.030363247
0.030363246
0.030363246
0.030363246
0.030363246
0.030363246
0.030363246
0.030363246
0.030363246
0.030363246
0.030363246
0.030363246
0.030363246
0.030363246
0.030363246
0.030363246
0.030363246
0.030363246
0.030363246
0.030363246
0.030363246
0.030363246
0.030363246
0.030363245
0.030363245
0.030363245
0.030363245
0.030363245
0.030363245
0.030363245
0.030363245
0.030363245
0.030363245
0.030363245
0.030363245
0.030363245
0.030363245
0.030363244
0.030363244
0.030363244
0.030363244
0.030363244
0.030363244
0.030363244
0.030363244
0.030363244
0.030363244
0.030363244
0.030363243
0.030363243
0.030363243
0.030363243
0.030363243
0.030363243
0.030363243
0.030363243
0.030363243
0.030363242
0.030363242
0.030363242
0.030363242
0.030363242
0.030363242
0.030363242
0.030363242
0.030363241
0.030363241
0.030363241
0.030363241
0.030363241
0.030363241
0.03036324
0.03036324
0.03036324
0.03036324
0.03036324
0.03036324
0.03036324
0.030363239
0.030363239
0.030363239
0.030363239
0.030363239
0.030363238
0.030363238
0.030363238
0.030363238
0.030363238
0.030363237
0.030363237
0.030363237
0.030363237
0.030363237
0.030363236
0.030363236
0.030363236
0.030363236
0.030363236
0.030363235
0.030363235
0.030363235
0.030363235
0.030363234
0.030363234
0.030363233
0.030363234
0.030363233
0.030363233
0.030363232
0.030363233
0.030363231
0.030363233
0.03036323
0.030363233
0.030363229
0.030363232
0.030363228
0.030363233
0.030363227
0.030363233
0.030363225
0.030363233
0.030363223
0.030363233
0.030363222
0.030363234
0.030363219
0.030363235
0.030363217
0.030363237
0.030363214
0.030363238
0.03036321
0.03036324
0.030363206
0.030363243
0.030363202
0.030363247
0.030363196
0.030363251
0.030363189
0.030363256
0.030363182
0.030363263
0.030363173
0.030363271
0.030363163
0.03036328
0.030363151
0.03036329
0.030363138
0.030363302
0.030363124
0.030363314
0.030363109
0.030363328
0.030363094
0.030363344
0.030363076
0.030363353
0.030363065
0.030363374
0.030363043
0.030363383
0.030363032
0.030363399
0.030363014
0.030363408
0.030363004
0.030363418
0.030362996
0.032086825
0.031232868
0.030729644
0.030494135
0.030403339
0.030373897
0.030365728
0.030363759
0.030363341
0.030363263
0.030363249
0.030363247
0.030363247
0.030363247
0.030363247
0.030363247
0.030363247
0.030363247
0.030363247
0.030363247
0.030363247
0.030363247
0.030363247
0.030363247
0.030363247
0.030363247
0.030363247
0.030363247
0.030363247
0.030363247
0.030363246
0.030363246
0.030363246
0.030363246
0.030363246
0.030363246
0.030363246
0.030363246
0.030363246
0.030363246
0.030363246
0.030363246
0.030363246
0.030363246
0.030363246
0.030363246
0.030363246
0.030363246
0.030363246
0.030363246
0.030363246
0.030363246
0.030363245
0.030363245
0.030363245
0.030363245
0.030363245
0.030363245
0.030363245
0.030363245
0.030363245
0.030363245
0.030363245
0.030363245
0.030363245
0.030363245
0.030363244
0.030363244
0.030363244
0.030363244
0.030363244
0.030363244
0.030363244
0.030363244
0.030363244
0.030363244
0.030363244
0.030363243
0.030363243
0.030363243
0.030363243
0.030363243
0.030363243
0.030363243
0.030363243
0.030363243
0.030363242
0.030363242
0.030363242
0.030363242
0.030363242
0.030363242
0.030363242
0.030363242
0.030363241
0.030363241
0.030363241
0.030363241
0.030363241
0.030363241
0.03036324
0.03036324
0.03036324
0.03036324
0.03036324
0.03036324
0.03036324
0.030363239
0.030363239
0.030363239
0.030363239
0.030363239
0.030363238
0.030363238
0.030363238
0.030363238
0.030363238
0.030363237
0.030363237
0.030363237
0.030363237
0.030363237
0.030363236
0.030363236
0.030363236
0.030363236
0.030363236
0.030363235
0.030363235
0.030363235
0.030363235
0.030363234
0.030363234
0.030363233
0.030363234
0.030363233
0.030363233
0.030363232
0.030363233
0.030363231
0.030363233
0.03036323
0.030363233
0.030363229
0.030363232
0.030363228
0.030363233
0.030363227
0.030363233
0.030363225
0.030363233
0.030363223
0.030363233
0.030363222
0.030363234
0.030363219
0.030363235
0.030363217
0.030363237
0.030363214
0.030363238
0.03036321
0.03036324
0.030363206
0.030363243
0.030363202
0.030363247
0.030363196
0.030363251
0.030363189
0.030363256
0.030363182
0.030363263
0.030363173
0.030363271
0.030363163
0.03036328
0.030363151
0.03036329
0.030363138
0.030363302
0.030363124
0.030363314
0.030363109
0.030363328
0.030363094
0.030363344
0.030363076
0.030363353
0.030363065
0.030363374
0.030363043
0.030363383
0.030363032
0.030363399
0.030363014
0.030363408
0.030363004
0.030363418
0.030362996
)
;
    }
}


// ************************************************************************* //
