/*--------------------------------*- C++ -*----------------------------------*\
  =========                 |
  \\      /  F ield         | OpenFOAM: The Open Source CFD Toolbox
   \\    /   O peration     | Website:  https://openfoam.org
    \\  /    A nd           | Version:  8
     \\/     M anipulation  |
\*---------------------------------------------------------------------------*/
FoamFile
{
    version     2.0;
    format      ascii;
    class       volScalarField;
    location    "0.6";
    object      rho;
}
// * * * * * * * * * * * * * * * * * * * * * * * * * * * * * * * * * * * * * //

dimensions      [1 -3 0 0 0 0 0];

internalField   nonuniform List<scalar> 
200
(
0.031943899
0.031052385
0.030604055
0.03043262
0.030380012
0.030366667
0.030363803
0.030363273
0.030363187
0.030363175
0.030363173
0.030363173
0.030363173
0.030363173
0.030363173
0.030363173
0.030363173
0.030363173
0.030363173
0.030363173
0.030363173
0.030363173
0.030363173
0.030363173
0.030363173
0.030363173
0.030363173
0.030363173
0.030363173
0.030363173
0.030363173
0.030363173
0.030363173
0.030363173
0.030363173
0.030363173
0.030363173
0.030363173
0.030363173
0.030363173
0.030363173
0.030363173
0.030363173
0.030363173
0.030363173
0.030363173
0.030363173
0.030363173
0.030363173
0.030363173
0.030363173
0.030363173
0.030363173
0.030363173
0.030363173
0.030363173
0.030363173
0.030363173
0.030363173
0.030363173
0.030363173
0.030363174
0.030363174
0.030363174
0.030363174
0.030363174
0.030363174
0.030363174
0.030363174
0.030363174
0.030363174
0.030363174
0.030363174
0.030363174
0.030363174
0.030363174
0.030363174
0.030363174
0.030363174
0.030363174
0.030363174
0.030363174
0.030363174
0.030363174
0.030363174
0.030363174
0.030363175
0.030363175
0.030363175
0.030363175
0.030363175
0.030363175
0.030363175
0.030363175
0.030363175
0.030363175
0.030363175
0.030363175
0.030363175
0.030363175
0.030363176
0.030363176
0.030363176
0.030363176
0.030363176
0.030363176
0.030363176
0.030363176
0.030363176
0.030363176
0.030363177
0.030363177
0.030363177
0.030363177
0.030363177
0.030363177
0.030363177
0.030363177
0.030363178
0.030363178
0.030363178
0.030363178
0.030363178
0.030363178
0.030363179
0.030363179
0.030363179
0.030363179
0.030363179
0.030363179
0.03036318
0.030363179
0.03036318
0.03036318
0.030363181
0.03036318
0.030363181
0.03036318
0.030363182
0.03036318
0.030363183
0.03036318
0.030363184
0.03036318
0.030363185
0.030363179
0.030363187
0.030363179
0.030363189
0.030363178
0.030363191
0.030363176
0.030363194
0.030363174
0.030363198
0.030363172
0.030363202
0.030363169
0.030363207
0.030363165
0.030363212
0.03036316
0.030363219
0.030363155
0.030363226
0.030363149
0.030363233
0.030363143
0.030363242
0.030363136
0.03036325
0.030363128
0.030363259
0.030363121
0.030363269
0.030363114
0.030363279
0.030363105
0.030363286
0.0303631
0.030363301
0.030363087
0.030363305
0.030363085
0.030363318
0.030363074
0.030363322
0.030363073
0.030363332
0.030363065
0.030363336
0.030363063
0.030363344
0.030363059
0.030363349
0.030363057
0.030363352
0.030363055
0.030363359
0.030363051
)
;

boundaryField
{
    left
    {
        type            calculated;
        value           nonuniform List<scalar> 
200
(
0.031943899
0.031052385
0.030604055
0.03043262
0.030380012
0.030366667
0.030363803
0.030363273
0.030363187
0.030363175
0.030363173
0.030363173
0.030363173
0.030363173
0.030363173
0.030363173
0.030363173
0.030363173
0.030363173
0.030363173
0.030363173
0.030363173
0.030363173
0.030363173
0.030363173
0.030363173
0.030363173
0.030363173
0.030363173
0.030363173
0.030363173
0.030363173
0.030363173
0.030363173
0.030363173
0.030363173
0.030363173
0.030363173
0.030363173
0.030363173
0.030363173
0.030363173
0.030363173
0.030363173
0.030363173
0.030363173
0.030363173
0.030363173
0.030363173
0.030363173
0.030363173
0.030363173
0.030363173
0.030363173
0.030363173
0.030363173
0.030363173
0.030363173
0.030363173
0.030363173
0.030363173
0.030363174
0.030363174
0.030363174
0.030363174
0.030363174
0.030363174
0.030363174
0.030363174
0.030363174
0.030363174
0.030363174
0.030363174
0.030363174
0.030363174
0.030363174
0.030363174
0.030363174
0.030363174
0.030363174
0.030363174
0.030363174
0.030363174
0.030363174
0.030363174
0.030363174
0.030363175
0.030363175
0.030363175
0.030363175
0.030363175
0.030363175
0.030363175
0.030363175
0.030363175
0.030363175
0.030363175
0.030363175
0.030363175
0.030363175
0.030363176
0.030363176
0.030363176
0.030363176
0.030363176
0.030363176
0.030363176
0.030363176
0.030363176
0.030363176
0.030363177
0.030363177
0.030363177
0.030363177
0.030363177
0.030363177
0.030363177
0.030363177
0.030363178
0.030363178
0.030363178
0.030363178
0.030363178
0.030363178
0.030363179
0.030363179
0.030363179
0.030363179
0.030363179
0.030363179
0.03036318
0.030363179
0.03036318
0.03036318
0.030363181
0.03036318
0.030363181
0.03036318
0.030363182
0.03036318
0.030363183
0.03036318
0.030363184
0.03036318
0.030363185
0.030363179
0.030363187
0.030363179
0.030363189
0.030363178
0.030363191
0.030363176
0.030363194
0.030363174
0.030363198
0.030363172
0.030363202
0.030363169
0.030363207
0.030363165
0.030363212
0.03036316
0.030363219
0.030363155
0.030363226
0.030363149
0.030363233
0.030363143
0.030363242
0.030363136
0.03036325
0.030363128
0.030363259
0.030363121
0.030363269
0.030363114
0.030363279
0.030363105
0.030363286
0.0303631
0.030363301
0.030363087
0.030363305
0.030363085
0.030363318
0.030363074
0.030363322
0.030363073
0.030363332
0.030363065
0.030363336
0.030363063
0.030363344
0.030363059
0.030363349
0.030363057
0.030363352
0.030363055
0.030363359
0.030363051
)
;
    }
    right
    {
        type            calculated;
        value           nonuniform List<scalar> 
200
(
0.031943899
0.031052385
0.030604055
0.03043262
0.030380012
0.030366667
0.030363803
0.030363273
0.030363187
0.030363175
0.030363173
0.030363173
0.030363173
0.030363173
0.030363173
0.030363173
0.030363173
0.030363173
0.030363173
0.030363173
0.030363173
0.030363173
0.030363173
0.030363173
0.030363173
0.030363173
0.030363173
0.030363173
0.030363173
0.030363173
0.030363173
0.030363173
0.030363173
0.030363173
0.030363173
0.030363173
0.030363173
0.030363173
0.030363173
0.030363173
0.030363173
0.030363173
0.030363173
0.030363173
0.030363173
0.030363173
0.030363173
0.030363173
0.030363173
0.030363173
0.030363173
0.030363173
0.030363173
0.030363173
0.030363173
0.030363173
0.030363173
0.030363173
0.030363173
0.030363173
0.030363173
0.030363174
0.030363174
0.030363174
0.030363174
0.030363174
0.030363174
0.030363174
0.030363174
0.030363174
0.030363174
0.030363174
0.030363174
0.030363174
0.030363174
0.030363174
0.030363174
0.030363174
0.030363174
0.030363174
0.030363174
0.030363174
0.030363174
0.030363174
0.030363174
0.030363174
0.030363175
0.030363175
0.030363175
0.030363175
0.030363175
0.030363175
0.030363175
0.030363175
0.030363175
0.030363175
0.030363175
0.030363175
0.030363175
0.030363175
0.030363176
0.030363176
0.030363176
0.030363176
0.030363176
0.030363176
0.030363176
0.030363176
0.030363176
0.030363176
0.030363177
0.030363177
0.030363177
0.030363177
0.030363177
0.030363177
0.030363177
0.030363177
0.030363178
0.030363178
0.030363178
0.030363178
0.030363178
0.030363178
0.030363179
0.030363179
0.030363179
0.030363179
0.030363179
0.030363179
0.03036318
0.030363179
0.03036318
0.03036318
0.030363181
0.03036318
0.030363181
0.03036318
0.030363182
0.03036318
0.030363183
0.03036318
0.030363184
0.03036318
0.030363185
0.030363179
0.030363187
0.030363179
0.030363189
0.030363178
0.030363191
0.030363176
0.030363194
0.030363174
0.030363198
0.030363172
0.030363202
0.030363169
0.030363207
0.030363165
0.030363212
0.03036316
0.030363219
0.030363155
0.030363226
0.030363149
0.030363233
0.030363143
0.030363242
0.030363136
0.03036325
0.030363128
0.030363259
0.030363121
0.030363269
0.030363114
0.030363279
0.030363105
0.030363286
0.0303631
0.030363301
0.030363087
0.030363305
0.030363085
0.030363318
0.030363074
0.030363322
0.030363073
0.030363332
0.030363065
0.030363336
0.030363063
0.030363344
0.030363059
0.030363349
0.030363057
0.030363352
0.030363055
0.030363359
0.030363051
)
;
    }
    walls
    {
        type            calculated;
        value           uniform 0.031401195;
    }
    centreline
    {
        type            calculated;
        value           uniform 0.030363209;
    }
    frontAndBack
    {
        type            calculated;
        value           nonuniform List<scalar> 
400
(
0.031943899
0.031052385
0.030604055
0.03043262
0.030380012
0.030366667
0.030363803
0.030363273
0.030363187
0.030363175
0.030363173
0.030363173
0.030363173
0.030363173
0.030363173
0.030363173
0.030363173
0.030363173
0.030363173
0.030363173
0.030363173
0.030363173
0.030363173
0.030363173
0.030363173
0.030363173
0.030363173
0.030363173
0.030363173
0.030363173
0.030363173
0.030363173
0.030363173
0.030363173
0.030363173
0.030363173
0.030363173
0.030363173
0.030363173
0.030363173
0.030363173
0.030363173
0.030363173
0.030363173
0.030363173
0.030363173
0.030363173
0.030363173
0.030363173
0.030363173
0.030363173
0.030363173
0.030363173
0.030363173
0.030363173
0.030363173
0.030363173
0.030363173
0.030363173
0.030363173
0.030363173
0.030363174
0.030363174
0.030363174
0.030363174
0.030363174
0.030363174
0.030363174
0.030363174
0.030363174
0.030363174
0.030363174
0.030363174
0.030363174
0.030363174
0.030363174
0.030363174
0.030363174
0.030363174
0.030363174
0.030363174
0.030363174
0.030363174
0.030363174
0.030363174
0.030363174
0.030363175
0.030363175
0.030363175
0.030363175
0.030363175
0.030363175
0.030363175
0.030363175
0.030363175
0.030363175
0.030363175
0.030363175
0.030363175
0.030363175
0.030363176
0.030363176
0.030363176
0.030363176
0.030363176
0.030363176
0.030363176
0.030363176
0.030363176
0.030363176
0.030363177
0.030363177
0.030363177
0.030363177
0.030363177
0.030363177
0.030363177
0.030363177
0.030363178
0.030363178
0.030363178
0.030363178
0.030363178
0.030363178
0.030363179
0.030363179
0.030363179
0.030363179
0.030363179
0.030363179
0.03036318
0.030363179
0.03036318
0.03036318
0.030363181
0.03036318
0.030363181
0.03036318
0.030363182
0.03036318
0.030363183
0.03036318
0.030363184
0.03036318
0.030363185
0.030363179
0.030363187
0.030363179
0.030363189
0.030363178
0.030363191
0.030363176
0.030363194
0.030363174
0.030363198
0.030363172
0.030363202
0.030363169
0.030363207
0.030363165
0.030363212
0.03036316
0.030363219
0.030363155
0.030363226
0.030363149
0.030363233
0.030363143
0.030363242
0.030363136
0.03036325
0.030363128
0.030363259
0.030363121
0.030363269
0.030363114
0.030363279
0.030363105
0.030363286
0.0303631
0.030363301
0.030363087
0.030363305
0.030363085
0.030363318
0.030363074
0.030363322
0.030363073
0.030363332
0.030363065
0.030363336
0.030363063
0.030363344
0.030363059
0.030363349
0.030363057
0.030363352
0.030363055
0.030363359
0.030363051
0.031943899
0.031052385
0.030604055
0.03043262
0.030380012
0.030366667
0.030363803
0.030363273
0.030363187
0.030363175
0.030363173
0.030363173
0.030363173
0.030363173
0.030363173
0.030363173
0.030363173
0.030363173
0.030363173
0.030363173
0.030363173
0.030363173
0.030363173
0.030363173
0.030363173
0.030363173
0.030363173
0.030363173
0.030363173
0.030363173
0.030363173
0.030363173
0.030363173
0.030363173
0.030363173
0.030363173
0.030363173
0.030363173
0.030363173
0.030363173
0.030363173
0.030363173
0.030363173
0.030363173
0.030363173
0.030363173
0.030363173
0.030363173
0.030363173
0.030363173
0.030363173
0.030363173
0.030363173
0.030363173
0.030363173
0.030363173
0.030363173
0.030363173
0.030363173
0.030363173
0.030363173
0.030363174
0.030363174
0.030363174
0.030363174
0.030363174
0.030363174
0.030363174
0.030363174
0.030363174
0.030363174
0.030363174
0.030363174
0.030363174
0.030363174
0.030363174
0.030363174
0.030363174
0.030363174
0.030363174
0.030363174
0.030363174
0.030363174
0.030363174
0.030363174
0.030363174
0.030363175
0.030363175
0.030363175
0.030363175
0.030363175
0.030363175
0.030363175
0.030363175
0.030363175
0.030363175
0.030363175
0.030363175
0.030363175
0.030363175
0.030363176
0.030363176
0.030363176
0.030363176
0.030363176
0.030363176
0.030363176
0.030363176
0.030363176
0.030363176
0.030363177
0.030363177
0.030363177
0.030363177
0.030363177
0.030363177
0.030363177
0.030363177
0.030363178
0.030363178
0.030363178
0.030363178
0.030363178
0.030363178
0.030363179
0.030363179
0.030363179
0.030363179
0.030363179
0.030363179
0.03036318
0.030363179
0.03036318
0.03036318
0.030363181
0.03036318
0.030363181
0.03036318
0.030363182
0.03036318
0.030363183
0.03036318
0.030363184
0.03036318
0.030363185
0.030363179
0.030363187
0.030363179
0.030363189
0.030363178
0.030363191
0.030363176
0.030363194
0.030363174
0.030363198
0.030363172
0.030363202
0.030363169
0.030363207
0.030363165
0.030363212
0.03036316
0.030363219
0.030363155
0.030363226
0.030363149
0.030363233
0.030363143
0.030363242
0.030363136
0.03036325
0.030363128
0.030363259
0.030363121
0.030363269
0.030363114
0.030363279
0.030363105
0.030363286
0.0303631
0.030363301
0.030363087
0.030363305
0.030363085
0.030363318
0.030363074
0.030363322
0.030363073
0.030363332
0.030363065
0.030363336
0.030363063
0.030363344
0.030363059
0.030363349
0.030363057
0.030363352
0.030363055
0.030363359
0.030363051
)
;
    }
}


// ************************************************************************* //
