/*--------------------------------*- C++ -*----------------------------------*\
  =========                 |
  \\      /  F ield         | OpenFOAM: The Open Source CFD Toolbox
   \\    /   O peration     | Website:  https://openfoam.org
    \\  /    A nd           | Version:  8
     \\/     M anipulation  |
\*---------------------------------------------------------------------------*/
FoamFile
{
    version     2.0;
    format      ascii;
    class       volScalarField;
    location    "2.999969291";
    object      nut;
}
// * * * * * * * * * * * * * * * * * * * * * * * * * * * * * * * * * * * * * //

dimensions      [0 2 -1 0 0 0 0];

internalField   nonuniform List<scalar> 
6800
(
0.0759658
0.10802
0.111896
0.110896
0.110949
0.0948847
0.0760802
0.0568551
0.0464644
0.0474579
0.061392
0.0987418
0.107692
0.106802
0.100045
0.0774611
0.057053
0.04939
0.0455681
0.0383916
0.0610552
0.0965986
0.105818
0.100423
0.0820479
0.0607123
0.051186
0.0450315
0.0351232
0.0318136
0.0625378
0.0943111
0.100752
0.0924307
0.0698591
0.0566532
0.0465125
0.0377558
0.0325749
0.0305281
0.0624575
0.0934348
0.0984097
0.0838147
0.0614558
0.0485517
0.0397066
0.0354179
0.0311011
0.0265494
0.0629335
0.095582
0.0953178
0.0726954
0.0549148
0.0467109
0.0393926
0.032828
0.0274536
0.0251627
0.0627426
0.0976012
0.0919999
0.0674375
0.0541661
0.0420641
0.0343474
0.0292437
0.0263262
0.0245412
0.0629356
0.101054
0.0862232
0.0585293
0.0462055
0.0404496
0.0330482
0.0291268
0.0249799
0.0230741
0.0628367
0.103548
0.0776929
0.0613026
0.0496299
0.0372866
0.0304515
0.0265871
0.0237712
0.0226693
0.0630994
0.105878
0.073802
0.0534125
0.0404186
0.0360978
0.0295491
0.0261626
0.0233513
0.0217422
0.070982
0.384206
0.718306
0.937114
0.990839
1.01489
1.03642
1.05932
1.07417
1.07994
0.0712849
0.372209
0.701501
0.898436
0.943913
0.95891
0.970551
0.977602
0.973175
0.967244
0.0654674
0.328133
0.661393
0.826433
0.863466
0.870768
0.867849
0.864151
0.862318
0.848553
0.0611709
0.289307
0.600193
0.732045
0.75958
0.748556
0.737372
0.720277
0.68528
0.611283
0.313944
0.391407
0.570457
0.636015
0.626875
0.609541
0.582351
0.516426
0.466048
0.352138
0.360576
0.436037
0.522623
0.522559
0.507698
0.460295
0.393185
0.295476
0.238065
0.170454
0.378979
0.421087
0.431817
0.41545
0.355966
0.268907
0.197892
0.152024
0.138592
0.10729
0.404526
0.337758
0.296252
0.276321
0.197501
0.157094
0.133085
0.11077
0.105847
0.0856768
0.330264
0.274127
0.23696
0.161973
0.134203
0.121491
0.107844
0.096284
0.0923362
0.066911
0.241659
0.164086
0.141004
0.123307
0.117489
0.109981
0.0951683
0.0835003
0.0601449
0.0483483
1.08299
1.07061
1.05175
1.03146
1.01233
0.995195
0.980061
0.967263
0.956353
0.946826
0.938371
0.930787
0.923947
0.917764
0.91217
0.907102
0.902499
0.898307
0.894478
0.890974
0.887759
0.884806
0.882081
0.879569
0.877236
0.875038
0.872951
0.870967
0.869064
0.867218
0.865426
0.863689
0.862011
0.860393
0.858838
0.857344
0.855914
0.854544
0.853234
0.85198
0.85078
0.849633
0.848541
0.847501
0.846514
0.845577
0.844688
0.843848
0.84306
0.842324
0.841641
0.841009
0.840429
0.839899
0.839417
0.838983
0.838595
0.838249
0.837943
0.837674
0.837439
0.837235
0.837056
0.836899
0.836761
0.836637
0.836524
0.836419
0.836319
0.836222
0.836126
0.83603
0.835935
0.835839
0.835742
0.835645
0.835548
0.835453
0.835357
0.835265
0.835172
0.835088
0.835
0.834928
0.834844
0.834789
0.834707
0.834679
0.834591
0.834606
0.834499
0.834578
0.834434
0.834607
0.834389
0.834668
0.834482
0.834562
0.835565
0.834111
0.969852
0.965933
0.954789
0.942151
0.929906
0.918572
0.908297
0.899647
0.892063
0.885325
0.879313
0.873948
0.869168
0.864921
0.86115
0.857789
0.854776
0.852065
0.849621
0.847419
0.845434
0.843647
0.842032
0.840589
0.839232
0.837909
0.83665
0.835469
0.834311
0.833154
0.832042
0.830989
0.829998
0.829067
0.828192
0.827368
0.826593
0.82586
0.825172
0.824513
0.823895
0.823323
0.822798
0.822314
0.821867
0.821454
0.82107
0.820724
0.820426
0.820167
0.819943
0.819754
0.819597
0.819474
0.819384
0.819325
0.819297
0.819298
0.819327
0.819379
0.819455
0.819549
0.819655
0.819772
0.819893
0.82002
0.820146
0.820269
0.820388
0.820502
0.820611
0.820715
0.820815
0.820911
0.821003
0.821092
0.821178
0.821264
0.821347
0.821433
0.821516
0.821605
0.821687
0.821785
0.821865
0.821976
0.822052
0.822185
0.822247
0.822418
0.822454
0.822687
0.822677
0.823004
0.822912
0.823354
0.823271
0.823522
0.824649
0.823383
0.853887
0.85439
0.845924
0.836799
0.828306
0.820624
0.813821
0.806904
0.800494
0.794861
0.789999
0.785861
0.782386
0.779521
0.777152
0.775193
0.773567
0.772231
0.771155
0.770315
0.769692
0.769262
0.76901
0.768896
0.768949
0.769167
0.769519
0.769917
0.770489
0.771216
0.77202
0.772856
0.773701
0.774536
0.775352
0.776142
0.7769
0.777623
0.778319
0.778961
0.779627
0.780318
0.781001
0.781666
0.782305
0.782917
0.783508
0.784072
0.784606
0.785121
0.785627
0.78613
0.786634
0.787143
0.787659
0.788183
0.788716
0.789256
0.789803
0.790353
0.790912
0.79146
0.791992
0.792514
0.793024
0.793528
0.794003
0.79446
0.794901
0.795332
0.795753
0.796166
0.79657
0.796968
0.797356
0.79774
0.798117
0.798493
0.798864
0.799235
0.799598
0.799966
0.800319
0.800686
0.801026
0.801397
0.80172
0.802105
0.802402
0.802817
0.803072
0.803546
0.803746
0.804316
0.804416
0.805101
0.805206
0.80571
0.80701
0.805977
0.607909
0.61064
0.611547
0.612546
0.614373
0.616683
0.61937
0.622628
0.62606
0.629691
0.633382
0.637137
0.641051
0.645065
0.649014
0.652831
0.656466
0.659965
0.663364
0.666696
0.669981
0.673227
0.67644
0.679608
0.682728
0.685795
0.688801
0.691756
0.694591
0.697313
0.699958
0.702523
0.705013
0.707416
0.709729
0.711954
0.714083
0.716137
0.718085
0.720001
0.721748
0.72335
0.724841
0.726261
0.727619
0.728943
0.730232
0.731506
0.732764
0.734014
0.73526
0.736505
0.737749
0.738993
0.740237
0.74148
0.742721
0.74396
0.745193
0.746421
0.747634
0.748845
0.750053
0.751249
0.752432
0.753592
0.754759
0.75592
0.757066
0.758193
0.759296
0.760377
0.761429
0.762461
0.76346
0.764448
0.765421
0.766381
0.767317
0.768238
0.76913
0.770012
0.770857
0.771704
0.772502
0.773323
0.77407
0.774878
0.775569
0.776386
0.777008
0.777862
0.778393
0.77932
0.779723
0.780757
0.781125
0.781995
0.783567
0.782894
0.341013
0.336917
0.336818
0.340032
0.346069
0.354024
0.363197
0.373199
0.383356
0.394127
0.404855
0.415577
0.426921
0.437796
0.447764
0.457105
0.465936
0.474571
0.48304
0.491357
0.499536
0.507567
0.515448
0.523154
0.530686
0.538015
0.54515
0.552064
0.558785
0.565263
0.571555
0.577592
0.583398
0.588929
0.594191
0.599218
0.604031
0.608649
0.613095
0.617368
0.621525
0.62558
0.629508
0.633344
0.637054
0.640696
0.644216
0.647691
0.651076
0.65439
0.657635
0.660802
0.663899
0.666926
0.669883
0.672774
0.675597
0.678356
0.681051
0.683684
0.686251
0.688754
0.691192
0.69357
0.695885
0.698142
0.700331
0.702463
0.704537
0.706563
0.708536
0.710465
0.712344
0.714179
0.715972
0.71771
0.719383
0.721011
0.722586
0.724128
0.725618
0.72709
0.728502
0.729914
0.731253
0.732619
0.733885
0.735224
0.736412
0.737747
0.738846
0.74021
0.741204
0.742637
0.743483
0.745013
0.745807
0.747198
0.749107
0.74916
0.167781
0.166479
0.16605
0.166665
0.168312
0.170872
0.174237
0.178338
0.182863
0.188708
0.194434
0.200668
0.208145
0.21516
0.22423
0.233251
0.243092
0.253698
0.264458
0.275429
0.286617
0.297965
0.309393
0.32081
0.332178
0.343394
0.354487
0.365343
0.376019
0.386395
0.396575
0.406097
0.415203
0.423538
0.431632
0.439557
0.447292
0.454858
0.462249
0.469497
0.476577
0.483543
0.49034
0.49705
0.503567
0.51005
0.516255
0.522582
0.528595
0.534545
0.540332
0.545911
0.551348
0.556638
0.561788
0.566804
0.571679
0.576441
0.581098
0.585621
0.590027
0.594322
0.598505
0.602588
0.606565
0.610453
0.614237
0.617939
0.621539
0.625066
0.628488
0.631847
0.635094
0.638289
0.641367
0.6444
0.647344
0.650232
0.653039
0.65579
0.658445
0.661062
0.663577
0.666077
0.668457
0.67086
0.67311
0.675441
0.677561
0.679849
0.681831
0.684111
0.685942
0.688262
0.689897
0.692286
0.693799
0.696114
0.698456
0.699824
0.106084
0.104672
0.10339
0.102478
0.101792
0.101389
0.101136
0.101189
0.101441
0.101921
0.102766
0.103635
0.105059
0.106457
0.107895
0.10985
0.112076
0.114384
0.117141
0.120186
0.12409
0.128482
0.133241
0.138396
0.144081
0.150243
0.156833
0.163807
0.171214
0.178989
0.187141
0.195951
0.205591
0.21569
0.225985
0.23647
0.247039
0.257689
0.268308
0.278914
0.289397
0.299795
0.310011
0.320089
0.329958
0.339648
0.349138
0.358396
0.367534
0.376218
0.38457
0.392496
0.400246
0.407794
0.41521
0.422462
0.429629
0.436726
0.443772
0.450391
0.456997
0.46349
0.469851
0.476102
0.482211
0.488214
0.494064
0.499814
0.505398
0.510883
0.516176
0.521388
0.526378
0.531338
0.536028
0.540773
0.545275
0.549754
0.554081
0.558288
0.562347
0.566374
0.570247
0.57411
0.577796
0.581528
0.58504
0.588667
0.592002
0.595554
0.598702
0.602215
0.605156
0.608677
0.611364
0.614932
0.617349
0.620944
0.623824
0.627247
0.0845373
0.0830723
0.0816988
0.0804336
0.0791743
0.0779976
0.0767692
0.075627
0.0742273
0.072961
0.0713281
0.0699956
0.0682965
0.0669175
0.065779
0.0647746
0.0640033
0.0632777
0.0628012
0.0623873
0.0622974
0.062223
0.0625966
0.0628748
0.0636868
0.0645693
0.065309
0.0665028
0.0680947
0.0698595
0.0718625
0.0741371
0.0767166
0.0796865
0.0829827
0.0867408
0.0908234
0.0953878
0.100274
0.105663
0.111366
0.117566
0.124054
0.131029
0.138251
0.145946
0.153829
0.162169
0.170612
0.179634
0.188999
0.198833
0.208787
0.218841
0.228918
0.238985
0.248983
0.258916
0.268735
0.278412
0.287886
0.297193
0.306264
0.31516
0.323798
0.332274
0.340478
0.348547
0.356244
0.363727
0.370868
0.377857
0.384602
0.391278
0.397727
0.404131
0.410332
0.416514
0.422483
0.428477
0.434199
0.440024
0.445518
0.451045
0.456359
0.461791
0.466874
0.472159
0.476996
0.482159
0.486723
0.49179
0.496049
0.501075
0.504971
0.509996
0.513521
0.518675
0.521884
0.528127
0.0650031
0.0630875
0.0612899
0.0594016
0.0576303
0.0558571
0.0543055
0.0527568
0.0514869
0.0502042
0.0492099
0.0480809
0.0470446
0.0459549
0.0450083
0.0441604
0.0434228
0.042754
0.0421743
0.0416429
0.0411898
0.0407728
0.0404302
0.0401158
0.0398704
0.039654
0.0395101
0.0393676
0.0393204
0.0392643
0.0393282
0.039358
0.0395452
0.0396698
0.0399862
0.0403551
0.0407246
0.0411583
0.0416555
0.042499
0.0432658
0.0442546
0.0453091
0.0466163
0.0480115
0.0496968
0.0515083
0.0536412
0.0559465
0.0586158
0.0615017
0.0648138
0.0683786
0.0723999
0.0766825
0.0814435
0.0864699
0.0919714
0.0977341
0.103959
0.110416
0.117301
0.124372
0.131826
0.139412
0.147325
0.155314
0.163565
0.171937
0.180646
0.189375
0.198354
0.207163
0.216105
0.224803
0.233598
0.24208
0.250649
0.25884
0.267133
0.274984
0.282972
0.290461
0.298142
0.305241
0.312646
0.319364
0.326532
0.332871
0.339753
0.345597
0.352271
0.357619
0.364196
0.369152
0.375793
0.380091
0.387171
0.390586
0.400235
0.0474823
0.0459557
0.0443938
0.0430914
0.041979
0.0409904
0.0401022
0.0392806
0.0385333
0.0378229
0.0371591
0.0365392
0.0359659
0.0354341
0.0349373
0.0344773
0.0340478
0.0336514
0.0332818
0.0329424
0.0326264
0.0323376
0.0320688
0.0318246
0.0315976
0.0313923
0.031201
0.0310297
0.0308691
0.0307287
0.0305935
0.0304822
0.0303699
0.0302841
0.0301947
0.0301414
0.0300653
0.0300426
0.0299977
0.0299975
0.0299673
0.0299975
0.0299757
0.0300474
0.0300367
0.030157
0.0301865
0.0303502
0.0305711
0.0307779
0.0308713
0.0312825
0.0312864
0.0318105
0.0320443
0.0328169
0.0332449
0.0341393
0.034827
0.0358973
0.036866
0.0381983
0.039454
0.0411309
0.0427245
0.0448066
0.0467895
0.0493313
0.0517524
0.0548095
0.0577252
0.0613537
0.0648047
0.0690346
0.0730259
0.077862
0.0823775
0.0878061
0.0928095
0.0987998
0.104236
0.110743
0.116538
0.12351
0.129576
0.136952
0.143189
0.150913
0.157215
0.165352
0.171739
0.180248
0.186555
0.195365
0.201377
0.210451
0.215911
0.225529
0.228203
0.243807
0.0384062
0.0375368
0.0366902
0.0358819
0.0351272
0.0344258
0.0337691
0.033165
0.0325946
0.0320782
0.0316084
0.0311835
0.0307897
0.0304309
0.030094
0.0297873
0.0294964
0.0292323
0.0289808
0.0287538
0.028534
0.0283351
0.0281398
0.0279623
0.0277861
0.0276255
0.0274649
0.0273184
0.027171
0.0270369
0.026901
0.0267781
0.0266518
0.0265391
0.0264205
0.0263169
0.0262044
0.0261163
0.0260155
0.0259415
0.0258507
0.0257898
0.0257075
0.0256588
0.0255843
0.0255461
0.0254809
0.0254518
0.0253971
0.02538
0.0253343
0.025328
0.0252919
0.0252954
0.0252708
0.025286
0.0252792
0.0253073
0.0253207
0.0253653
0.0254029
0.0254699
0.0255403
0.0256349
0.0257551
0.0258761
0.0259824
0.026218
0.0263605
0.0266518
0.0268407
0.0272347
0.0274873
0.0280101
0.0283454
0.0290367
0.029462
0.0303724
0.0309189
0.0320925
0.0327844
0.0342812
0.0351467
0.0370055
0.0380865
0.0403774
0.0416887
0.0444566
0.0460406
0.0493199
0.0512018
0.0550437
0.0572261
0.0616818
0.0641401
0.0691918
0.0717715
0.0772025
0.0809898
0.0878618
0.0318243
0.0314083
0.0309976
0.0305928
0.0301857
0.029779
0.0293898
0.0290141
0.0286636
0.0283313
0.0280238
0.0277328
0.0274635
0.0272083
0.0269717
0.0267471
0.0265389
0.0263412
0.026155
0.0259762
0.0258071
0.025645
0.0254908
0.0253432
0.0252018
0.025067
0.0249368
0.0248138
0.0246938
0.0245817
0.0244714
0.0243696
0.0242682
0.0241761
0.0240828
0.0239997
0.0239137
0.0238391
0.0237594
0.0236928
0.0236187
0.0235598
0.0234909
0.0234392
0.0233747
0.0233297
0.0232688
0.0232299
0.023172
0.0231387
0.0230834
0.0230552
0.0230023
0.0229782
0.0229277
0.0229069
0.0228594
0.0228415
0.0227975
0.0227831
0.0227426
0.0227289
0.02269
0.0226769
0.0226368
0.0226308
0.0225969
0.022599
0.0225704
0.02258
0.0225575
0.022573
0.0225598
0.0225793
0.0225789
0.0225982
0.0226192
0.0226354
0.0226859
0.022703
0.0227804
0.0228094
0.022913
0.0230033
0.0230929
0.0232104
0.0233095
0.023492
0.0236009
0.0238577
0.0240407
0.0244215
0.0245866
0.0251866
0.0253834
0.0260574
0.0263709
0.0274784
0.0288251
0.0290297
0.027478
0.0272379
0.026991
0.0267307
0.0264697
0.0262047
0.0259474
0.0256912
0.025447
0.0252061
0.0249792
0.0247564
0.0245483
0.0243443
0.024155
0.0239693
0.0237976
0.023629
0.0234736
0.0233209
0.0231807
0.0230428
0.0229166
0.0227924
0.0226792
0.0225676
0.0224661
0.0223659
0.0222748
0.0221848
0.0221028
0.0220219
0.021948
0.0218751
0.0218083
0.0217427
0.0216823
0.0216232
0.0215684
0.0215153
0.0214654
0.0214178
0.0213723
0.0213296
0.0212878
0.0212496
0.021211
0.0211769
0.0211411
0.0211107
0.0210773
0.0210503
0.021019
0.0209951
0.0209657
0.0209446
0.0209169
0.0208984
0.0208721
0.020856
0.0208311
0.0208172
0.0207934
0.0207816
0.0207587
0.0207489
0.0207267
0.0207188
0.0206972
0.0206912
0.0206701
0.0206658
0.0206452
0.0206426
0.0206224
0.0206216
0.0206018
0.0206029
0.0205831
0.0205867
0.0205665
0.0205734
0.0205525
0.0205642
0.0205431
0.0205598
0.0205386
0.0205599
0.0205398
0.0205661
0.020549
0.0205817
0.0205691
0.0206088
0.020607
0.0206527
0.0206547
0.0207177
0.0207648
0.020837
0.0244821
0.0243383
0.0241858
0.0240175
0.0238457
0.023666
0.0234906
0.0233128
0.0231439
0.0229751
0.0228178
0.0226614
0.0225177
0.0223749
0.022245
0.0221155
0.0219989
0.0218816
0.0217772
0.021671
0.0215775
0.0214812
0.0213974
0.0213099
0.0212347
0.021155
0.0210874
0.0210146
0.0209538
0.0208869
0.020832
0.0207705
0.0207208
0.0206639
0.0206187
0.020566
0.020525
0.020476
0.0204387
0.0203932
0.0203593
0.0203169
0.0202861
0.0202463
0.0202182
0.0201808
0.020155
0.0201197
0.0200961
0.0200627
0.0200411
0.0200093
0.0199895
0.0199593
0.0199413
0.0199126
0.0198963
0.0198689
0.0198541
0.0198281
0.0198147
0.0197898
0.0197777
0.0197539
0.0197429
0.0197201
0.0197101
0.0196882
0.0196791
0.0196579
0.0196498
0.0196292
0.0196219
0.019602
0.0195953
0.0195761
0.0195701
0.0195515
0.0195462
0.0195281
0.0195233
0.0195057
0.0195015
0.0194843
0.0194805
0.0194637
0.0194603
0.0194438
0.0194407
0.0194244
0.0194213
0.0194052
0.0194017
0.0193854
0.0193819
0.0193659
0.0193605
0.0193442
0.019282
0.0193685
0.0222992
0.0222152
0.0221237
0.0220173
0.0219067
0.0217875
0.0216705
0.0215489
0.0214329
0.0213145
0.0212036
0.0210912
0.0209874
0.0208825
0.0207867
0.0206896
0.0206019
0.0205125
0.0204327
0.0203507
0.0202783
0.020203
0.0201375
0.0200685
0.0200093
0.0199459
0.0198924
0.0198341
0.0197857
0.0197321
0.0196883
0.0196387
0.0195992
0.0195533
0.0195175
0.0194748
0.0194424
0.0194027
0.0193734
0.0193362
0.0193096
0.0192748
0.0192507
0.019218
0.0191961
0.0191653
0.0191455
0.0191164
0.0190985
0.019071
0.0190548
0.0190287
0.0190141
0.0189892
0.0189761
0.0189523
0.0189405
0.0189178
0.0189071
0.0188853
0.0188757
0.0188548
0.018846
0.0188259
0.018818
0.0187985
0.0187914
0.0187726
0.0187661
0.0187479
0.0187421
0.0187244
0.0187191
0.018702
0.0186971
0.0186805
0.018676
0.0186599
0.0186557
0.0186402
0.0186361
0.0186211
0.0186173
0.0186027
0.018599
0.018585
0.0185812
0.0185678
0.018564
0.0185512
0.0185473
0.018535
0.0185309
0.0185193
0.0185148
0.0185039
0.0184987
0.0184885
0.0184844
0.0184697
0.0207842
0.0207395
0.0206895
0.0206244
0.0205561
0.0204777
0.0204011
0.0203177
0.0202392
0.0201558
0.0200791
0.0199987
0.0199261
0.0198502
0.0197827
0.0197117
0.0196496
0.0195838
0.019527
0.0194661
0.0194143
0.019358
0.0193108
0.0192588
0.0192158
0.0191676
0.0191285
0.0190838
0.0190482
0.0190065
0.0189741
0.0189352
0.0189057
0.0188693
0.0188424
0.0188082
0.0187836
0.0187513
0.0187289
0.0186984
0.0186778
0.0186488
0.0186299
0.0186023
0.018585
0.0185587
0.0185428
0.0185176
0.018503
0.0184789
0.0184654
0.0184423
0.01843
0.0184076
0.0183964
0.0183748
0.0183645
0.0183436
0.0183341
0.0183139
0.0183052
0.0182856
0.0182775
0.0182585
0.018251
0.0182325
0.0182256
0.0182076
0.0182012
0.0181837
0.0181777
0.0181606
0.018155
0.0181384
0.0181331
0.0181169
0.0181119
0.0180961
0.0180914
0.018076
0.0180714
0.0180565
0.0180519
0.0180375
0.018033
0.018019
0.0180145
0.0180011
0.0179965
0.0179836
0.0179789
0.0179665
0.0179617
0.0179499
0.0179448
0.0179337
0.0179284
0.0179185
0.0179119
0.0178994
0.0197394
0.0197175
0.0196915
0.019651
0.0196081
0.0195547
0.0195032
0.019444
0.0193892
0.0193282
0.0192732
0.0192128
0.0191595
0.0191012
0.0190507
0.0189953
0.0189481
0.0188958
0.0188521
0.018803
0.0187627
0.0187168
0.0186797
0.0186367
0.0186027
0.0185624
0.0185312
0.0184934
0.0184648
0.0184292
0.018403
0.0183694
0.0183454
0.0183137
0.0182916
0.0182615
0.0182412
0.0182127
0.0181941
0.0181669
0.0181498
0.0181239
0.0181081
0.0180834
0.0180689
0.0180451
0.0180318
0.018009
0.0179967
0.0179747
0.0179635
0.0179423
0.0179319
0.0179114
0.0179018
0.017882
0.0178732
0.017854
0.0178459
0.0178272
0.0178197
0.0178016
0.0177946
0.017777
0.0177705
0.0177533
0.0177473
0.0177305
0.017725
0.0177086
0.0177033
0.0176874
0.0176824
0.0176668
0.0176621
0.0176469
0.0176424
0.0176276
0.0176233
0.0176089
0.0176046
0.0175906
0.0175864
0.0175729
0.0175687
0.0175556
0.0175513
0.0175387
0.0175342
0.0175221
0.0175175
0.0175059
0.017501
0.0174902
0.0174855
0.0174742
0.0174629
0.0174533
0.0175016
0.0173963
0.0189944
0.0189841
0.0189715
0.0189455
0.0189179
0.01888
0.018844
0.0188
0.0187601
0.0187133
0.0186723
0.0186249
0.0185845
0.0185381
0.0184994
0.0184546
0.0184181
0.0183754
0.0183413
0.0183008
0.0182692
0.0182309
0.0182018
0.0181655
0.0181388
0.0181045
0.0180799
0.0180474
0.0180249
0.0179941
0.0179734
0.0179441
0.0179251
0.0178972
0.0178797
0.0178531
0.0178371
0.0178115
0.0177968
0.0177723
0.0177587
0.0177351
0.0177226
0.0176998
0.0176884
0.0176663
0.0176558
0.0176344
0.0176247
0.0176039
0.017595
0.0175748
0.0175665
0.0175469
0.0175393
0.0175201
0.0175131
0.0174944
0.0174879
0.0174696
0.0174637
0.0174458
0.0174404
0.0174229
0.0174178
0.0174007
0.0173959
0.0173792
0.0173748
0.0173584
0.0173542
0.0173382
0.0173342
0.0173185
0.0173148
0.0172994
0.0172958
0.0172808
0.0172772
0.0172627
0.0172591
0.017245
0.0172414
0.0172277
0.017224
0.0172107
0.0172069
0.0171942
0.0171901
0.0171779
0.0171735
0.017162
0.0171573
0.0171462
0.0171405
0.0171312
0.0171313
0.0171214
0.0170635
0.0171406
0.018455
0.0184507
0.0184454
0.0184283
0.0184099
0.018382
0.0183558
0.018322
0.0182918
0.0182548
0.018223
0.0181849
0.018153
0.0181151
0.0180842
0.0180472
0.0180178
0.0179821
0.0179545
0.0179203
0.0178946
0.0178619
0.0178381
0.0178068
0.0177849
0.017755
0.0177348
0.0177062
0.0176876
0.0176602
0.0176432
0.0176168
0.0176012
0.0175758
0.0175615
0.017537
0.0175239
0.0175002
0.0174882
0.0174651
0.0174543
0.0174318
0.0174219
0.0174
0.017391
0.0173696
0.0173614
0.0173405
0.0173331
0.0173126
0.017306
0.0172858
0.0172799
0.01726
0.0172548
0.0172352
0.0172307
0.0172113
0.0172073
0.0171882
0.0171848
0.0171658
0.0171629
0.0171442
0.0171418
0.0171231
0.0171212
0.0171027
0.0171012
0.0170828
0.0170817
0.0170635
0.0170627
0.0170446
0.0170442
0.0170262
0.0170261
0.0170082
0.0170083
0.0169905
0.016991
0.0169733
0.0169739
0.0169564
0.0169572
0.0169398
0.0169407
0.0169235
0.0169245
0.0169075
0.0169086
0.0168918
0.0168927
0.016876
0.0168783
0.0168626
0.016862
0.0168513
0.0168457
0.0168323
0.0180487
0.0180467
0.0180458
0.0180348
0.0180223
0.0180014
0.0179816
0.0179549
0.017931
0.0179011
0.0178753
0.0178441
0.0178179
0.0177864
0.0177607
0.0177296
0.0177049
0.0176748
0.0176514
0.0176223
0.0176004
0.0175724
0.017552
0.0175251
0.0175061
0.0174803
0.0174628
0.0174379
0.0174217
0.0173977
0.0173828
0.0173596
0.0173459
0.0173234
0.0173108
0.017289
0.0172774
0.0172561
0.0172454
0.0172247
0.0172149
0.0171946
0.0171856
0.0171657
0.0171576
0.017138
0.0171306
0.0171113
0.0171046
0.0170856
0.0170795
0.0170608
0.0170554
0.0170369
0.017032
0.0170137
0.0170095
0.0169913
0.0169876
0.0169696
0.0169664
0.0169485
0.0169458
0.016928
0.0169257
0.0169081
0.0169062
0.0168886
0.0168871
0.0168697
0.0168685
0.0168511
0.0168503
0.016833
0.0168325
0.0168152
0.0168151
0.0167978
0.0167979
0.0167808
0.0167811
0.016764
0.0167646
0.0167476
0.0167483
0.0167314
0.0167323
0.0167155
0.0167165
0.0166999
0.016701
0.0166845
0.0166855
0.0166689
0.0166709
0.0166563
0.0166613
0.0166504
0.0165968
0.0166671
0.017739
0.0177415
0.0177437
0.0177363
0.0177276
0.0177112
0.0176958
0.017674
0.0176546
0.0176297
0.0176083
0.0175819
0.0175599
0.017533
0.0175112
0.0174846
0.0174634
0.0174374
0.0174172
0.017392
0.017373
0.0173486
0.0173307
0.0173072
0.0172905
0.0172678
0.0172523
0.0172304
0.0172159
0.0171947
0.0171812
0.0171607
0.0171482
0.0171282
0.0171166
0.0170972
0.0170863
0.0170674
0.0170573
0.0170388
0.0170295
0.0170113
0.0170026
0.0169849
0.0169768
0.0169593
0.0169518
0.0169346
0.0169277
0.0169108
0.0169044
0.0168877
0.0168817
0.0168653
0.0168598
0.0168435
0.0168385
0.0168224
0.0168177
0.0168019
0.0167975
0.0167818
0.0167778
0.0167623
0.0167586
0.0167433
0.0167398
0.0167247
0.0167214
0.0167065
0.0167034
0.0166887
0.0166857
0.0166712
0.0166684
0.0166541
0.0166513
0.0166373
0.0166346
0.0166209
0.0166181
0.0166047
0.0166019
0.0165888
0.0165859
0.0165731
0.0165701
0.0165578
0.0165545
0.0165426
0.016539
0.0165276
0.0165241
0.0165137
0.0165074
0.0164964
0.0164941
0.0164754
0.0165162
0.016421
0.0175004
0.0175054
0.0175092
0.017504
0.0174979
0.0174846
0.0174723
0.0174541
0.017438
0.0174168
0.0173987
0.017376
0.0173572
0.0173339
0.0173151
0.0172918
0.0172735
0.0172507
0.0172331
0.0172109
0.0171942
0.0171727
0.0171569
0.0171361
0.0171212
0.0171011
0.0170871
0.0170677
0.0170546
0.0170356
0.0170233
0.017005
0.0169934
0.0169755
0.0169647
0.0169472
0.016937
0.0169199
0.0169104
0.0168936
0.0168846
0.0168681
0.0168597
0.0168435
0.0168356
0.0168197
0.0168123
0.0167966
0.0167896
0.0167742
0.0167676
0.0167524
0.0167462
0.0167311
0.0167254
0.0167105
0.0167051
0.0166904
0.0166853
0.0166707
0.016666
0.0166516
0.0166471
0.0166328
0.0166286
0.0166145
0.0166105
0.0165965
0.0165927
0.0165789
0.0165753
0.0165617
0.0165581
0.0165447
0.0165413
0.0165281
0.0165247
0.0165117
0.0165084
0.0164956
0.0164923
0.0164798
0.0164765
0.0164642
0.0164609
0.0164489
0.0164454
0.0164338
0.0164302
0.016419
0.0164151
0.0164042
0.0164005
0.0163905
0.0163842
0.0163734
0.0163713
0.0163527
0.0163932
0.0162996
0.0173195
0.0173253
0.0173303
0.0173265
0.0173225
0.0173113
0.0173015
0.0172856
0.0172723
0.0172536
0.0172383
0.0172182
0.017202
0.0171812
0.0171649
0.0171441
0.017128
0.0171075
0.017092
0.017072
0.0170571
0.0170377
0.0170234
0.0170046
0.0169911
0.0169729
0.0169601
0.0169424
0.0169302
0.016913
0.0169015
0.0168848
0.0168738
0.0168575
0.0168471
0.0168312
0.0168213
0.0168058
0.0167963
0.0167811
0.016772
0.0167572
0.0167485
0.016734
0.0167257
0.0167114
0.0167034
0.0166895
0.0166818
0.0166681
0.0166607
0.0166473
0.0166401
0.0166269
0.0166201
0.0166071
0.0166004
0.0165877
0.0165812
0.0165688
0.0165625
0.0165503
0.016544
0.0165321
0.016526
0.0165144
0.0165083
0.0164969
0.0164909
0.0164798
0.0164737
0.016463
0.0164569
0.0164466
0.0164403
0.0164304
0.016424
0.0164144
0.0164079
0.0163988
0.016392
0.0163833
0.0163763
0.0163682
0.0163608
0.0163532
0.0163454
0.0163385
0.0163303
0.016324
0.0163152
0.0163097
0.0163006
0.0162959
0.0162847
0.0162804
0.0162716
0.016264
0.0162574
0.0162493
0.0171845
0.0171899
0.0171955
0.0171921
0.0171894
0.0171791
0.0171712
0.0171565
0.0171452
0.0171278
0.0171145
0.0170957
0.0170815
0.017062
0.0170476
0.017028
0.0170138
0.0169944
0.0169806
0.0169616
0.0169483
0.0169298
0.0169171
0.0168991
0.016887
0.0168695
0.016858
0.016841
0.01683
0.0168135
0.016803
0.0167869
0.016777
0.0167612
0.0167517
0.0167364
0.0167272
0.0167122
0.0167035
0.0166888
0.0166804
0.016666
0.0166579
0.0166439
0.0166361
0.0166222
0.0166147
0.0166012
0.0165939
0.0165806
0.0165736
0.0165605
0.0165537
0.0165409
0.0165343
0.0165217
0.0165152
0.016503
0.0164966
0.0164846
0.0164783
0.0164666
0.0164604
0.0164489
0.0164427
0.0164316
0.0164254
0.0164145
0.0164084
0.0163978
0.0163916
0.0163814
0.0163751
0.0163652
0.0163588
0.0163493
0.0163427
0.0163337
0.0163268
0.0163183
0.0163112
0.0163031
0.0162957
0.0162882
0.0162804
0.0162735
0.0162653
0.0162589
0.0162503
0.0162446
0.0162354
0.0162305
0.0162209
0.016217
0.0162058
0.0162011
0.0161863
0.0161797
0.0162212
0.0161285
0.0170745
0.0170793
0.0170851
0.0170818
0.01708
0.0170703
0.0170636
0.0170497
0.0170399
0.0170233
0.0170117
0.0169937
0.0169812
0.0169625
0.0169498
0.016931
0.0169185
0.0168998
0.0168876
0.0168693
0.0168576
0.0168397
0.0168286
0.0168111
0.0168005
0.0167835
0.0167734
0.0167568
0.0167472
0.016731
0.0167218
0.0167059
0.0166972
0.0166817
0.0166733
0.0166581
0.01665
0.0166351
0.0166274
0.0166128
0.0166053
0.0165909
0.0165838
0.0165696
0.0165627
0.0165488
0.0165421
0.0165285
0.0165219
0.0165085
0.0165022
0.016489
0.0164828
0.0164699
0.0164639
0.0164512
0.0164452
0.0164328
0.016427
0.0164148
0.016409
0.0163971
0.0163914
0.0163797
0.016374
0.0163627
0.0163569
0.0163459
0.0163401
0.0163294
0.0163235
0.0163131
0.0163071
0.0162971
0.016291
0.0162814
0.0162751
0.0162659
0.0162593
0.0162506
0.0162438
0.0162356
0.0162284
0.0162207
0.0162132
0.0162061
0.0161982
0.0161917
0.0161833
0.0161775
0.0161686
0.0161636
0.0161539
0.0161493
0.0161404
0.0161365
0.01612
0.0161219
0.0161208
0.0161072
0.0169865
0.016991
0.0169969
0.0169937
0.0169927
0.0169835
0.0169778
0.0169647
0.0169561
0.0169404
0.0169302
0.016913
0.016902
0.0168841
0.016873
0.0168548
0.0168438
0.0168257
0.0168151
0.0167972
0.016787
0.0167693
0.0167596
0.0167422
0.016733
0.016716
0.0167072
0.0166904
0.0166821
0.0166655
0.0166576
0.0166413
0.0166338
0.0166177
0.0166105
0.0165947
0.0165878
0.0165721
0.0165656
0.0165501
0.0165438
0.0165285
0.0165225
0.0165074
0.0165017
0.0164867
0.0164812
0.0164664
0.0164611
0.0164466
0.0164414
0.0164271
0.0164221
0.016408
0.0164032
0.0163892
0.0163846
0.0163708
0.0163663
0.0163528
0.0163483
0.0163351
0.0163306
0.0163177
0.0163132
0.0163006
0.0162961
0.0162837
0.0162792
0.0162672
0.0162626
0.0162509
0.0162462
0.0162349
0.01623
0.0162192
0.0162141
0.0162037
0.0161983
0.0161884
0.0161827
0.0161734
0.0161673
0.0161586
0.0161521
0.016144
0.016137
0.0161297
0.0161221
0.0161155
0.0161073
0.0161017
0.0160925
0.0160873
0.0160782
0.0160749
0.0160638
0.0160652
0.0160148
0.0160854
0.0169223
0.0169265
0.0169319
0.0169288
0.0169279
0.0169192
0.0169139
0.0169014
0.0168933
0.0168784
0.0168686
0.0168521
0.0168415
0.0168242
0.0168134
0.0167956
0.0167849
0.016767
0.0167565
0.0167387
0.0167286
0.0167108
0.0167011
0.0166834
0.0166742
0.0166566
0.0166479
0.0166304
0.0166222
0.0166049
0.0165971
0.0165799
0.0165727
0.0165556
0.0165489
0.0165319
0.0165256
0.0165087
0.0165029
0.0164862
0.0164808
0.0164641
0.0164593
0.0164426
0.0164381
0.0164214
0.0164174
0.0164007
0.0163971
0.0163805
0.0163772
0.0163607
0.0163578
0.0163413
0.0163389
0.0163224
0.0163203
0.0163038
0.0163021
0.0162857
0.0162843
0.0162679
0.0162669
0.0162504
0.0162498
0.0162333
0.016233
0.0162165
0.0162165
0.0162
0.0162003
0.0161838
0.0161843
0.0161679
0.0161686
0.0161522
0.0161531
0.0161368
0.0161379
0.0161216
0.0161229
0.0161066
0.016108
0.0160918
0.0160934
0.0160773
0.016079
0.0160629
0.0160647
0.0160488
0.0160506
0.0160349
0.0160365
0.0160209
0.0160237
0.016009
0.0160089
0.0159987
0.0159944
0.0159815
0.0168722
0.0168761
0.016881
0.0168778
0.0168765
0.0168678
0.016862
0.0168494
0.0168405
0.0168251
0.0168142
0.016797
0.016785
0.0167669
0.0167545
0.016736
0.0167235
0.0167049
0.0166927
0.0166737
0.0166616
0.0166427
0.0166311
0.0166125
0.0166015
0.0165834
0.0165732
0.0165555
0.0165461
0.0165289
0.0165202
0.0165034
0.0164955
0.016479
0.0164717
0.0164556
0.0164489
0.0164331
0.016427
0.0164114
0.0164058
0.0163903
0.0163852
0.01637
0.0163653
0.0163503
0.0163461
0.0163311
0.0163274
0.0163125
0.0163091
0.0162944
0.0162913
0.0162766
0.0162739
0.0162592
0.0162568
0.0162421
0.01624
0.0162254
0.0162236
0.0162089
0.0162074
0.0161927
0.0161915
0.0161768
0.0161758
0.0161611
0.0161603
0.0161457
0.0161451
0.0161305
0.0161301
0.0161154
0.0161153
0.0161006
0.0161006
0.016086
0.0160862
0.0160716
0.0160719
0.0160573
0.0160578
0.0160432
0.0160438
0.0160293
0.0160301
0.0160156
0.0160164
0.016002
0.016003
0.0159887
0.0159896
0.0159751
0.0159769
0.0159644
0.0159691
0.0159599
0.0159099
0.0159772
0.0168358
0.0168375
0.0168397
0.0168325
0.0168269
0.0168131
0.0168024
0.0167844
0.0167707
0.0167505
0.0167357
0.0167148
0.0167
0.0166793
0.0166652
0.0166452
0.0166322
0.0166131
0.0166014
0.0165838
0.0165737
0.0165572
0.0165484
0.0165327
0.0165248
0.0165098
0.0165027
0.0164881
0.0164815
0.0164672
0.0164612
0.0164471
0.0164414
0.0164275
0.0164222
0.0164083
0.0164034
0.0163896
0.0163849
0.0163711
0.0163668
0.016353
0.0163489
0.0163351
0.0163313
0.0163175
0.0163139
0.0163002
0.0162968
0.0162831
0.0162799
0.0162662
0.0162632
0.0162496
0.0162468
0.0162332
0.0162306
0.016217
0.0162146
0.016201
0.0161987
0.0161853
0.0161831
0.0161697
0.0161677
0.0161543
0.0161524
0.0161392
0.0161374
0.0161242
0.0161224
0.0161094
0.0161077
0.0160948
0.0160931
0.0160804
0.0160787
0.0160662
0.0160644
0.0160521
0.0160502
0.0160382
0.0160362
0.0160245
0.0160223
0.016011
0.0160085
0.0159976
0.0159949
0.0159844
0.0159813
0.0159713
0.0159682
0.0159592
0.0159535
0.0159438
0.0159419
0.0159252
0.0159636
0.0158745
0.0167132
0.0167091
0.0167081
0.0167007
0.016697
0.016687
0.0166815
0.0166699
0.0166632
0.0166506
0.0166435
0.0166303
0.016623
0.0166096
0.0166024
0.016589
0.0165819
0.0165685
0.0165617
0.0165483
0.0165418
0.0165284
0.0165222
0.0165088
0.0165029
0.0164896
0.0164839
0.0164706
0.0164652
0.0164519
0.0164467
0.0164334
0.0164284
0.0164151
0.0164103
0.016397
0.0163925
0.0163791
0.0163748
0.0163614
0.0163573
0.0163439
0.01634
0.0163266
0.0163229
0.0163095
0.016306
0.0162925
0.0162892
0.0162758
0.0162727
0.0162592
0.0162563
0.0162429
0.0162401
0.0162267
0.0162241
0.0162108
0.0162083
0.016195
0.0161927
0.0161794
0.0161772
0.016164
0.0161619
0.0161488
0.0161468
0.0161337
0.0161318
0.0161189
0.016117
0.0161042
0.0161023
0.0160897
0.0160878
0.0160753
0.0160734
0.0160611
0.0160591
0.0160471
0.016045
0.0160332
0.0160311
0.0160196
0.0160172
0.016006
0.0160035
0.0159927
0.0159899
0.0159795
0.0159764
0.0159663
0.0159633
0.0159543
0.0159486
0.0159388
0.0159369
0.0159199
0.0159586
0.0158709
0.0207709
0.0207289
0.0220171
0.0220631
0.023898
0.0241276
0.0263579
0.0285746
0.0304308
0.0388395
0.0196537
0.0197433
0.020483
0.0209063
0.0216299
0.0229036
0.0233625
0.025796
0.0268949
0.0318705
0.0188085
0.0191128
0.019352
0.0199308
0.020261
0.0212906
0.0217762
0.0233622
0.024238
0.027421
0.0183377
0.0186134
0.0187507
0.0191612
0.0193802
0.0200565
0.0204324
0.0215531
0.0221974
0.024348
0.0180409
0.0182512
0.0183665
0.0186609
0.0188218
0.0192682
0.0195265
0.020269
0.0207155
0.0222098
0.0177401
0.0179175
0.0180131
0.0182513
0.0183792
0.0187113
0.0188959
0.0194002
0.019701
0.0207251
0.0175313
0.0176652
0.0177428
0.0179278
0.0180291
0.0182818
0.0184202
0.0187819
0.0189909
0.0196867
0.0173646
0.0174714
0.0175323
0.0176798
0.0177586
0.0179528
0.0180564
0.0183224
0.018468
0.0189384
0.0172198
0.0173051
0.017359
0.0174784
0.0175436
0.0176963
0.0177785
0.0179757
0.0180843
0.018401
0.0170918
0.017158
0.0172172
0.0173109
0.0173622
0.017484
0.0175488
0.0177005
0.0177903
0.0179936
0.017003
0.0170507
0.0171043
0.0171678
0.0172268
0.0173161
0.0173651
0.0174809
0.0175484
0.0176975
0.0169226
0.016976
0.0170074
0.0170692
0.017107
0.0171782
0.0172275
0.0173133
0.0173613
0.0174816
0.0168652
0.0169016
0.0169404
0.0169779
0.0170277
0.0170624
0.0171251
0.0171565
0.017244
0.0173052
0.0168193
0.0168384
0.0168837
0.0169046
0.0169559
0.0169775
0.017032
0.0170561
0.0171298
0.0171704
0.0167793
0.016793
0.0168342
0.0168504
0.0168941
0.0169118
0.0169554
0.0169732
0.0170069
0.0170607
0.0167493
0.0167592
0.0167971
0.0168104
0.0168478
0.0168633
0.0168976
0.0169144
0.0169332
0.0169728
0.0167147
0.0167376
0.016757
0.0167842
0.0168015
0.0168307
0.0168442
0.0168736
0.0168826
0.0169091
0.0166921
0.0167172
0.0167306
0.0167574
0.0167711
0.0167967
0.0168092
0.0168314
0.016842
0.0168597
0.0166796
0.0167017
0.0167151
0.0167377
0.0167517
0.0167722
0.016785
0.0168019
0.0168122
0.0168248
0.0166254
0.0166372
0.0166457
0.0166583
0.0166672
0.0166791
0.0166865
0.0166966
0.0167015
0.0167089
0.0193712
0.0202782
0.0217312
0.0237507
0.0276152
0.0300924
0.0367806
0.0494583
0.0899264
0.0683419
0.0195559
0.0206466
0.0216356
0.0237191
0.0273714
0.0333573
0.0421684
0.0505224
0.0903231
0.0680754
0.0195165
0.0206826
0.0222843
0.024139
0.0285712
0.0310701
0.0380489
0.052425
0.0939447
0.0677683
0.01976
0.0206342
0.0221315
0.024105
0.0283884
0.0354788
0.0455559
0.0517852
0.0953213
0.0672825
0.019794
0.020954
0.0227863
0.0247693
0.0297143
0.032243
0.0400296
0.0562921
0.0985099
0.0667643
0.0201126
0.0207283
0.0228125
0.0248496
0.0295392
0.038244
0.0498564
0.0544274
0.100846
0.0661896
0.0201935
0.0214842
0.023446
0.0257811
0.0311827
0.0337438
0.0430327
0.0606432
0.103703
0.0652554
0.0206704
0.0212535
0.0235848
0.0259565
0.0314801
0.0419845
0.0537092
0.0592525
0.106156
0.064332
0.0208388
0.022245
0.02447
0.0273064
0.0331533
0.0362646
0.0484963
0.0658478
0.107205
0.06381
0.0214737
0.0222346
0.0247685
0.0277212
0.0340648
0.0460613
0.0574715
0.066391
0.106802
0.063269
0.0188642
0.0193957
0.0201104
0.0207862
0.0240544
0.0265189
0.037165
0.0432368
0.0665854
0.064233
0.0191381
0.0194904
0.0203118
0.0219823
0.0237071
0.0300972
0.0346962
0.0465058
0.0685184
0.0650196
0.0192439
0.0197177
0.0206285
0.0223775
0.0247578
0.0309089
0.0377322
0.0494171
0.0706441
0.065101
0.0191535
0.0200646
0.0206473
0.0228022
0.0254441
0.030281
0.0385107
0.0498134
0.0750808
0.0646341
0.0191488
0.0201996
0.0207421
0.0229075
0.0254426
0.0304395
0.0379816
0.0492887
0.0769903
0.0665861
0.0191828
0.02041
0.0207643
0.022885
0.0254233
0.0301684
0.0377906
0.0496742
0.079423
0.0657261
0.0192177
0.0202729
0.0213823
0.0227942
0.0253718
0.0299321
0.0373817
0.0486031
0.0815752
0.0672586
0.019216
0.0202642
0.021312
0.0236322
0.0252856
0.0295238
0.0379334
0.0500979
0.0827144
0.0665471
0.0191688
0.0201527
0.0213116
0.0235646
0.0268465
0.0295094
0.0358763
0.0479864
0.0859754
0.068469
0.0192978
0.0204653
0.021256
0.0234905
0.0264537
0.0314377
0.0393661
0.0502439
0.0861631
0.0676684
0.0216918
0.0213177
0.0210114
0.0207536
0.0205317
0.0203373
0.0201647
0.0200095
0.0198687
0.0197398
0.0196211
0.019511
0.0194085
0.0193126
0.0192224
0.0191374
0.019057
0.0189807
0.0189082
0.0188391
0.018773
0.0187099
0.0186492
0.0185911
0.0185351
0.0184813
0.0184293
0.0183792
0.0183307
0.0182839
0.0182384
0.0181944
0.0181516
0.0181103
0.0180698
0.0180307
0.0179924
0.0179554
0.0179191
0.0178839
0.0178493
0.0178159
0.0177828
0.017751
0.0177194
0.017689
0.0176587
0.0176296
0.0176006
0.0175727
0.0175448
0.0175181
0.0174912
0.0174656
0.0174397
0.0174151
0.0173901
0.0173664
0.0173424
0.0173196
0.0172964
0.0172744
0.017252
0.0172309
0.0172093
0.017189
0.0171682
0.0171487
0.0171286
0.0171099
0.0170907
0.0170729
0.0170545
0.0170376
0.0170202
0.0170043
0.016988
0.0169733
0.0169582
0.0169449
0.0169316
0.01692
0.0169088
0.0168996
0.0168915
0.0168857
0.0168819
0.0168813
0.0168843
0.016892
0.0169072
0.0169293
0.0169587
0.0170028
0.0170689
0.0172378
0.0173517
0.0175808
0.0178455
0.0184517
0.0216917
0.0213173
0.0210108
0.0207527
0.0205307
0.0203363
0.0201636
0.0200083
0.0198675
0.0197386
0.0196198
0.0195097
0.0194072
0.0193112
0.019221
0.019136
0.0190556
0.0189793
0.0189068
0.0188376
0.0187716
0.0187084
0.0186478
0.0185896
0.0185337
0.0184798
0.0184279
0.0183777
0.0183292
0.0182824
0.0182369
0.0181929
0.0181502
0.0181087
0.0180683
0.0180292
0.017991
0.0179539
0.0179176
0.0178824
0.0178478
0.0178143
0.0177814
0.0177494
0.0177179
0.0176874
0.0176572
0.017628
0.0175991
0.0175711
0.0175433
0.0175165
0.0174897
0.017464
0.0174382
0.0174135
0.0173886
0.0173649
0.0173408
0.017318
0.0172948
0.0172729
0.0172505
0.0172294
0.0172077
0.0171875
0.0171666
0.0171472
0.017127
0.0171085
0.0170891
0.0170715
0.0170529
0.0170363
0.0170186
0.017003
0.0169863
0.016972
0.0169566
0.0169437
0.0169299
0.0169189
0.0169071
0.0168986
0.0168898
0.0168847
0.0168802
0.0168804
0.0168826
0.0168912
0.0169056
0.0169287
0.0169571
0.0170019
0.0170667
0.0172329
0.0173382
0.0175991
0.017856
0.0184051
0.0216915
0.0213164
0.0210095
0.0207511
0.0205289
0.0203342
0.0201614
0.020006
0.0198651
0.019736
0.0196173
0.019507
0.0194046
0.0193084
0.0192184
0.0191331
0.0190529
0.0189763
0.018904
0.0188346
0.0187688
0.0187053
0.0186451
0.0185865
0.0185309
0.0184767
0.0184251
0.0183745
0.0183265
0.0182791
0.0182342
0.0181896
0.0181475
0.0181054
0.0180657
0.0180258
0.0179883
0.0179505
0.017915
0.0178789
0.0178453
0.0178108
0.0177788
0.0177459
0.0177154
0.0176838
0.0176548
0.0176244
0.0175967
0.0175674
0.017541
0.0175127
0.0174875
0.0174601
0.017436
0.0174095
0.0173865
0.0173608
0.0173389
0.0173139
0.0172929
0.0172686
0.0172487
0.017225
0.0172061
0.017183
0.0171651
0.0171426
0.0171258
0.0171038
0.017088
0.0170666
0.0170521
0.0170313
0.017018
0.0169979
0.0169861
0.0169667
0.0169567
0.0169383
0.0169305
0.0169133
0.0169083
0.016893
0.0168918
0.0168791
0.0168832
0.0168748
0.0168867
0.016886
0.0169119
0.0169238
0.0169661
0.0169999
0.0170826
0.017238
0.0173011
0.0176632
0.0177747
0.0183773
0.0216913
0.0213151
0.0210075
0.0207486
0.0205261
0.0203311
0.0201582
0.0200025
0.0198616
0.0197322
0.0196136
0.0195031
0.0194007
0.0193043
0.0192144
0.0191289
0.0190488
0.018972
0.0188999
0.0188302
0.0187647
0.0187008
0.0186409
0.018582
0.0185268
0.0184721
0.018421
0.0183699
0.0183224
0.0182744
0.0182301
0.0181849
0.0181433
0.0181006
0.0180616
0.0180209
0.0179843
0.0179455
0.017911
0.0178739
0.0178413
0.0178058
0.0177749
0.0177407
0.0177115
0.0176786
0.0176509
0.0176191
0.0175929
0.0175621
0.0175373
0.0175073
0.0174838
0.0174547
0.0174325
0.017404
0.017383
0.0173552
0.0173355
0.0173082
0.0172897
0.0172628
0.0172455
0.0172191
0.0172031
0.017177
0.0171622
0.0171364
0.017123
0.0170975
0.0170855
0.0170602
0.0170497
0.0170246
0.0170159
0.0169911
0.0169842
0.0169597
0.0169551
0.0169311
0.0169292
0.0169059
0.0169075
0.0168853
0.0168914
0.0168712
0.0168834
0.0168667
0.0168877
0.0168777
0.0169139
0.0169158
0.01697
0.0169926
0.0170889
0.0172315
0.0173038
0.0176629
0.0177694
0.0184689
0.0216909
0.0213134
0.021005
0.0207454
0.0205225
0.020327
0.0201539
0.0199978
0.0198569
0.0197272
0.0196086
0.0194978
0.0193955
0.0192989
0.0192091
0.0191233
0.0190435
0.0189663
0.0188945
0.0188244
0.0187592
0.018695
0.0186354
0.018576
0.0185212
0.0184661
0.0184154
0.0183638
0.0183168
0.0182683
0.0182245
0.0181787
0.0181378
0.0180943
0.0180561
0.0180147
0.0179788
0.0179392
0.0179055
0.0178675
0.0178358
0.0177993
0.0177695
0.0177343
0.0177061
0.0176721
0.0176456
0.0176125
0.0175876
0.0175554
0.017532
0.0175006
0.0174787
0.0174479
0.0174274
0.0173972
0.017378
0.0173483
0.0173305
0.0173012
0.0172848
0.0172558
0.0172408
0.017212
0.0171985
0.0171699
0.0171578
0.0171293
0.0171187
0.0170903
0.0170814
0.0170529
0.0170459
0.0170174
0.0170124
0.0169839
0.0169812
0.0169526
0.0169526
0.0169242
0.0169274
0.0168993
0.0169065
0.0168791
0.0168916
0.0168657
0.0168852
0.0168621
0.0168917
0.0168746
0.0169206
0.0169141
0.0169814
0.0169956
0.0171076
0.0172433
0.0173086
0.017679
0.0177655
0.0185494
0.0216904
0.0213113
0.0210018
0.0207413
0.0205179
0.0203219
0.0201485
0.0199921
0.019851
0.0197211
0.0196024
0.0194914
0.0193892
0.0192922
0.0192026
0.0191164
0.0190368
0.0189593
0.0188878
0.0188173
0.0187524
0.0186877
0.0186286
0.0185687
0.0185144
0.0184586
0.0184086
0.0183563
0.01831
0.0182607
0.0182177
0.018171
0.018131
0.0180866
0.0180493
0.0180069
0.017972
0.0179313
0.0178988
0.0178596
0.0178292
0.0177913
0.0177629
0.0177262
0.0176997
0.0176639
0.0176392
0.0176042
0.0175813
0.0175471
0.0175258
0.0174921
0.0174726
0.0174393
0.0174214
0.0173884
0.0173722
0.0173394
0.0173248
0.0172922
0.0172793
0.0172466
0.0172355
0.0172027
0.0171933
0.0171603
0.0171529
0.0171194
0.0171141
0.0170802
0.017077
0.0170426
0.0170418
0.0170067
0.0170086
0.0169727
0.0169777
0.016941
0.0169496
0.016912
0.0169248
0.0168864
0.0169043
0.0168655
0.0168899
0.0168511
0.0168841
0.0168464
0.0168912
0.0168576
0.0169211
0.016896
0.0169837
0.0169778
0.0171167
0.0172405
0.0173315
0.0176774
0.0178304
0.0186027
0.0216898
0.0213088
0.020998
0.0207366
0.0205125
0.0203159
0.0201422
0.0199853
0.0198441
0.0197138
0.0195951
0.0194837
0.0193816
0.0192843
0.0191948
0.0191084
0.0190289
0.0189511
0.0188797
0.0188089
0.0187443
0.0186793
0.0186204
0.0185602
0.0185062
0.01845
0.0184003
0.0183476
0.0183017
0.018252
0.0182094
0.0181622
0.0181227
0.0180778
0.018041
0.017998
0.0179638
0.0179224
0.0178906
0.0178506
0.017821
0.0177823
0.0177548
0.0177171
0.0176916
0.0176548
0.0176311
0.0175951
0.0175733
0.0175379
0.0175179
0.0174829
0.0174647
0.01743
0.0174135
0.0173791
0.0173644
0.0173301
0.0173172
0.0172829
0.0172717
0.0172373
0.017228
0.0171933
0.017186
0.017151
0.0171458
0.0171102
0.0171072
0.0170711
0.0170705
0.0170336
0.0170357
0.016998
0.0170031
0.0169644
0.016973
0.0169333
0.0169458
0.0169051
0.0169224
0.0168807
0.0169039
0.0168614
0.016892
0.0168493
0.0168898
0.0168478
0.0169019
0.0168625
0.0169343
0.0169029
0.0170024
0.0169908
0.0171411
0.017231
0.0173769
0.0176319
0.017886
0.0186333
0.0216892
0.0213059
0.0209937
0.0207311
0.0205063
0.020309
0.0201349
0.0199776
0.0198361
0.0197055
0.0195867
0.019475
0.0193728
0.0192752
0.0191858
0.0190991
0.0190198
0.0189416
0.0188705
0.0187993
0.0187351
0.0186696
0.0186111
0.0185503
0.0184969
0.0184401
0.018391
0.0183376
0.0182924
0.0182419
0.0182001
0.0181521
0.0181134
0.0180675
0.0180318
0.0179876
0.0179546
0.017912
0.0178814
0.0178401
0.0178119
0.0177717
0.0177458
0.0177064
0.0176826
0.017644
0.0176223
0.0175842
0.0175646
0.0175269
0.0175093
0.0174718
0.0174562
0.0174188
0.0174053
0.0173677
0.0173563
0.0173185
0.0173093
0.017271
0.017264
0.0172252
0.0172205
0.017181
0.0171788
0.0171383
0.0171387
0.0170971
0.0171004
0.0170575
0.0170639
0.0170194
0.0170293
0.016983
0.0169968
0.0169485
0.0169667
0.0169161
0.0169395
0.0168863
0.0169157
0.0168598
0.0168965
0.0168377
0.0168835
0.0168219
0.0168794
0.0168156
0.0168891
0.0168262
0.0169262
0.0168684
0.0170056
0.0169634
0.0171655
0.01724
0.017378
0.0176302
0.0179195
0.0186348
0.0216884
0.0213026
0.0209887
0.0207249
0.0204992
0.0203012
0.0201266
0.0199688
0.0198271
0.0196961
0.0195772
0.0194652
0.019363
0.0192651
0.0191757
0.0190888
0.0190095
0.0189311
0.0188601
0.0187887
0.0187245
0.0186588
0.0186005
0.0185395
0.0184862
0.0184292
0.0183803
0.0183266
0.0182817
0.0182309
0.0181894
0.018141
0.0181027
0.0180564
0.0180211
0.0179765
0.0179439
0.0179008
0.0178708
0.017829
0.0178013
0.0177605
0.0177352
0.0176952
0.0176721
0.0176328
0.0176119
0.017573
0.0175542
0.0175156
0.017499
0.0174605
0.017446
0.0174075
0.0173952
0.0173565
0.0173463
0.0173073
0.0172994
0.0172599
0.0172544
0.0172141
0.0172111
0.01717
0.0171697
0.0171276
0.0171301
0.0170868
0.0170924
0.0170476
0.0170567
0.0170103
0.0170232
0.0169751
0.0169922
0.0169421
0.0169642
0.016912
0.0169398
0.0168853
0.01692
0.0168633
0.0169061
0.0168455
0.0168984
0.0168353
0.0169011
0.016836
0.0169189
0.0168534
0.0169597
0.0168981
0.0170429
0.0169977
0.0172108
0.0172801
0.017431
0.0176793
0.01799
0.0186618
0.0216876
0.021299
0.0209833
0.0207181
0.0204915
0.0202927
0.0201176
0.0199593
0.0198173
0.019686
0.0195668
0.0194546
0.0193523
0.0192543
0.0191648
0.0190777
0.0189984
0.01892
0.0188489
0.0187774
0.0187133
0.0186475
0.0185892
0.0185281
0.0184749
0.0184178
0.0183689
0.0183152
0.0182703
0.0182194
0.018178
0.0181296
0.0180914
0.018045
0.0180098
0.0179651
0.0179326
0.0178894
0.0178595
0.0178175
0.0177901
0.0177491
0.017724
0.0176838
0.017661
0.0176213
0.0176008
0.0175615
0.0175431
0.0175041
0.0174879
0.017449
0.017435
0.0173959
0.0173842
0.0173448
0.0173354
0.0172956
0.0172885
0.017248
0.0172434
0.0172021
0.0172002
0.0171578
0.0171587
0.017115
0.0171191
0.0170738
0.0170814
0.0170341
0.0170456
0.0169961
0.017012
0.0169598
0.0169809
0.0169255
0.0169523
0.0168938
0.0169268
0.0168653
0.0169055
0.0168411
0.0168901
0.0168249
0.0168842
0.0168185
0.0168904
0.0168273
0.0169152
0.0168607
0.0169687
0.0169336
0.0170539
0.0170619
0.0172173
0.0173617
0.0175137
0.0177888
0.0181628
0.0188608
0.0216872
0.0212975
0.0209809
0.0207152
0.0204882
0.0202892
0.0201138
0.0199554
0.0198132
0.0196818
0.0195626
0.0194503
0.0193479
0.0192499
0.0191603
0.0190732
0.0189939
0.0189154
0.0188443
0.0187728
0.0187087
0.0186428
0.0185845
0.0185235
0.0184702
0.0184131
0.0183643
0.0183105
0.0182656
0.0182147
0.0181733
0.0181248
0.0180867
0.0180402
0.0180051
0.0179603
0.0179279
0.0178847
0.0178548
0.0178128
0.0177854
0.0177444
0.0177193
0.0176791
0.0176562
0.0176166
0.017596
0.0175569
0.0175383
0.0174995
0.0174831
0.0174444
0.0174301
0.0173914
0.0173792
0.0173404
0.0173304
0.0172913
0.0172834
0.0172439
0.0172382
0.0171982
0.0171947
0.0171541
0.0171529
0.0171115
0.0171127
0.0170706
0.0170742
0.0170313
0.0170373
0.0169937
0.0170023
0.016958
0.0169692
0.0169244
0.0169385
0.0168932
0.0169107
0.0168648
0.0168862
0.0168403
0.0168659
0.0168209
0.0168516
0.0168092
0.0168461
0.0168091
0.0168543
0.0168281
0.0168856
0.0168794
0.0169653
0.0169966
0.0171624
0.0172388
0.0174172
0.0177177
0.0181762
0.0185381
0.0216872
0.0212975
0.0209809
0.0207153
0.0204881
0.0202892
0.0201137
0.0199555
0.0198131
0.0196819
0.0195624
0.0194504
0.0193477
0.01925
0.0191601
0.0190734
0.0189935
0.0189156
0.018844
0.018773
0.0187082
0.0186431
0.018584
0.0185237
0.0184696
0.0184134
0.0183636
0.0183109
0.0182649
0.0182151
0.0181725
0.0181253
0.0180858
0.0180408
0.018004
0.017961
0.0179268
0.0178854
0.0178536
0.0178136
0.017784
0.0177453
0.0177178
0.0176801
0.0176546
0.0176178
0.0175942
0.0175582
0.0175364
0.017501
0.017481
0.0174461
0.0174278
0.0173933
0.0173768
0.0173425
0.0173277
0.0172936
0.0172805
0.0172465
0.0172352
0.0172011
0.0171916
0.0171575
0.0171497
0.0171155
0.0171096
0.0170753
0.0170713
0.0170369
0.0170347
0.0170005
0.0170001
0.0169661
0.0169677
0.0169341
0.016938
0.0169049
0.0169114
0.0168792
0.0168884
0.0168578
0.0168701
0.016842
0.0168578
0.0168336
0.0168534
0.0168354
0.0168603
0.016852
0.0168841
0.0168916
0.016938
0.0169821
0.0170422
0.0171753
0.0173057
0.0175064
0.0177111
0.0185306
0.0216872
0.0212976
0.0209808
0.0207154
0.020488
0.0202893
0.0201136
0.0199556
0.0198129
0.0196821
0.0195622
0.0194506
0.0193474
0.0192503
0.0191598
0.0190737
0.0189932
0.0189159
0.0188435
0.0187735
0.0187077
0.0186436
0.0185835
0.0185243
0.018469
0.0184141
0.0183629
0.0183116
0.0182641
0.018216
0.0181716
0.0181263
0.0180847
0.0180419
0.0180029
0.0179622
0.0179255
0.0178867
0.0178521
0.0178151
0.0177824
0.0177469
0.017716
0.0176819
0.0176526
0.0176197
0.017592
0.0175603
0.0175339
0.0175033
0.0174782
0.0174486
0.0174248
0.0173961
0.0173733
0.0173455
0.0173239
0.0172969
0.0172762
0.01725
0.0172303
0.0172049
0.0171861
0.0171615
0.0171434
0.0171198
0.0171024
0.0170797
0.0170629
0.0170414
0.0170252
0.017005
0.0169893
0.0169708
0.0169554
0.0169391
0.0169236
0.0169103
0.0168944
0.0168851
0.0168683
0.0168645
0.0168461
0.01685
0.016829
0.0168439
0.0168189
0.0168494
0.0168195
0.0168712
0.0168351
0.0169159
0.0168729
0.016992
0.0169706
0.0171128
0.0172212
0.0173493
0.0174892
0.017977
0.0216871
0.0212976
0.0209808
0.0207154
0.020488
0.0202894
0.0201135
0.0199557
0.0198128
0.0196822
0.0195621
0.0194508
0.0193473
0.0192504
0.0191596
0.0190739
0.018993
0.0189162
0.0188433
0.0187737
0.0187074
0.0186439
0.0185831
0.0185247
0.0184686
0.0184145
0.0183624
0.0183121
0.0182635
0.0182165
0.018171
0.0181269
0.0180841
0.0180426
0.0180021
0.017963
0.0179246
0.0178876
0.0178512
0.017816
0.0177814
0.017748
0.0177148
0.017683
0.0176513
0.017621
0.0175906
0.0175617
0.0175324
0.0175049
0.0174766
0.0174503
0.017423
0.0173979
0.0173715
0.0173476
0.0173219
0.0172991
0.0172741
0.0172525
0.0172281
0.0172076
0.0171838
0.0171645
0.0171411
0.017123
0.0171001
0.0170833
0.0170609
0.0170452
0.0170234
0.017009
0.0169877
0.0169748
0.016954
0.0169428
0.0169226
0.0169133
0.0168942
0.0168869
0.0168693
0.016864
0.0168492
0.0168455
0.0168354
0.0168325
0.0168304
0.0168264
0.0168374
0.0168303
0.016863
0.016847
0.0169199
0.0168771
0.0170151
0.0169724
0.0171667
0.0172525
0.0172961
0.0177089
0.0216871
0.0212976
0.0209808
0.0207154
0.020488
0.0202894
0.0201135
0.0199557
0.0198128
0.0196822
0.0195621
0.0194508
0.0193473
0.0192504
0.0191596
0.0190739
0.018993
0.0189162
0.0188433
0.0187737
0.0187075
0.0186439
0.0185832
0.0185247
0.0184686
0.0184145
0.0183625
0.0183121
0.0182636
0.0182165
0.0181711
0.0181268
0.0180842
0.0180424
0.0180023
0.0179628
0.0179248
0.0178874
0.0178514
0.0178158
0.0177816
0.0177477
0.0177151
0.0176827
0.0176516
0.0176206
0.017591
0.0175612
0.0175329
0.0175043
0.0174771
0.0174496
0.0174236
0.0173971
0.0173722
0.0173465
0.0173227
0.0172979
0.017275
0.017251
0.0172292
0.0172058
0.0171851
0.0171622
0.0171427
0.0171203
0.017102
0.01708
0.017063
0.0170414
0.0170259
0.0170046
0.0169907
0.0169696
0.0169577
0.0169367
0.0169273
0.0169062
0.0168999
0.0168786
0.0168761
0.0168546
0.0168569
0.016835
0.0168433
0.016821
0.0168366
0.0168141
0.0168387
0.016818
0.0168532
0.0168448
0.0168797
0.0169076
0.0169169
0.0170065
0.0170093
0.0171608
0.0172838
0.0173996
0.0216871
0.0212976
0.0209808
0.0207154
0.020488
0.0202894
0.0201135
0.0199557
0.0198128
0.0196822
0.0195621
0.0194507
0.0193473
0.0192504
0.0191596
0.0190738
0.0189931
0.0189161
0.0188434
0.0187736
0.0187076
0.0186438
0.0185833
0.0185245
0.0184688
0.0184143
0.0183626
0.0183119
0.0182638
0.0182162
0.0181713
0.0181266
0.0180844
0.0180422
0.0180025
0.0179625
0.0179251
0.017887
0.0178517
0.0178154
0.017782
0.0177472
0.0177156
0.0176822
0.0176522
0.0176201
0.0175916
0.0175606
0.0175335
0.0175036
0.0174779
0.0174488
0.0174244
0.0173962
0.0173731
0.0173456
0.0173237
0.0172969
0.0172761
0.0172499
0.0172304
0.0172046
0.0171863
0.0171611
0.0171439
0.0171191
0.0171031
0.0170788
0.017064
0.0170402
0.0170266
0.0170034
0.016991
0.0169686
0.0169573
0.016936
0.0169259
0.016906
0.0168969
0.016879
0.0168708
0.0168558
0.0168483
0.0168378
0.0168303
0.0168269
0.0168179
0.0168252
0.0168118
0.0168351
0.0168127
0.0168576
0.0168333
0.0168964
0.0168917
0.0169526
0.0169904
0.0170454
0.0171891
0.0173052
0.0216871
0.0212976
0.0209808
0.0207154
0.020488
0.0202894
0.0201135
0.0199557
0.0198128
0.0196822
0.0195621
0.0194508
0.0193473
0.0192504
0.0191596
0.0190739
0.018993
0.0189161
0.0188433
0.0187737
0.0187075
0.0186439
0.0185832
0.0185246
0.0184687
0.0184144
0.0183625
0.018312
0.0182636
0.0182164
0.0181711
0.0181268
0.0180842
0.0180424
0.0180023
0.0179628
0.0179248
0.0178873
0.0178514
0.0178158
0.0177816
0.0177476
0.0177151
0.0176827
0.0176516
0.0176206
0.0175909
0.0175612
0.0175328
0.0175043
0.017477
0.0174497
0.0174234
0.0173972
0.0173719
0.0173467
0.0173223
0.0172981
0.0172745
0.0172514
0.0172285
0.0172064
0.0171841
0.0171631
0.0171414
0.0171214
0.0171003
0.0170815
0.0170609
0.0170433
0.0170231
0.0170069
0.0169872
0.0169725
0.0169532
0.0169403
0.0169215
0.0169105
0.0168923
0.0168835
0.0168663
0.0168598
0.0168442
0.0168398
0.0168269
0.0168239
0.0168159
0.0168136
0.0168146
0.0168103
0.0168266
0.0168119
0.0168545
0.016821
0.0169012
0.0168591
0.0169754
0.0169363
0.0170919
0.0171727
0.0216871
0.0212976
0.0209808
0.0207154
0.020488
0.0202894
0.0201135
0.0199557
0.0198128
0.0196822
0.0195621
0.0194508
0.0193473
0.0192504
0.0191596
0.0190738
0.018993
0.0189161
0.0188433
0.0187737
0.0187075
0.0186438
0.0185832
0.0185246
0.0184687
0.0184144
0.0183626
0.018312
0.0182637
0.0182164
0.0181712
0.0181267
0.0180843
0.0180423
0.0180023
0.0179627
0.0179249
0.0178873
0.0178515
0.0178157
0.0177817
0.0177475
0.0177152
0.0176826
0.0176517
0.0176205
0.017591
0.0175611
0.0175329
0.0175041
0.0174771
0.0174494
0.0174236
0.0173969
0.0173721
0.0173463
0.0173226
0.0172977
0.0172749
0.0172508
0.0172289
0.0172056
0.0171847
0.017162
0.0171422
0.0171201
0.0171013
0.0170798
0.0170621
0.0170411
0.0170247
0.017004
0.0169892
0.0169688
0.0169558
0.0169355
0.0169248
0.0169044
0.0168967
0.0168759
0.0168721
0.0168504
0.0168516
0.0168285
0.0168363
0.0168108
0.0168272
0.016798
0.0168256
0.01679
0.0168339
0.0167929
0.0168502
0.0168143
0.0168735
0.0168507
0.0169134
0.0169175
0.0169989
0.0170691
0.0216871
0.0212976
0.0209808
0.0207154
0.020488
0.0202894
0.0201136
0.0199557
0.0198129
0.0196821
0.0195622
0.0194507
0.0193474
0.0192503
0.0191597
0.0190737
0.0189932
0.018916
0.0188435
0.0187735
0.0187077
0.0186436
0.0185834
0.0185244
0.0184689
0.0184141
0.0183628
0.0183117
0.018264
0.018216
0.0181716
0.0181263
0.0180847
0.0180419
0.0180028
0.0179621
0.0179255
0.0178866
0.0178521
0.017815
0.0177824
0.0177467
0.017716
0.0176816
0.0176527
0.0176195
0.0175921
0.0175599
0.0175341
0.0175028
0.0174785
0.017448
0.0174251
0.0173953
0.0173738
0.0173445
0.0173245
0.0172956
0.017277
0.0172485
0.0172314
0.017203
0.0171875
0.0171592
0.0171453
0.0171169
0.0171047
0.0170762
0.017066
0.0170372
0.017029
0.0169997
0.016994
0.0169641
0.016961
0.0169304
0.0169304
0.0168989
0.0169023
0.01687
0.0168771
0.0168441
0.0168553
0.0168218
0.0168375
0.0168039
0.0168242
0.0167918
0.0168157
0.0167883
0.0168121
0.0167936
0.016816
0.0168078
0.0168316
0.0168342
0.0168616
0.0168788
0.0169097
0.0169697
0.0216871
0.0212976
0.0209808
0.0207154
0.020488
0.0202894
0.0201136
0.0199557
0.0198129
0.0196821
0.0195622
0.0194507
0.0193474
0.0192503
0.0191597
0.0190737
0.0189931
0.018916
0.0188435
0.0187735
0.0187077
0.0186436
0.0185834
0.0185244
0.0184689
0.0184141
0.0183628
0.0183117
0.018264
0.018216
0.0181715
0.0181263
0.0180847
0.0180419
0.0180028
0.0179621
0.0179254
0.0178866
0.0178521
0.0178149
0.0177824
0.0177467
0.017716
0.0176816
0.0176526
0.0176194
0.017592
0.0175598
0.017534
0.0175027
0.0174784
0.0174479
0.017425
0.0173951
0.0173737
0.0173444
0.0173243
0.0172954
0.0172768
0.0172483
0.017231
0.0172028
0.017187
0.017159
0.0171446
0.0171168
0.0171039
0.0170762
0.0170648
0.0170372
0.0170274
0.017
0.0169919
0.0169646
0.0169583
0.0169313
0.0169268
0.0169003
0.0168979
0.0168721
0.0168718
0.0168471
0.0168489
0.0168259
0.0168296
0.0168093
0.0168144
0.0167973
0.0168038
0.0167903
0.0167983
0.0167886
0.0167989
0.0167944
0.0168072
0.0168093
0.016825
0.016838
0.0168421
0.0169092
0.0216871
0.0212976
0.0209808
0.0207154
0.020488
0.0202894
0.0201135
0.0199558
0.0198128
0.0196822
0.019562
0.0194508
0.0193472
0.0192505
0.0191595
0.019074
0.0189929
0.0189163
0.0188432
0.0187738
0.0187073
0.018644
0.018583
0.0185248
0.0184685
0.0184146
0.0183623
0.0183122
0.0182634
0.0182166
0.0181709
0.018127
0.018084
0.0180426
0.018002
0.017963
0.0179246
0.0178875
0.0178511
0.0178159
0.0177813
0.0177478
0.0177148
0.0176828
0.0176513
0.0176207
0.0175906
0.0175613
0.0175325
0.0175043
0.0174767
0.0174496
0.0174232
0.017397
0.0173717
0.0173465
0.0173221
0.0172977
0.0172744
0.0172508
0.0172284
0.0172056
0.0171842
0.017162
0.0171415
0.01712
0.0171005
0.0170797
0.0170612
0.017041
0.0170235
0.0170041
0.0169876
0.0169691
0.0169536
0.0169361
0.0169217
0.0169055
0.0168921
0.0168776
0.0168653
0.0168528
0.0168415
0.0168317
0.0168212
0.0168149
0.0168047
0.0168028
0.0167923
0.0167958
0.0167838
0.0167932
0.016779
0.0167941
0.0167776
0.016802
0.0167824
0.0168191
0.0167962
0.0168516
0.0216871
0.0212977
0.0209807
0.0207155
0.0204879
0.0202896
0.0201134
0.0199559
0.0198126
0.0196824
0.0195618
0.0194511
0.019347
0.0192508
0.0191592
0.0190743
0.0189926
0.0189166
0.0188428
0.0187742
0.0187069
0.0186445
0.0185825
0.0185253
0.0184679
0.0184152
0.0183616
0.0183129
0.0182627
0.0182174
0.01817
0.0181279
0.018083
0.0180436
0.018001
0.0179641
0.0179234
0.0178888
0.0178498
0.0178173
0.0177799
0.0177493
0.0177132
0.0176845
0.0176496
0.0176225
0.0175887
0.0175632
0.0175304
0.0175064
0.0174745
0.0174519
0.0174207
0.0173995
0.017369
0.0173491
0.0173193
0.0173005
0.0172713
0.0172538
0.0172251
0.0172088
0.0171806
0.0171654
0.0171377
0.0171237
0.0170964
0.0170836
0.0170567
0.0170452
0.0170186
0.0170086
0.0169823
0.0169739
0.0169479
0.0169413
0.0169155
0.0169109
0.0168853
0.0168832
0.0168578
0.0168586
0.0168332
0.0168373
0.0168118
0.0168198
0.016794
0.0168065
0.01678
0.0167976
0.0167697
0.0167938
0.0167614
0.0167935
0.0167571
0.0167929
0.0167568
0.0167963
0.0167647
0.0168095
0.021687
0.0212977
0.0209806
0.0207156
0.0204878
0.0202897
0.0201133
0.019956
0.0198125
0.0196826
0.0195617
0.0194513
0.0193468
0.019251
0.019159
0.0190746
0.0189922
0.018917
0.0188424
0.0187747
0.0187064
0.018645
0.018582
0.0185259
0.0184673
0.0184159
0.018361
0.0183136
0.0182619
0.0182182
0.0181692
0.0181288
0.0180821
0.0180446
0.0179999
0.0179652
0.0179222
0.01789
0.0178485
0.0178186
0.0177784
0.0177508
0.0177116
0.0176861
0.0176479
0.0176243
0.0175868
0.0175651
0.0175284
0.0175085
0.0174722
0.0174541
0.0174183
0.0174019
0.0173664
0.0173517
0.0173164
0.0173034
0.0172682
0.0172569
0.0172217
0.0172121
0.0171769
0.0171691
0.0171337
0.0171277
0.0170921
0.0170879
0.017052
0.0170499
0.0170136
0.0170136
0.0169769
0.0169792
0.016942
0.0169468
0.0169092
0.0169167
0.0168787
0.0168892
0.0168508
0.0168645
0.0168258
0.0168429
0.016804
0.0168246
0.0167857
0.0168096
0.016771
0.0167974
0.0167594
0.0167873
0.0167515
0.0167786
0.0167459
0.0167717
0.0167424
0.0167654
0.0167437
0.0167663
0.021687
0.0212977
0.0209806
0.0207156
0.0204877
0.0202897
0.0201132
0.0199561
0.0198124
0.0196827
0.0195615
0.0194514
0.0193466
0.0192512
0.0191588
0.0190747
0.0189921
0.0189172
0.0188422
0.0187749
0.0187062
0.0186452
0.0185817
0.0185262
0.018467
0.0184162
0.0183606
0.018314
0.0182615
0.0182187
0.0181687
0.0181293
0.0180815
0.0180452
0.0179993
0.0179658
0.0179215
0.0178907
0.0178478
0.0178194
0.0177776
0.0177516
0.0177107
0.017687
0.0176469
0.0176253
0.0175858
0.0175663
0.0175272
0.0175097
0.0174709
0.0174555
0.0174169
0.0174033
0.0173648
0.0173532
0.0173147
0.017305
0.0172664
0.0172586
0.0172198
0.0172139
0.0171748
0.0171709
0.0171315
0.0171294
0.0170898
0.0170896
0.0170497
0.0170513
0.0170112
0.0170148
0.0169745
0.01698
0.0169398
0.0169472
0.0169071
0.0169166
0.0168769
0.0168883
0.0168493
0.0168628
0.0168248
0.0168402
0.0168036
0.0168206
0.0167859
0.016804
0.0167715
0.0167897
0.0167604
0.0167765
0.016751
0.0167635
0.0167409
0.0167504
0.016732
0.0167378
0.0167253
0.0167303
0.021687
0.0212977
0.0209806
0.0207156
0.0204878
0.0202897
0.0201132
0.0199561
0.0198124
0.0196827
0.0195616
0.0194514
0.0193467
0.0192511
0.0191588
0.0190747
0.0189921
0.0189172
0.0188422
0.0187749
0.0187062
0.0186452
0.0185817
0.0185262
0.018467
0.0184162
0.0183607
0.018314
0.0182616
0.0182186
0.0181688
0.0181292
0.0180816
0.0180451
0.0179994
0.0179657
0.0179217
0.0178905
0.0178479
0.0178192
0.0177778
0.0177514
0.0177109
0.0176867
0.0176471
0.017625
0.017586
0.0175659
0.0175274
0.0175093
0.0174712
0.0174549
0.0174172
0.0174027
0.0173652
0.0173525
0.0173152
0.0173042
0.0172669
0.0172576
0.0172204
0.0172128
0.0171756
0.0171695
0.0171324
0.0171279
0.0170908
0.0170879
0.0170508
0.0170495
0.0170126
0.0170127
0.0169761
0.0169778
0.0169415
0.0169447
0.0169091
0.0169137
0.0168791
0.016885
0.0168517
0.0168589
0.0168273
0.0168355
0.0168061
0.0168151
0.0167882
0.0167973
0.0167733
0.0167817
0.0167606
0.0167674
0.0167495
0.0167528
0.0167375
0.0167362
0.0167226
0.0167186
0.0167089
0.0167044
0.021687
0.0212977
0.0209806
0.0207156
0.0204878
0.0202897
0.0201133
0.019956
0.0198125
0.0196826
0.0195617
0.0194513
0.0193468
0.019251
0.019159
0.0190746
0.0189923
0.018917
0.0188425
0.0187746
0.0187065
0.0186449
0.018582
0.0185258
0.0184673
0.0184158
0.018361
0.0183136
0.018262
0.0182181
0.0181693
0.0181287
0.0180821
0.0180445
0.018
0.017965
0.0179223
0.0178898
0.0178486
0.0178185
0.0177786
0.0177506
0.0177118
0.0176858
0.017648
0.017624
0.017587
0.0175648
0.0175285
0.0175081
0.0174724
0.0174536
0.0174185
0.0174013
0.0173666
0.017351
0.0173167
0.0173025
0.0172685
0.0172559
0.0172222
0.0172108
0.0171774
0.0171675
0.0171343
0.0171257
0.0170929
0.0170855
0.017053
0.0170469
0.0170149
0.0170099
0.0169785
0.0169746
0.0169441
0.0169413
0.0169118
0.01691
0.0168819
0.016881
0.0168546
0.0168545
0.0168303
0.0168307
0.016809
0.0168097
0.0167907
0.0167913
0.0167752
0.0167748
0.016761
0.0167592
0.0167472
0.016743
0.0167336
0.0167249
0.0167172
0.0167035
0.0166977
0.0166848
0.0216871
0.0212977
0.0209807
0.0207155
0.0204879
0.0202896
0.0201133
0.0199559
0.0198126
0.0196825
0.0195618
0.0194511
0.0193469
0.0192508
0.0191592
0.0190744
0.0189925
0.0189167
0.0188427
0.0187744
0.0187068
0.0186446
0.0185824
0.0185255
0.0184677
0.0184154
0.0183615
0.0183131
0.0182625
0.0182176
0.0181698
0.0181281
0.0180827
0.0180438
0.0180007
0.0179643
0.017923
0.017889
0.0178494
0.0178176
0.0177794
0.0177496
0.0177128
0.0176848
0.0176491
0.0176228
0.0175882
0.0175635
0.0175298
0.0175067
0.0174738
0.0174521
0.01742
0.0173997
0.0173682
0.0173492
0.0173184
0.0173006
0.0172704
0.0172538
0.0172241
0.0172086
0.0171795
0.0171651
0.0171365
0.0171231
0.0170952
0.0170828
0.0170554
0.0170439
0.0170174
0.0170068
0.0169812
0.0169713
0.0169469
0.0169378
0.0169146
0.0169063
0.0168847
0.0168771
0.0168574
0.0168504
0.0168329
0.0168264
0.0168113
0.0168052
0.0167926
0.0167864
0.0167762
0.0167695
0.0167609
0.0167531
0.016745
0.0167356
0.0167259
0.0167163
0.0167054
0.0166963
0.0166824
0.0166733
0.0216871
0.0212977
0.0209807
0.0207155
0.0204879
0.0202895
0.0201134
0.0199559
0.0198127
0.0196824
0.0195619
0.019451
0.0193471
0.0192507
0.0191593
0.0190742
0.0189926
0.0189165
0.0188429
0.0187741
0.018707
0.0186444
0.0185826
0.0185252
0.018468
0.0184151
0.0183618
0.0183127
0.0182628
0.0182172
0.0181702
0.0181276
0.0180832
0.0180433
0.0180012
0.0179638
0.0179236
0.0178884
0.0178501
0.0178169
0.0177801
0.0177488
0.0177135
0.0176839
0.0176499
0.0176219
0.0175891
0.0175625
0.0175308
0.0175056
0.0174748
0.017451
0.0174211
0.0173984
0.0173694
0.0173479
0.0173196
0.0172992
0.0172717
0.0172522
0.0172254
0.017207
0.0171809
0.0171633
0.017138
0.0171212
0.0170967
0.0170807
0.017057
0.0170418
0.017019
0.0170046
0.0169827
0.0169691
0.0169483
0.0169355
0.016916
0.016904
0.016886
0.0168749
0.0168585
0.0168483
0.0168337
0.0168246
0.0168117
0.0168037
0.0167924
0.0167854
0.0167753
0.016769
0.0167591
0.016753
0.0167423
0.0167357
0.0167229
0.0167147
0.016699
0.0166907
0.0166747
0.0166679
0.0216871
0.0212976
0.0209807
0.0207155
0.0204879
0.0202895
0.0201134
0.0199558
0.0198127
0.0196823
0.0195619
0.019451
0.0193471
0.0192506
0.0191594
0.0190741
0.0189927
0.0189165
0.018843
0.018774
0.0187071
0.0186443
0.0185827
0.0185251
0.0184682
0.0184149
0.0183619
0.0183126
0.018263
0.018217
0.0181704
0.0181274
0.0180834
0.0180431
0.0180014
0.0179635
0.0179239
0.0178881
0.0178503
0.0178166
0.0177804
0.0177485
0.0177138
0.0176836
0.0176502
0.0176215
0.0175894
0.0175621
0.0175311
0.0175052
0.0174751
0.0174505
0.0174214
0.017398
0.0173697
0.0173474
0.0173199
0.0172987
0.0172719
0.0172517
0.0172257
0.0172064
0.0171811
0.0171628
0.0171381
0.0171207
0.0170967
0.0170802
0.0170569
0.0170413
0.0170187
0.017004
0.0169822
0.0169685
0.0169474
0.0169348
0.0169147
0.0169032
0.0168841
0.0168739
0.016856
0.0168472
0.0168305
0.0168232
0.0168077
0.0168019
0.0167875
0.0167832
0.0167693
0.016766
0.016752
0.0167492
0.016734
0.0167308
0.0167135
0.016709
0.0166893
0.016683
0.0166616
0.0166572
0.0216871
0.0212976
0.0209807
0.0207155
0.0204879
0.0202895
0.0201134
0.0199558
0.0198127
0.0196823
0.0195619
0.0194509
0.0193471
0.0192506
0.0191594
0.0190741
0.0189927
0.0189164
0.018843
0.018774
0.0187071
0.0186442
0.0185828
0.018525
0.0184682
0.0184149
0.018362
0.0183125
0.018263
0.018217
0.0181704
0.0181274
0.0180834
0.0180431
0.0180014
0.0179635
0.0179239
0.0178881
0.0178503
0.0178165
0.0177804
0.0177484
0.0177138
0.0176835
0.0176502
0.0176214
0.0175893
0.017562
0.017531
0.017505
0.017475
0.0174503
0.0174212
0.0173977
0.0173694
0.0173471
0.0173196
0.0172983
0.0172715
0.0172512
0.017225
0.0172058
0.0171802
0.0171619
0.0171369
0.0171195
0.0170951
0.0170786
0.0170548
0.0170391
0.0170159
0.0170012
0.0169786
0.0169649
0.0169429
0.0169302
0.016909
0.0168974
0.0168769
0.0168665
0.016847
0.0168379
0.0168193
0.0168117
0.0167942
0.0167882
0.0167717
0.0167671
0.0167515
0.0167482
0.016733
0.0167304
0.0167151
0.0167123
0.0166962
0.0166922
0.0166751
0.0166694
0.0166516
0.0166447
0.018674
0.0187395
0.0188501
0.0188031
0.0191009
0.0189355
0.0194255
0.0192965
0.0198905
0.0198408
0.0184348
0.0184744
0.0183518
0.0184149
0.0184195
0.0184834
0.0186348
0.0187251
0.0190177
0.0191175
0.0179629
0.0179399
0.0179672
0.0179473
0.0180048
0.0181193
0.0181502
0.0182844
0.0184256
0.0185952
0.017652
0.0176598
0.0176632
0.0177038
0.0177277
0.0178085
0.0178485
0.0179832
0.0180528
0.0182431
0.0174689
0.0174753
0.0175039
0.0175158
0.0175581
0.0175884
0.0176451
0.0177543
0.0178133
0.0179551
0.0173013
0.0173216
0.0173209
0.0173367
0.0173481
0.0173849
0.0174226
0.0175025
0.017544
0.0176718
0.0171763
0.0171713
0.0171811
0.0171842
0.0172051
0.0172295
0.0172706
0.0173142
0.0173748
0.0174777
0.0170672
0.0170687
0.0170731
0.0170751
0.0170926
0.0171082
0.0171446
0.0171787
0.0172367
0.0173015
0.016977
0.0169783
0.0169739
0.0169784
0.0169866
0.0170029
0.0170288
0.017061
0.0171061
0.0171545
0.0168966
0.0168981
0.0168903
0.0168985
0.0168992
0.0169204
0.0169338
0.0169698
0.0169977
0.0170495
0.0168374
0.0168351
0.0168325
0.0168349
0.0168407
0.0168528
0.0168702
0.0168939
0.016924
0.0169602
0.01679
0.0167935
0.0167829
0.0167921
0.0167876
0.0168065
0.0168111
0.0168417
0.0168561
0.0168988
0.0167563
0.0167511
0.0167463
0.0167478
0.0167478
0.0167589
0.0167668
0.0167884
0.0168061
0.0168369
0.016726
0.0167143
0.0167158
0.0167086
0.0167164
0.0167163
0.016733
0.0167408
0.0167676
0.0167824
0.0167007
0.0166879
0.0166902
0.0166808
0.0166898
0.0166862
0.0167041
0.016707
0.0167344
0.0167436
0.0166826
0.0166676
0.0166716
0.0166593
0.0166704
0.0166629
0.0166826
0.0166813
0.0167096
0.0167145
0.0166629
0.0166547
0.0166504
0.0166459
0.0166472
0.0166486
0.0166566
0.0166655
0.0166798
0.0166964
0.0166518
0.0166479
0.0166377
0.0166383
0.0166329
0.0166396
0.0166402
0.0166542
0.0166606
0.0166812
0.0166406
0.0166377
0.0166272
0.0166288
0.0166233
0.0166305
0.0166307
0.0166442
0.0166501
0.016669
0.0166306
0.0166253
0.016615
0.0166121
0.0166044
0.0166056
0.0166025
0.016608
0.01661
0.0166193
)
;

boundaryField
{
    down
    {
        type            symmetryPlane;
    }
    right
    {
        type            calculated;
        value           nonuniform List<scalar> 
30
(
0.834111
0.823383
0.805977
0.782894
0.74916
0.699824
0.627247
0.528127
0.400235
0.243807
0.0878618
0.0290297
0.020837
0.0193685
0.0184697
0.0178994
0.0173963
0.0171406
0.0168323
0.0166671
0.016421
0.0162996
0.0162493
0.0161285
0.0161072
0.0160854
0.0159815
0.0159772
0.0158745
0.0158709
)
;
    }
    up
    {
        type            zeroGradient;
    }
    left
    {
        type            calculated;
        value           uniform 0.0218017;
    }
    cylinder
    {
        type            nutkWallFunction;
        Cmu             0.09;
        kappa           0.41;
        E               9.8;
        value           uniform 0;
    }
    defaultFaces
    {
        type            empty;
    }
}


// ************************************************************************* //
