/*--------------------------------*- C++ -*----------------------------------*\
  =========                 |
  \\      /  F ield         | OpenFOAM: The Open Source CFD Toolbox
   \\    /   O peration     | Website:  https://openfoam.org
    \\  /    A nd           | Version:  8
     \\/     M anipulation  |
\*---------------------------------------------------------------------------*/
FoamFile
{
    version     2.0;
    format      ascii;
    class       volScalarField;
    location    "1";
    object      M;
}
// * * * * * * * * * * * * * * * * * * * * * * * * * * * * * * * * * * * * * //

dimensions      [0 0 0 0 0 0 0];

internalField   nonuniform List<scalar> 
800
(
0.9464015
0.94640293
0.94640221
0.94640228
0.94640223
0.94640223
0.94640222
0.94640222
0.94640222
0.94640222
0.94640222
0.94640222
0.94640222
0.94640222
0.94640223
0.94640223
0.94640228
0.94640221
0.94640293
0.9464015
0.99999673
0.99999686
0.99999679
0.9999968
0.9999968
0.9999968
0.9999968
0.9999968
0.9999968
0.9999968
0.9999968
0.9999968
0.9999968
0.9999968
0.9999968
0.9999968
0.9999968
0.99999679
0.99999686
0.99999673
1
1
1
1
1
1
1
1
1
1
1
1
1
1
1
1
1
1
1
1
1
1
1
1
1
1
1
1
1
1
1
1
1
1
1
1
1
1
1
1
1
1
1
1
1
1
1
1
1
1
1
1
1
1
1
1
1
1
1
1
1
1
1
1
1
1
1
1
1
1
1
1
1
1
1
1
1
1
1
1
1
1
1
1
1
1
1
1
1
1
1
1
1
1
1
1
1
1
1
1
1
1
1
1
1
1
1
1
1
1
1
1
1
1
1
1
1
1
1
1
1
1
1
1
1
1
1
1
1
1
1
1
1
1
1
1
1
1
1
1
1
1
1
1
1
1
1
1
1
1
1
1
1
1
1
1
1
1
1
1
0.94640568
0.94640712
0.9464064
0.94640647
0.94640642
0.94640642
0.94640641
0.94640641
0.94640641
0.94640641
0.94640641
0.94640641
0.94640641
0.94640641
0.94640642
0.94640642
0.94640647
0.9464064
0.94640712
0.94640568
0.99999716
0.99999729
0.99999723
0.99999724
0.99999723
0.99999723
0.99999723
0.99999723
0.99999723
0.99999723
0.99999723
0.99999723
0.99999723
0.99999723
0.99999723
0.99999723
0.99999724
0.99999723
0.99999729
0.99999716
1
1
1
1
1
1
1
1
1
1
1
1
1
1
1
1
1
1
1
1
1
1
1
1
1
1
1
1
1
1
1
1
1
1
1
1
1
1
1
1
1
1
1
1
1
1
1
1
1
1
1
1
1
1
1
1
1
1
1
1
1
1
1
1
1
1
1
1
1
1
1
1
1
1
1
1
1
1
1
1
1
1
1
1
1
1
1
1
1
1
1
1
1
1
1
1
1
1
1
1
1
1
1
1
1
1
1
1
1
1
1
1
1
1
1
1
1
1
1
1
1
1
1
1
1
1
1
1
1
1
1
1
1
1
1
1
1
1
1
1
1
1
1
1
1
1
1
1
1
1
1
1
1
1
1
1
1
1
1
1
0.94640568
0.94640712
0.9464064
0.94640647
0.94640642
0.94640642
0.94640641
0.94640641
0.94640641
0.94640641
0.94640641
0.94640641
0.94640641
0.94640641
0.94640642
0.94640642
0.94640647
0.9464064
0.94640712
0.94640568
0.99999716
0.99999729
0.99999723
0.99999724
0.99999723
0.99999723
0.99999723
0.99999723
0.99999723
0.99999723
0.99999723
0.99999723
0.99999723
0.99999723
0.99999723
0.99999723
0.99999724
0.99999723
0.99999729
0.99999716
1
1
1
1
1
1
1
1
1
1
1
1
1
1
1
1
1
1
1
1
1
1
1
1
1
1
1
1
1
1
1
1
1
1
1
1
1
1
1
1
1
1
1
1
1
1
1
1
1
1
1
1
1
1
1
1
1
1
1
1
1
1
1
1
1
1
1
1
1
1
1
1
1
1
1
1
1
1
1
1
1
1
1
1
1
1
1
1
1
1
1
1
1
1
1
1
1
1
1
1
1
1
1
1
1
1
1
1
1
1
1
1
1
1
1
1
1
1
1
1
1
1
1
1
1
1
1
1
1
1
1
1
1
1
1
1
1
1
1
1
1
1
1
1
1
1
1
1
1
1
1
1
1
1
1
1
1
1
1
1
0.9464015
0.94640293
0.94640221
0.94640228
0.94640223
0.94640223
0.94640222
0.94640222
0.94640222
0.94640222
0.94640222
0.94640222
0.94640222
0.94640222
0.94640223
0.94640223
0.94640228
0.94640221
0.94640293
0.9464015
0.99999673
0.99999686
0.99999679
0.9999968
0.9999968
0.9999968
0.9999968
0.9999968
0.9999968
0.9999968
0.9999968
0.9999968
0.9999968
0.9999968
0.9999968
0.9999968
0.9999968
0.99999679
0.99999686
0.99999673
1
1
1
1
1
1
1
1
1
1
1
1
1
1
1
1
1
1
1
1
1
1
1
1
1
1
1
1
1
1
1
1
1
1
1
1
1
1
1
1
1
1
1
1
1
1
1
1
1
1
1
1
1
1
1
1
1
1
1
1
1
1
1
1
1
1
1
1
1
1
1
1
1
1
1
1
1
1
1
1
1
1
1
1
1
1
1
1
1
1
1
1
1
1
1
1
1
1
1
1
1
1
1
1
1
1
1
1
1
1
1
1
1
1
1
1
1
1
1
1
1
1
1
1
1
1
1
1
1
1
1
1
1
1
1
1
1
1
1
1
1
1
1
1
1
1
1
1
1
1
1
1
1
1
1
1
1
1
1
1
)
;

boundaryField
{
    left
    {
        type            zeroGradient;
    }
    right
    {
        type            zeroGradient;
    }
    walls
    {
        type            zeroGradient;
    }
    centreline
    {
        type            fixedValue;
        value           uniform 1;
    }
    frontAndBack
    {
        type            zeroGradient;
    }
}


// ************************************************************************* //
