/*--------------------------------*- C++ -*----------------------------------*\
  =========                 |
  \\      /  F ield         | OpenFOAM: The Open Source CFD Toolbox
   \\    /   O peration     | Website:  https://openfoam.org
    \\  /    A nd           | Version:  8
     \\/     M anipulation  |
\*---------------------------------------------------------------------------*/
FoamFile
{
    version     2.0;
    format      ascii;
    class       volScalarField;
    location    "1";
    object      T;
}
// * * * * * * * * * * * * * * * * * * * * * * * * * * * * * * * * * * * * * //

dimensions      [0 0 0 1 0 0 0];

internalField   nonuniform List<scalar> 
800
(
289.12339
289.12479
289.12408
289.12414
289.1241
289.12411
289.1241
289.1241
289.1241
289.1241
289.1241
289.1241
289.1241
289.1241
289.12411
289.1241
289.12414
289.12408
289.12479
289.12339
302.96964
302.96974
302.96969
302.9697
302.96969
302.96969
302.96969
302.96969
302.96969
302.96969
302.96969
302.96969
302.96969
302.96969
302.96969
302.96969
302.9697
302.96969
302.96974
302.96964
302.99114
302.99114
302.99114
302.99114
302.99114
302.99114
302.99114
302.99114
302.99114
302.99114
302.99114
302.99114
302.99114
302.99114
302.99114
302.99114
302.99114
302.99114
302.99114
302.99114
302.98869
302.98869
302.98869
302.98869
302.98869
302.98869
302.98869
302.98869
302.98869
302.98869
302.98869
302.98869
302.98869
302.98869
302.98869
302.98869
302.98869
302.98869
302.98869
302.98869
302.98481
302.9848
302.9848
302.9848
302.9848
302.9848
302.9848
302.9848
302.9848
302.9848
302.9848
302.9848
302.9848
302.9848
302.9848
302.9848
302.9848
302.9848
302.9848
302.98481
302.9781
302.97809
302.9781
302.97809
302.9781
302.97809
302.9781
302.97809
302.9781
302.97809
302.97809
302.9781
302.97809
302.9781
302.97809
302.9781
302.97809
302.9781
302.97809
302.9781
302.97427
302.97426
302.97426
302.97426
302.97426
302.97426
302.97426
302.97426
302.97426
302.97426
302.97426
302.97426
302.97426
302.97426
302.97426
302.97426
302.97426
302.97426
302.97426
302.97427
302.95815
302.95813
302.95813
302.95813
302.95813
302.95813
302.95813
302.95813
302.95813
302.95813
302.95813
302.95813
302.95813
302.95813
302.95813
302.95813
302.95813
302.95813
302.95813
302.95815
302.95253
302.9525
302.9525
302.9525
302.9525
302.9525
302.9525
302.9525
302.9525
302.9525
302.9525
302.9525
302.9525
302.9525
302.9525
302.9525
302.9525
302.9525
302.9525
302.95253
302.91908
302.91905
302.91905
302.91905
302.91905
302.91905
302.91905
302.91905
302.91905
302.91905
302.91905
302.91905
302.91905
302.91905
302.91905
302.91905
302.91905
302.91905
302.91905
302.91908
289.12772
289.12913
289.12841
289.12848
289.12843
289.12844
289.12843
289.12843
289.12843
289.12843
289.12843
289.12843
289.12843
289.12843
289.12844
289.12843
289.12848
289.12841
289.12913
289.12772
302.96997
302.97006
302.97001
302.97002
302.97002
302.97002
302.97002
302.97002
302.97002
302.97002
302.97002
302.97002
302.97002
302.97002
302.97002
302.97002
302.97002
302.97001
302.97006
302.96997
302.99113
302.99112
302.99112
302.99112
302.99112
302.99112
302.99112
302.99112
302.99112
302.99112
302.99112
302.99112
302.99112
302.99112
302.99112
302.99112
302.99112
302.99112
302.99112
302.99113
302.98868
302.98867
302.98867
302.98867
302.98867
302.98867
302.98867
302.98867
302.98867
302.98867
302.98867
302.98867
302.98867
302.98867
302.98867
302.98867
302.98867
302.98867
302.98867
302.98868
302.98478
302.98478
302.98478
302.98478
302.98478
302.98478
302.98478
302.98478
302.98478
302.98478
302.98478
302.98478
302.98478
302.98478
302.98478
302.98478
302.98478
302.98478
302.98478
302.98478
302.97807
302.97806
302.97806
302.97806
302.97806
302.97806
302.97806
302.97806
302.97806
302.97806
302.97806
302.97806
302.97806
302.97806
302.97806
302.97806
302.97806
302.97806
302.97806
302.97807
302.97423
302.97421
302.97421
302.97421
302.97421
302.97421
302.97421
302.97421
302.97421
302.97421
302.97421
302.97421
302.97421
302.97421
302.97421
302.97421
302.97421
302.97421
302.97421
302.97423
302.95808
302.95807
302.95807
302.95807
302.95807
302.95807
302.95807
302.95807
302.95807
302.95807
302.95807
302.95807
302.95807
302.95807
302.95807
302.95807
302.95807
302.95807
302.95807
302.95808
302.95243
302.95241
302.95241
302.95241
302.95241
302.95241
302.95241
302.95241
302.95241
302.95241
302.95241
302.95241
302.95241
302.95241
302.95241
302.95241
302.95241
302.95241
302.95241
302.95243
302.91896
302.91893
302.91893
302.91893
302.91893
302.91893
302.91893
302.91893
302.91893
302.91893
302.91893
302.91893
302.91893
302.91893
302.91893
302.91893
302.91893
302.91893
302.91893
302.91896
289.12772
289.12913
289.12841
289.12848
289.12843
289.12844
289.12843
289.12843
289.12843
289.12843
289.12843
289.12843
289.12843
289.12843
289.12844
289.12843
289.12848
289.12841
289.12913
289.12772
302.96997
302.97006
302.97001
302.97002
302.97002
302.97002
302.97002
302.97002
302.97002
302.97002
302.97002
302.97002
302.97002
302.97002
302.97002
302.97002
302.97002
302.97001
302.97006
302.96997
302.99113
302.99112
302.99112
302.99112
302.99112
302.99112
302.99112
302.99112
302.99112
302.99112
302.99112
302.99112
302.99112
302.99112
302.99112
302.99112
302.99112
302.99112
302.99112
302.99113
302.98868
302.98867
302.98867
302.98867
302.98867
302.98867
302.98867
302.98867
302.98867
302.98867
302.98867
302.98867
302.98867
302.98867
302.98867
302.98867
302.98867
302.98867
302.98867
302.98868
302.98478
302.98478
302.98478
302.98478
302.98478
302.98478
302.98478
302.98478
302.98478
302.98478
302.98478
302.98478
302.98478
302.98478
302.98478
302.98478
302.98478
302.98478
302.98478
302.98478
302.97807
302.97806
302.97806
302.97806
302.97806
302.97806
302.97806
302.97806
302.97806
302.97806
302.97806
302.97806
302.97806
302.97806
302.97806
302.97806
302.97806
302.97806
302.97806
302.97807
302.97423
302.97421
302.97421
302.97421
302.97421
302.97421
302.97421
302.97421
302.97421
302.97421
302.97421
302.97421
302.97421
302.97421
302.97421
302.97421
302.97421
302.97421
302.97421
302.97423
302.95808
302.95807
302.95807
302.95807
302.95807
302.95807
302.95807
302.95807
302.95807
302.95807
302.95807
302.95807
302.95807
302.95807
302.95807
302.95807
302.95807
302.95807
302.95807
302.95808
302.95243
302.95241
302.95241
302.95241
302.95241
302.95241
302.95241
302.95241
302.95241
302.95241
302.95241
302.95241
302.95241
302.95241
302.95241
302.95241
302.95241
302.95241
302.95241
302.95243
302.91896
302.91893
302.91893
302.91893
302.91893
302.91893
302.91893
302.91893
302.91893
302.91893
302.91893
302.91893
302.91893
302.91893
302.91893
302.91893
302.91893
302.91893
302.91893
302.91896
289.12339
289.12479
289.12408
289.12414
289.1241
289.12411
289.1241
289.1241
289.1241
289.1241
289.1241
289.1241
289.1241
289.1241
289.12411
289.1241
289.12414
289.12408
289.12479
289.12339
302.96964
302.96974
302.96969
302.9697
302.96969
302.96969
302.96969
302.96969
302.96969
302.96969
302.96969
302.96969
302.96969
302.96969
302.96969
302.96969
302.9697
302.96969
302.96974
302.96964
302.99114
302.99114
302.99114
302.99114
302.99114
302.99114
302.99114
302.99114
302.99114
302.99114
302.99114
302.99114
302.99114
302.99114
302.99114
302.99114
302.99114
302.99114
302.99114
302.99114
302.98869
302.98869
302.98869
302.98869
302.98869
302.98869
302.98869
302.98869
302.98869
302.98869
302.98869
302.98869
302.98869
302.98869
302.98869
302.98869
302.98869
302.98869
302.98869
302.98869
302.98481
302.9848
302.9848
302.9848
302.9848
302.9848
302.9848
302.9848
302.9848
302.9848
302.9848
302.9848
302.9848
302.9848
302.9848
302.9848
302.9848
302.9848
302.9848
302.98481
302.9781
302.97809
302.9781
302.97809
302.9781
302.97809
302.9781
302.97809
302.9781
302.97809
302.97809
302.9781
302.97809
302.9781
302.97809
302.9781
302.97809
302.9781
302.97809
302.9781
302.97427
302.97426
302.97426
302.97426
302.97426
302.97426
302.97426
302.97426
302.97426
302.97426
302.97426
302.97426
302.97426
302.97426
302.97426
302.97426
302.97426
302.97426
302.97426
302.97427
302.95815
302.95813
302.95813
302.95813
302.95813
302.95813
302.95813
302.95813
302.95813
302.95813
302.95813
302.95813
302.95813
302.95813
302.95813
302.95813
302.95813
302.95813
302.95813
302.95815
302.95253
302.9525
302.9525
302.9525
302.9525
302.9525
302.9525
302.9525
302.9525
302.9525
302.9525
302.9525
302.9525
302.9525
302.9525
302.9525
302.9525
302.9525
302.9525
302.95253
302.91908
302.91905
302.91905
302.91905
302.91905
302.91905
302.91905
302.91905
302.91905
302.91905
302.91905
302.91905
302.91905
302.91905
302.91905
302.91905
302.91905
302.91905
302.91905
302.91908
)
;

boundaryField
{
    left
    {
        type            zeroGradient;
    }
    right
    {
        type            zeroGradient;
    }
    walls
    {
        type            fixedValue;
        value           uniform 299;
    }
    centreline
    {
        type            fixedValue;
        value           uniform 303;
    }
    frontAndBack
    {
        type            zeroGradient;
    }
}


// ************************************************************************* //
