/*--------------------------------*- C++ -*----------------------------------*\
  =========                 |
  \\      /  F ield         | OpenFOAM: The Open Source CFD Toolbox
   \\    /   O peration     | Website:  https://openfoam.org
    \\  /    A nd           | Version:  8
     \\/     M anipulation  |
\*---------------------------------------------------------------------------*/
FoamFile
{
    version     2.0;
    format      ascii;
    class       volScalarField;
    location    "0.5";
    object      N;
}
// * * * * * * * * * * * * * * * * * * * * * * * * * * * * * * * * * * * * * //

dimensions      [0 -3 0 0 0 0 0];

internalField   nonuniform List<scalar> 
800
(
972704.56
972698.56
972701.54
972701.2
972701.44
972701.41
972701.44
972701.44
972701.44
972701.44
972701.44
972701.44
972701.44
972701.44
972701.41
972701.44
972701.2
972701.54
972698.56
972704.56
0.09999135
0.099991355
0.099991352
0.099991352
0.099991352
0.099991352
0.099991352
0.099991352
0.099991352
0.099991352
0.099991352
0.099991352
0.099991352
0.099991352
0.099991352
0.099991352
0.099991352
0.099991352
0.099991355
0.09999135
0.099991626
0.099991626
0.099991626
0.099991626
0.099991626
0.099991626
0.099991626
0.099991626
0.099991626
0.099991626
0.099991626
0.099991626
0.099991626
0.099991626
0.099991626
0.099991626
0.099991626
0.099991626
0.099991626
0.099991626
0.099977719
0.099977719
0.099977719
0.099977719
0.099977719
0.099977719
0.099977719
0.099977719
0.099977719
0.099977719
0.099977719
0.099977719
0.099977719
0.099977719
0.099977719
0.099977719
0.099977719
0.099977719
0.099977719
0.099977719
0.1000019
0.1000019
0.1000019
0.1000019
0.1000019
0.1000019
0.1000019
0.1000019
0.1000019
0.1000019
0.1000019
0.1000019
0.1000019
0.1000019
0.1000019
0.1000019
0.1000019
0.1000019
0.1000019
0.1000019
0.099964134
0.099964134
0.099964134
0.099964133
0.099964134
0.099964133
0.099964134
0.099964134
0.099964134
0.099964134
0.099964134
0.099964134
0.099964134
0.099964134
0.099964133
0.099964134
0.099964133
0.099964134
0.099964134
0.099964134
0.10002302
0.10002302
0.10002302
0.10002302
0.10002302
0.10002302
0.10002302
0.10002302
0.10002302
0.10002302
0.10002302
0.10002302
0.10002302
0.10002302
0.10002302
0.10002302
0.10002302
0.10002302
0.10002302
0.10002302
0.099935018
0.099935018
0.099935018
0.099935018
0.099935018
0.099935018
0.099935018
0.099935018
0.099935018
0.099935018
0.099935018
0.099935018
0.099935018
0.099935018
0.099935018
0.099935018
0.099935018
0.099935018
0.099935018
0.099935018
0.10006395
0.10006395
0.10006395
0.10006395
0.10006395
0.10006395
0.10006395
0.10006395
0.10006395
0.10006395
0.10006395
0.10006395
0.10006395
0.10006395
0.10006395
0.10006395
0.10006395
0.10006395
0.10006395
0.10006395
0.099876687
0.099876687
0.099876687
0.099876687
0.099876687
0.099876687
0.099876687
0.099876687
0.099876687
0.099876687
0.099876687
0.099876687
0.099876687
0.099876687
0.099876687
0.099876687
0.099876687
0.099876687
0.099876687
0.099876687
972688.56
972682.59
972685.54
972685.19
972685.44
972685.41
972685.43
972685.43
972685.44
972685.44
972685.44
972685.44
972685.43
972685.43
972685.41
972685.44
972685.19
972685.54
972682.59
972688.56
0.099991364
0.099991369
0.099991367
0.099991367
0.099991367
0.099991367
0.099991367
0.099991367
0.099991367
0.099991367
0.099991367
0.099991367
0.099991367
0.099991367
0.099991367
0.099991367
0.099991367
0.099991367
0.099991369
0.099991364
0.099991626
0.099991626
0.099991626
0.099991626
0.099991626
0.099991626
0.099991626
0.099991626
0.099991626
0.099991626
0.099991626
0.099991626
0.099991626
0.099991626
0.099991626
0.099991626
0.099991626
0.099991626
0.099991626
0.099991626
0.099977719
0.099977719
0.099977719
0.099977719
0.099977719
0.099977719
0.099977719
0.099977719
0.099977719
0.099977719
0.099977719
0.099977719
0.099977719
0.099977719
0.099977719
0.099977719
0.099977719
0.099977719
0.099977719
0.099977719
0.1000019
0.1000019
0.1000019
0.1000019
0.1000019
0.1000019
0.1000019
0.1000019
0.1000019
0.1000019
0.1000019
0.1000019
0.1000019
0.1000019
0.1000019
0.1000019
0.1000019
0.1000019
0.1000019
0.1000019
0.099964134
0.099964134
0.099964134
0.099964134
0.099964134
0.099964134
0.099964134
0.099964134
0.099964134
0.099964134
0.099964134
0.099964134
0.099964134
0.099964134
0.099964134
0.099964134
0.099964134
0.099964134
0.099964134
0.099964134
0.10002302
0.10002302
0.10002302
0.10002302
0.10002302
0.10002302
0.10002302
0.10002302
0.10002302
0.10002302
0.10002302
0.10002302
0.10002302
0.10002302
0.10002302
0.10002302
0.10002302
0.10002302
0.10002302
0.10002302
0.099935018
0.099935018
0.099935019
0.099935018
0.099935019
0.099935018
0.099935019
0.099935018
0.099935018
0.099935018
0.099935018
0.099935018
0.099935018
0.099935019
0.099935018
0.099935019
0.099935018
0.099935019
0.099935018
0.099935018
0.10006395
0.10006395
0.10006395
0.10006395
0.10006395
0.10006395
0.10006395
0.10006395
0.10006395
0.10006395
0.10006395
0.10006395
0.10006395
0.10006395
0.10006395
0.10006395
0.10006395
0.10006395
0.10006395
0.10006395
0.099876688
0.099876687
0.099876688
0.099876687
0.099876688
0.099876687
0.099876688
0.099876688
0.099876688
0.099876688
0.099876688
0.099876688
0.099876688
0.099876688
0.099876687
0.099876688
0.099876687
0.099876688
0.099876687
0.099876688
972688.56
972682.59
972685.54
972685.19
972685.44
972685.41
972685.43
972685.43
972685.44
972685.44
972685.44
972685.44
972685.43
972685.43
972685.41
972685.44
972685.19
972685.54
972682.59
972688.56
0.099991364
0.099991369
0.099991367
0.099991367
0.099991367
0.099991367
0.099991367
0.099991367
0.099991367
0.099991367
0.099991367
0.099991367
0.099991367
0.099991367
0.099991367
0.099991367
0.099991367
0.099991367
0.099991369
0.099991364
0.099991626
0.099991626
0.099991626
0.099991626
0.099991626
0.099991626
0.099991626
0.099991626
0.099991626
0.099991626
0.099991626
0.099991626
0.099991626
0.099991626
0.099991626
0.099991626
0.099991626
0.099991626
0.099991626
0.099991626
0.099977719
0.099977719
0.099977719
0.099977719
0.099977719
0.099977719
0.099977719
0.099977719
0.099977719
0.099977719
0.099977719
0.099977719
0.099977719
0.099977719
0.099977719
0.099977719
0.099977719
0.099977719
0.099977719
0.099977719
0.1000019
0.1000019
0.1000019
0.1000019
0.1000019
0.1000019
0.1000019
0.1000019
0.1000019
0.1000019
0.1000019
0.1000019
0.1000019
0.1000019
0.1000019
0.1000019
0.1000019
0.1000019
0.1000019
0.1000019
0.099964134
0.099964134
0.099964134
0.099964134
0.099964134
0.099964134
0.099964134
0.099964134
0.099964134
0.099964134
0.099964134
0.099964134
0.099964134
0.099964134
0.099964134
0.099964134
0.099964134
0.099964134
0.099964134
0.099964134
0.10002302
0.10002302
0.10002302
0.10002302
0.10002302
0.10002302
0.10002302
0.10002302
0.10002302
0.10002302
0.10002302
0.10002302
0.10002302
0.10002302
0.10002302
0.10002302
0.10002302
0.10002302
0.10002302
0.10002302
0.099935018
0.099935018
0.099935019
0.099935018
0.099935019
0.099935018
0.099935019
0.099935018
0.099935018
0.099935018
0.099935018
0.099935018
0.099935018
0.099935019
0.099935018
0.099935019
0.099935018
0.099935019
0.099935018
0.099935018
0.10006395
0.10006395
0.10006395
0.10006395
0.10006395
0.10006395
0.10006395
0.10006395
0.10006395
0.10006395
0.10006395
0.10006395
0.10006395
0.10006395
0.10006395
0.10006395
0.10006395
0.10006395
0.10006395
0.10006395
0.099876688
0.099876687
0.099876688
0.099876687
0.099876688
0.099876687
0.099876688
0.099876688
0.099876688
0.099876688
0.099876688
0.099876688
0.099876688
0.099876688
0.099876687
0.099876688
0.099876687
0.099876688
0.099876687
0.099876688
972704.56
972698.56
972701.54
972701.2
972701.44
972701.41
972701.44
972701.44
972701.44
972701.44
972701.44
972701.44
972701.44
972701.44
972701.41
972701.44
972701.2
972701.54
972698.56
972704.56
0.09999135
0.099991355
0.099991352
0.099991352
0.099991352
0.099991352
0.099991352
0.099991352
0.099991352
0.099991352
0.099991352
0.099991352
0.099991352
0.099991352
0.099991352
0.099991352
0.099991352
0.099991352
0.099991355
0.09999135
0.099991626
0.099991626
0.099991626
0.099991626
0.099991626
0.099991626
0.099991626
0.099991626
0.099991626
0.099991626
0.099991626
0.099991626
0.099991626
0.099991626
0.099991626
0.099991626
0.099991626
0.099991626
0.099991626
0.099991626
0.099977719
0.099977719
0.099977719
0.099977719
0.099977719
0.099977719
0.099977719
0.099977719
0.099977719
0.099977719
0.099977719
0.099977719
0.099977719
0.099977719
0.099977719
0.099977719
0.099977719
0.099977719
0.099977719
0.099977719
0.1000019
0.1000019
0.1000019
0.1000019
0.1000019
0.1000019
0.1000019
0.1000019
0.1000019
0.1000019
0.1000019
0.1000019
0.1000019
0.1000019
0.1000019
0.1000019
0.1000019
0.1000019
0.1000019
0.1000019
0.099964134
0.099964134
0.099964134
0.099964133
0.099964134
0.099964133
0.099964134
0.099964134
0.099964134
0.099964134
0.099964134
0.099964134
0.099964134
0.099964134
0.099964133
0.099964134
0.099964133
0.099964134
0.099964134
0.099964134
0.10002302
0.10002302
0.10002302
0.10002302
0.10002302
0.10002302
0.10002302
0.10002302
0.10002302
0.10002302
0.10002302
0.10002302
0.10002302
0.10002302
0.10002302
0.10002302
0.10002302
0.10002302
0.10002302
0.10002302
0.099935018
0.099935018
0.099935018
0.099935018
0.099935018
0.099935018
0.099935018
0.099935018
0.099935018
0.099935018
0.099935018
0.099935018
0.099935018
0.099935018
0.099935018
0.099935018
0.099935018
0.099935018
0.099935018
0.099935018
0.10006395
0.10006395
0.10006395
0.10006395
0.10006395
0.10006395
0.10006395
0.10006395
0.10006395
0.10006395
0.10006395
0.10006395
0.10006395
0.10006395
0.10006395
0.10006395
0.10006395
0.10006395
0.10006395
0.10006395
0.099876687
0.099876687
0.099876687
0.099876687
0.099876687
0.099876687
0.099876687
0.099876687
0.099876687
0.099876687
0.099876687
0.099876687
0.099876687
0.099876687
0.099876687
0.099876687
0.099876687
0.099876687
0.099876687
0.099876687
)
;

boundaryField
{
    left
    {
        type            zeroGradient;
    }
    right
    {
        type            zeroGradient;
    }
    walls
    {
        type            zeroGradient;
    }
    centreline
    {
        type            zeroGradient;
    }
    frontAndBack
    {
        type            zeroGradient;
    }
}


// ************************************************************************* //
