/*--------------------------------*- C++ -*----------------------------------*\
  =========                 |
  \\      /  F ield         | OpenFOAM: The Open Source CFD Toolbox
   \\    /   O peration     | Website:  https://openfoam.org
    \\  /    A nd           | Version:  8
     \\/     M anipulation  |
\*---------------------------------------------------------------------------*/
FoamFile
{
    version     2.0;
    format      ascii;
    class       volScalarField;
    location    "0.5";
    object      rho;
}
// * * * * * * * * * * * * * * * * * * * * * * * * * * * * * * * * * * * * * //

dimensions      [1 -3 0 0 0 0 0];

internalField   nonuniform List<scalar> 
800
(
0.74648438
0.74648432
0.74648435
0.74648435
0.74648435
0.74648435
0.74648435
0.74648435
0.74648435
0.74648435
0.74648435
0.74648435
0.74648435
0.74648435
0.74648435
0.74648435
0.74648435
0.74648435
0.74648432
0.74648438
0.73488798
0.73488799
0.73488798
0.73488798
0.73488798
0.73488798
0.73488798
0.73488798
0.73488798
0.73488798
0.73488798
0.73488798
0.73488798
0.73488798
0.73488798
0.73488798
0.73488798
0.73488798
0.73488799
0.73488798
0.73493222
0.73493222
0.73493222
0.73493222
0.73493222
0.73493222
0.73493222
0.73493222
0.73493222
0.73493222
0.73493222
0.73493222
0.73493222
0.73493222
0.73493222
0.73493222
0.73493222
0.73493222
0.73493222
0.73493222
0.73481751
0.73481751
0.73481751
0.73481751
0.73481751
0.73481751
0.73481751
0.73481751
0.73481751
0.73481751
0.73481751
0.73481751
0.73481751
0.73481751
0.73481751
0.73481751
0.73481751
0.73481751
0.73481751
0.73481751
0.73501674
0.73501674
0.73501674
0.73501674
0.73501674
0.73501674
0.73501674
0.73501674
0.73501674
0.73501674
0.73501674
0.73501674
0.73501674
0.73501674
0.73501674
0.73501674
0.73501674
0.73501674
0.73501674
0.73501674
0.73470588
0.73470588
0.73470588
0.73470588
0.73470588
0.73470588
0.73470588
0.73470588
0.73470588
0.73470588
0.73470588
0.73470588
0.73470588
0.73470588
0.73470588
0.73470588
0.73470588
0.73470588
0.73470588
0.73470588
0.73519008
0.73519008
0.73519008
0.73519008
0.73519008
0.73519008
0.73519008
0.73519008
0.73519008
0.73519008
0.73519008
0.73519008
0.73519008
0.73519008
0.73519008
0.73519008
0.73519008
0.73519008
0.73519008
0.73519008
0.73446695
0.73446695
0.73446695
0.73446695
0.73446695
0.73446695
0.73446695
0.73446695
0.73446695
0.73446695
0.73446695
0.73446695
0.73446695
0.73446695
0.73446695
0.73446695
0.73446695
0.73446695
0.73446695
0.73446695
0.73552553
0.73552553
0.73552553
0.73552553
0.73552553
0.73552553
0.73552553
0.73552553
0.73552553
0.73552553
0.73552553
0.73552553
0.73552553
0.73552553
0.73552553
0.73552553
0.73552553
0.73552553
0.73552553
0.73552553
0.73399294
0.73399293
0.73399294
0.73399294
0.73399294
0.73399294
0.73399294
0.73399294
0.73399294
0.73399294
0.73399294
0.73399294
0.73399294
0.73399294
0.73399294
0.73399294
0.73399294
0.73399294
0.73399293
0.73399294
0.74648423
0.74648417
0.7464842
0.74648419
0.7464842
0.74648419
0.7464842
0.74648419
0.74648419
0.74648419
0.74648419
0.74648419
0.74648419
0.7464842
0.74648419
0.7464842
0.74648419
0.7464842
0.74648417
0.74648423
0.73488801
0.73488802
0.73488801
0.73488801
0.73488801
0.73488801
0.73488801
0.73488801
0.73488801
0.73488801
0.73488801
0.73488801
0.73488801
0.73488801
0.73488801
0.73488801
0.73488801
0.73488801
0.73488802
0.73488801
0.73493222
0.73493222
0.73493222
0.73493222
0.73493222
0.73493222
0.73493222
0.73493222
0.73493222
0.73493222
0.73493222
0.73493222
0.73493222
0.73493222
0.73493222
0.73493222
0.73493222
0.73493222
0.73493222
0.73493222
0.73481752
0.73481752
0.73481752
0.73481752
0.73481752
0.73481752
0.73481752
0.73481752
0.73481752
0.73481752
0.73481752
0.73481752
0.73481752
0.73481752
0.73481752
0.73481752
0.73481752
0.73481752
0.73481752
0.73481752
0.73501674
0.73501674
0.73501674
0.73501674
0.73501674
0.73501674
0.73501674
0.73501674
0.73501674
0.73501674
0.73501674
0.73501674
0.73501674
0.73501674
0.73501674
0.73501674
0.73501674
0.73501674
0.73501674
0.73501674
0.73470588
0.73470588
0.73470588
0.73470588
0.73470588
0.73470588
0.73470588
0.73470588
0.73470588
0.73470588
0.73470588
0.73470588
0.73470588
0.73470588
0.73470588
0.73470588
0.73470588
0.73470588
0.73470588
0.73470588
0.73519008
0.73519008
0.73519008
0.73519008
0.73519008
0.73519008
0.73519008
0.73519008
0.73519008
0.73519008
0.73519008
0.73519008
0.73519008
0.73519008
0.73519008
0.73519008
0.73519008
0.73519008
0.73519008
0.73519008
0.73446696
0.73446696
0.73446696
0.73446696
0.73446696
0.73446696
0.73446696
0.73446696
0.73446696
0.73446696
0.73446696
0.73446696
0.73446696
0.73446696
0.73446696
0.73446696
0.73446696
0.73446696
0.73446696
0.73446696
0.73552553
0.73552554
0.73552553
0.73552554
0.73552553
0.73552554
0.73552554
0.73552554
0.73552554
0.73552554
0.73552554
0.73552554
0.73552554
0.73552554
0.73552554
0.73552553
0.73552554
0.73552553
0.73552554
0.73552553
0.73399294
0.73399294
0.73399295
0.73399294
0.73399294
0.73399294
0.73399294
0.73399294
0.73399294
0.73399294
0.73399294
0.73399294
0.73399294
0.73399294
0.73399294
0.73399294
0.73399294
0.73399295
0.73399294
0.73399294
0.74648423
0.74648417
0.7464842
0.74648419
0.7464842
0.74648419
0.7464842
0.74648419
0.74648419
0.74648419
0.74648419
0.74648419
0.74648419
0.7464842
0.74648419
0.7464842
0.74648419
0.7464842
0.74648417
0.74648423
0.73488801
0.73488802
0.73488801
0.73488801
0.73488801
0.73488801
0.73488801
0.73488801
0.73488801
0.73488801
0.73488801
0.73488801
0.73488801
0.73488801
0.73488801
0.73488801
0.73488801
0.73488801
0.73488802
0.73488801
0.73493222
0.73493222
0.73493222
0.73493222
0.73493222
0.73493222
0.73493222
0.73493222
0.73493222
0.73493222
0.73493222
0.73493222
0.73493222
0.73493222
0.73493222
0.73493222
0.73493222
0.73493222
0.73493222
0.73493222
0.73481752
0.73481752
0.73481752
0.73481752
0.73481752
0.73481752
0.73481752
0.73481752
0.73481752
0.73481752
0.73481752
0.73481752
0.73481752
0.73481752
0.73481752
0.73481752
0.73481752
0.73481752
0.73481752
0.73481752
0.73501674
0.73501674
0.73501674
0.73501674
0.73501674
0.73501674
0.73501674
0.73501674
0.73501674
0.73501674
0.73501674
0.73501674
0.73501674
0.73501674
0.73501674
0.73501674
0.73501674
0.73501674
0.73501674
0.73501674
0.73470588
0.73470588
0.73470588
0.73470588
0.73470588
0.73470588
0.73470588
0.73470588
0.73470588
0.73470588
0.73470588
0.73470588
0.73470588
0.73470588
0.73470588
0.73470588
0.73470588
0.73470588
0.73470588
0.73470588
0.73519008
0.73519008
0.73519008
0.73519008
0.73519008
0.73519008
0.73519008
0.73519008
0.73519008
0.73519008
0.73519008
0.73519008
0.73519008
0.73519008
0.73519008
0.73519008
0.73519008
0.73519008
0.73519008
0.73519008
0.73446696
0.73446696
0.73446696
0.73446696
0.73446696
0.73446696
0.73446696
0.73446696
0.73446696
0.73446696
0.73446696
0.73446696
0.73446696
0.73446696
0.73446696
0.73446696
0.73446696
0.73446696
0.73446696
0.73446696
0.73552553
0.73552554
0.73552553
0.73552554
0.73552553
0.73552554
0.73552554
0.73552554
0.73552554
0.73552554
0.73552554
0.73552554
0.73552554
0.73552554
0.73552554
0.73552553
0.73552554
0.73552553
0.73552554
0.73552553
0.73399294
0.73399294
0.73399295
0.73399294
0.73399294
0.73399294
0.73399294
0.73399294
0.73399294
0.73399294
0.73399294
0.73399294
0.73399294
0.73399294
0.73399294
0.73399294
0.73399294
0.73399295
0.73399294
0.73399294
0.74648438
0.74648432
0.74648435
0.74648435
0.74648435
0.74648435
0.74648435
0.74648435
0.74648435
0.74648435
0.74648435
0.74648435
0.74648435
0.74648435
0.74648435
0.74648435
0.74648435
0.74648435
0.74648432
0.74648438
0.73488798
0.73488799
0.73488798
0.73488798
0.73488798
0.73488798
0.73488798
0.73488798
0.73488798
0.73488798
0.73488798
0.73488798
0.73488798
0.73488798
0.73488798
0.73488798
0.73488798
0.73488798
0.73488799
0.73488798
0.73493222
0.73493222
0.73493222
0.73493222
0.73493222
0.73493222
0.73493222
0.73493222
0.73493222
0.73493222
0.73493222
0.73493222
0.73493222
0.73493222
0.73493222
0.73493222
0.73493222
0.73493222
0.73493222
0.73493222
0.73481751
0.73481751
0.73481751
0.73481751
0.73481751
0.73481751
0.73481751
0.73481751
0.73481751
0.73481751
0.73481751
0.73481751
0.73481751
0.73481751
0.73481751
0.73481751
0.73481751
0.73481751
0.73481751
0.73481751
0.73501674
0.73501674
0.73501674
0.73501674
0.73501674
0.73501674
0.73501674
0.73501674
0.73501674
0.73501674
0.73501674
0.73501674
0.73501674
0.73501674
0.73501674
0.73501674
0.73501674
0.73501674
0.73501674
0.73501674
0.73470588
0.73470588
0.73470588
0.73470588
0.73470588
0.73470588
0.73470588
0.73470588
0.73470588
0.73470588
0.73470588
0.73470588
0.73470588
0.73470588
0.73470588
0.73470588
0.73470588
0.73470588
0.73470588
0.73470588
0.73519008
0.73519008
0.73519008
0.73519008
0.73519008
0.73519008
0.73519008
0.73519008
0.73519008
0.73519008
0.73519008
0.73519008
0.73519008
0.73519008
0.73519008
0.73519008
0.73519008
0.73519008
0.73519008
0.73519008
0.73446695
0.73446695
0.73446695
0.73446695
0.73446695
0.73446695
0.73446695
0.73446695
0.73446695
0.73446695
0.73446695
0.73446695
0.73446695
0.73446695
0.73446695
0.73446695
0.73446695
0.73446695
0.73446695
0.73446695
0.73552553
0.73552553
0.73552553
0.73552553
0.73552553
0.73552553
0.73552553
0.73552553
0.73552553
0.73552553
0.73552553
0.73552553
0.73552553
0.73552553
0.73552553
0.73552553
0.73552553
0.73552553
0.73552553
0.73552553
0.73399294
0.73399293
0.73399294
0.73399294
0.73399294
0.73399294
0.73399294
0.73399294
0.73399294
0.73399294
0.73399294
0.73399294
0.73399294
0.73399294
0.73399294
0.73399294
0.73399294
0.73399294
0.73399293
0.73399294
)
;

boundaryField
{
    left
    {
        type            calculated;
        value           nonuniform List<scalar> 
40
(
0.74648438
0.73488798
0.73493222
0.73481751
0.73501674
0.73470588
0.73519008
0.73446695
0.73552553
0.73399294
0.74648423
0.73488801
0.73493222
0.73481752
0.73501674
0.73470588
0.73519008
0.73446696
0.73552553
0.73399294
0.74648423
0.73488801
0.73493222
0.73481752
0.73501674
0.73470588
0.73519008
0.73446696
0.73552553
0.73399294
0.74648438
0.73488798
0.73493222
0.73481751
0.73501674
0.73470588
0.73519008
0.73446695
0.73552553
0.73399294
)
;
    }
    right
    {
        type            calculated;
        value           nonuniform List<scalar> 
40
(
0.74648438
0.73488798
0.73493222
0.73481751
0.73501674
0.73470588
0.73519008
0.73446695
0.73552553
0.73399294
0.74648423
0.73488801
0.73493222
0.73481752
0.73501674
0.73470588
0.73519008
0.73446696
0.73552553
0.73399294
0.74648423
0.73488801
0.73493222
0.73481752
0.73501674
0.73470588
0.73519008
0.73446696
0.73552553
0.73399294
0.74648438
0.73488798
0.73493222
0.73481751
0.73501674
0.73470588
0.73519008
0.73446695
0.73552553
0.73399294
)
;
    }
    walls
    {
        type            calculated;
        value           nonuniform List<scalar> 
80
(
0.75034342
0.75034342
0.75034342
0.75034342
0.75034342
0.75034342
0.75034342
0.75034342
0.75034342
0.75034342
0.75034342
0.75034342
0.75034342
0.75034342
0.75034342
0.75034342
0.75034342
0.75034342
0.75034342
0.75034342
0.75034342
0.75034342
0.75034342
0.75034342
0.75034342
0.75034342
0.75034342
0.75034342
0.75034342
0.75034342
0.75034342
0.75034342
0.75034342
0.75034342
0.75034342
0.75034342
0.75034342
0.75034342
0.75034342
0.75034342
0.75034342
0.75034342
0.75034342
0.75034342
0.75034342
0.75034342
0.75034342
0.75034342
0.75034342
0.75034342
0.75034342
0.75034342
0.75034342
0.75034342
0.75034342
0.75034342
0.75034342
0.75034342
0.75034342
0.75034342
0.75034342
0.75034342
0.75034342
0.75034342
0.75034342
0.75034342
0.75034342
0.75034342
0.75034342
0.75034342
0.75034342
0.75034342
0.75034342
0.75034342
0.75034342
0.75034342
0.75034342
0.75034342
0.75034342
0.75034342
)
;
    }
    centreline
    {
        type            calculated;
        value           uniform 0.73500018;
    }
    frontAndBack
    {
        type            calculated;
        value           nonuniform List<scalar> 
400
(
0.74648438
0.73488798
0.73493222
0.73481751
0.73501674
0.73470588
0.73519008
0.73446695
0.73552553
0.73399294
0.74648432
0.73488799
0.73493222
0.73481751
0.73501674
0.73470588
0.73519008
0.73446695
0.73552553
0.73399293
0.74648435
0.73488798
0.73493222
0.73481751
0.73501674
0.73470588
0.73519008
0.73446695
0.73552553
0.73399294
0.74648435
0.73488798
0.73493222
0.73481751
0.73501674
0.73470588
0.73519008
0.73446695
0.73552553
0.73399294
0.74648435
0.73488798
0.73493222
0.73481751
0.73501674
0.73470588
0.73519008
0.73446695
0.73552553
0.73399294
0.74648435
0.73488798
0.73493222
0.73481751
0.73501674
0.73470588
0.73519008
0.73446695
0.73552553
0.73399294
0.74648435
0.73488798
0.73493222
0.73481751
0.73501674
0.73470588
0.73519008
0.73446695
0.73552553
0.73399294
0.74648435
0.73488798
0.73493222
0.73481751
0.73501674
0.73470588
0.73519008
0.73446695
0.73552553
0.73399294
0.74648435
0.73488798
0.73493222
0.73481751
0.73501674
0.73470588
0.73519008
0.73446695
0.73552553
0.73399294
0.74648435
0.73488798
0.73493222
0.73481751
0.73501674
0.73470588
0.73519008
0.73446695
0.73552553
0.73399294
0.74648435
0.73488798
0.73493222
0.73481751
0.73501674
0.73470588
0.73519008
0.73446695
0.73552553
0.73399294
0.74648435
0.73488798
0.73493222
0.73481751
0.73501674
0.73470588
0.73519008
0.73446695
0.73552553
0.73399294
0.74648435
0.73488798
0.73493222
0.73481751
0.73501674
0.73470588
0.73519008
0.73446695
0.73552553
0.73399294
0.74648435
0.73488798
0.73493222
0.73481751
0.73501674
0.73470588
0.73519008
0.73446695
0.73552553
0.73399294
0.74648435
0.73488798
0.73493222
0.73481751
0.73501674
0.73470588
0.73519008
0.73446695
0.73552553
0.73399294
0.74648435
0.73488798
0.73493222
0.73481751
0.73501674
0.73470588
0.73519008
0.73446695
0.73552553
0.73399294
0.74648435
0.73488798
0.73493222
0.73481751
0.73501674
0.73470588
0.73519008
0.73446695
0.73552553
0.73399294
0.74648435
0.73488798
0.73493222
0.73481751
0.73501674
0.73470588
0.73519008
0.73446695
0.73552553
0.73399294
0.74648432
0.73488799
0.73493222
0.73481751
0.73501674
0.73470588
0.73519008
0.73446695
0.73552553
0.73399293
0.74648438
0.73488798
0.73493222
0.73481751
0.73501674
0.73470588
0.73519008
0.73446695
0.73552553
0.73399294
0.74648438
0.73488798
0.73493222
0.73481751
0.73501674
0.73470588
0.73519008
0.73446695
0.73552553
0.73399294
0.74648432
0.73488799
0.73493222
0.73481751
0.73501674
0.73470588
0.73519008
0.73446695
0.73552553
0.73399293
0.74648435
0.73488798
0.73493222
0.73481751
0.73501674
0.73470588
0.73519008
0.73446695
0.73552553
0.73399294
0.74648435
0.73488798
0.73493222
0.73481751
0.73501674
0.73470588
0.73519008
0.73446695
0.73552553
0.73399294
0.74648435
0.73488798
0.73493222
0.73481751
0.73501674
0.73470588
0.73519008
0.73446695
0.73552553
0.73399294
0.74648435
0.73488798
0.73493222
0.73481751
0.73501674
0.73470588
0.73519008
0.73446695
0.73552553
0.73399294
0.74648435
0.73488798
0.73493222
0.73481751
0.73501674
0.73470588
0.73519008
0.73446695
0.73552553
0.73399294
0.74648435
0.73488798
0.73493222
0.73481751
0.73501674
0.73470588
0.73519008
0.73446695
0.73552553
0.73399294
0.74648435
0.73488798
0.73493222
0.73481751
0.73501674
0.73470588
0.73519008
0.73446695
0.73552553
0.73399294
0.74648435
0.73488798
0.73493222
0.73481751
0.73501674
0.73470588
0.73519008
0.73446695
0.73552553
0.73399294
0.74648435
0.73488798
0.73493222
0.73481751
0.73501674
0.73470588
0.73519008
0.73446695
0.73552553
0.73399294
0.74648435
0.73488798
0.73493222
0.73481751
0.73501674
0.73470588
0.73519008
0.73446695
0.73552553
0.73399294
0.74648435
0.73488798
0.73493222
0.73481751
0.73501674
0.73470588
0.73519008
0.73446695
0.73552553
0.73399294
0.74648435
0.73488798
0.73493222
0.73481751
0.73501674
0.73470588
0.73519008
0.73446695
0.73552553
0.73399294
0.74648435
0.73488798
0.73493222
0.73481751
0.73501674
0.73470588
0.73519008
0.73446695
0.73552553
0.73399294
0.74648435
0.73488798
0.73493222
0.73481751
0.73501674
0.73470588
0.73519008
0.73446695
0.73552553
0.73399294
0.74648435
0.73488798
0.73493222
0.73481751
0.73501674
0.73470588
0.73519008
0.73446695
0.73552553
0.73399294
0.74648435
0.73488798
0.73493222
0.73481751
0.73501674
0.73470588
0.73519008
0.73446695
0.73552553
0.73399294
0.74648432
0.73488799
0.73493222
0.73481751
0.73501674
0.73470588
0.73519008
0.73446695
0.73552553
0.73399293
0.74648438
0.73488798
0.73493222
0.73481751
0.73501674
0.73470588
0.73519008
0.73446695
0.73552553
0.73399294
)
;
    }
}


// ************************************************************************* //
