/*--------------------------------*- C++ -*----------------------------------*\
  =========                 |
  \\      /  F ield         | OpenFOAM: The Open Source CFD Toolbox
   \\    /   O peration     | Website:  https://openfoam.org
    \\  /    A nd           | Version:  8
     \\/     M anipulation  |
\*---------------------------------------------------------------------------*/
FoamFile
{
    version     2.0;
    format      ascii;
    class       volScalarField;
    location    "0.4";
    object      p;
}
// * * * * * * * * * * * * * * * * * * * * * * * * * * * * * * * * * * * * * //

dimensions      [1 -1 -2 0 0 0 0];

internalField   nonuniform List<scalar> 
2000
(
4246.9957
4246.9957
4246.9957
4246.9957
4246.9957
4246.9957
4246.9957
4246.9957
4246.9957
4246.9957
4246.9957
4246.9957
4246.9957
4246.9958
4246.9957
4246.9957
4246.9958
4246.9957
4246.9957
4246.9957
4246.9957
4246.9957
4246.9957
4246.9957
4246.9957
4246.9957
4246.9957
4246.9957
4246.9957
4246.9957
4246.9957
4246.9957
4246.9957
4246.9957
4246.9957
4246.9957
4246.9957
4246.9957
4246.9957
4246.9957
4246.9957
4246.9957
4246.9957
4246.9957
4246.9957
4246.9957
4246.9957
4246.9957
4246.9957
4246.9957
4246.9957
4246.9957
4246.9957
4246.9957
4246.9957
4246.9957
4246.9957
4246.9957
4246.9957
4246.9957
4246.9957
4246.9957
4246.9957
4246.9957
4246.9957
4246.9957
4246.9957
4246.9957
4246.9957
4246.9957
4246.9957
4246.9957
4246.9957
4246.9957
4246.9957
4246.9957
4246.9957
4246.9957
4246.9957
4246.9957
4246.9957
4246.9957
4246.9957
4246.9957
4246.9957
4246.9957
4246.9957
4246.9957
4246.9957
4246.9957
4246.9957
4246.9957
4246.9957
4246.9957
4246.9957
4246.9957
4246.9957
4246.9957
4246.9957
4246.9957
4246.9957
4246.9957
4246.9957
4246.9957
4246.9957
4246.9957
4246.9957
4246.9957
4246.9957
4246.9957
4246.9957
4246.9957
4246.9957
4246.9957
4246.9957
4246.9957
4246.9957
4246.9957
4246.9957
4246.9957
4246.9957
4246.9957
4246.9957
4246.9957
4246.9957
4246.9957
4246.9957
4246.9957
4246.9957
4246.9957
4246.9957
4246.9957
4246.9957
4246.9957
4246.9957
4246.9957
4246.9957
4246.9957
4246.9957
4246.9957
4246.9956
4246.9956
4246.9956
4246.9957
4246.9956
4246.9956
4246.9957
4246.9956
4246.9956
4246.9956
4246.9956
4246.9956
4246.9956
4246.9956
4246.9956
4246.9956
4246.9956
4246.9956
4246.9956
4246.9956
4246.9956
4246.9956
4246.9956
4246.9956
4246.9956
4246.9956
4246.9956
4246.9956
4246.9956
4246.9956
4246.9956
4246.9956
4246.9956
4246.9956
4246.9956
4246.9956
4246.9956
4246.9956
4246.9956
4246.9956
4246.9956
4246.9956
4246.9956
4246.9956
4246.9956
4246.9956
4246.9956
4246.9956
4246.9956
4246.9956
4246.9956
4246.9956
4246.9956
4246.9956
4246.9956
4246.9956
4246.9956
4246.9956
4246.9956
4246.9956
4246.9956
4246.9956
4246.9956
4246.9956
4246.9956
4246.9956
4246.9956
4246.9956
4246.9956
4246.9956
4246.9956
4246.9956
4246.9956
4246.9956
4246.9956
4246.9956
4246.9956
4246.9956
4246.9956
4246.9956
4246.9956
4246.9956
4246.9956
4246.9956
4246.9956
4246.9956
4246.9956
4246.9956
4246.9956
4246.9956
4246.9956
4246.9956
4246.9956
4246.9956
4246.9956
4246.9956
4246.9956
4246.9956
4246.9956
4246.9956
4246.9956
4246.9956
4246.9956
4246.9956
4246.9956
4246.9956
4246.9956
4246.9956
4246.9956
4246.9956
4246.9956
4246.9956
4246.9956
4246.9956
4246.9956
4246.9956
4246.9956
4246.9956
4246.9956
4246.9956
4246.9956
4246.9956
4246.9956
4246.9956
4246.9956
4246.9956
4246.9956
4246.9956
4246.9956
4246.9956
4246.9956
4246.9956
4246.9956
4246.9956
4246.9956
4246.9956
4246.9956
4246.9956
4246.9956
4246.9956
4246.9956
4246.9955
4246.9956
4246.9956
4246.9956
4246.9956
4246.9956
4246.9956
4246.9955
4246.9956
4246.9955
4246.9955
4246.9955
4246.9955
4246.9955
4246.9955
4246.9955
4246.9955
4246.9955
4246.9955
4246.9955
4246.9955
4246.9955
4246.9955
4246.9955
4246.9955
4246.9955
4246.9955
4246.9955
4246.9955
4246.9955
4246.9955
4246.9955
4246.9955
4246.9955
4246.9955
4246.9955
4246.9955
4246.9955
4246.9955
4246.9955
4246.9955
4246.9955
4246.9955
4246.9955
4246.9955
4246.9955
4246.9955
4246.9955
4246.9955
4246.9955
4246.9955
4246.9955
4246.9955
4246.9955
4246.9955
4246.9955
4246.9955
4246.9955
4246.9955
4246.9955
4246.9955
4246.9955
4246.9955
4246.9955
4246.9955
4246.9955
4246.9955
4246.9955
4246.9955
4246.9954
4246.9954
4246.9954
4246.9954
4246.9954
4246.9954
4246.9954
4246.9954
4246.9954
4246.9954
4246.9956
4246.9956
4246.9956
4246.9956
4246.9956
4246.9956
4246.9956
4246.9956
4246.9956
4246.9956
4246.9954
4246.9954
4246.9954
4246.9953
4246.9954
4246.9954
4246.9953
4246.9954
4246.9954
4246.9954
4246.9956
4246.9956
4246.9956
4246.9956
4246.9956
4246.9956
4246.9956
4246.9956
4246.9956
4246.9956
4246.9952
4246.9952
4246.9952
4246.9952
4246.9952
4246.9952
4246.9952
4246.9952
4246.9952
4246.9952
4246.9958
4246.9958
4246.9958
4246.9958
4246.9958
4246.9958
4246.9958
4246.9958
4246.9958
4246.9958
4246.995
4246.995
4246.995
4246.995
4246.995
4246.995
4246.995
4246.995
4246.995
4246.995
4246.996
4246.996
4246.996
4246.996
4246.996
4246.996
4246.996
4246.996
4246.996
4246.996
4246.9947
4246.9947
4246.9947
4246.9947
4246.9947
4246.9947
4246.9947
4246.9947
4246.9947
4246.9947
4246.9963
4246.9964
4246.9963
4246.9963
4246.9963
4246.9963
4246.9963
4246.9963
4246.9964
4246.9963
4246.9943
4246.9943
4246.9943
4246.9943
4246.9943
4246.9943
4246.9943
4246.9943
4246.9943
4246.9943
4246.9968
4246.9969
4246.9969
4246.9969
4246.9969
4246.9969
4246.9969
4246.9969
4246.9969
4246.9968
4246.9936
4246.9936
4246.9936
4246.9936
4246.9936
4246.9936
4246.9936
4246.9936
4246.9936
4246.9936
4246.9976
4246.9976
4246.9976
4246.9976
4246.9976
4246.9976
4246.9976
4246.9976
4246.9976
4246.9976
4246.9928
4246.9928
4246.9928
4246.9928
4246.9928
4246.9928
4246.9928
4246.9928
4246.9928
4246.9928
4246.9985
4246.9985
4246.9985
4246.9985
4246.9985
4246.9985
4246.9985
4246.9985
4246.9985
4246.9985
4246.9917
4246.9917
4246.9917
4246.9917
4246.9917
4246.9917
4246.9917
4246.9917
4246.9917
4246.9917
4246.9997
4246.9998
4246.9997
4246.9997
4246.9997
4246.9997
4246.9997
4246.9997
4246.9998
4246.9997
4246.9904
4246.9903
4246.9904
4246.9903
4246.9903
4246.9903
4246.9903
4246.9904
4246.9903
4246.9904
4247.0013
4247.0013
4247.0013
4247.0013
4247.0013
4247.0013
4247.0013
4247.0013
4247.0013
4247.0013
4246.9887
4246.9887
4246.9887
4246.9887
4246.9887
4246.9887
4246.9887
4246.9887
4246.9887
4246.9887
4247.0031
4247.0032
4247.0032
4247.0032
4247.0032
4247.0032
4247.0032
4247.0032
4247.0032
4247.0031
4246.9867
4246.9866
4246.9867
4246.9866
4246.9866
4246.9866
4246.9866
4246.9867
4246.9866
4246.9867
4247.0054
4247.0054
4247.0054
4247.0054
4247.0054
4247.0054
4247.0054
4247.0054
4247.0054
4247.0054
4246.9843
4246.9842
4246.9843
4246.9842
4246.9842
4246.9842
4246.9842
4246.9843
4246.9842
4246.9843
4247.0081
4247.0081
4247.0081
4247.0081
4247.0081
4247.0081
4247.0081
4247.0081
4247.0081
4247.0081
4246.9815
4246.9814
4246.9814
4246.9814
4246.9814
4246.9814
4246.9814
4246.9814
4246.9814
4246.9815
4247.0112
4247.0112
4247.0112
4247.0112
4247.0112
4247.0112
4247.0112
4247.0112
4247.0112
4247.0112
4246.9782
4246.9781
4246.9782
4246.9781
4246.9782
4246.9782
4246.9781
4246.9782
4246.9781
4246.9782
4247.0147
4247.0147
4247.0147
4247.0147
4247.0147
4247.0147
4247.0147
4247.0147
4247.0147
4247.0147
4246.9745
4246.9744
4246.9745
4246.9744
4246.9745
4246.9745
4246.9744
4246.9745
4246.9744
4246.9745
4247.0187
4247.0187
4247.0187
4247.0187
4247.0187
4247.0187
4247.0187
4247.0187
4247.0187
4247.0187
4246.9704
4246.9703
4246.9704
4246.9703
4246.9703
4246.9703
4246.9703
4246.9704
4246.9703
4246.9704
4247.0231
4247.0232
4247.0231
4247.0232
4247.0232
4247.0232
4247.0232
4247.0231
4247.0232
4247.0231
4246.9658
4246.9657
4246.9658
4246.9657
4246.9657
4246.9657
4246.9657
4246.9658
4246.9657
4246.9658
4247.028
4247.0281
4247.028
4247.0281
4247.0281
4247.0281
4247.0281
4247.028
4247.0281
4247.028
4246.9607
4246.9606
4246.9607
4246.9606
4246.9607
4246.9607
4246.9606
4246.9607
4246.9606
4246.9607
4247.0334
4247.0335
4247.0334
4247.0335
4247.0335
4247.0335
4247.0335
4247.0334
4247.0335
4247.0334
4246.9552
4246.9551
4246.9552
4246.9551
4246.9551
4246.9551
4246.9551
4246.9552
4246.9551
4246.9552
4247.0392
4247.0394
4247.0392
4247.0394
4247.0393
4247.0393
4247.0394
4247.0392
4247.0394
4247.0392
4246.9493
4246.9491
4246.9492
4246.9491
4246.9492
4246.9492
4246.9491
4246.9492
4246.9491
4246.9493
4247.0455
4247.0457
4247.0456
4247.0457
4247.0456
4247.0456
4247.0457
4247.0456
4247.0457
4247.0455
4246.9429
4246.9427
4246.9428
4246.9427
4246.9428
4246.9428
4246.9427
4246.9428
4246.9427
4246.9429
4247.0523
4247.0525
4247.0523
4247.0525
4247.0524
4247.0524
4247.0525
4247.0523
4247.0525
4247.0523
4246.9361
4246.9358
4246.936
4246.9359
4246.9359
4246.9359
4246.9359
4246.936
4246.9358
4246.9361
4247.0595
4247.0597
4247.0596
4247.0597
4247.0596
4247.0596
4247.0597
4247.0596
4247.0597
4247.0595
4246.9288
4246.9285
4246.9287
4246.9285
4246.9286
4246.9286
4246.9285
4246.9287
4246.9285
4246.9288
4247.0672
4247.0675
4247.0673
4247.0674
4247.0674
4247.0674
4247.0674
4247.0673
4247.0675
4247.0672
4246.921
4246.9207
4246.9209
4246.9207
4246.9208
4246.9208
4246.9207
4246.9209
4246.9207
4246.921
4247.0752
4247.0758
4247.0753
4247.0755
4247.0757
4247.0757
4247.0755
4247.0753
4247.0758
4247.0752
4246.9129
4246.9123
4246.9128
4246.9126
4246.9124
4246.9124
4246.9126
4246.9128
4246.9123
4246.9129
4247.0847
4247.0839
4247.0848
4247.085
4247.0838
4247.0838
4247.085
4247.0848
4247.0839
4247.0847
4246.9033
4246.9041
4246.9032
4246.903
4246.9043
4246.9043
4246.903
4246.9032
4246.9041
4246.9033
4247.0929
4247.0944
4247.093
4247.0932
4247.0942
4247.0942
4247.0932
4247.093
4247.0944
4247.0929
4246.8951
4246.8935
4246.8949
4246.8947
4246.8937
4246.8937
4246.8947
4246.8949
4246.8935
4246.8951
4247.1037
4247.1033
4247.1039
4247.1041
4247.103
4247.103
4247.1041
4247.1039
4247.1033
4247.1037
4246.8841
4246.8845
4246.8839
4246.8836
4246.8847
4246.8847
4246.8836
4246.8839
4246.8845
4246.8841
4247.1133
4247.1148
4247.1135
4247.1138
4247.1145
4247.1145
4247.1138
4247.1135
4247.1148
4247.1133
4246.8743
4246.8728
4246.8741
4246.8738
4246.8731
4246.8731
4246.8738
4246.8741
4246.8728
4246.8743
4247.1254
4247.1254
4247.1256
4247.1259
4247.1251
4247.1251
4247.1259
4247.1256
4247.1254
4247.1254
4246.8621
4246.862
4246.8619
4246.8615
4246.8624
4246.8624
4246.8615
4246.8619
4246.862
4246.8621
4247.137
4247.1383
4247.1372
4247.1376
4247.1379
4247.1379
4247.1376
4247.1372
4247.1383
4247.137
4246.8503
4246.8489
4246.85
4246.8496
4246.8493
4246.8493
4246.8496
4246.85
4246.8489
4246.8503
4247.1506
4247.1513
4247.1508
4247.1512
4247.1508
4247.1508
4247.1512
4247.1508
4247.1513
4247.1506
4246.8363
4246.8355
4246.836
4246.8356
4246.836
4246.836
4246.8356
4246.836
4246.8355
4246.8363
4246.9957
4246.9957
4246.9957
4246.9957
4246.9957
4246.9957
4246.9957
4246.9957
4246.9957
4246.9957
4246.9957
4246.9957
4246.9957
4246.9958
4246.9957
4246.9957
4246.9958
4246.9957
4246.9957
4246.9957
4246.9957
4246.9957
4246.9957
4246.9957
4246.9957
4246.9957
4246.9957
4246.9957
4246.9957
4246.9957
4246.9957
4246.9957
4246.9957
4246.9957
4246.9957
4246.9957
4246.9957
4246.9957
4246.9957
4246.9957
4246.9957
4246.9957
4246.9957
4246.9957
4246.9957
4246.9957
4246.9957
4246.9957
4246.9957
4246.9957
4246.9957
4246.9957
4246.9957
4246.9957
4246.9957
4246.9957
4246.9957
4246.9957
4246.9957
4246.9957
4246.9957
4246.9957
4246.9957
4246.9957
4246.9957
4246.9957
4246.9957
4246.9957
4246.9957
4246.9957
4246.9957
4246.9957
4246.9957
4246.9957
4246.9957
4246.9957
4246.9957
4246.9957
4246.9957
4246.9957
4246.9957
4246.9957
4246.9957
4246.9957
4246.9957
4246.9957
4246.9957
4246.9957
4246.9957
4246.9957
4246.9957
4246.9957
4246.9957
4246.9957
4246.9957
4246.9957
4246.9957
4246.9957
4246.9957
4246.9957
4246.9957
4246.9957
4246.9957
4246.9957
4246.9957
4246.9957
4246.9957
4246.9957
4246.9957
4246.9957
4246.9957
4246.9957
4246.9957
4246.9957
4246.9957
4246.9957
4246.9957
4246.9957
4246.9957
4246.9957
4246.9957
4246.9957
4246.9957
4246.9957
4246.9957
4246.9957
4246.9957
4246.9957
4246.9957
4246.9957
4246.9957
4246.9957
4246.9957
4246.9957
4246.9957
4246.9957
4246.9957
4246.9957
4246.9957
4246.9957
4246.9956
4246.9956
4246.9956
4246.9957
4246.9956
4246.9956
4246.9957
4246.9956
4246.9956
4246.9956
4246.9956
4246.9956
4246.9956
4246.9956
4246.9956
4246.9956
4246.9956
4246.9956
4246.9956
4246.9956
4246.9956
4246.9956
4246.9956
4246.9956
4246.9956
4246.9956
4246.9956
4246.9956
4246.9956
4246.9956
4246.9956
4246.9956
4246.9956
4246.9956
4246.9956
4246.9956
4246.9956
4246.9956
4246.9956
4246.9956
4246.9956
4246.9956
4246.9956
4246.9956
4246.9956
4246.9956
4246.9956
4246.9956
4246.9956
4246.9956
4246.9956
4246.9956
4246.9956
4246.9956
4246.9956
4246.9956
4246.9956
4246.9956
4246.9956
4246.9956
4246.9956
4246.9956
4246.9956
4246.9956
4246.9956
4246.9956
4246.9956
4246.9956
4246.9956
4246.9956
4246.9956
4246.9956
4246.9956
4246.9956
4246.9956
4246.9956
4246.9956
4246.9956
4246.9956
4246.9956
4246.9956
4246.9956
4246.9956
4246.9956
4246.9956
4246.9956
4246.9956
4246.9956
4246.9956
4246.9956
4246.9956
4246.9956
4246.9956
4246.9956
4246.9956
4246.9956
4246.9956
4246.9956
4246.9956
4246.9956
4246.9956
4246.9956
4246.9956
4246.9956
4246.9956
4246.9956
4246.9956
4246.9956
4246.9956
4246.9956
4246.9956
4246.9956
4246.9956
4246.9956
4246.9956
4246.9956
4246.9956
4246.9956
4246.9956
4246.9956
4246.9956
4246.9956
4246.9956
4246.9956
4246.9956
4246.9956
4246.9956
4246.9956
4246.9956
4246.9956
4246.9956
4246.9956
4246.9956
4246.9956
4246.9956
4246.9956
4246.9956
4246.9956
4246.9956
4246.9956
4246.9956
4246.9955
4246.9956
4246.9956
4246.9956
4246.9956
4246.9956
4246.9956
4246.9955
4246.9956
4246.9955
4246.9955
4246.9955
4246.9955
4246.9955
4246.9955
4246.9955
4246.9955
4246.9955
4246.9955
4246.9955
4246.9955
4246.9955
4246.9955
4246.9955
4246.9955
4246.9955
4246.9955
4246.9955
4246.9955
4246.9955
4246.9955
4246.9955
4246.9955
4246.9955
4246.9955
4246.9955
4246.9955
4246.9955
4246.9955
4246.9955
4246.9955
4246.9955
4246.9955
4246.9955
4246.9955
4246.9955
4246.9955
4246.9955
4246.9955
4246.9955
4246.9955
4246.9955
4246.9955
4246.9955
4246.9955
4246.9955
4246.9955
4246.9955
4246.9955
4246.9955
4246.9955
4246.9955
4246.9955
4246.9955
4246.9955
4246.9955
4246.9955
4246.9955
4246.9955
4246.9954
4246.9954
4246.9954
4246.9954
4246.9954
4246.9954
4246.9954
4246.9954
4246.9954
4246.9954
4246.9956
4246.9956
4246.9956
4246.9956
4246.9956
4246.9956
4246.9956
4246.9956
4246.9956
4246.9956
4246.9954
4246.9954
4246.9954
4246.9953
4246.9954
4246.9954
4246.9953
4246.9954
4246.9954
4246.9954
4246.9956
4246.9956
4246.9956
4246.9956
4246.9956
4246.9956
4246.9956
4246.9956
4246.9956
4246.9956
4246.9952
4246.9952
4246.9952
4246.9952
4246.9952
4246.9952
4246.9952
4246.9952
4246.9952
4246.9952
4246.9958
4246.9958
4246.9958
4246.9958
4246.9958
4246.9958
4246.9958
4246.9958
4246.9958
4246.9958
4246.995
4246.995
4246.995
4246.995
4246.995
4246.995
4246.995
4246.995
4246.995
4246.995
4246.996
4246.996
4246.996
4246.996
4246.996
4246.996
4246.996
4246.996
4246.996
4246.996
4246.9947
4246.9947
4246.9947
4246.9947
4246.9947
4246.9947
4246.9947
4246.9947
4246.9947
4246.9947
4246.9963
4246.9964
4246.9963
4246.9963
4246.9963
4246.9963
4246.9963
4246.9963
4246.9964
4246.9963
4246.9943
4246.9943
4246.9943
4246.9943
4246.9943
4246.9943
4246.9943
4246.9943
4246.9943
4246.9943
4246.9968
4246.9969
4246.9969
4246.9969
4246.9969
4246.9969
4246.9969
4246.9969
4246.9969
4246.9968
4246.9936
4246.9936
4246.9936
4246.9936
4246.9936
4246.9936
4246.9936
4246.9936
4246.9936
4246.9936
4246.9976
4246.9976
4246.9976
4246.9976
4246.9976
4246.9976
4246.9976
4246.9976
4246.9976
4246.9976
4246.9928
4246.9928
4246.9928
4246.9928
4246.9928
4246.9928
4246.9928
4246.9928
4246.9928
4246.9928
4246.9985
4246.9985
4246.9985
4246.9985
4246.9985
4246.9985
4246.9985
4246.9985
4246.9985
4246.9985
4246.9917
4246.9917
4246.9917
4246.9917
4246.9917
4246.9917
4246.9917
4246.9917
4246.9917
4246.9917
4246.9997
4246.9998
4246.9997
4246.9997
4246.9997
4246.9997
4246.9997
4246.9997
4246.9998
4246.9997
4246.9904
4246.9903
4246.9904
4246.9903
4246.9903
4246.9903
4246.9903
4246.9904
4246.9903
4246.9904
4247.0013
4247.0013
4247.0013
4247.0013
4247.0013
4247.0013
4247.0013
4247.0013
4247.0013
4247.0013
4246.9887
4246.9887
4246.9887
4246.9887
4246.9887
4246.9887
4246.9887
4246.9887
4246.9887
4246.9887
4247.0031
4247.0032
4247.0032
4247.0032
4247.0032
4247.0032
4247.0032
4247.0032
4247.0032
4247.0031
4246.9867
4246.9866
4246.9867
4246.9866
4246.9866
4246.9866
4246.9866
4246.9867
4246.9866
4246.9867
4247.0054
4247.0054
4247.0054
4247.0054
4247.0054
4247.0054
4247.0054
4247.0054
4247.0054
4247.0054
4246.9843
4246.9842
4246.9843
4246.9842
4246.9842
4246.9842
4246.9842
4246.9843
4246.9842
4246.9843
4247.0081
4247.0081
4247.0081
4247.0081
4247.0081
4247.0081
4247.0081
4247.0081
4247.0081
4247.0081
4246.9815
4246.9814
4246.9814
4246.9814
4246.9814
4246.9814
4246.9814
4246.9814
4246.9814
4246.9815
4247.0112
4247.0112
4247.0112
4247.0112
4247.0112
4247.0112
4247.0112
4247.0112
4247.0112
4247.0112
4246.9782
4246.9781
4246.9782
4246.9781
4246.9782
4246.9782
4246.9781
4246.9782
4246.9781
4246.9782
4247.0147
4247.0147
4247.0147
4247.0147
4247.0147
4247.0147
4247.0147
4247.0147
4247.0147
4247.0147
4246.9745
4246.9744
4246.9745
4246.9744
4246.9745
4246.9745
4246.9744
4246.9745
4246.9744
4246.9745
4247.0187
4247.0187
4247.0187
4247.0187
4247.0187
4247.0187
4247.0187
4247.0187
4247.0187
4247.0187
4246.9704
4246.9703
4246.9704
4246.9703
4246.9703
4246.9703
4246.9703
4246.9704
4246.9703
4246.9704
4247.0231
4247.0232
4247.0231
4247.0232
4247.0232
4247.0232
4247.0232
4247.0231
4247.0232
4247.0231
4246.9658
4246.9657
4246.9658
4246.9657
4246.9657
4246.9657
4246.9657
4246.9658
4246.9657
4246.9658
4247.028
4247.0281
4247.028
4247.0281
4247.0281
4247.0281
4247.0281
4247.028
4247.0281
4247.028
4246.9607
4246.9606
4246.9607
4246.9606
4246.9607
4246.9607
4246.9606
4246.9607
4246.9606
4246.9607
4247.0334
4247.0335
4247.0334
4247.0335
4247.0335
4247.0335
4247.0335
4247.0334
4247.0335
4247.0334
4246.9552
4246.9551
4246.9552
4246.9551
4246.9551
4246.9551
4246.9551
4246.9552
4246.9551
4246.9552
4247.0392
4247.0394
4247.0392
4247.0394
4247.0393
4247.0393
4247.0394
4247.0392
4247.0394
4247.0392
4246.9493
4246.9491
4246.9492
4246.9491
4246.9492
4246.9492
4246.9491
4246.9492
4246.9491
4246.9493
4247.0455
4247.0457
4247.0456
4247.0457
4247.0456
4247.0456
4247.0457
4247.0456
4247.0457
4247.0455
4246.9429
4246.9427
4246.9428
4246.9427
4246.9428
4246.9428
4246.9427
4246.9428
4246.9427
4246.9429
4247.0523
4247.0525
4247.0523
4247.0525
4247.0524
4247.0524
4247.0525
4247.0523
4247.0525
4247.0523
4246.9361
4246.9358
4246.936
4246.9359
4246.9359
4246.9359
4246.9359
4246.936
4246.9358
4246.9361
4247.0595
4247.0597
4247.0596
4247.0597
4247.0596
4247.0596
4247.0597
4247.0596
4247.0597
4247.0595
4246.9288
4246.9285
4246.9287
4246.9285
4246.9286
4246.9286
4246.9285
4246.9287
4246.9285
4246.9288
4247.0672
4247.0675
4247.0673
4247.0674
4247.0674
4247.0674
4247.0674
4247.0673
4247.0675
4247.0672
4246.921
4246.9207
4246.9209
4246.9207
4246.9208
4246.9208
4246.9207
4246.9209
4246.9207
4246.921
4247.0752
4247.0755
4247.0753
4247.0755
4247.0757
4247.0754
4247.0755
4247.0753
4247.0758
4247.0752
4246.9129
4246.9126
4246.9128
4246.9126
4246.9124
4246.9127
4246.9126
4246.9128
4246.9123
4246.9129
4247.0847
4247.0851
4247.0848
4247.085
4247.0838
4247.0849
4247.085
4247.0848
4247.0839
4247.0847
4246.9033
4246.9029
4246.9032
4246.903
4246.9043
4246.9031
4246.903
4246.9032
4246.9041
4246.9033
4247.0929
4247.0933
4247.093
4247.0932
4247.0942
4247.0931
4247.0932
4247.093
4247.0944
4247.0929
4246.8951
4246.8946
4246.8949
4246.8947
4246.8937
4246.8948
4246.8947
4246.8949
4246.8935
4246.8951
4247.1037
4247.1043
4247.1039
4247.1041
4247.103
4247.104
4247.1041
4247.1039
4247.1033
4247.1037
4246.8841
4246.8835
4246.8839
4246.8836
4246.8847
4246.8838
4246.8836
4246.8839
4246.8845
4246.8841
4247.1133
4247.1139
4247.1135
4247.1138
4247.1145
4247.1137
4247.1138
4247.1135
4247.1148
4247.1133
4246.8743
4246.8737
4246.8741
4246.8738
4246.8731
4246.874
4246.8738
4246.8741
4246.8728
4246.8743
4247.1254
4247.1261
4247.1256
4247.1259
4247.1251
4247.1257
4247.1259
4247.1256
4247.1254
4247.1254
4246.8621
4246.8614
4246.8619
4246.8615
4246.8624
4246.8617
4246.8615
4246.8619
4246.862
4246.8621
4247.137
4247.1378
4247.1372
4247.1376
4247.1379
4247.1374
4247.1376
4247.1372
4247.1383
4247.137
4246.8503
4246.8494
4246.85
4246.8496
4246.8493
4246.8498
4246.8496
4246.85
4246.8489
4246.8503
4247.1506
4247.1515
4247.1508
4247.1512
4247.1508
4247.151
4247.1512
4247.1508
4247.1513
4247.1506
4246.8363
4246.8353
4246.836
4246.8356
4246.836
4246.8358
4246.8356
4246.836
4246.8355
4246.8363
)
;

boundaryField
{
    left
    {
        type            zeroGradient;
    }
    right
    {
        type            zeroGradient;
    }
    walls
    {
        type            zeroGradient;
    }
    centreline
    {
        type            fixedValue;
        value           uniform 4247;
    }
    frontAndBack
    {
        type            zeroGradient;
    }
}


// ************************************************************************* //
