/*--------------------------------*- C++ -*----------------------------------*\
  =========                 |
  \\      /  F ield         | OpenFOAM: The Open Source CFD Toolbox
   \\    /   O peration     | Website:  https://openfoam.org
    \\  /    A nd           | Version:  8
     \\/     M anipulation  |
\*---------------------------------------------------------------------------*/
FoamFile
{
    version     2.0;
    format      ascii;
    class       surfaceScalarField;
    location    "0.4";
    object      phi;
}
// * * * * * * * * * * * * * * * * * * * * * * * * * * * * * * * * * * * * * //

dimensions      [1 0 -1 0 0 0 0];

internalField   nonuniform List<scalar> 
4780
(
-1.1965138e-08
-0.00027352324
-1.3935731e-13
-1.8059871e-09
-0.0002735434
-1.2746705e-13
-6.7182754e-11
-0.00027353625
3.7364901e-13
-2.9163087e-10
-0.00027353501
2.263775e-13
-2.3138771e-12
-0.00027353542
-2.8287829e-13
2.9302745e-10
-0.00027353543
2.7220401e-13
8.0421289e-11
-0.00027353501
9.939545e-13
1.8201616e-09
-0.00027353625
3.4458724e-13
1.1975566e-08
-0.0002735434
-1.9596941e-13
-0.00027352324
-3.763002e-14
-1.604195e-08
-0.0003294108
-1.4457618e-13
-3.5748989e-09
-0.0003294578
-1.2149762e-13
-3.4537694e-10
-0.00032944257
3.0879424e-13
-6.1249846e-10
-0.00032943851
1.8938489e-13
-1.790391e-12
-0.00032943971
-2.2744399e-13
6.1434651e-10
-0.00032943973
2.7179658e-13
3.5503369e-10
-0.00032943849
8.2118812e-13
3.5884369e-09
-0.00032944257
2.8676379e-13
1.6051348e-08
-0.0003294578
-1.7626712e-13
-0.0003294108
-3.2346109e-14
-8.9407549e-09
-0.00033510254
-1.4507443e-13
-4.1436627e-09
-0.00033516158
-1.2308551e-13
-4.6094726e-10
-0.00033514641
3.0810199e-13
-7.2371089e-10
-0.00033513906
1.8869438e-13
-1.8278274e-12
-0.00033514116
-2.3502282e-13
7.2563898e-10
-0.00033514119
2.7637515e-13
4.7056277e-10
-0.00033513903
8.3857918e-13
4.157328e-09
-0.00033514642
2.8775901e-13
8.950294e-09
-0.00033516158
-1.7794727e-13
-0.00033510253
-3.230471e-14
-6.2403339e-09
-0.00033537442
-1.4693734e-13
-4.297458e-09
-0.00033543994
-1.2464954e-13
-5.0273076e-10
-0.00033542784
3.0748398e-13
-7.6343623e-10
-0.00033541703
1.8849543e-13
-1.8359078e-12
-0.0003354201
-2.4146127e-13
7.6546905e-10
-0.00033542014
2.8536776e-13
5.1250763e-10
-0.00033541699
8.5420404e-13
4.3113267e-09
-0.00033542785
2.8873142e-13
6.2500578e-09
-0.00033543994
-1.7973977e-13
-0.00033537441
-3.2498916e-14
-5.1234619e-09
-0.00033526295
-1.5147534e-13
-4.3281555e-09
-0.00033533262
-1.2430318e-13
-5.1351198e-10
-0.00033532482
3.0830282e-13
-7.8113875e-10
-0.00033531046
1.8808392e-13
-1.8501598e-12
-0.00033531456
-2.4546573e-13
7.8323953e-10
-0.0003353146
2.9898354e-13
5.2345193e-10
-0.00033531042
8.6242986e-13
4.3422239e-09
-0.00033532483
2.9032566e-13
5.1333572e-09
-0.00033533263
-1.8132557e-13
-0.00033526295
-3.3003734e-14
-5.0319397e-09
-0.00033512979
-1.5841209e-13
-4.3250185e-09
-0.00033520336
-1.2249765e-13
-5.177242e-10
-0.00033519999
3.0940591e-13
-7.9342879e-10
-0.00033518202
1.8668685e-13
-1.8698764e-12
-0.00033518719
-2.4911437e-13
7.95575e-10
-0.00033518724
3.1626378e-13
5.2780938e-10
-0.00033518196
8.6561255e-13
4.3392805e-09
-0.00033520001
2.927268e-13
5.0419905e-09
-0.00033520337
-1.8277799e-13
-0.00033512979
-3.3675945e-14
-4.759472e-09
-0.00033499437
-1.6686758e-13
-4.3162518e-09
-0.00033507122
-1.1999993e-13
-5.1758307e-10
-0.00033507262
3.1121948e-13
-8.0459993e-10
-0.00033505092
1.8533642e-13
-1.8911507e-12
-0.00033505725
-2.517886e-13
8.0678331e-10
-0.0003350573
3.3775898e-13
5.278077e-10
-0.00033505086
8.6520348e-13
4.3307043e-09
-0.00033507265
2.950036e-13
4.7696827e-09
-0.00033507123
-1.8429486e-13
-0.00033499436
-3.4626434e-14
-4.8041269e-09
-0.00033485705
-1.7653976e-13
-4.3054898e-09
-0.0003349372
-1.1666871e-13
-5.1805578e-10
-0.00033494339
3.1168603e-13
-8.1567661e-10
-0.00033491784
1.8307742e-13
-1.9121169e-12
-0.00033492539
-2.5451404e-13
8.1789504e-10
-0.00033492545
3.623462e-13
5.2841488e-10
-0.00033491777
8.6193111e-13
4.3201323e-09
-0.00033494341
2.9711896e-13
4.8144963e-09
-0.00033493721
-1.8537496e-13
-0.00033485704
-3.5556641e-14
-4.602692e-09
-0.00033471818
-1.8768051e-13
-4.2945443e-09
-0.00033480113
-1.1251158e-13
-5.1622172e-10
-0.00033481238
3.1246399e-13
-8.2678683e-10
-0.00033478286
1.8057418e-13
-1.9316603e-12
-0.00033479171
-2.5654095e-13
8.2904054e-10
-0.00033479177
3.9076778e-13
5.2671518e-10
-0.00033478278
8.5629684e-13
4.3093772e-09
-0.00033481241
2.9857165e-13
4.6132285e-09
-0.00033480114
-1.8663452e-13
-0.00033471817
-3.6378532e-14
-4.6110872e-09
-0.00033457745
-1.9963221e-13
-4.2837048e-09
-0.00033466314
-1.078189e-13
-5.1495132e-10
-0.00033467951
3.1206822e-13
-8.3800781e-10
-0.00033464587
1.7595016e-13
-1.9494515e-12
-0.00033465611
-2.5986978e-13
8.40297e-10
-0.00033465618
4.2187568e-13
5.2557508e-10
-0.00033464578
8.4707493e-13
4.2987292e-09
-0.00033467955
3.0043702e-13
4.6217924e-09
-0.00033466316
-1.8679535e-13
-0.00033457744
-3.7541408e-14
-4.4320581e-09
-0.0003344351
-2.1303764e-13
-4.2722634e-09
-0.00033452309
-1.0242344e-13
-5.1159739e-10
-0.00033454484
3.1132458e-13
-8.4930832e-10
-0.0003345069
1.7147453e-13
-1.9646657e-12
-0.00033451863
-2.6214497e-13
8.5163379e-10
-0.0003345187
4.5623046e-13
5.2234947e-10
-0.0003345068
8.354845e-13
4.2874798e-09
-0.00033454488
3.0139046e-13
4.4429396e-09
-0.00033452311
-1.8704794e-13
-0.00033443509
-3.7945368e-14
-4.4060447e-09
-0.0003342909
-2.2712839e-13
-4.2614962e-09
-0.00033438107
-9.6223201e-14
-5.084613e-10
-0.0003344083
3.0969752e-13
-8.6072612e-10
-0.00033436587
1.6514413e-13
-1.9773152e-12
-0.0003343792
-2.6512287e-13
8.6308815e-10
-0.00033437926
4.9386007e-13
5.1933652e-10
-0.00033436576
8.210948e-13
4.2769061e-09
-0.00033440834
3.0172689e-13
4.4171052e-09
-0.00033438109
-1.868737e-13
-0.00033429089
-3.8826786e-14
-4.2400787e-09
-0.00033414503
-2.4239658e-13
-4.2498027e-09
-0.00033423697
-8.9764312e-14
-5.0333431e-10
-0.00033426991
3.0731938e-13
-8.7223322e-10
-0.0003342228
1.5990812e-13
-1.9864517e-12
-0.00033423783
-2.6673763e-13
8.7463234e-10
-0.00033423789
5.3405607e-13
5.1432853e-10
-0.00033422269
8.0393903e-13
4.2654065e-09
-0.00033426996
3.0166266e-13
4.2513251e-09
-0.000334237
-1.8710798e-13
-0.00033414502
-4.0054416e-14
-4.1855824e-09
-0.0003339973
-2.5784569e-13
-4.2390603e-09
-0.00033409086
-8.2638643e-14
-4.9809026e-10
-0.00033412963
3.040795e-13
-8.8385846e-10
-0.00033407764
1.5166906e-13
-1.9918529e-12
-0.00033409447
-2.6989835e-13
8.862947e-10
-0.00033409452
5.7633853e-13
5.0919645e-10
-0.00033407752
7.8351401e-13
4.2548588e-09
-0.00033412968
3.0149104e-13
4.1970182e-09
-0.00033409089
-1.8686242e-13
-0.0003339973
-4.1441391e-14
-4.0263724e-09
-0.00033384785
-2.7478889e-13
-4.2272365e-09
-0.00033394266
-7.5351783e-14
-4.9088184e-10
-0.00033398747
3.0078994e-13
-8.9557787e-10
-0.0003339304
1.4374797e-13
-1.9925501e-12
-0.00033394914
-2.7252268e-13
8.9805123e-10
-0.00033394918
6.1961742e-13
5.020936e-10
-0.00033393027
7.6044699e-13
4.24323e-09
-0.00033398752
3.006087e-13
4.0380037e-09
-0.0003339427
-1.8592221e-13
-0.00033384784
-4.215517e-14
-3.9476914e-09
-0.00033369654
-2.9097368e-13
-4.2164498e-09
-0.00033379244
-6.7588343e-14
-4.8322156e-10
-0.00033384339
2.9586599e-13
-9.0741377e-10
-0.00033378104
1.356078e-13
-1.9880767e-12
-0.00033380179
-2.7393019e-13
9.0992338e-10
-0.00033380183
6.642479e-13
4.9453025e-10
-0.00033378091
7.3538221e-13
4.2326393e-09
-0.00033384345
2.9905181e-13
3.9595217e-09
-0.00033379249
-1.8492331e-13
-0.00033369654
-4.3091568e-14
-3.790469e-09
-0.00033354345
-3.0809344e-13
-4.2045232e-09
-0.00033364015
-6.0760902e-14
-4.735593e-10
-0.00033369742
2.8784461e-13
-9.1934461e-10
-0.00033362957
1.2362622e-13
-1.9777915e-12
-0.00033365245
-2.7710756e-13
9.2188929e-10
-0.00033365247
7.065205e-13
4.8495552e-10
-0.00033362944
7.0639615e-13
4.2209088e-09
-0.00033369748
2.9717848e-13
3.802504e-09
-0.0003336402
-1.8310706e-13
-0.00033354345
-4.3356911e-14
-3.6905854e-09
-0.0003333885
-3.241695e-13
-4.1935804e-09
-0.00033348584
-5.2737386e-14
-4.6308757e-10
-0.00033354951
2.8115445e-13
-9.3138652e-10
-0.00033347599
1.1073641e-13
-1.96078e-12
-0.00033350108
-2.7813718e-13
9.3396537e-10
-0.00033350108
7.5008993e-13
4.7455935e-10
-0.00033347585
6.7651214e-13
4.2101623e-09
-0.00033354957
2.9382713e-13
3.7028292e-09
-0.0003334859
-1.8117149e-13
-0.00033338851
-4.3458983e-14
-3.5317675e-09
-0.00033323175
-3.4108018e-13
-4.1814931e-09
-0.0003333295
-4.5983169e-14
-4.5050209e-10
-0.00033339968
2.7184621e-13
-9.4352349e-10
-0.00033332031
9.5232698e-14
-1.9366004e-12
-0.0003333477
-2.8103717e-13
9.4613465e-10
-0.00033334769
7.9069428e-13
4.6203676e-10
-0.00033332017
6.4311404e-13
4.1982716e-09
-0.00033339975
2.9001089e-13
3.5442258e-09
-0.00033332957
-1.7881616e-13
-0.00033323176
-4.3519291e-14
-3.4127108e-09
-0.00033307313
-3.5700395e-13
-4.1702303e-09
-0.00033317118
-3.97167e-14
-4.366789e-10
-0.00033324791
2.6270771e-13
-9.5576513e-10
-0.00033316255
8.7905487e-14
-1.9040483e-12
-0.00033319232
-2.7956842e-13
9.5840704e-10
-0.00033319229
8.3090695e-13
4.4826119e-10
-0.0003331624
6.1049662e-13
4.1872055e-09
-0.00033324798
2.848051e-13
3.4253885e-09
-0.00033317126
-1.7617578e-13
-0.00033307314
-4.2353535e-14
-3.2501017e-09
-0.00033291269
-3.7174474e-13
-4.1578223e-09
-0.00033301091
-3.4118523e-14
-4.2050584e-10
-0.00033309424
2.4978194e-13
-9.6810646e-10
-0.00033300274
7.8263219e-14
-1.862743e-12
-0.00033303496
-2.80985e-13
9.7077709e-10
-0.00033303491
8.6428298e-13
4.3211839e-10
-0.0003330026
5.7416993e-13
4.174991e-09
-0.00033309431
2.7800243e-13
3.2630044e-09
-0.00033301099
-1.7271368e-13
-0.00033291272
-4.1355851e-14
-3.113636e-09
-0.00033275041
-3.8609124e-13
-4.1457936e-09
-0.00033284871
-3.0148732e-14
-4.0245721e-10
-0.00033293864
2.3551201e-13
-9.8055055e-10
-0.0003328409
7.1571304e-14
-1.8120389e-12
-0.00033287563
-2.7938228e-13
9.8324746e-10
-0.00033287556
8.8966661e-13
4.1407902e-10
-0.00033284076
5.3811765e-13
4.163144e-09
-0.00033293872
2.7114134e-13
3.1267661e-09
-0.00033284881
-1.6982338e-13
-0.00033275043
-4.0285557e-14
-2.946727e-09
-0.00033258634
-3.9847142e-13
-4.1321522e-09
-0.00033268467
-2.6643161e-14
-3.8155348e-10
-0.00033278118
2.1889775e-13
-9.9312037e-10
-0.00033267712
6.4480626e-14
-1.7509987e-12
-0.0003327144
-2.7799322e-13
9.9584193e-10
-0.00033271431
9.0206366e-13
3.9317728e-10
-0.00033267698
4.9992075e-13
4.1496746e-09
-0.00033278126
2.6141743e-13
2.9600848e-09
-0.00033268477
-1.6548148e-13
-0.00033258637
-3.7545091e-14
-2.7936594e-09
-0.00033242044
-4.0977216e-13
-4.1179393e-09
-0.00033251881
-2.4673698e-14
-3.5856764e-10
-0.00033262183
2.0118079e-13
-1.005801e-09
-0.0003325114
5.9179213e-14
-1.679144e-12
-0.00033255127
-2.7491117e-13
1.0085445e-09
-0.00033255115
8.9917592e-13
3.7023873e-10
-0.00033251126
4.594355e-13
4.1356272e-09
-0.00033262191
2.4972317e-13
2.807244e-09
-0.00033251892
-1.6140322e-13
-0.00033242049
-3.5300542e-14
-2.623555e-09
-0.00033225285
-4.1858393e-13
-4.101646e-09
-0.00033235125
-2.4488167e-14
-3.3465459e-10
-0.0003324607
1.8020441e-13
-1.0186699e-09
-0.00033234388
5.3939868e-14
-1.5958586e-12
-0.00033238636
-2.7029304e-13
1.02143e-09
-0.00033238622
8.7935231e-13
3.4637895e-10
-0.00033234375
4.1853156e-13
4.1194936e-09
-0.00033246078
2.3597623e-13
2.6373629e-09
-0.00033235138
-1.5613244e-13
-0.0003322529
-3.0183978e-14
-2.4527157e-09
-0.00033208349
-4.2582873e-13
-4.0837594e-09
-0.00033218199
-2.5923996e-14
-3.1039864e-10
-0.00033229774
1.5592374e-13
-1.0314567e-09
-0.00033217456
4.791803e-14
-1.5014678e-12
-0.00033221964
-2.6542738e-13
1.0342037e-09
-0.00033221947
8.3750305e-13
3.2213164e-10
-0.00033217442
3.7471586e-13
4.1017643e-09
-0.00033229782
2.2028727e-13
2.4667416e-09
-0.00033218212
-1.503657e-13
-0.00033208355
-2.5804033e-14
-2.2832779e-09
-0.00033191258
-4.3112074e-13
-4.0635662e-09
-0.00033201126
-3.0024085e-14
-2.8690793e-10
-0.00033213314
1.3214068e-13
-1.0440083e-09
-0.00033200367
4.3876998e-14
-1.3952724e-12
-0.00033205133
-2.5686487e-13
1.0467262e-09
-0.00033205115
7.7411102e-13
2.9859695e-10
-0.00033200354
3.2994164e-13
4.0817247e-09
-0.00033213322
2.0275327e-13
2.2975144e-09
-0.0003320114
-1.4537852e-13
-0.00033191266
-2.0398941e-14
-2.0892543e-09
-0.00033174
-4.3323501e-13
-4.0406037e-09
-0.00033183891
-3.6397025e-14
-2.6217771e-10
-0.00033196675
1.0256541e-13
-1.0557535e-09
-0.00033183109
3.8747911e-14
-1.2852822e-12
-0.00033188132
-2.4927789e-13
1.0584239e-09
-0.00033188111
6.8361681e-13
2.7377565e-10
-0.00033183097
2.8159339e-13
4.0589172e-09
-0.00033196683
1.8329028e-13
2.1036917e-09
-0.00033183906
-1.3822271e-13
-0.00033174009
-1.2985068e-14
-1.930155e-09
-0.00033156613
-4.3336412e-13
-4.0157034e-09
-0.00033166544
-4.6508977e-14
-2.3858301e-10
-0.00033179899
7.8647853e-14
-1.0669699e-09
-0.0003316573
3.394491e-14
-1.1719179e-12
-0.00033171002
-2.3796148e-13
1.0696007e-09
-0.0003317098
5.6453276e-13
2.5008331e-10
-0.00033165718
2.3061581e-13
4.0341691e-09
-0.00033179908
1.6144164e-13
1.9447868e-09
-0.00033166559
-1.3108737e-13
-0.00033156623
-4.510033e-15
-1.6983782e-09
-0.00033139067
-4.3171502e-13
-3.9862561e-09
-0.00033149036
-6.1442738e-14
-2.1099079e-10
-0.00033162946
5.9438331e-14
-1.0766042e-09
-0.00033148192
2.9544348e-14
-1.0640922e-12
-0.00033153707
-2.2586781e-13
1.0791828e-09
-0.00033153683
4.1053926e-13
2.2235578e-10
-0.0003314818
1.7500282e-13
4.0048779e-09
-0.00033162954
1.395642e-13
1.7131856e-09
-0.00033149052
-1.2180596e-13
-0.00033139079
3.6111081e-15
-1.5718531e-09
-0.00033121438
-4.2675157e-13
-3.95652e-09
-0.00033131465
-8.0054288e-14
-1.8692944e-10
-0.000331459
3.884515e-14
-1.0860967e-09
-0.00033130582
2.2634187e-14
-9.5534617e-13
-0.00033136332
-2.1178356e-13
1.0886572e-09
-0.00033136307
2.1467857e-13
1.9817523e-10
-0.00033130571
1.1526585e-13
3.9752916e-09
-0.00033145909
1.1710862e-13
1.5868431e-09
-0.00033131482
-1.1003556e-13
-0.00033121451
1.045952e-14
-1.2684809e-09
-0.0003310365
-4.2068613e-13
-3.9187603e-09
-0.00033113715
-1.0512054e-13
-1.5395731e-10
-0.00033128667
2.3513511e-14
-1.0927004e-09
-0.00033112807
1.5953068e-14
-8.5645524e-13
-0.00033118783
-1.9262784e-13
1.0952178e-09
-0.00033118756
-3.3595488e-14
1.6499118e-10
-0.00033112797
4.5813841e-14
3.9376902e-09
-0.00033128676
9.4126024e-14
1.2836011e-09
-0.00033113733
-9.8930629e-14
-0.00033103664
1.8633271e-14
-1.223627e-09
-0.00033085852
-4.1299085e-13
-3.8851355e-09
-0.00033095983
-1.3490282e-13
-1.3161151e-10
-0.00033111417
7.0438095e-15
-1.1008747e-09
-0.00033095042
-1.1889399e-15
-7.5013504e-13
-0.00033101233
-1.718078e-13
1.1034141e-09
-0.00033101205
-2.7230954e-13
1.4249778e-10
-0.00033095031
-1.3281876e-14
3.9042072e-09
-0.00033111426
7.0584373e-14
1.2389397e-09
-0.00033096002
-8.5275928e-14
-0.00033085867
2.6869674e-14
-7.7618495e-10
-0.00033067875
-4.031609e-13
-3.8361505e-09
-0.00033078013
-1.7288546e-13
-8.9659907e-11
-0.0003309394
-4.5030608e-15
-1.1029733e-09
-0.00033077072
-1.8807793e-14
-6.5913211e-13
-0.0003308347
-1.59352e-13
1.1054735e-09
-0.00033083442
-5.4592024e-13
1.0011918e-10
-0.00033077062
-6.0259601e-14
3.8553821e-09
-0.00033093949
4.7553532e-14
7.9151039e-10
-0.00033078032
-6.6375612e-14
-0.00033067892
3.8704511e-14
-9.1584607e-10
-0.00033050001
-3.8662371e-13
-3.8012151e-09
-0.00033060196
-2.2373112e-13
-7.4808808e-11
-0.00033076571
-1.0885957e-14
-1.111249e-09
-0.00033059241
-4.3868149e-14
-5.4881016e-13
-0.00033065835
-1.522422e-13
1.1138364e-09
-0.00033065807
-8.6657979e-13
8.5121035e-11
-0.00033059231
-1.3007164e-13
3.8205688e-09
-0.00033076581
2.5078483e-14
9.3146504e-10
-0.00033060215
-4.7371513e-14
-0.00033050019
5.0541582e-14
-1.8311456e-10
-0.00033031879
-3.5492116e-13
-3.7350459e-09
-0.00033041999
-2.9166653e-13
-1.9393452e-11
-0.00033058873
-6.6232513e-15
-1.1059892e-09
-0.00033041104
-6.6044374e-14
-4.6577814e-13
-0.00033047887
-1.4839902e-13
1.1085412e-09
-0.00033047859
-1.2203136e-12
2.8097002e-11
-0.00033041095
-2.0961547e-13
3.7545649e-09
-0.00033058883
2.2289024e-14
1.9803775e-10
-0.00033042019
-1.8823379e-14
-0.00033031899
6.7370249e-14
-7.0595432e-10
-0.0003301403
-3.1271955e-13
-3.7045364e-09
-0.00033024189
-3.5310603e-13
-2.2461064e-11
-0.00033041486
6.3051827e-16
-1.1182586e-09
-0.00033023317
-1.2145918e-13
-3.4708813e-13
-0.00033030276
-1.4810334e-13
1.1209816e-09
-0.00033030249
-1.6410171e-12
3.1519431e-11
-0.00033023308
-2.7804891e-13
3.7241559e-09
-0.00033041496
1.8315533e-14
7.2192493e-10
-0.00033024209
5.5764664e-15
-0.00033014051
7.9126708e-14
6.6015438e-10
-0.00032995786
-2.5167233e-13
-3.6112415e-09
-0.00033005713
-4.0625329e-13
1.1167899e-10
-0.00033023559
2.0046089e-14
-1.1001655e-09
-0.00033005007
-1.6157576e-13
-2.7620273e-13
-0.00033012141
-1.5384651e-13
1.1028093e-09
-0.00033012114
-2.0855606e-12
-9.7383794e-11
-0.00033004999
-3.5040616e-13
3.6310498e-09
-0.0003302357
2.8743198e-14
-6.4327856e-10
-0.00033005733
2.8485003e-14
-0.00032995808
9.6849586e-14
-6.9575864e-10
-0.00032978048
-1.7995274e-13
-3.5976039e-09
-0.00032988015
-4.617253e-13
3.6017375e-11
-0.00033006254
4.1062339e-14
-1.1244817e-09
-0.00032987378
-2.280445e-13
-1.4805775e-13
-0.00032994668
-1.5839538e-13
1.1274139e-09
-0.00032994643
-2.5705511e-12
-1.8657905e-11
-0.0003298737
-3.9641259e-13
3.6174815e-09
-0.00033006264
3.5310003e-14
7.1215095e-10
-0.00032988036
4.9967326e-14
-0.00032978072
1.0642792e-13
1.8192898e-09
-0.0003295964
-7.7980051e-14
-3.4603425e-09
-0.00032969149
-5.0229396e-13
2.7292196e-10
-0.00032988026
8.1704725e-14
-1.0829125e-09
-0.0003296884
-2.8071007e-13
-1.0682178e-13
-0.00032976287
-1.7311103e-13
1.0856454e-09
-0.00032976264
-3.0360606e-12
-2.600792e-10
-0.00032968833
-4.5331898e-13
3.4804269e-09
-0.00032988036
6.1007036e-14
-1.8025193e-09
-0.00032969171
7.7448316e-14
-0.00032959665
1.262298e-13
-1.0426542e-09
-0.00032942042
4.2370707e-15
-3.4859234e-09
-0.00032951675
-5.5030676e-13
6.9948848e-11
-0.00032970868
1.2661297e-13
-1.1341982e-09
-0.00032951471
-3.5756656e-13
3.9484837e-14
-0.00032959043
-1.7911157e-13
1.137383e-09
-0.00032959023
-3.516429e-12
-5.6295052e-11
-0.00032951464
-4.5722334e-13
3.5060386e-09
-0.00032970879
7.7464139e-14
1.0594217e-09
-0.00032951697
1.0153641e-13
-0.00032942069
1.3014709e-13
3.4769676e-09
-0.00032923343
7.4894537e-14
-3.2765796e-09
-0.00032932227
-5.6434983e-13
4.7899736e-10
-0.00032952171
1.9138537e-13
-1.0505118e-09
-0.00032932574
-4.2394476e-13
3.9044942e-14
-0.00032940272
-2.0438093e-13
1.0532899e-09
-0.00032940256
-3.9295919e-12
-4.6678841e-10
-0.00032932567
-4.8292303e-13
3.2969185e-09
-0.00032952181
1.2766551e-13
-3.4600663e-09
-0.00032932249
1.348731e-13
-0.00032923371
1.5245222e-13
-1.9148316e-09
-0.0003290582
1.382746e-13
-3.3811777e-09
-0.00032915067
-5.995522e-13
3.9785695e-11
-0.00032935156
2.6377744e-13
-1.1536252e-09
-0.00032915516
-5.1404837e-13
1.9645357e-13
-0.00032923283
-2.1099639e-13
1.1570996e-09
-0.00032923272
-4.3261396e-12
-2.6979782e-11
-0.0003291551
-4.2441695e-13
3.4014732e-09
-0.00032935166
1.5093561e-13
1.9319526e-09
-0.0003291509
1.6001174e-13
-0.00032905848
1.4894933e-13
5.8681756e-09
-0.00032886604
2.201562e-13
-3.0520586e-09
-0.00032894742
-5.6791036e-13
7.5547046e-10
-0.0003291571
3.5686088e-13
-9.9817746e-10
-0.00032896022
-5.8644935e-13
1.3418448e-13
-0.00032903863
-2.495435e-13
1.0009133e-09
-0.00032903856
-4.5980074e-12
-7.4364157e-10
-0.00032896016
-3.9930841e-13
3.0726195e-09
-0.00032915721
2.2938497e-13
-5.851102e-09
-0.00032894764
1.9517392e-13
-0.00032886634
1.733943e-13
-3.5423052e-09
-0.00032868966
2.8549885e-13
-3.3162671e-09
-0.00032877945
-5.8932918e-13
-7.6269946e-11
-0.00032898737
4.5432231e-13
-1.1906265e-09
-0.00032879237
-6.990655e-13
3.1214077e-13
-0.00032887055
-2.6197486e-13
1.1943936e-09
-0.00032887054
-4.8208398e-12
8.8619215e-11
-0.0003287923
-2.5765166e-13
3.3365488e-09
-0.00032898748
2.5244003e-13
3.5595843e-09
-0.00032877967
2.1690832e-13
-0.00032868997
1.6016069e-13
9.257682e-09
-0.0003284893
3.7266528e-13
-2.7744209e-09
-0.00032856342
-4.8997765e-13
1.1314014e-09
-0.00032878164
5.7144033e-13
-9.1980397e-10
-0.0003285879
-7.8324492e-13
1.6727681e-13
-0.00032866602
-3.1512528e-13
9.2237773e-10
-0.00032866609
-4.8620827e-12
-1.1197844e-09
-0.00032858782
-1.7399383e-13
2.7951779e-09
-0.00032878175
3.6472399e-13
-9.2404215e-09
-0.00032856364
2.4843092e-13
-0.00032848962
1.8651342e-13
-6.1831716e-09
-0.00032830881
4.3767858e-13
-3.3245941e-09
-0.00032839898
-4.9427213e-13
-3.1677164e-10
-0.0003286105
7.116033e-13
-1.2537745e-09
-0.00032842124
-9.1233516e-13
3.7214093e-13
-0.00032849787
-2.9984522e-13
1.2578398e-09
-0.00032849801
-4.8198575e-12
3.2898878e-10
-0.00032842114
1.9852345e-14
3.3447576e-09
-0.00032861061
3.7835946e-13
6.2005539e-09
-0.00032839919
2.640411e-13
-0.00032830914
1.616321e-13
1.394221e-08
-0.00032809721
5.2201869e-13
-2.4232799e-09
-0.00032816529
-3.0800752e-13
1.6394612e-09
-0.00032838931
8.3913112e-13
-8.0722464e-10
-0.00032820273
-1.0267184e-12
1.265768e-13
-0.00032827839
-3.4396052e-13
8.0951741e-10
-0.00032827862
-4.5595141e-12
-1.6279319e-09
-0.00032820261
8.5394251e-14
2.4442524e-09
-0.00032838943
5.3295547e-13
-1.3924774e-08
-0.00032816548
2.886116e-13
-0.00032809754
1.9303297e-13
-1.0133993e-08
-0.00032790925
5.8258431e-13
-3.436907e-09
-0.00032800381
-3.0059618e-13
-7.1380307e-10
-0.00032821473
1.0495638e-12
-1.3509537e-09
-0.00032803475
-1.1796926e-12
3.5710626e-13
-0.0003281076
-2.8193444e-13
1.3553417e-09
-0.0003281079
-4.1885333e-12
7.2619078e-10
-0.00032803462
2.6649352e-13
3.4569069e-09
-0.00032821485
5.399832e-13
1.0151462e-08
-0.00032800398
2.9292473e-13
-0.00032790958
1.5144021e-13
2.0256439e-08
-0.00032768476
6.3441738e-13
-1.9665681e-09
-0.00032774725
-4.6898332e-15
2.3157686e-09
-0.00032797486
1.1672783e-12
-6.4888672e-10
-0.00032779755
-1.3278108e-12
-1.6606512e-14
-0.00032786886
-3.3176035e-13
6.5078153e-10
-0.00032786924
-3.6021099e-12
-2.3042042e-09
-0.00032779739
3.4180545e-13
1.9878521e-09
-0.00032797499
7.6738308e-13
-2.0238891e-08
-0.00032774738
3.0942928e-13
-0.00032768511
1.9089537e-13
-1.5741745e-08
-0.00032748661
6.6460116e-13
-3.6863646e-09
-0.00032758817
-3.8713251e-15
-1.3032059e-09
-0.0003277957
1.4341187e-12
-1.4895483e-09
-0.00032762557
-1.5234473e-12
2.6362138e-13
-0.00032769318
-1.9405675e-13
1.4943975e-09
-0.00032769362
-2.8859106e-12
1.3160136e-09
-0.00032762539
5.9606676e-13
3.7061961e-09
-0.00032779582
7.8832316e-13
1.5759248e-08
-0.00032758826
3.084435e-13
-0.00032748695
1.3348026e-13
2.85844e-08
-0.00032725074
6.4217337e-13
-1.3543093e-09
-0.00032730428
3.9358995e-13
3.2006378e-09
-0.00032753656
1.4662628e-12
-4.2678997e-10
-0.00032736647
-1.7039396e-12
-3.7601566e-13
-0.000327433
-2.7529148e-13
4.2816866e-10
-0.00032743348
-1.9126606e-12
-3.1889186e-09
-0.00032736626
6.6342005e-13
1.3762046e-09
-0.00032753669
1.065347e-12
-2.8566875e-08
-0.00032730433
3.2062057e-13
-0.00032725109
1.8996688e-13
-2.3405434e-08
-0.00032704137
6.3034609e-13
-4.1124621e-09
-0.00032714802
3.8428564e-13
-2.1199475e-09
-0.00032735372
1.7999918e-12
-1.6765576e-09
-0.00032718895
-1.9659932e-12
1.1618273e-13
-0.00032725198
-8.4396174e-15
1.6823254e-09
-0.0003272525
-9.5426198e-13
2.1333514e-09
-0.00032718872
9.1035727e-13
4.1321637e-09
-0.00032735384
1.0591716e-12
2.3422822e-08
-0.00032714803
3.1415465e-13
-0.00032704172
1.1353903e-13
3.9376737e-08
-0.00032680007
5.2343234e-13
-4.8719266e-10
-0.0003268347
9.1811051e-13
4.3391902e-09
-0.00032707862
1.7292037e-12
-9.6049419e-11
-0.00032690818
-2.1497794e-12
-7.2871639e-13
-0.00032697214
-1.6882608e-13
9.6855767e-11
-0.00032697267
-1.6942241e-13
-4.3272221e-09
-0.00032690792
7.9158875e-13
5.1149218e-10
-0.00032707874
1.3920847e-12
-3.9359449e-08
-0.00032683467
3.232306e-13
-0.00032680043
1.8910641e-13
-3.3583788e-08
-0.00032658045
4.8299522e-13
-4.758769e-09
-0.00032668396
8.246147e-13
-3.1856644e-09
-0.00032689544
2.1723328e-12
-1.9378291e-09
-0.00032672623
-2.5111658e-12
-3.2649069e-14
-0.0003267883
2.1851465e-13
1.944723e-09
-0.00032678882
8.4780464e-13
3.1997797e-09
-0.00032672595
9.1550754e-13
4.778389e-09
-0.00032689555
1.3989721e-12
3.3600914e-08
-0.00032668388
3.2214367e-13
-0.00032658081
1.0250207e-13
5.3170303e-08
-0.00032634434
2.8941934e-13
5.5802858e-10
-0.00032634282
1.4978644e-12
5.7789088e-09
-0.00032661201
2.0128719e-12
2.4336147e-10
-0.00032642903
-2.6390752e-12
-1.0673082e-12
-0.00032649583
-8.6454757e-15
-2.4353076e-10
-0.0003264963
2.0931867e-12
-5.766662e-09
-0.00032642874
4.8463053e-13
-5.4049174e-10
-0.0003266121
1.8437303e-12
-5.3153501e-08
-0.00032634272
3.2899259e-13
-0.00032634471
1.9619066e-13
-4.6818577e-08
-0.00032611663
2.7084797e-13
-5.6645223e-09
-0.00032620359
1.2210682e-12
-4.5319177e-09
-0.00032643361
2.6059384e-12
-2.2767007e-09
-0.00032624717
-3.147183e-12
-1.2617478e-13
-0.00032631455
6.6627046e-13
2.2848529e-09
-0.00032631496
2.8073876e-12
4.5468011e-09
-0.00032624687
4.6210738e-13
5.6840213e-09
-0.00032643369
1.8940833e-12
4.6835323e-08
-0.00032620347
3.3602435e-13
-0.00032611699
1.020617e-13
7.0603122e-08
-0.00032589987
7.6581659e-14
1.7344951e-09
-0.00032584064
2.0302593e-12
7.562504e-09
-0.00032615259
2.4115258e-12
6.4770307e-10
-0.00032594423
-3.118421e-12
-1.2188651e-12
-0.00032602091
1.7157824e-13
-6.4878515e-10
-0.00032602123
4.1877517e-12
-7.5500386e-09
-0.00032594394
-1.9297901e-13
-1.7155815e-09
-0.00032615265
2.5230082e-12
-7.0586996e-08
-0.00032584053
3.4372897e-13
-0.00032590023
2.1894529e-13
-6.3745639e-08
-0.0003256658
1.1009923e-13
-6.8701165e-09
-0.00032572205
1.4285098e-12
-6.1952076e-09
-0.00032598428
3.1359663e-12
-2.6968184e-09
-0.00032576948
-3.863704e-12
-9.3065603e-14
-0.00032584887
1.1983898e-12
2.7066049e-09
-0.00032584912
3.9800767e-12
6.2108223e-09
-0.0003257692
-2.1532082e-13
6.8893236e-09
-0.00032598432
2.6045109e-12
6.3761991e-08
-0.00032572196
3.5874281e-13
-0.00032566616
1.2635176e-13
9.2418435e-08
-0.00032548426
-1.0943246e-13
3.2655626e-09
-0.00032534703
2.3097235e-12
9.7169176e-09
-0.00032571729
3.0293615e-12
1.1656765e-09
-0.00032547515
-3.5251635e-12
-1.1835448e-12
-0.00032556763
3.0930216e-13
-1.1679638e-09
-0.00032556778
5.5818907e-12
-9.7043891e-09
-0.0003254749
-1.8663069e-12
-3.2460492e-09
-0.00032571731
3.5137633e-12
-9.2403004e-08
-0.00032534698
3.5986557e-13
-0.00032548462
2.6122559e-13
-8.5114506e-08
-0.00032524341
3.2115109e-14
-8.4166367e-09
-0.00032525945
1.2721379e-12
-8.2179733e-09
-0.00032556286
3.7533491e-12
-3.2051466e-09
-0.00032531443
-4.6363992e-12
1.1446698e-13
-0.00032541027
1.782571e-12
3.2170986e-09
-0.00032541035
3.9838807e-12
8.2342101e-09
-0.0003253142
-1.549563e-12
8.4352449e-09
-0.00032556285
3.516311e-12
8.5130569e-08
-0.00032525944
3.8591042e-13
-0.00032524377
1.8359279e-13
1.1946644e-07
-0.00032511334
-2.1683955e-13
5.2143394e-09
-0.00032488281
2.0397822e-12
1.2245513e-08
-0.0003253209
3.8981384e-12
1.8069704e-09
-0.0003250434
-3.7912816e-12
-1.0625315e-12
-0.00032515421
2.5823116e-13
-1.810814e-09
-0.00032515421
5.9712837e-12
-1.2233173e-08
-0.0003250432
-4.1700753e-12
-5.1944549e-09
-0.00032532086
4.8048363e-12
-1.1945155e-07
-0.00032488286
3.5564103e-13
-0.00032511369
3.314798e-13
-1.1180462e-07
-0.00032486166
4.4096981e-14
-1.035345e-08
-0.00032483476
7.255325e-13
-1.0638083e-08
-0.00032518129
4.3073749e-12
-3.8116495e-09
-0.00032490035
-5.4448763e-12
5.9452961e-13
-0.00032501348
2.3864614e-12
3.8264422e-09
-0.00032501342
2.7871027e-12
1.0654808e-08
-0.00032490017
-2.7418051e-12
1.0371084e-08
-0.00032518123
4.4770139e-12
1.1182053e-07
-0.00032483486
4.0310193e-13
-0.000324862
2.7653217e-13
1.5272119e-07
-0.00032479927
-1.8057113e-13
7.659561e-09
-0.00032446421
1.2574e-12
1.513067e-08
-0.00032497403
4.9046547e-12
2.5842276e-09
-0.00032466463
-3.7941347e-12
-9.1790909e-13
-0.00032479287
-9.0487472e-14
-2.5900722e-09
-0.00032479275
5.4839622e-12
-1.5118841e-08
-0.00032466449
-6.8315422e-12
-7.639407e-09
-0.00032497394
6.2039033e-12
-1.5270664e-07
-0.00032446436
2.9721447e-13
-0.00032479961
4.3922377e-13
-1.4483415e-07
-0.00032452774
1.491882e-13
-1.2749976e-08
-0.0003244599
3.1168125e-13
-1.3469798e-08
-0.00032484636
4.4836737e-12
-4.531807e-09
-0.00032453756
-6.2166327e-12
1.0293472e-12
-0.00032466605
3.0588587e-12
4.5502133e-09
-0.00032466588
7.2298342e-13
1.348693e-08
-0.00032453743
-3.2070806e-12
1.2766266e-08
-0.00032484624
5.1797823e-12
1.4484992e-07
-0.00032446009
4.0429142e-13
-0.00032452809
4.0340048e-13
1.9332417e-07
-0.0003245496
-1.582668e-14
1.0682128e-08
-0.00032409857
3.8310124e-13
1.8344624e-08
-0.00032468247
5.7470517e-12
3.5107393e-09
-0.00032434595
-3.2505733e-12
-7.644441e-13
-0.00032448908
-7.3485436e-13
-3.5191748e-09
-0.00032448889
4.7146954e-12
-1.8333649e-08
-0.00032434585
-9.3635583e-12
-1.0661683e-08
-0.00032468232
7.2911094e-12
-1.9330992e-07
-0.00032409878
1.6847324e-13
-0.00032454995
5.8199644e-13
-1.8537629e-07
-0.00032424305
3.5111923e-13
-1.5699411e-08
-0.00032413731
1.2593694e-13
-1.6691256e-08
-0.00032455917
3.9621617e-12
-5.3872884e-09
-0.00032422752
-6.9207649e-12
1.4590524e-12
-0.00032436857
3.9534672e-12
5.410152e-09
-0.00032436835
-1.8168349e-12
1.6708853e-08
-0.00032422743
-2.2911874e-12
1.5713991e-08
-0.000324559
5.2342681e-12
1.8539178e-07
-0.00032413754
4.1443436e-13
-0.00032424339
5.6442104e-13
2.4264921e-07
-0.00032436677
1.2792529e-13
1.4358562e-08
-0.00032378465
-1.1223966e-12
2.185147e-08
-0.00032444704
5.9562389e-12
4.5990146e-09
-0.00032408745
-1.8538931e-12
-5.9974829e-13
-0.00032424316
-1.8028226e-12
-4.6108377e-09
-0.00032424292
4.7997931e-12
-2.1841693e-08
-0.00032408737
-1.1375809e-11
-1.4337682e-08
-0.00032444686
7.488001e-12
-2.4263545e-07
-0.00032378487
-2.8301432e-14
-0.00032436711
7.570928e-13
-2.3480729e-07
-0.00032400316
6.5963269e-13
-1.9308945e-08
-0.00032386188
4.1876914e-13
-2.0246532e-08
-0.00032431553
2.929539e-12
-6.4030449e-09
-0.00032396523
-7.8015384e-12
2.0978472e-12
-0.00032411652
5.2432257e-12
6.4313323e-09
-0.00032411626
-4.8773552e-12
2.0264872e-08
-0.00032396515
3.3290704e-13
1.9321389e-08
-0.00032431532
4.5846215e-12
2.3482227e-07
-0.00032386211
4.4242406e-13
-0.0003240035
7.3638452e-13
3.0236166e-07
-0.00032424802
2.3928336e-13
1.876317e-08
-0.00032351604
-3.1627156e-12
2.5587766e-08
-0.00032426379
5.5136775e-12
5.8611738e-09
-0.00032388503
1.1052501e-13
-3.8513485e-13
-0.00032405159
-3.2336129e-12
-5.8774119e-09
-0.00032405132
6.2526426e-12
-2.5579612e-08
-0.00032388495
-1.2874676e-11
-1.8741664e-08
-0.00032426358
6.3673085e-12
-3.0234869e-07
-0.00032351627
-4.8169943e-13
-0.00032424835
9.5412659e-13
-2.9477729e-07
-0.0003237991
1.1582855e-12
-2.3686694e-08
-0.00032362475
1.721637e-12
-2.4050138e-08
-0.0003241072
1.379964e-12
-7.6036841e-09
-0.00032374216
-9.165359e-12
2.8792034e-12
-0.00032390189
7.0879064e-12
7.6385634e-09
-0.00032390162
-8.8868548e-12
2.4069769e-08
-0.00032374206
5.4192684e-12
2.3696485e-08
-0.00032410697
3.7299374e-12
2.9479158e-07
-0.00032362498
5.2888307e-13
-0.00032379943
9.0331167e-13
3.7445483e-07
-0.00032418635
2.0383986e-13
2.3978353e-08
-0.00032328368
-5.6136722e-12
2.9428773e-08
-0.00032412439
4.8703516e-12
7.3116083e-09
-0.00032373163
4.8363968e-12
-4.8231852e-14
-0.00032390701
-5.0599286e-12
-7.3334984e-09
-0.00032390673
9.332568e-12
-2.94229e-08
-0.00032373153
-1.4510489e-11
-2.395609e-08
-0.00032412417
4.6474955e-12
-3.7444283e-07
-0.00032328391
-1.0847526e-12
-0.00032418668
1.1472335e-12
-3.6728014e-07
-0.00032361967
1.8729068e-12
-2.8937768e-08
-0.00032341611
4.5732635e-12
-2.7974767e-08
-0.00032392388
-8.4455644e-13
-9.0120368e-09
-0.00032354817
-1.1481688e-11
3.7272675e-12
-0.00032371462
9.6220035e-12
9.0549151e-09
-0.00032371435
-1.448459e-11
2.7996561e-08
-0.00032354806
1.306699e-11
2.8944372e-08
-0.00032392363
2.6595094e-12
3.6729361e-07
-0.00032341634
7.2663566e-13
-0.00032362
1.0515185e-12
4.6128372e-07
-0.00032417203
-1.034206e-13
3.0105275e-08
-0.00032307552
-9.1932343e-12
3.3155611e-08
-0.00032401707
3.9232919e-12
8.9696742e-09
-0.00032361643
1.1703534e-11
7.3992179e-13
-0.0003237978
-7.4695507e-12
-8.9986093e-09
-0.00032379754
1.4299852e-11
-3.3153086e-08
-0.0003236163
-1.7648056e-11
-3.0082227e-08
-0.00032401684
2.2794265e-12
-4.6127263e-07
-0.00032307576
-1.8416938e-12
-0.00032417235
1.306616e-12
-4.5470346e-07
-0.00032345425
2.7910814e-12
-3.517215e-08
-0.0003232266
9.5333687e-12
-3.1818095e-08
-0.00032375551
-5.109904e-12
-1.0650297e-08
-0.00032337283
-1.5390986e-11
4.5476681e-12
-0.00032354412
1.3077312e-11
1.0702796e-08
-0.00032354387
-2.2289081e-11
3.1843334e-08
-0.0003233727
2.4071859e-11
3.5175094e-08
-0.00032375527
1.4964672e-12
4.5471594e-07
-0.00032322683
1.09106e-12
-0.00032345456
1.1721036e-12
5.6562058e-07
-0.00032419382
-8.0974314e-13
3.7266173e-08
-0.00032287483
-1.4594109e-11
3.643646e-08
-0.00032392768
2.5156266e-12
1.0859617e-08
-0.00032352413
2.1678639e-11
1.8899406e-12
-0.00032370869
-1.0814323e-11
-1.0897108e-08
-0.00032370847
2.1668959e-11
-3.6438863e-08
-0.00032352398
-2.285975e-11
-3.7242344e-08
-0.00032392746
-1.378333e-12
-5.6561025e-07
-0.00032287506
-2.7682783e-12
-0.00032419414
1.3956926e-12
-5.5987844e-07
-0.00032329474
3.9132226e-12
-4.2512059e-08
-0.00032304794
1.702013e-11
-3.5270258e-08
-0.00032359422
-9.9746929e-12
-1.2540618e-08
-0.00032320638
-2.1871675e-11
5.2559523e-12
-0.00032338103
1.7919369e-11
1.2604495e-08
-0.00032338082
-3.2998219e-11
3.5300653e-08
-0.00032320624
3.9137154e-11
4.2510953e-08
-0.00032359399
5.6393612e-13
5.5988973e-07
-0.00032304817
1.6674583e-12
-0.00032329505
1.266093e-12
6.9076414e-07
-0.00032423898
-1.9483671e-12
4.5596337e-08
-0.00032266086
-2.2095575e-11
3.8819072e-08
-0.00032384
6.6766084e-13
1.3005328e-08
-0.00032343701
3.6009718e-11
3.2903258e-12
-0.00032362272
-1.5657624e-11
-1.3053027e-08
-0.00032362254
3.2221929e-11
-3.8828433e-08
-0.00032343684
-3.065588e-11
-4.5571646e-08
-0.00032383981
-9.295108e-12
-6.9075454e-07
-0.00032266109
-3.8559529e-12
-0.00032423931
1.4001067e-12
-6.8616975e-07
-0.00032313641
5.1034298e-12
-5.1093349e-08
-0.00032287349
2.7111263e-11
-3.7885262e-08
-0.00032343536
-1.5707171e-11
-1.4702627e-08
-0.00032304159
-3.2454161e-11
5.8242626e-12
-0.00032321937
2.4982629e-11
1.4779674e-08
-0.00032321918
-4.7528362e-11
3.7922824e-08
-0.00032304147
5.875758e-11
5.1087833e-08
-0.00032343516
3.0683199e-13
6.8617975e-07
-0.00032287372
2.4737347e-12
-0.00032313672
1.3516127e-12
8.4067014e-07
-0.00032429445
-3.3421907e-12
5.5250189e-08
-0.00032241309
-3.1564517e-11
3.9681827e-08
-0.00032373675
-2.021022e-12
1.5427314e-08
-0.0003233383
5.5470695e-11
4.8321355e-12
-0.00032352306
-2.3029017e-11
-1.5486943e-08
-0.00032352292
4.6524751e-11
-3.9700359e-08
-0.00032333812
-4.2659776e-11
-5.522447e-08
-0.00032373659
-1.8521084e-11
-8.406614e-07
-0.00032241333
-5.064284e-12
-0.00032429478
1.2886447e-12
-8.3757096e-07
-0.00032297403
5.9620082e-12
-6.1074146e-08
-0.00032270504
4.2704486e-11
-3.9031876e-08
-0.00032327401
-2.2908984e-11
-1.715461e-08
-0.00032287273
-4.8674229e-11
6.4461906e-12
-0.00032306039
3.557693e-11
1.7246522e-08
-0.00032306022
-6.5532344e-11
3.9078639e-08
-0.00032287264
8.3778335e-11
6.1063769e-08
-0.00032327384
1.0933656e-12
8.3757973e-07
-0.00032270528
3.477119e-12
-0.00032297434
1.4475653e-12
1.0200362e-06
-0.00032435771
-4.5640263e-12
6.6422233e-08
-0.00032210747
-5.0081766e-11
3.8149623e-08
-0.00032360983
-2.1465638e-12
1.8149898e-08
-0.00032322206
7.9447086e-11
5.9211581e-12
-0.00032339117
-3.441024e-11
-1.8223109e-08
-0.00032339107
6.2165143e-11
-3.8179269e-08
-0.00032322189
-6.2137578e-11
-6.6395073e-08
-0.00032360972
-2.7453862e-11
-1.0200285e-06
-0.00032210773
-6.3029278e-12
-0.00032435804
1.0551463e-12
-1.0188464e-06
-0.00032302225
5.7249336e-12
-7.266508e-08
-0.00032226013
-9.3272528e-11
-3.7859266e-08
-0.00032332838
-3.4812163e-11
-1.9875996e-08
-0.00032296469
-7.1110934e-11
7.8877325e-12
-0.0003226634
5.163809e-11
1.9984317e-08
-0.00032266313
-2.7985517e-10
3.7916633e-08
-0.00032296467
1.1802836e-10
7.2649026e-08
-0.00032332826
3.0690482e-12
1.0188545e-06
-0.00032226042
4.6075517e-12
-0.00032302254
1.5980194e-12
1.2355131e-06
-0.0003242551
-4.8938368e-12
7.9524622e-08
-0.00032195838
2.251035e-10
3.3166575e-08
-0.00032327451
4.0223811e-12
2.115393e-08
-0.00032287369
1.0741647e-10
5.8151639e-12
-0.00032342016
-5.1657353e-11
-2.1242418e-08
-0.00032342012
4.2250973e-10
-3.3208282e-08
-0.00032287355
-9.3700746e-11
-7.949491e-08
-0.00032327443
-3.4895805e-11
-1.2355074e-06
-0.00032195864
-7.4854802e-12
-0.00032425543
7.776862e-13
-1.235509e-06
-0.00031469592
4.2256475e-12
-8.4762053e-08
-0.00033252642
6.8632567e-09
-3.3535149e-08
-0.00031487844
-5.5666111e-11
-2.4389993e-08
-0.00031303247
-1.0219254e-10
9.7940766e-12
-0.00033156456
7.6339907e-11
2.4515233e-08
-0.0003315706
5.6399953e-09
3.3603169e-08
-0.00031303262
1.6723058e-10
8.4739158e-08
-0.00031487821
6.5420622e-12
1.235517e-06
-0.00033251981
5.7891604e-12
-0.00031469656
1.8343095e-12
1.4912097e-06
-0.00032510147
-3.5388951e-12
9.2988349e-08
-0.00032076718
-7.3715724e-09
2.3150893e-08
-0.00032384498
1.9694316e-11
2.609504e-08
-0.00032347108
1.4190602e-10
4.8132715e-12
-0.00032247291
-7.7741801e-11
-2.6199418e-08
-0.00032247335
-6.1456496e-09
-2.3204136e-08
-0.00032347098
-1.3963053e-10
-9.29545e-08
-0.00032384494
-4.245687e-11
-1.4912069e-06
-0.00032076702
-8.6020562e-12
-0.00032510179
5.0052599e-13
-1.4833892e-06
-0.00036050106
-5.5238888e-12
-1.0666037e-07
-0.00028419457
-2.5580078e-08
-2.5288699e-08
-0.00036083413
-9.6652491e-11
-2.2313911e-08
-0.00036029997
-1.421334e-10
1.3629719e-11
-0.00028448312
1.1550823e-10
2.2458682e-08
-0.00028448172
-2.6110141e-08
2.535539e-08
-0.00036030022
2.3015925e-10
1.0662881e-07
-0.00036083413
1.2167862e-11
1.4833957e-06
-0.00028419584
6.7243487e-12
-0.00036050143
2.1013007e-12
1.7866548e-06
-0.0003246523
6.8851546e-12
1.1677153e-07
-0.00032077215
2.5918015e-08
5.9371886e-09
-0.00032306141
5.641472e-11
2.4127357e-08
-0.00032277376
1.8524969e-10
1.6863035e-12
-0.00032280307
-1.1852983e-10
-2.4250509e-08
-0.00032280306
2.6465617e-08
-5.9953825e-09
-0.0003227737
-1.9720527e-10
-1.1673141e-07
-0.00032306142
-5.1530656e-11
-1.7866526e-06
-0.00032077248
-9.468606e-12
-0.00032465259
3.0035577e-13
-1.8011141e-06
-0.00028569899
-9.8389949e-12
-1.1216314e-07
-0.00035820688
2.5247195e-08
-9.5518426e-09
-0.00028598329
-1.1600529e-10
-3.6067662e-08
-0.00028572364
-1.6550088e-10
2.3213026e-11
-0.00035874774
1.4984177e-10
3.6225883e-08
-0.00035874816
2.4807912e-08
9.6209147e-09
-0.00028572388
2.6673311e-10
1.1211709e-07
-0.00028598336
1.3013328e-11
1.8011239e-06
-0.00035820628
7.1349271e-12
-0.00028569925
2.5030428e-12
2.1623128e-06
-0.00032464407
1.1629185e-11
1.240989e-07
-0.00032030434
-2.5154538e-08
-1.6320146e-08
-0.00032265044
7.8863017e-11
3.8220702e-08
-0.00032243964
2.0146257e-10
-1.00287e-11
-0.00032268261
-1.5273602e-10
-3.8357101e-08
-0.00032268257
-2.4730435e-08
1.6282376e-08
-0.00032243963
-2.3441063e-10
-1.2404637e-07
-0.00032265048
-4.4916935e-11
-2.1623144e-06
-0.00032030476
-9.8713104e-12
-0.00032464434
1.2434052e-13
-2.1693206e-06
-0.00035598042
-1.6000749e-11
-1.4013235e-07
-0.00028795717
-2.3106452e-08
1.4097394e-08
-0.00035631994
-1.2772201e-10
-2.9801178e-08
-0.00035570429
-1.6888132e-10
2.6918303e-11
-0.00028813933
1.6292983e-10
2.9982048e-08
-0.00028813816
-2.3765772e-08
-1.4052248e-08
-0.0003557047
2.6995537e-10
1.4007887e-07
-0.00035632009
9.195039e-12
2.1693263e-06
-0.00028795834
6.8766691e-12
-0.00035598075
3.0285103e-12
2.5985441e-06
-0.00032490579
1.8382291e-11
1.5390476e-07
-0.00031942543
2.3017178e-08
-5.0985238e-08
-0.00032243064
8.9412027e-11
3.2172643e-08
-0.0003223339
1.9889962e-10
-1.4381239e-11
-0.00032221464
-1.6363995e-10
-3.2329919e-08
-0.00032221478
2.3646781e-08
5.0951097e-08
-0.0003223339
-2.3255609e-10
-1.5384246e-07
-0.00032243074
-3.63462e-11
-2.5985314e-06
-0.00031942574
-9.6396599e-12
-0.00032490603
-4.3845176e-14
-2.6328621e-06
-0.0002911986
-1.5132648e-11
-1.4984732e-07
-0.00035148631
2.0913907e-08
4.7550527e-08
-0.00029155069
-1.2636035e-10
-4.2983395e-08
-0.00029145036
-1.5166202e-10
3.5924925e-11
-0.00035210961
1.6674965e-10
4.317385e-08
-0.00035211007
2.0635576e-08
-4.7508532e-08
-0.00029145059
2.594546e-10
1.4982449e-07
-0.0002915509
8.1876714e-13
2.6329569e-06
-0.00035148595
5.8836251e-12
-0.00029119881
3.6493269e-12
3.1479977e-06
-0.00032482165
1.8407302e-11
1.6570734e-07
-0.00031872415
-2.0765719e-08
-1.0295727e-07
-0.00032175852
8.4057929e-11
4.5635861e-08
-0.00032181125
1.7732635e-10
-2.3482506e-11
-0.00032199591
-1.6400205e-10
-4.5801096e-08
-0.00032199601
-2.0537809e-08
1.0292878e-07
-0.00032181126
-2.1233351e-10
-1.6567921e-07
-0.00032175869
-2.5063492e-11
-3.1480767e-06
-0.0003187245
-8.750593e-12
-0.00032482187
-3.2704571e-13
-3.1752804e-06
-0.00034677916
-1.5677405e-11
-1.7895899e-07
-0.00029626393
-1.7128413e-08
9.7869633e-08
-0.00034715776
-1.2096148e-10
-3.918733e-08
-0.00034644525
-1.2226664e-10
3.6258658e-11
-0.00029620946
1.4990659e-10
3.9391446e-08
-0.00029620876
-1.7748923e-08
-9.7834796e-08
-0.00034644558
2.304101e-10
1.7892769e-07
-0.00034715807
-9.8362694e-12
3.175362e-06
-0.00029626488
4.4743778e-12
-0.00034677924
4.1980898e-12
3.7963775e-06
-0.00032516411
1.9760605e-11
1.9693366e-07
-0.00031740135
1.7002471e-08
-1.7751624e-07
-0.00032138418
7.9401284e-11
4.2086893e-08
-0.00032163248
1.3921917e-10
-2.3700964e-11
-0.00032126212
-1.4407325e-10
-4.2262572e-08
-0.00032126237
1.7556325e-08
1.7749551e-07
-0.00032163254
-1.7502862e-10
-1.9690187e-07
-0.00032138441
-9.5937182e-12
-3.7964504e-06
-0.00031740149
-7.4600246e-12
-0.00032516434
-5.0534063e-13
-3.8522157e-06
-0.00030231518
-1.2320703e-11
-1.9474434e-07
-0.00033875651
1.246508e-08
1.71531e-07
-0.00030279256
-1.0733035e-10
-5.0078798e-08
-0.00030294388
-9.1547791e-11
3.5704706e-11
-0.0003394916
1.3234789e-10
5.0279144e-08
-0.00033949197
1.2516985e-08
-1.7150438e-07
-0.00030294409
1.9808332e-10
1.9470509e-07
-0.00030279283
-2.2126078e-11
3.8522909e-06
-0.00033875629
3.4563519e-12
-0.00030231547
4.0380282e-12
4.5966602e-06
-0.00032504183
1.7498648e-11
2.1500048e-07
-0.00031640089
-1.2237046e-08
-2.8334214e-07
-0.00032038952
7.8653537e-11
5.3062156e-08
-0.00032087927
9.2757074e-11
-2.186098e-11
-0.00032096736
-1.2387452e-10
-5.3231688e-08
-0.0003209674
-1.2370599e-08
2.8333042e-07
-0.00032087942
-1.457615e-10
-2.1496054e-07
-0.00032038981
1.0612578e-11
-4.5967242e-06
-0.0003164012
-6.6321242e-12
-0.00032504209
-2.8621369e-13
-4.8957135e-06
-0.0003290534
-1.3010542e-11
-2.2239123e-07
-0.00031319703
-5.4405019e-09
2.7495299e-07
-0.00032986639
-1.1216359e-10
-5.0747589e-08
-0.0003288161
-5.9730885e-11
2.4577067e-11
-0.00031261351
1.1438217e-10
5.0938978e-08
-0.00031261326
-6.0034307e-09
-2.7493707e-07
-0.00032881638
1.6754377e-10
2.2234869e-07
-0.00032986675
-3.5794482e-11
4.8957742e-06
-0.00031319756
4.4844161e-12
-0.00032905341
2.8318507e-12
-6.0479994e-07
1.8764218e-11
2.4236501e-07
5.2174522e-09
-4.3062204e-07
1.1901781e-10
5.385759e-08
4.5499999e-11
-1.0193745e-11
-1.1172147e-10
-5.4014445e-08
5.7049019e-09
4.3062315e-07
-1.326021e-10
-2.4232125e-07
3.2333444e-11
6.0475144e-07
-8.9348925e-12
9.24056e-14
-1.1965142e-08
-0.00027352325
-1.80588e-09
-0.0002735434
-6.7208152e-11
-0.00027353625
-2.9166783e-10
-0.00027353501
-2.2028165e-12
-0.00027353542
2.9323517e-10
-0.00027353543
8.0199322e-11
-0.00027353501
1.8200204e-09
-0.00027353625
1.1975574e-08
-0.0002735434
-0.00027352324
-1.6041917e-08
-0.00032941081
-3.5747906e-09
-0.0003294578
-3.4538368e-10
-0.00032944257
-6.1252704e-10
-0.00032943851
-1.6940727e-12
-0.00032943971
6.1459129e-10
-0.00032943972
3.5484133e-10
-0.0003294385
3.5883096e-09
-0.00032944257
1.6051331e-08
-0.0003294578
-0.0003294108
-8.9407203e-09
-0.00033510254
-4.1435526e-09
-0.00033516158
-4.6095249e-10
-0.00033514642
-7.2373961e-10
-0.00033513906
-1.728159e-12
-0.00033514116
7.2589801e-10
-0.00033514118
4.7036178e-10
-0.00033513904
4.1571989e-09
-0.00033514642
8.950276e-09
-0.00033516158
-0.00033510253
-6.2402969e-09
-0.00033537442
-4.2973468e-09
-0.00033543994
-5.0273588e-10
-0.00033542784
-7.634642e-10
-0.00033541703
-1.7317096e-12
-0.0003354201
7.6573237e-10
-0.00033542013
5.1230137e-10
-0.000335417
4.3111951e-09
-0.00033542785
6.2500393e-09
-0.00033543994
-0.00033537441
-5.123422e-09
-0.00033526296
-4.3280432e-09
-0.00033533262
-5.135178e-10
-0.00033532482
-7.8116512e-10
-0.00033531046
-1.7418285e-12
-0.00033531456
7.8350243e-10
-0.00033531459
5.2324248e-10
-0.00033531042
4.3420904e-09
-0.00033532483
5.1333386e-09
-0.00033533263
-0.00033526295
-5.0318968e-09
-0.0003351298
-4.3249049e-09
-0.00033520336
-5.177313e-10
-0.0003352
-7.9345303e-10
-0.00033518202
-1.7572348e-12
-0.00033518719
7.9583516e-10
-0.00033518723
5.2759756e-10
-0.00033518197
4.3391453e-09
-0.00033520001
5.041972e-09
-0.00033520337
-0.00033512979
-4.7594252e-09
-0.00033499438
-4.3161366e-09
-0.00033507122
-5.1759155e-10
-0.00033507263
-8.0462138e-10
-0.00033505092
-1.7741294e-12
-0.00033505724
8.0703873e-10
-0.00033505729
5.2759377e-10
-0.00033505087
4.3305677e-09
-0.00033507265
4.7696644e-09
-0.00033507123
-0.00033499436
-4.804076e-09
-0.00033485706
-4.305373e-09
-0.00033493719
-5.1806601e-10
-0.00033494339
-8.1569457e-10
-0.00033491785
-1.7902604e-12
-0.00033492539
8.1814413e-10
-0.00033492543
5.281991e-10
-0.00033491778
4.3199944e-09
-0.00033494342
4.8144783e-09
-0.00033493721
-0.00033485704
-4.6026362e-09
-0.00033471819
-4.2944259e-09
-0.00033480112
-5.1623398e-10
-0.00033481238
-8.2680072e-10
-0.00033478286
-1.8046056e-12
-0.00033479171
8.2928168e-10
-0.00033479175
5.2649755e-10
-0.00033478279
4.309238e-09
-0.00033481241
4.613211e-09
-0.00033480114
-0.00033471817
-4.6110262e-09
-0.00033457746
-4.2835848e-09
-0.00033466314
-5.1496604e-10
-0.00033467952
-8.3801701e-10
-0.00033464587
-1.8167094e-12
-0.00033465611
8.4052896e-10
-0.00033465616
5.2535599e-10
-0.00033464579
4.2985889e-09
-0.00033467955
4.6217754e-09
-0.00033466316
-0.00033457744
-4.4319911e-09
-0.00033443511
-4.2721415e-09
-0.00033452309
-5.1161474e-10
-0.00033454485
-8.4931229e-10
-0.0003345069
-1.8262168e-12
-0.00033451863
8.5185502e-10
-0.00033451868
5.2212909e-10
-0.00033450681
4.2873385e-09
-0.00033454489
4.4429233e-09
-0.00033452311
-0.00033443509
-4.4059715e-09
-0.00033429091
-4.2613725e-09
-0.00033438107
-5.0848204e-10
-0.00033440831
-8.6072417e-10
-0.00033436587
-1.8327223e-12
-0.00033437919
8.6329734e-10
-0.00033437924
5.1911523e-10
-0.00033436578
4.2767638e-09
-0.00033440835
4.4170895e-09
-0.00033438109
-0.00033429089
-4.2399986e-09
-0.00033414503
-4.2496766e-09
-0.00033423696
-5.0335858e-10
-0.00033426992
-8.7222493e-10
-0.00033422281
-1.8359082e-12
-0.00033423783
8.7482816e-10
-0.00033423787
5.1410653e-10
-0.00033422271
4.2652632e-09
-0.00033426996
4.2513104e-09
-0.00033423699
-0.00033414502
-4.1854954e-09
-0.00033399731
-4.2389321e-09
-0.00033409085
-4.9811894e-10
-0.00033412964
-8.8384323e-10
-0.00033407765
-1.835148e-12
-0.00033409447
8.8647618e-10
-0.0003340945
5.0897429e-10
-0.00033407754
4.2547148e-09
-0.00033412969
4.1970045e-09
-0.00033409089
-0.0003339973
-4.0262778e-09
-0.00033384786
-4.2271057e-09
-0.00033394266
-4.9091533e-10
-0.00033398748
-8.955553e-10
-0.0003339304
-1.8302167e-12
-0.00033394914
8.9821735e-10
-0.00033394916
5.0187192e-10
-0.0003339303
4.2430854e-09
-0.00033398753
4.0379913e-09
-0.0003339427
-0.00033384784
-3.9475894e-09
-0.00033369655
-4.2163162e-09
-0.00033379243
-4.8326031e-10
-0.0003338434
-9.0738339e-10
-0.00033378104
-1.8206374e-12
-0.00033380179
9.1007327e-10
-0.00033380181
4.9430937e-10
-0.00033378093
4.232494e-09
-0.00033384346
3.9595106e-09
-0.00033379248
-0.00033369654
-3.7903596e-09
-0.00033354346
-4.2043866e-09
-0.00033364014
-4.7360399e-10
-0.00033369742
-9.1930627e-10
-0.00033362958
-1.8057533e-12
-0.00033365244
9.2202287e-10
-0.00033365245
4.8473651e-10
-0.00033362946
4.2207632e-09
-0.00033369748
3.8024944e-09
-0.0003336402
-0.00033354345
-3.6904684e-09
-0.00033338851
-4.1934403e-09
-0.00033348584
-4.6313887e-10
-0.00033354951
-9.3134006e-10
-0.00033347599
-1.7851852e-12
-0.00033350107
9.3408193e-10
-0.00033350107
4.7434235e-10
-0.00033347587
4.2100162e-09
-0.00033354958
3.7028214e-09
-0.0003334859
-0.00033338851
-3.531643e-09
-0.00033323176
-4.1813497e-09
-0.0003333295
-4.5056138e-10
-0.00033339969
-9.434688e-10
-0.00033332032
-1.7583982e-12
-0.0003333477
9.4623437e-10
-0.00033334768
4.6182329e-10
-0.00033332019
4.1981254e-09
-0.00033339975
3.5442198e-09
-0.00033332957
-0.00033323176
-3.4125791e-09
-0.00033307313
-4.1700829e-09
-0.00033317118
-4.3674668e-10
-0.00033324792
-9.5570233e-10
-0.00033316255
-1.7250568e-12
-0.00033319232
9.5848946e-10
-0.00033319228
4.4805176e-10
-0.00033316243
4.1870593e-09
-0.00033324799
3.4253846e-09
-0.00033317126
-0.00033307314
-3.2499637e-09
-0.0003329127
-4.1576719e-09
-0.0003330109
-4.2058437e-10
-0.00033309425
-9.6803591e-10
-0.00033300274
-1.6842426e-12
-0.00033303496
9.7084261e-10
-0.00033303491
4.319147e-10
-0.00033300262
4.1748458e-09
-0.00033309432
3.2630023e-09
-0.00033301099
-0.00033291271
-3.1134928e-09
-0.00033275041
-4.1456405e-09
-0.00033284871
-4.0254854e-10
-0.00033293865
-9.8047295e-10
-0.0003328409
-1.6359733e-12
-0.00033287563
9.8329592e-10
-0.00033287557
4.1388211e-10
-0.00033284078
4.1630008e-09
-0.00033293873
3.126766e-09
-0.00033284881
-0.00033275043
-2.9465798e-09
-0.00033258634
-4.1319981e-09
-0.00033268467
-3.8166005e-10
-0.00033278119
-9.930366e-10
-0.00033267712
-1.5791354e-12
-0.0003327144
9.9587315e-10
-0.00033271432
3.9298973e-10
-0.000332677
4.1495356e-09
-0.00033278127
2.9600866e-09
-0.00033268477
-0.00033258637
-2.7935098e-09
-0.00033242044
-4.1177849e-09
-0.00033251881
-3.5867927e-10
-0.00033262184
-1.0057125e-09
-0.0003325114
-1.5138127e-12
-0.00033255127
1.0085578e-09
-0.00033255117
3.7006394e-10
-0.00033251128
4.1354935e-09
-0.00033262192
2.8072474e-09
-0.00033251892
-0.00033242049
-2.6234052e-09
-0.00033225285
-4.1014923e-09
-0.00033235125
-3.347596e-10
-0.00033246071
-1.0185787e-09
-0.00033234389
-1.4383042e-12
-0.00033238635
1.0214242e-09
-0.00033238625
3.4621751e-10
-0.00033234377
4.1193674e-09
-0.00033246079
2.637368e-09
-0.00033235137
-0.0003322529
-2.4525677e-09
-0.00033208349
-4.0836071e-09
-0.00033218199
-3.1049019e-10
-0.00033229774
-1.0313658e-09
-0.00033217456
-1.3522872e-12
-0.00033221963
1.0341792e-09
-0.00033221951
3.2198356e-10
-0.00033217444
4.1016473e-09
-0.00033229782
2.4667482e-09
-0.00033218212
-0.00033208355
-2.2831336e-09
-0.00033191258
-4.0634155e-09
-0.00033201126
-2.8698562e-10
-0.00033213315
-1.0439202e-09
-0.00033200367
-1.254536e-12
-0.00033205133
1.0466872e-09
-0.0003320512
2.9846284e-10
-0.00033200356
4.0816182e-09
-0.00033213323
2.2975225e-09
-0.0003320114
-0.00033191266
-2.089116e-09
-0.00033173999
-4.0404553e-09
-0.00033183892
-2.6224439e-10
-0.00033196676
-1.0556712e-09
-0.0003318311
-1.1572201e-12
-0.00033188131
1.0583778e-09
-0.00033188117
2.736585e-10
-0.00033183099
4.0588234e-09
-0.00033196684
2.1037012e-09
-0.00033183906
-0.00033174008
-1.9300243e-09
-0.00033156613
-4.0155578e-09
-0.00033166544
-2.3864106e-10
-0.000331799
-1.0668959e-09
-0.00033165731
-1.0656073e-12
-0.00033171002
1.0695554e-09
-0.00033170987
2.4998659e-10
-0.0003316572
4.0340889e-09
-0.00033179908
1.9447978e-09
-0.00033166559
-0.00033156623
-1.6982575e-09
-0.00033139066
-3.9861136e-09
-0.00033149037
-2.1104039e-10
-0.00033162946
-1.0765426e-09
-0.00033148192
-9.8694305e-13
-0.00033153707
1.079147e-09
-0.00033153691
2.2228446e-10
-0.00033148182
4.0048131e-09
-0.00033162955
1.7131978e-09
-0.00033149052
-0.00033139078
-1.5717428e-09
-0.00033121437
-3.9563821e-09
-0.00033131465
-1.8697193e-10
-0.00033145901
-1.0860515e-09
-0.00033130583
-9.1087799e-13
-0.00033136332
1.0886369e-09
-0.00033136316
1.9813384e-10
-0.00033130573
3.9752433e-09
-0.00033145909
1.5868561e-09
-0.00033131481
-0.0003312145
-1.2683837e-09
-0.00033103649
-3.9186269e-09
-0.00033113716
-1.5399099e-10
-0.00033128667
-1.0926775e-09
-0.00033112808
-8.4629753e-13
-0.00033118783
1.0952198e-09
-0.00033118767
1.6498407e-10
-0.00033112799
3.9376598e-09
-0.00033128676
1.283615e-09
-0.00033113732
-0.00033103664
-1.2235417e-09
-0.0003308585
-3.8850087e-09
-0.00033095984
-1.3163894e-10
-0.00033111417
-1.1008796e-09
-0.00033095042
-7.7556924e-13
-0.00033101233
1.1034401e-09
-0.00033101217
1.4252992e-10
-0.00033095033
3.9041954e-09
-0.00033111426
1.2389544e-09
-0.00033096001
-0.00033085867
-7.7611602e-10
-0.00033067873
-3.8360302e-09
-0.00033078014
-8.9677579e-11
-0.0003309394
-1.1030132e-09
-0.00033077073
-7.2152802e-13
-0.0003308347
1.1055271e-09
-0.00033083455
1.0019336e-10
-0.00033077064
3.8553893e-09
-0.00033093949
7.9152464e-10
-0.00033078031
-0.00033067892
-9.1578896e-10
-0.00033049999
-3.8011033e-09
-0.00033060197
-7.4822872e-11
-0.00033076571
-1.1113288e-09
-0.00033059242
-6.5061469e-13
-0.00033065835
1.1139197e-09
-0.00033065821
8.5241757e-11
-0.00033059233
3.8205954e-09
-0.00033076581
9.3147908e-10
-0.00033060214
-0.00033050018
-1.830764e-10
-0.00033031877
-3.7349427e-09
-0.00033042001
-1.9395537e-11
-0.00033058872
-1.1061176e-09
-0.00033041105
-6.0931991e-13
-0.00033047887
1.1086616e-09
-0.00033047873
2.8246462e-11
-0.00033041097
3.7546101e-09
-0.00033058882
1.980503e-10
-0.00033042018
-0.00033031898
-7.0592707e-10
-0.00033014027
-3.7044438e-09
-0.0003302419
-2.246556e-11
-0.00033041485
-1.1184346e-09
-0.00033023318
-5.3342413e-13
-0.00033030276
1.1211428e-09
-0.00033030262
3.1723952e-11
-0.00033023309
3.7242196e-09
-0.00033041496
7.2193415e-10
-0.00033024208
-0.00033014051
6.6016604e-10
-0.00032995783
-3.611159e-09
-0.00033005714
1.1165448e-10
-0.00033023558
-1.100402e-09
-0.00033005008
-5.0757992e-13
-0.00033012141
1.1030188e-09
-0.00033012128
-9.6972235e-11
-0.00033005
3.6311285e-09
-0.00033023569
-6.4327363e-10
-0.00033005732
-0.00032995808
-6.9576484e-10
-0.00032978045
-3.5975304e-09
-0.00032988016
3.5991857e-11
-0.00033006253
-1.1247664e-09
-0.00032987379
-4.2372186e-13
-0.00032994668
1.1276763e-09
-0.00032994655
-1.7976799e-11
-0.00032987371
3.6175748e-09
-0.00033006263
7.1214628e-10
-0.00032988035
-0.00032978072
1.8192629e-09
-0.00032959637
-3.4602808e-09
-0.0003296915
2.728742e-10
-0.00032988024
-1.0832659e-09
-0.00032968842
-4.2836935e-13
-0.00032976287
1.0859648e-09
-0.00032976275
-2.5955237e-10
-0.00032968833
3.4805262e-09
-0.00032988035
-1.8025325e-09
-0.0003296917
-0.00032959665
-1.0427063e-09
-0.0003294204
-3.485862e-09
-0.00032951676
6.9894832e-11
-0.00032970866
-1.1345881e-09
-0.00032951473
-3.3869886e-13
-0.00032959043
1.1377687e-09
-0.00032959032
-5.5664536e-11
-0.00032951464
3.5061462e-09
-0.00032970877
1.0593994e-09
-0.00032951696
-0.00032942068
3.4768934e-09
-0.00032923341
-3.2765356e-09
-0.00032932227
4.7892087e-10
-0.00032952169
-1.0509757e-09
-0.00032932576
-4.0419979e-13
-0.00032940272
1.053736e-09
-0.00032940263
-4.6615067e-10
-0.00032932566
3.2970184e-09
-0.0003295218
-3.4601009e-09
-0.00032932248
-0.00032923371
-1.9149182e-09
-0.00032905817
-3.3811188e-09
-0.00032915067
3.9693348e-11
-0.00032935153
-1.1540971e-09
-0.00032915518
-2.6785049e-13
-0.00032923283
1.1576274e-09
-0.00032923276
-2.6289128e-11
-0.00032915508
3.4015697e-09
-0.00032935164
1.9319136e-09
-0.00032915089
-0.00032905848
5.8680606e-09
-0.00032886602
-3.0520297e-09
-0.00032894741
7.5535222e-10
-0.00032915707
-9.9872558e-10
-0.00032896024
-3.6412072e-13
-0.00032903863
1.0014865e-09
-0.00032903858
-7.4293485e-10
-0.00032896013
3.0726962e-09
-0.00032915719
-5.8511582e-09
-0.00032894764
-0.00032886634
-3.5424219e-09
-0.00032868964
-3.3162176e-09
-0.00032877944
-7.6407743e-11
-0.00032898734
-1.1911367e-09
-0.00032879239
-8.2979089e-14
-0.00032887054
1.1950635e-09
-0.00032887053
8.9334921e-11
-0.00032879227
3.3366048e-09
-0.00032898746
3.559525e-09
-0.00032877967
-0.00032868997
9.2575469e-09
-0.00032848929
-2.7744108e-09
-0.00032856341
1.1312231e-09
-0.00032878161
-9.2038957e-10
-0.00032858793
-2.8139077e-13
-0.00032866602
9.2304991e-10
-0.00032866604
-1.1190745e-09
-0.00032858779
2.7952088e-09
-0.00032878173
-9.2404964e-09
-0.00032856363
-0.00032848962
-6.1832994e-09
-0.0003283088
-3.3245629e-09
-0.00032839896
-3.1697786e-10
-0.00032861047
-1.2542669e-09
-0.00032842127
5.1385076e-14
-0.00032849787
1.2586157e-09
-0.00032849794
3.2966011e-10
-0.00032842111
3.3447562e-09
-0.0003286106
6.2004768e-09
-0.00032839919
-0.00032830914
1.3942089e-08
-0.00032809721
-2.4232999e-09
-0.00032816527
1.6392011e-09
-0.00032838928
-8.0778415e-10
-0.00032820276
-2.1649929e-13
-0.00032827839
8.1022222e-10
-0.00032827851
-1.6272893e-09
-0.00032820258
2.4442203e-09
-0.00032838942
-1.3924864e-08
-0.00032816548
-0.00032809755
-1.0134095e-08
-0.00032790924
-3.4369062e-09
-0.00032800378
-7.1410279e-10
-0.0003282147
-1.3513693e-09
-0.00032803478
1.4748946e-13
-0.00032810759
1.3561174e-09
-0.00032810777
7.2674888e-10
-0.00032803458
3.4568374e-09
-0.00032821483
1.0151373e-08
-0.00032800398
-0.00032790958
2.0256379e-08
-0.00032768477
-1.9666364e-09
-0.00032774721
2.315403e-09
-0.00032797484
-6.4934772e-10
-0.00032779759
-2.2214166e-13
-0.00032786885
6.5142287e-10
-0.00032786908
-2.303683e-09
-0.00032779736
1.9877465e-09
-0.00032797497
-2.0238989e-08
-0.00032774738
-0.00032768511
-1.574177e-08
-0.00032748661
-3.68641e-09
-0.00032758813
-1.3036247e-09
-0.00032779568
-1.489834e-09
-0.00032762561
2.1710566e-13
-0.00032769317
1.4949793e-09
-0.00032769345
1.3164224e-09
-0.00032762536
3.7060528e-09
-0.00032779581
1.5759151e-08
-0.00032758826
-0.00032748696
2.8584456e-08
-0.00032725075
-1.3544483e-09
-0.00032730424
3.2001433e-09
-0.00032753654
-4.2707679e-10
-0.00032736651
-2.786605e-13
-0.00032743298
4.2865264e-10
-0.0003274333
-3.1885354e-09
-0.00032736624
1.3760227e-09
-0.00032753667
-2.8566979e-08
-0.00032730433
-0.00032725109
-2.3405321e-08
-0.00032704138
-4.1125704e-09
-0.00032714797
-2.1204951e-09
-0.0003273537
-1.6766632e-09
-0.00032718899
4.0102075e-13
-0.00032725197
1.6825475e-09
-0.00032725232
2.1336182e-09
-0.00032718871
4.1319459e-09
-0.00032735382
2.3422719e-08
-0.00032714803
-0.00032704172
3.9376965e-08
-0.00032680009
-4.8743365e-10
-0.00032683466
4.3385445e-09
-0.0003270786
-9.6078639e-11
-0.00032690822
-2.6160382e-13
-0.00032697212
9.7204936e-11
-0.00032697248
-4.3269475e-09
-0.00032690793
5.1123421e-10
-0.00032707871
-3.9359559e-08
-0.00032683467
-0.00032680043
-3.3583495e-08
-0.00032658047
-4.758941e-09
-0.00032668392
-3.1863571e-09
-0.00032689542
-1.9377017e-09
-0.00032672627
5.7086423e-13
-0.00032678828
1.9445593e-09
-0.00032678864
3.1999611e-09
-0.00032672598
4.7780979e-09
-0.00032689552
3.3600799e-08
-0.00032668388
-0.00032658081
5.3170738e-08
-0.00032634437
5.5779742e-10
-0.00032634278
5.7780898e-09
-0.00032661198
2.4358341e-10
-0.00032642908
-3.1392965e-13
-0.00032649581
-2.4358269e-10
-0.00032649614
-5.7664125e-09
-0.00032642879
-5.4070611e-10
-0.00032661206
-5.3153626e-08
-0.00032634272
-0.00032634471
-4.6818102e-08
-0.00032611665
-5.664743e-09
-0.00032620355
-4.5327688e-09
-0.00032643358
-2.2763049e-09
-0.00032624721
7.1098767e-13
-0.00032631452
2.2843103e-09
-0.00032631483
4.5470158e-09
-0.00032624694
5.6836663e-09
-0.00032643364
4.6835183e-08
-0.00032620347
-0.00032611699
7.0603749e-08
-0.00032589989
1.7342181e-09
-0.00032584061
7.5614903e-09
-0.00032615255
6.4817331e-10
-0.00032594427
-3.6986999e-13
-0.00032602088
-6.4917703e-10
-0.00032602113
-7.5496761e-09
-0.00032594403
-1.7158458e-09
-0.00032615259
-7.0587152e-08
-0.00032584053
-0.00032590023
-6.3745039e-08
-0.00032566582
-6.8703452e-09
-0.00032572204
-6.1962139e-09
-0.00032598424
-2.6961931e-09
-0.00032576952
8.5662887e-13
-0.00032584884
2.705788e-09
-0.00032584906
6.2112235e-09
-0.0003257693
6.8889249e-09
-0.00032598425
6.3761804e-08
-0.00032572196
-0.00032566616
9.241917e-08
-0.00032548427
3.2653161e-09
-0.00032534704
9.7156969e-09
-0.00032571724
1.1663271e-09
-0.0003254752
-4.2004349e-13
-0.00032556761
-1.1686547e-09
-0.00032556776
-9.7037431e-09
-0.00032547502
-3.2463227e-09
-0.00032571723
-9.2403217e-08
-0.00032534698
-0.00032548461
-8.5113896e-08
-0.00032524342
-8.4168263e-09
-0.00032525946
-8.219104e-09
-0.0003255628
-3.2043945e-09
-0.00032531448
1.0077622e-12
-0.00032541026
3.2162138e-09
-0.00032541037
8.2349237e-09
-0.00032531433
8.4348375e-09
-0.00032556277
8.5130309e-08
-0.00032525944
-0.00032524376
1.1946714e-07
-0.00032511334
5.2142222e-09
-0.00032488284
1.2244101e-08
-0.00032532084
1.8076627e-09
-0.00032504344
-4.8175799e-13
-0.0003251542
-1.8116765e-09
-0.00032515426
-1.22321e-08
-0.00032504333
-5.1946871e-09
-0.00032532078
-1.1945185e-07
-0.00032488286
-0.00032511368
-1.1180412e-07
-0.00032486165
-1.0353599e-08
-0.0003248348
-1.0639261e-08
-0.00032518124
-3.8109086e-09
-0.00032490038
1.1620749e-12
-0.00032501347
3.8257323e-09
-0.00032501349
1.0655856e-08
-0.00032490029
1.0370714e-08
-0.00032518114
1.1182017e-07
-0.00032483486
-0.000324862
1.527217e-07
-0.00032479926
7.659664e-09
-0.00032446427
1.5129149e-08
-0.00032497398
2.5847753e-09
-0.00032466465
-5.7296182e-13
-0.00032479287
-2.5909521e-09
-0.00032479284
-1.5117314e-08
-0.00032466459
-7.6395232e-09
-0.00032497387
-1.5270704e-07
-0.00032446437
-0.0003247996
-1.4483382e-07
-0.00032452773
-1.2750181e-08
-0.00032445996
-1.3470894e-08
-0.00032484633
-4.5311844e-09
-0.00032453758
1.2489348e-12
-0.00032466604
4.5498798e-09
-0.00032466598
1.3488182e-08
-0.00032453751
1.2765967e-08
-0.00032484618
1.4484946e-07
-0.00032446009
-0.00032452808
1.933244e-07
-0.00032454959
1.0682489e-08
-0.00032409863
1.8343182e-08
-0.00032468245
3.5109648e-09
-0.00032434595
-6.7617168e-13
-0.00032448909
-3.5199651e-09
-0.00032448898
-1.8331842e-08
-0.0003243459
-1.0661577e-08
-0.00032468229
-1.9331043e-07
-0.00032409879
-0.00032454994
-1.8537611e-07
-0.00032424303
-1.5699871e-08
-0.00032413736
-1.6692116e-08
-0.00032455917
-5.3868088e-09
-0.00032422752
1.4384958e-12
-0.00032436857
5.410343e-09
-0.00032436844
1.6710068e-08
-0.00032422744
1.5713746e-08
-0.00032455898
1.8539123e-07
-0.00032413755
-0.00032424338
2.426492e-07
-0.00032436675
1.4359163e-08
-0.00032378468
2.1850409e-08
-0.00032444707
4.5987942e-09
-0.00032408742
-7.2666145e-13
-0.00032424317
-4.6115377e-09
-0.00032424299
-2.1839974e-08
-0.00032408734
-1.4337214e-08
-0.00032444688
-2.4263605e-07
-0.00032378488
-0.00032436709
-2.3480716e-07
-0.00032400315
-1.930992e-08
-0.0003238619
-2.0247058e-08
-0.00032431558
-6.4026497e-09
-0.0003239652
1.9957806e-12
-0.00032411651
6.4321859e-09
-0.00032411633
2.0265802e-08
-0.00032396509
1.9321096e-08
-0.00032431536
2.3482167e-07
-0.00032386213
-0.00032400349
3.023615e-07
-0.000324248
1.8764016e-08
-0.00032351606
2.5587448e-08
-0.00032426387
5.8604492e-09
-0.00032388496
-6.6016799e-13
-0.00032405159
-5.8781722e-09
-0.00032405136
-2.5578398e-08
-0.00032388486
-1.8740669e-08
-0.00032426365
-3.0234928e-07
-0.00032351628
-0.00032424834
-2.9477715e-07
-0.00032379909
-2.3688476e-08
-0.00032362475
-2.4050361e-08
-0.0003241073
-7.6032638e-09
-0.0003237421
2.8110409e-12
-0.00032390188
7.6402752e-09
-0.00032390168
2.4070256e-08
-0.00032374194
2.3695941e-08
-0.00032410706
2.9479098e-07
-0.000323625
-0.00032379942
3.7445457e-07
-0.00032418634
2.3979607e-08
-0.00032328368
2.9429539e-08
-0.00032412451
7.3103782e-09
-0.00032373153
-4.810588e-13
-0.00032390701
-7.3346307e-09
-0.00032390677
-2.9422511e-08
-0.0003237314
-2.3954363e-08
-0.00032412429
-3.7444332e-07
-0.00032328393
-0.00032418667
-3.6727995e-07
-0.00032361967
-2.8940722e-08
-0.00032341609
-2.7974863e-08
-0.00032392401
-9.0114638e-09
-0.00032354809
3.8391359e-12
-0.0003237146
9.0578058e-09
-0.00032371442
2.7996534e-08
-0.00032354789
2.8943282e-08
-0.00032392376
3.6729305e-07
-0.00032341635
-0.00032361999
4.6128328e-07
-0.00032417202
3.01073e-08
-0.00032307551
3.3157847e-08
-0.00032401723
8.9679194e-09
-0.0003236163
-2.4461471e-13
-0.0003237978
-9.0005568e-09
-0.00032379758
-3.3153771e-08
-0.00032361614
-3.007946e-08
-0.00032401701
-4.6127288e-07
-0.00032307577
-0.00032417235
-4.5470321e-07
-0.00032345424
-3.517678e-08
-0.00032322657
-3.181837e-08
-0.00032375569
-1.0649413e-08
-0.00032337273
5.0626491e-12
-0.00032354409
1.070734e-08
-0.00032354395
3.1842764e-08
-0.00032337248
3.517304e-08
-0.00032375543
4.5471544e-07
-0.00032322684
-0.00032345456
5.656198e-07
-0.00032419382
3.7269469e-08
-0.00032287481
3.6440791e-08
-0.00032392787
1.0857227e-08
-0.00032352397
1.2273216e-13
-0.00032370868
-1.0900435e-08
-0.00032370849
-3.6440973e-08
-0.00032352378
-3.7238052e-08
-0.00032392767
-5.6561009e-07
-0.00032287507
-0.00032419414
-5.5987811e-07
-0.00032329475
-4.251904e-08
-0.00032304789
-3.5271179e-08
-0.00032359444
-1.253917e-08
-0.00032320628
6.5035994e-12
-0.00032338099
1.2611318e-08
-0.00032338091
3.5299606e-08
-0.00032320597
4.2507331e-08
-0.00032359418
5.5988929e-07
-0.00032304818
-0.00032329505
6.9076288e-07
-0.000324239
4.560156e-08
-0.00032266084
3.882631e-08
-0.00032384022
1.3002122e-08
-0.00032343684
6.5302126e-13
-0.00032362272
-1.3058466e-08
-0.00032362256
-3.8832368e-08
-0.00032343664
-4.5565232e-08
-0.00032384002
-6.9075376e-07
-0.0003226611
-0.00032423931
-6.8616935e-07
-0.00032313642
-5.1103541e-08
-0.00032287348
-3.7887477e-08
-0.00032343561
-1.4700171e-08
-0.0003230415
8.3174682e-12
-0.00032321932
1.4789556e-08
-0.00032321935
3.7921539e-08
-0.00032304115
5.1081796e-08
-0.00032343535
6.8617929e-07
-0.00032287373
-0.00032313672
8.4066828e-07
-0.00032429447
5.525841e-08
-0.00032241287
3.9692452e-08
-0.00032373694
1.5423045e-08
-0.00032333814
9.2008774e-13
-0.00032352306
-1.5495479e-08
-0.00032352277
-3.9706081e-08
-0.00032333795
-5.5215391e-08
-0.00032373677
-8.4065972e-07
-0.00032241333
-0.00032429478
-8.3756992e-07
-0.00032297405
-6.1089355e-08
-0.00032269753
-3.9035938e-08
-0.00032327426
-1.7150523e-08
-0.00032287268
1.1745461e-11
-0.00032306031
1.726006e-08
-0.00032305419
3.9077289e-08
-0.0003228723
6.1054287e-08
-0.00032327399
8.375791e-07
-0.00032270529
-0.00032297434
1.0200322e-06
-0.00032435774
6.6436638e-08
-0.0003221203
3.8163219e-08
-0.00032360998
1.814422e-08
-0.00032322193
-8.274798e-13
-0.00032339116
-1.8234837e-08
-0.00032340198
-3.8186037e-08
-0.00032322178
-6.6382764e-08
-0.00032360983
-1.0200257e-06
-0.00032210772
-0.00032435804
-1.018881e-06
-0.00032302225
-7.2648032e-08
-0.00032280673
-3.7866488e-08
-0.00032332859
-1.9868281e-08
-0.00032296474
-2.594396e-11
-0.00032266328
2.0036767e-08
-0.00032312714
3.7913906e-08
-0.00032296431
7.2634833e-08
-0.00032332833
1.0188535e-06
-0.00032226043
-0.00032302254
1.2355718e-06
-0.00032425513
7.9477037e-08
-0.0003215452
3.3185096e-08
-0.00032327465
2.114405e-08
-0.00032287357
8.2858622e-11
-0.00032342016
-2.1320398e-08
-0.00032306055
-3.321281e-08
-0.00032287347
-7.947824e-08
-0.00032327452
-1.2355033e-06
-0.00032195864
-0.00032425543
-1.234201e-06
-0.00031469718
-8.6149676e-08
-0.00031221459
-3.3477596e-08
-0.00031488047
-2.4497241e-08
-0.00031303228
1.8223149e-09
-0.00033156624
2.3167558e-08
-0.00031390504
3.3644824e-08
-0.00031303296
8.4718259e-08
-0.00031487835
1.2355154e-06
-0.00033251978
-0.00031469658
1.4897982e-06
-0.00032510158
9.4486536e-08
-0.00032188238
2.3076929e-08
-0.00032384522
2.6211849e-08
-0.00032347094
-1.9553606e-09
-0.00032247306
-2.4726493e-08
-0.00032364572
-2.3272851e-08
-0.00032347101
-9.2931492e-08
-0.00032384502
-1.4912015e-06
-0.00032076702
-0.00032510179
-1.4885349e-06
-0.00036050079
-1.0048826e-07
-0.00036005993
-2.5430456e-08
-0.00036083354
-2.2565307e-08
-0.00036029956
-7.8610373e-09
-0.00028448297
2.6699309e-08
-0.00036054362
2.4961993e-08
-0.00036030061
1.0660012e-07
-0.00036083432
1.4833934e-06
-0.00028419585
-0.00036050143
1.7918469e-06
-0.0003246523
1.105635e-07
-0.00032088117
6.1698113e-09
-0.00032306123
2.4435927e-08
-0.00032277395
7.9901555e-09
-0.00032280306
-2.8574175e-08
-0.00032290993
-4.9307695e-09
-0.00032277391
-1.1670108e-07
-0.00032306121
-1.7866458e-06
-0.00032077248
-0.00032465259
-1.7962488e-06
-0.00028569915
-1.168844e-07
-0.00028559124
-8.7954558e-09
-0.00028598324
-3.6691583e-08
-0.00028572347
7.7433064e-09
-0.0003587483
2.9781786e-08
-0.00028583801
9.8669997e-09
-0.00028572457
1.1208508e-07
-0.0002859833
1.8011212e-06
-0.00035820629
-0.00028569925
2.1574497e-06
-0.00032464404
1.2888393e-07
-0.00032016226
-1.6922896e-08
-0.00032265027
3.8872721e-08
-0.00032243978
-7.6989724e-09
-0.00032268256
-3.1946941e-08
-0.00032254247
1.6026011e-08
-0.00032243978
-1.2401292e-07
-0.00032265035
-2.1623084e-06
-0.00032030476
-0.00032464433
-2.1739448e-06
-0.00035598021
-1.3474814e-07
-0.00035540467
1.3811877e-08
-0.00035631949
-3.0221726e-08
-0.00035570408
-7.1091307e-09
-0.00028813918
3.408147e-08
-0.0003559885
-1.4715896e-08
-0.00035570496
1.4004781e-07
-0.00035632006
2.1693239e-06
-0.00028795834
-0.00035598075
2.6031311e-06
-0.00032490577
1.4858252e-07
-0.00031959778
-5.0814074e-08
-0.0003224306
3.2625133e-08
-0.00032233393
7.0958543e-09
-0.00032221461
-3.6507938e-08
-0.00032238446
5.1223813e-08
-0.00032233397
-1.5381047e-07
-0.00032243075
-2.5985265e-06
-0.00031942574
-0.00032490602
-2.6288092e-06
-0.00029119875
-1.5399414e-07
-0.00029140714
4.7809299e-08
-0.0002915508
-4.3523254e-08
-0.00029145029
6.4750779e-09
-0.00035211001
3.8021048e-08
-0.00029148961
-4.7351302e-08
-0.00029145092
1.4979782e-07
-0.00029155086
2.6329552e-06
-0.00035148596
-0.00029119881
3.1439605e-06
-0.00032482161
1.6986503e-07
-0.00031851551
-1.0311822e-07
-0.00032175845
4.6151977e-08
-0.00032181127
-6.4190121e-09
-0.00032199587
-4.0701295e-08
-0.00032179015
1.0281214e-07
-0.00032181132
-1.6565166e-07
-0.00032175868
-3.1480729e-06
-0.0003187245
-0.00032482186
-3.1786897e-06
-0.00034677905
-1.7509782e-07
-0.00034610788
9.7775558e-08
-0.00034715744
-3.9370308e-08
-0.00034644545
-5.281365e-09
-0.00029620922
4.2789917e-08
-0.00034677145
-9.7987546e-08
-0.00034644569
1.7890741e-07
-0.00034715782
3.1753607e-06
-0.00029626488
-0.00034677924
3.7997464e-06
-0.00032516411
1.9311915e-07
-0.00031765812
-1.7743285e-07
-0.00032138411
4.2240556e-08
-0.00032163256
5.25434e-09
-0.00032126213
-4.5672397e-08
-0.00032151495
1.7760755e-07
-0.00032163268
-1.9688119e-07
-0.00032138432
-3.796448e-06
-0.00031740149
-0.00032516434
-3.8497893e-06
-0.0003023153
-1.9734695e-07
-0.00030309765
1.7162552e-07
-0.00030279275
-5.0292539e-08
-0.00030294391
3.9559969e-09
-0.00033949159
4.7318674e-08
-0.00030285794
-1.7145024e-07
-0.00030294416
1.946909e-07
-0.00030279283
3.8522905e-06
-0.00033875627
-0.00030231548
4.5942703e-06
-0.00032504181
2.1757019e-07
-0.00031607482
-2.8341301e-07
-0.00032038943
5.3265228e-08
-0.00032087937
-3.873065e-09
-0.00032096731
-5.0314616e-08
-0.0003206424
2.8328242e-07
-0.00032087953
-2.1494622e-07
-0.00032038968
-4.5967238e-06
-0.00031640118
-0.0003250421
-4.8967955e-06
-0.00032905343
-2.2121216e-07
-0.00032880148
2.749455e-07
-0.00032986641
-5.0710041e-08
-0.00032881657
-1.7420801e-09
-0.00031261333
5.2207112e-08
-0.00032929262
-2.7498337e-07
-0.00032881632
2.2233778e-07
-0.0003298664
4.8957755e-06
-0.00031319754
-0.00032905342
-6.0371152e-07
2.4123447e-07
-4.3061914e-07
5.3813184e-08
1.6917286e-09
-5.5225607e-08
4.3065679e-07
-2.4230956e-07
6.0474848e-07
)
;

boundaryField
{
    left
    {
        type            calculated;
        value           uniform 0;
    }
    right
    {
        type            calculated;
        value           uniform 0;
    }
    walls
    {
        type            calculated;
        value           uniform 0;
    }
    centreline
    {
        type            calculated;
        value           nonuniform List<scalar> 
20
(
-0.00031932609
-0.00031932616
-0.00032090256
-0.00032136223
-0.00032000316
-0.00032000314
-0.00032079914
-0.00032079921
-0.00031991718
-0.00031991722
-0.00031991741
-0.00032040865
-0.0003207994
-0.00032079953
-0.00032000346
-0.00032000337
-0.00032090266
-0.00032090264
-0.00031932641
-0.00031932642
)
;
    }
    frontAndBack
    {
        type            calculated;
        value           uniform 0;
    }
}


// ************************************************************************* //
