/*--------------------------------*- C++ -*----------------------------------*\
  =========                 |
  \\      /  F ield         | OpenFOAM: The Open Source CFD Toolbox
   \\    /   O peration     | Website:  https://openfoam.org
    \\  /    A nd           | Version:  8
     \\/     M anipulation  |
\*---------------------------------------------------------------------------*/
FoamFile
{
    version     2.0;
    format      ascii;
    class       volScalarField;
    location    "0.4";
    object      rho;
}
// * * * * * * * * * * * * * * * * * * * * * * * * * * * * * * * * * * * * * //

dimensions      [1 -3 0 0 0 0 0];

internalField   nonuniform List<scalar> 
2000
(
0.031610425
0.031610425
0.031610425
0.031610425
0.031610425
0.031610425
0.031610425
0.031610425
0.031610425
0.031610425
0.030488492
0.030488492
0.030488492
0.030488492
0.030488492
0.030488492
0.030488492
0.030488492
0.030488492
0.030488492
0.030371601
0.030371601
0.030371601
0.030371601
0.030371601
0.030371601
0.030371601
0.030371601
0.030371601
0.030371601
0.030363608
0.030363608
0.030363608
0.030363608
0.030363608
0.030363608
0.030363608
0.030363608
0.030363608
0.030363608
0.030363196
0.030363196
0.030363196
0.030363196
0.030363196
0.030363196
0.030363196
0.030363196
0.030363196
0.030363196
0.03036318
0.03036318
0.03036318
0.03036318
0.03036318
0.03036318
0.03036318
0.03036318
0.03036318
0.03036318
0.030363179
0.030363179
0.030363179
0.030363179
0.030363179
0.030363179
0.030363179
0.030363179
0.030363179
0.030363179
0.030363179
0.030363179
0.030363179
0.030363179
0.030363179
0.030363179
0.030363179
0.030363179
0.030363179
0.030363179
0.030363179
0.030363179
0.030363179
0.030363179
0.030363179
0.030363179
0.030363179
0.030363179
0.030363179
0.030363179
0.030363179
0.030363179
0.030363179
0.030363179
0.030363179
0.030363179
0.030363179
0.030363179
0.030363179
0.030363179
0.030363179
0.030363179
0.030363179
0.030363179
0.030363179
0.030363179
0.030363179
0.030363179
0.030363179
0.030363179
0.030363179
0.030363179
0.030363179
0.030363179
0.030363179
0.030363179
0.030363179
0.030363179
0.030363179
0.030363179
0.030363179
0.030363179
0.030363179
0.030363179
0.030363179
0.030363179
0.030363179
0.030363179
0.030363179
0.030363179
0.030363179
0.030363179
0.030363179
0.030363179
0.030363179
0.030363179
0.030363179
0.030363179
0.030363179
0.030363179
0.030363178
0.030363178
0.030363178
0.030363178
0.030363178
0.030363178
0.030363178
0.030363178
0.030363178
0.030363178
0.030363178
0.030363178
0.030363178
0.030363178
0.030363178
0.030363178
0.030363178
0.030363178
0.030363178
0.030363178
0.030363178
0.030363178
0.030363178
0.030363178
0.030363178
0.030363178
0.030363178
0.030363178
0.030363178
0.030363178
0.030363178
0.030363178
0.030363178
0.030363178
0.030363178
0.030363178
0.030363178
0.030363178
0.030363178
0.030363178
0.030363178
0.030363178
0.030363178
0.030363178
0.030363178
0.030363178
0.030363178
0.030363178
0.030363178
0.030363178
0.030363178
0.030363178
0.030363178
0.030363178
0.030363178
0.030363178
0.030363178
0.030363178
0.030363178
0.030363178
0.030363178
0.030363178
0.030363178
0.030363178
0.030363178
0.030363178
0.030363178
0.030363178
0.030363178
0.030363178
0.030363178
0.030363178
0.030363178
0.030363178
0.030363178
0.030363178
0.030363178
0.030363178
0.030363178
0.030363178
0.030363178
0.030363178
0.030363178
0.030363178
0.030363178
0.030363178
0.030363178
0.030363178
0.030363178
0.030363178
0.030363178
0.030363178
0.030363178
0.030363178
0.030363178
0.030363178
0.030363178
0.030363178
0.030363178
0.030363178
0.030363178
0.030363178
0.030363178
0.030363178
0.030363178
0.030363178
0.030363178
0.030363178
0.030363178
0.030363178
0.030363178
0.030363178
0.030363178
0.030363178
0.030363178
0.030363178
0.030363178
0.030363178
0.030363178
0.030363178
0.030363178
0.030363178
0.030363178
0.030363178
0.030363178
0.030363178
0.030363178
0.030363178
0.030363178
0.030363178
0.030363178
0.030363178
0.030363178
0.030363178
0.030363178
0.030363178
0.030363178
0.030363178
0.030363178
0.030363178
0.030363178
0.030363178
0.030363178
0.030363178
0.030363178
0.030363178
0.030363178
0.030363178
0.030363178
0.030363178
0.030363178
0.030363178
0.030363178
0.030363178
0.030363178
0.030363178
0.030363178
0.030363178
0.030363178
0.030363178
0.030363178
0.030363178
0.030363178
0.030363178
0.030363178
0.030363178
0.030363178
0.030363178
0.030363178
0.030363178
0.030363178
0.030363177
0.030363178
0.030363177
0.030363178
0.030363178
0.030363177
0.030363178
0.030363177
0.030363178
0.030363178
0.030363178
0.030363178
0.030363178
0.030363178
0.030363178
0.030363178
0.030363178
0.030363178
0.030363178
0.030363177
0.030363177
0.030363177
0.030363177
0.030363177
0.030363177
0.030363177
0.030363177
0.030363177
0.030363177
0.030363178
0.030363178
0.030363178
0.030363178
0.030363178
0.030363178
0.030363178
0.030363178
0.030363178
0.030363178
0.030363177
0.030363177
0.030363177
0.030363177
0.030363177
0.030363177
0.030363177
0.030363177
0.030363177
0.030363177
0.030363178
0.030363178
0.030363178
0.030363178
0.030363178
0.030363178
0.030363178
0.030363178
0.030363178
0.030363178
0.030363176
0.030363176
0.030363176
0.030363176
0.030363176
0.030363176
0.030363176
0.030363176
0.030363176
0.030363176
0.030363178
0.030363178
0.030363178
0.030363178
0.030363178
0.030363178
0.030363178
0.030363178
0.030363178
0.030363178
0.030363175
0.030363175
0.030363176
0.030363175
0.030363175
0.030363175
0.030363175
0.030363176
0.030363175
0.030363175
0.030363179
0.030363179
0.030363179
0.030363179
0.030363179
0.030363179
0.030363179
0.030363179
0.030363179
0.030363179
0.030363174
0.030363174
0.030363174
0.030363174
0.030363174
0.030363174
0.030363174
0.030363174
0.030363174
0.030363174
0.030363181
0.030363181
0.030363181
0.030363181
0.030363181
0.030363181
0.030363181
0.030363181
0.030363181
0.030363181
0.030363172
0.030363172
0.030363172
0.030363172
0.030363172
0.030363172
0.030363172
0.030363172
0.030363172
0.030363172
0.030363183
0.030363183
0.030363183
0.030363183
0.030363183
0.030363183
0.030363183
0.030363183
0.030363183
0.030363183
0.030363169
0.030363169
0.030363169
0.030363169
0.030363169
0.030363169
0.030363169
0.030363169
0.030363169
0.030363169
0.030363187
0.030363187
0.030363187
0.030363187
0.030363187
0.030363187
0.030363187
0.030363187
0.030363187
0.030363187
0.030363164
0.030363164
0.030363164
0.030363164
0.030363164
0.030363164
0.030363164
0.030363164
0.030363164
0.030363164
0.030363192
0.030363192
0.030363192
0.030363192
0.030363192
0.030363192
0.030363192
0.030363192
0.030363192
0.030363192
0.030363158
0.030363158
0.030363158
0.030363158
0.030363158
0.030363158
0.030363158
0.030363158
0.030363158
0.030363158
0.030363199
0.030363199
0.030363199
0.030363199
0.030363199
0.030363199
0.030363199
0.030363199
0.030363199
0.030363199
0.030363151
0.030363151
0.030363151
0.030363151
0.030363151
0.030363151
0.030363151
0.030363151
0.030363151
0.030363151
0.030363207
0.030363207
0.030363207
0.030363207
0.030363207
0.030363207
0.030363207
0.030363207
0.030363207
0.030363207
0.030363141
0.030363141
0.030363141
0.030363141
0.030363141
0.030363141
0.030363141
0.030363141
0.030363141
0.030363141
0.030363218
0.030363218
0.030363218
0.030363218
0.030363218
0.030363218
0.030363218
0.030363218
0.030363218
0.030363218
0.030363129
0.030363129
0.030363129
0.030363129
0.030363129
0.030363129
0.030363129
0.030363129
0.030363129
0.030363129
0.030363231
0.030363232
0.030363232
0.030363232
0.030363232
0.030363232
0.030363232
0.030363232
0.030363232
0.030363231
0.030363115
0.030363115
0.030363115
0.030363115
0.030363115
0.030363115
0.030363115
0.030363115
0.030363115
0.030363115
0.030363247
0.030363248
0.030363248
0.030363248
0.030363248
0.030363248
0.030363248
0.030363248
0.030363248
0.030363247
0.030363098
0.030363098
0.030363098
0.030363098
0.030363098
0.030363098
0.030363098
0.030363098
0.030363098
0.030363098
0.030363266
0.030363267
0.030363266
0.030363267
0.030363266
0.030363266
0.030363267
0.030363266
0.030363267
0.030363266
0.030363078
0.030363078
0.030363078
0.030363078
0.030363078
0.030363078
0.030363078
0.030363078
0.030363078
0.030363078
0.030363288
0.030363288
0.030363288
0.030363288
0.030363288
0.030363288
0.030363288
0.030363288
0.030363288
0.030363288
0.030363055
0.030363055
0.030363055
0.030363055
0.030363055
0.030363055
0.030363055
0.030363055
0.030363055
0.030363055
0.030363313
0.030363314
0.030363313
0.030363313
0.030363313
0.030363313
0.030363313
0.030363313
0.030363314
0.030363313
0.030363029
0.030363029
0.030363029
0.030363029
0.030363029
0.030363029
0.030363029
0.030363029
0.030363029
0.030363029
0.030363341
0.030363342
0.030363341
0.030363342
0.030363342
0.030363342
0.030363342
0.030363341
0.030363342
0.030363341
0.030363
0.030362999
0.030363
0.030362999
0.030363
0.030363
0.030362999
0.030363
0.030362999
0.030363
0.030363373
0.030363373
0.030363373
0.030363373
0.030363373
0.030363373
0.030363373
0.030363373
0.030363373
0.030363373
0.030362968
0.030362967
0.030362967
0.030362967
0.030362967
0.030362967
0.030362967
0.030362967
0.030362967
0.030362968
0.030363407
0.030363408
0.030363408
0.030363408
0.030363408
0.030363408
0.030363408
0.030363408
0.030363408
0.030363407
0.030362932
0.030362931
0.030362932
0.030362931
0.030362931
0.030362931
0.030362931
0.030362932
0.030362931
0.030362932
0.030363445
0.030363447
0.030363446
0.030363446
0.030363446
0.030363446
0.030363446
0.030363446
0.030363447
0.030363445
0.030362893
0.030362892
0.030362893
0.030362892
0.030362892
0.030362892
0.030362892
0.030362893
0.030362892
0.030362893
0.030363487
0.030363488
0.030363487
0.030363488
0.030363488
0.030363488
0.030363488
0.030363487
0.030363488
0.030363487
0.030362851
0.03036285
0.030362851
0.03036285
0.03036285
0.03036285
0.03036285
0.030362851
0.03036285
0.030362851
0.030363532
0.030363533
0.030363532
0.030363533
0.030363532
0.030363532
0.030363533
0.030363532
0.030363533
0.030363532
0.030362806
0.030362804
0.030362806
0.030362805
0.030362805
0.030362805
0.030362805
0.030362806
0.030362804
0.030362806
0.03036358
0.030363581
0.03036358
0.030363581
0.03036358
0.03036358
0.030363581
0.03036358
0.030363581
0.03036358
0.030362758
0.030362756
0.030362757
0.030362756
0.030362757
0.030362757
0.030362756
0.030362757
0.030362756
0.030362758
0.030363631
0.030363633
0.030363631
0.030363632
0.030363632
0.030363632
0.030363632
0.030363631
0.030363633
0.030363631
0.030362706
0.030362704
0.030362706
0.030362705
0.030362705
0.030362705
0.030362705
0.030362706
0.030362704
0.030362706
0.030363686
0.030363688
0.030363686
0.030363687
0.030363687
0.030363687
0.030363687
0.030363686
0.030363688
0.030363686
0.030362651
0.030362649
0.030362651
0.03036265
0.03036265
0.03036265
0.03036265
0.030362651
0.030362649
0.030362651
0.030363742
0.030363748
0.030363743
0.030363744
0.030363746
0.030363746
0.030363744
0.030363743
0.030363748
0.030363742
0.030362595
0.030362589
0.030362594
0.030362593
0.03036259
0.03036259
0.030362593
0.030362594
0.030362589
0.030362595
0.030363812
0.030363803
0.030363813
0.030363814
0.030363802
0.030363802
0.030363814
0.030363813
0.030363803
0.030363812
0.030362525
0.030362534
0.030362524
0.030362522
0.030362535
0.030362535
0.030362522
0.030362524
0.030362534
0.030362525
0.030363867
0.030363881
0.030363867
0.030363869
0.03036388
0.03036388
0.030363869
0.030363867
0.030363881
0.030363867
0.03036247
0.030362455
0.030362469
0.030362467
0.030362457
0.030362457
0.030362467
0.030362469
0.030362455
0.03036247
0.030363948
0.030363941
0.030363949
0.030363951
0.030363939
0.030363939
0.030363951
0.030363949
0.030363941
0.030363948
0.030362389
0.030362395
0.030362388
0.030362386
0.030362397
0.030362397
0.030362386
0.030362388
0.030362395
0.030362389
0.030364013
0.030364026
0.030364014
0.030364016
0.030364024
0.030364024
0.030364016
0.030364014
0.030364026
0.030364013
0.030362323
0.03036231
0.030362322
0.03036232
0.030362312
0.030362312
0.03036232
0.030362322
0.03036231
0.030362323
0.030364102
0.030364099
0.030364103
0.030364105
0.030364097
0.030364097
0.030364105
0.030364103
0.030364099
0.030364102
0.030362235
0.030362236
0.030362233
0.030362231
0.030362239
0.030362239
0.030362231
0.030362233
0.030362236
0.030362235
0.030364182
0.030364193
0.030364184
0.030364187
0.030364191
0.030364191
0.030364187
0.030364184
0.030364193
0.030364182
0.030362153
0.030362142
0.030362151
0.030362149
0.030362145
0.030362145
0.030362149
0.030362151
0.030362142
0.030362153
0.030364281
0.030364285
0.030364283
0.030364285
0.030364282
0.030364282
0.030364285
0.030364283
0.030364285
0.030364281
0.030362057
0.030362052
0.030362055
0.030362052
0.030362055
0.030362055
0.030362052
0.030362055
0.030362052
0.030362057
0.031610425
0.031610425
0.031610425
0.031610425
0.031610425
0.031610425
0.031610425
0.031610425
0.031610425
0.031610425
0.030488492
0.030488492
0.030488492
0.030488492
0.030488492
0.030488492
0.030488492
0.030488492
0.030488492
0.030488492
0.030371601
0.030371601
0.030371601
0.030371601
0.030371601
0.030371601
0.030371601
0.030371601
0.030371601
0.030371601
0.030363608
0.030363608
0.030363608
0.030363608
0.030363608
0.030363608
0.030363608
0.030363608
0.030363608
0.030363608
0.030363196
0.030363196
0.030363196
0.030363196
0.030363196
0.030363196
0.030363196
0.030363196
0.030363196
0.030363196
0.03036318
0.03036318
0.03036318
0.03036318
0.03036318
0.03036318
0.03036318
0.03036318
0.03036318
0.03036318
0.030363179
0.030363179
0.030363179
0.030363179
0.030363179
0.030363179
0.030363179
0.030363179
0.030363179
0.030363179
0.030363179
0.030363179
0.030363179
0.030363179
0.030363179
0.030363179
0.030363179
0.030363179
0.030363179
0.030363179
0.030363179
0.030363179
0.030363179
0.030363179
0.030363179
0.030363179
0.030363179
0.030363179
0.030363179
0.030363179
0.030363179
0.030363179
0.030363179
0.030363179
0.030363179
0.030363179
0.030363179
0.030363179
0.030363179
0.030363179
0.030363179
0.030363179
0.030363179
0.030363179
0.030363179
0.030363179
0.030363179
0.030363179
0.030363179
0.030363179
0.030363179
0.030363179
0.030363179
0.030363179
0.030363179
0.030363179
0.030363179
0.030363179
0.030363179
0.030363179
0.030363179
0.030363179
0.030363179
0.030363179
0.030363179
0.030363179
0.030363179
0.030363179
0.030363179
0.030363179
0.030363179
0.030363179
0.030363179
0.030363179
0.030363179
0.030363179
0.030363179
0.030363179
0.030363179
0.030363179
0.030363178
0.030363178
0.030363178
0.030363178
0.030363178
0.030363178
0.030363178
0.030363178
0.030363178
0.030363178
0.030363178
0.030363178
0.030363178
0.030363178
0.030363178
0.030363178
0.030363178
0.030363178
0.030363178
0.030363178
0.030363178
0.030363178
0.030363178
0.030363178
0.030363178
0.030363178
0.030363178
0.030363178
0.030363178
0.030363178
0.030363178
0.030363178
0.030363178
0.030363178
0.030363178
0.030363178
0.030363178
0.030363178
0.030363178
0.030363178
0.030363178
0.030363178
0.030363178
0.030363178
0.030363178
0.030363178
0.030363178
0.030363178
0.030363178
0.030363178
0.030363178
0.030363178
0.030363178
0.030363178
0.030363178
0.030363178
0.030363178
0.030363178
0.030363178
0.030363178
0.030363178
0.030363178
0.030363178
0.030363178
0.030363178
0.030363178
0.030363178
0.030363178
0.030363178
0.030363178
0.030363178
0.030363178
0.030363178
0.030363178
0.030363178
0.030363178
0.030363178
0.030363178
0.030363178
0.030363178
0.030363178
0.030363178
0.030363178
0.030363178
0.030363178
0.030363178
0.030363178
0.030363178
0.030363178
0.030363178
0.030363178
0.030363178
0.030363178
0.030363178
0.030363178
0.030363178
0.030363178
0.030363178
0.030363178
0.030363178
0.030363178
0.030363178
0.030363178
0.030363178
0.030363178
0.030363178
0.030363178
0.030363178
0.030363178
0.030363178
0.030363178
0.030363178
0.030363178
0.030363178
0.030363178
0.030363178
0.030363178
0.030363178
0.030363178
0.030363178
0.030363178
0.030363178
0.030363178
0.030363178
0.030363178
0.030363178
0.030363178
0.030363178
0.030363178
0.030363178
0.030363178
0.030363178
0.030363178
0.030363178
0.030363178
0.030363178
0.030363178
0.030363178
0.030363178
0.030363178
0.030363178
0.030363178
0.030363178
0.030363178
0.030363178
0.030363178
0.030363178
0.030363178
0.030363178
0.030363178
0.030363178
0.030363178
0.030363178
0.030363178
0.030363178
0.030363178
0.030363178
0.030363178
0.030363178
0.030363178
0.030363178
0.030363178
0.030363178
0.030363178
0.030363178
0.030363178
0.030363178
0.030363178
0.030363178
0.030363178
0.030363178
0.030363177
0.030363178
0.030363177
0.030363178
0.030363178
0.030363177
0.030363178
0.030363177
0.030363178
0.030363178
0.030363178
0.030363178
0.030363178
0.030363178
0.030363178
0.030363178
0.030363178
0.030363178
0.030363178
0.030363177
0.030363177
0.030363177
0.030363177
0.030363177
0.030363177
0.030363177
0.030363177
0.030363177
0.030363177
0.030363178
0.030363178
0.030363178
0.030363178
0.030363178
0.030363178
0.030363178
0.030363178
0.030363178
0.030363178
0.030363177
0.030363177
0.030363177
0.030363177
0.030363177
0.030363177
0.030363177
0.030363177
0.030363177
0.030363177
0.030363178
0.030363178
0.030363178
0.030363178
0.030363178
0.030363178
0.030363178
0.030363178
0.030363178
0.030363178
0.030363176
0.030363176
0.030363176
0.030363176
0.030363176
0.030363176
0.030363176
0.030363176
0.030363176
0.030363176
0.030363178
0.030363178
0.030363178
0.030363178
0.030363178
0.030363178
0.030363178
0.030363178
0.030363178
0.030363178
0.030363175
0.030363175
0.030363176
0.030363175
0.030363175
0.030363175
0.030363175
0.030363176
0.030363175
0.030363175
0.030363179
0.030363179
0.030363179
0.030363179
0.030363179
0.030363179
0.030363179
0.030363179
0.030363179
0.030363179
0.030363174
0.030363174
0.030363174
0.030363174
0.030363174
0.030363174
0.030363174
0.030363174
0.030363174
0.030363174
0.030363181
0.030363181
0.030363181
0.030363181
0.030363181
0.030363181
0.030363181
0.030363181
0.030363181
0.030363181
0.030363172
0.030363172
0.030363172
0.030363172
0.030363172
0.030363172
0.030363172
0.030363172
0.030363172
0.030363172
0.030363183
0.030363183
0.030363183
0.030363183
0.030363183
0.030363183
0.030363183
0.030363183
0.030363183
0.030363183
0.030363169
0.030363169
0.030363169
0.030363169
0.030363169
0.030363169
0.030363169
0.030363169
0.030363169
0.030363169
0.030363187
0.030363187
0.030363187
0.030363187
0.030363187
0.030363187
0.030363187
0.030363187
0.030363187
0.030363187
0.030363164
0.030363164
0.030363164
0.030363164
0.030363164
0.030363164
0.030363164
0.030363164
0.030363164
0.030363164
0.030363192
0.030363192
0.030363192
0.030363192
0.030363192
0.030363192
0.030363192
0.030363192
0.030363192
0.030363192
0.030363158
0.030363158
0.030363158
0.030363158
0.030363158
0.030363158
0.030363158
0.030363158
0.030363158
0.030363158
0.030363199
0.030363199
0.030363199
0.030363199
0.030363199
0.030363199
0.030363199
0.030363199
0.030363199
0.030363199
0.030363151
0.030363151
0.030363151
0.030363151
0.030363151
0.030363151
0.030363151
0.030363151
0.030363151
0.030363151
0.030363207
0.030363207
0.030363207
0.030363207
0.030363207
0.030363207
0.030363207
0.030363207
0.030363207
0.030363207
0.030363141
0.030363141
0.030363141
0.030363141
0.030363141
0.030363141
0.030363141
0.030363141
0.030363141
0.030363141
0.030363218
0.030363218
0.030363218
0.030363218
0.030363218
0.030363218
0.030363218
0.030363218
0.030363218
0.030363218
0.030363129
0.030363129
0.030363129
0.030363129
0.030363129
0.030363129
0.030363129
0.030363129
0.030363129
0.030363129
0.030363231
0.030363232
0.030363232
0.030363232
0.030363232
0.030363232
0.030363232
0.030363232
0.030363232
0.030363231
0.030363115
0.030363115
0.030363115
0.030363115
0.030363115
0.030363115
0.030363115
0.030363115
0.030363115
0.030363115
0.030363247
0.030363248
0.030363248
0.030363248
0.030363248
0.030363248
0.030363248
0.030363248
0.030363248
0.030363247
0.030363098
0.030363098
0.030363098
0.030363098
0.030363098
0.030363098
0.030363098
0.030363098
0.030363098
0.030363098
0.030363266
0.030363267
0.030363266
0.030363267
0.030363266
0.030363266
0.030363267
0.030363266
0.030363267
0.030363266
0.030363078
0.030363078
0.030363078
0.030363078
0.030363078
0.030363078
0.030363078
0.030363078
0.030363078
0.030363078
0.030363288
0.030363288
0.030363288
0.030363288
0.030363288
0.030363288
0.030363288
0.030363288
0.030363288
0.030363288
0.030363055
0.030363055
0.030363055
0.030363055
0.030363055
0.030363055
0.030363055
0.030363055
0.030363055
0.030363055
0.030363313
0.030363314
0.030363313
0.030363313
0.030363313
0.030363313
0.030363313
0.030363313
0.030363314
0.030363313
0.030363029
0.030363029
0.030363029
0.030363029
0.030363029
0.030363029
0.030363029
0.030363029
0.030363029
0.030363029
0.030363341
0.030363342
0.030363341
0.030363342
0.030363342
0.030363342
0.030363342
0.030363341
0.030363342
0.030363341
0.030363
0.030362999
0.030363
0.030362999
0.030363
0.030363
0.030362999
0.030363
0.030362999
0.030363
0.030363373
0.030363373
0.030363373
0.030363373
0.030363373
0.030363373
0.030363373
0.030363373
0.030363373
0.030363373
0.030362968
0.030362967
0.030362967
0.030362967
0.030362967
0.030362967
0.030362967
0.030362967
0.030362967
0.030362968
0.030363407
0.030363408
0.030363408
0.030363408
0.030363408
0.030363408
0.030363408
0.030363408
0.030363408
0.030363407
0.030362932
0.030362931
0.030362932
0.030362931
0.030362931
0.030362931
0.030362931
0.030362932
0.030362931
0.030362932
0.030363445
0.030363447
0.030363446
0.030363446
0.030363446
0.030363446
0.030363446
0.030363446
0.030363447
0.030363445
0.030362893
0.030362892
0.030362893
0.030362892
0.030362892
0.030362892
0.030362892
0.030362893
0.030362892
0.030362893
0.030363487
0.030363488
0.030363487
0.030363488
0.030363488
0.030363488
0.030363488
0.030363487
0.030363488
0.030363487
0.030362851
0.03036285
0.030362851
0.03036285
0.03036285
0.03036285
0.03036285
0.030362851
0.03036285
0.030362851
0.030363532
0.030363533
0.030363532
0.030363533
0.030363532
0.030363532
0.030363533
0.030363532
0.030363533
0.030363532
0.030362806
0.030362804
0.030362806
0.030362805
0.030362805
0.030362805
0.030362805
0.030362806
0.030362804
0.030362806
0.03036358
0.030363581
0.03036358
0.030363581
0.03036358
0.03036358
0.030363581
0.03036358
0.030363581
0.03036358
0.030362758
0.030362756
0.030362757
0.030362756
0.030362757
0.030362757
0.030362756
0.030362757
0.030362756
0.030362758
0.030363631
0.030363633
0.030363631
0.030363632
0.030363632
0.030363632
0.030363632
0.030363631
0.030363633
0.030363631
0.030362706
0.030362704
0.030362706
0.030362705
0.030362705
0.030362705
0.030362705
0.030362706
0.030362704
0.030362706
0.030363686
0.030363688
0.030363686
0.030363687
0.030363687
0.030363687
0.030363687
0.030363686
0.030363688
0.030363686
0.030362651
0.030362649
0.030362651
0.03036265
0.03036265
0.03036265
0.03036265
0.030362651
0.030362649
0.030362651
0.030363742
0.030363744
0.030363743
0.030363744
0.030363746
0.030363744
0.030363744
0.030363743
0.030363748
0.030363742
0.030362595
0.030362593
0.030362594
0.030362593
0.03036259
0.030362593
0.030362593
0.030362594
0.030362589
0.030362595
0.030363812
0.030363815
0.030363813
0.030363814
0.030363802
0.030363814
0.030363814
0.030363813
0.030363803
0.030363812
0.030362525
0.030362522
0.030362524
0.030362522
0.030362535
0.030362523
0.030362522
0.030362524
0.030362534
0.030362525
0.030363867
0.03036387
0.030363867
0.030363869
0.03036388
0.030363868
0.030363869
0.030363867
0.030363881
0.030363867
0.03036247
0.030362467
0.030362469
0.030362467
0.030362457
0.030362468
0.030362467
0.030362469
0.030362455
0.03036247
0.030363948
0.030363951
0.030363949
0.030363951
0.030363939
0.03036395
0.030363951
0.030363949
0.030363941
0.030363948
0.030362389
0.030362385
0.030362388
0.030362386
0.030362397
0.030362387
0.030362386
0.030362388
0.030362395
0.030362389
0.030364013
0.030364017
0.030364014
0.030364016
0.030364024
0.030364015
0.030364016
0.030364014
0.030364026
0.030364013
0.030362323
0.030362319
0.030362322
0.03036232
0.030362312
0.030362321
0.03036232
0.030362322
0.03036231
0.030362323
0.030364102
0.030364107
0.030364103
0.030364105
0.030364097
0.030364104
0.030364105
0.030364103
0.030364099
0.030364102
0.030362235
0.030362229
0.030362233
0.030362231
0.030362239
0.030362232
0.030362231
0.030362233
0.030362236
0.030362235
0.030364182
0.030364188
0.030364184
0.030364187
0.030364191
0.030364185
0.030364187
0.030364184
0.030364193
0.030364182
0.030362153
0.030362147
0.030362151
0.030362149
0.030362145
0.03036215
0.030362149
0.030362151
0.030362142
0.030362153
0.030364281
0.030364287
0.030364283
0.030364285
0.030364282
0.030364284
0.030364285
0.030364283
0.030364285
0.030364281
0.030362057
0.03036205
0.030362055
0.030362052
0.030362055
0.030362053
0.030362052
0.030362055
0.030362052
0.030362057
)
;

boundaryField
{
    left
    {
        type            calculated;
        value           nonuniform List<scalar> 
200
(
0.031610425
0.030488492
0.030371601
0.030363608
0.030363196
0.03036318
0.030363179
0.030363179
0.030363179
0.030363179
0.030363179
0.030363179
0.030363179
0.030363179
0.030363178
0.030363178
0.030363178
0.030363178
0.030363178
0.030363178
0.030363178
0.030363178
0.030363178
0.030363178
0.030363178
0.030363178
0.030363178
0.030363178
0.030363178
0.030363178
0.030363178
0.030363178
0.030363178
0.030363177
0.030363178
0.030363177
0.030363178
0.030363176
0.030363178
0.030363175
0.030363179
0.030363174
0.030363181
0.030363172
0.030363183
0.030363169
0.030363187
0.030363164
0.030363192
0.030363158
0.030363199
0.030363151
0.030363207
0.030363141
0.030363218
0.030363129
0.030363231
0.030363115
0.030363247
0.030363098
0.030363266
0.030363078
0.030363288
0.030363055
0.030363313
0.030363029
0.030363341
0.030363
0.030363373
0.030362968
0.030363407
0.030362932
0.030363445
0.030362893
0.030363487
0.030362851
0.030363532
0.030362806
0.03036358
0.030362758
0.030363631
0.030362706
0.030363686
0.030362651
0.030363742
0.030362595
0.030363812
0.030362525
0.030363867
0.03036247
0.030363948
0.030362389
0.030364013
0.030362323
0.030364102
0.030362235
0.030364182
0.030362153
0.030364281
0.030362057
0.031610425
0.030488492
0.030371601
0.030363608
0.030363196
0.03036318
0.030363179
0.030363179
0.030363179
0.030363179
0.030363179
0.030363179
0.030363179
0.030363179
0.030363178
0.030363178
0.030363178
0.030363178
0.030363178
0.030363178
0.030363178
0.030363178
0.030363178
0.030363178
0.030363178
0.030363178
0.030363178
0.030363178
0.030363178
0.030363178
0.030363178
0.030363178
0.030363178
0.030363177
0.030363178
0.030363177
0.030363178
0.030363176
0.030363178
0.030363175
0.030363179
0.030363174
0.030363181
0.030363172
0.030363183
0.030363169
0.030363187
0.030363164
0.030363192
0.030363158
0.030363199
0.030363151
0.030363207
0.030363141
0.030363218
0.030363129
0.030363231
0.030363115
0.030363247
0.030363098
0.030363266
0.030363078
0.030363288
0.030363055
0.030363313
0.030363029
0.030363341
0.030363
0.030363373
0.030362968
0.030363407
0.030362932
0.030363445
0.030362893
0.030363487
0.030362851
0.030363532
0.030362806
0.03036358
0.030362758
0.030363631
0.030362706
0.030363686
0.030362651
0.030363742
0.030362595
0.030363812
0.030362525
0.030363867
0.03036247
0.030363948
0.030362389
0.030364013
0.030362323
0.030364102
0.030362235
0.030364182
0.030362153
0.030364281
0.030362057
)
;
    }
    right
    {
        type            calculated;
        value           nonuniform List<scalar> 
200
(
0.031610425
0.030488492
0.030371601
0.030363608
0.030363196
0.03036318
0.030363179
0.030363179
0.030363179
0.030363179
0.030363179
0.030363179
0.030363179
0.030363179
0.030363178
0.030363178
0.030363178
0.030363178
0.030363178
0.030363178
0.030363178
0.030363178
0.030363178
0.030363178
0.030363178
0.030363178
0.030363178
0.030363178
0.030363178
0.030363178
0.030363178
0.030363178
0.030363178
0.030363177
0.030363178
0.030363177
0.030363178
0.030363176
0.030363178
0.030363175
0.030363179
0.030363174
0.030363181
0.030363172
0.030363183
0.030363169
0.030363187
0.030363164
0.030363192
0.030363158
0.030363199
0.030363151
0.030363207
0.030363141
0.030363218
0.030363129
0.030363231
0.030363115
0.030363247
0.030363098
0.030363266
0.030363078
0.030363288
0.030363055
0.030363313
0.030363029
0.030363341
0.030363
0.030363373
0.030362968
0.030363407
0.030362932
0.030363445
0.030362893
0.030363487
0.030362851
0.030363532
0.030362806
0.03036358
0.030362758
0.030363631
0.030362706
0.030363686
0.030362651
0.030363742
0.030362595
0.030363812
0.030362525
0.030363867
0.03036247
0.030363948
0.030362389
0.030364013
0.030362323
0.030364102
0.030362235
0.030364182
0.030362153
0.030364281
0.030362057
0.031610425
0.030488492
0.030371601
0.030363608
0.030363196
0.03036318
0.030363179
0.030363179
0.030363179
0.030363179
0.030363179
0.030363179
0.030363179
0.030363179
0.030363178
0.030363178
0.030363178
0.030363178
0.030363178
0.030363178
0.030363178
0.030363178
0.030363178
0.030363178
0.030363178
0.030363178
0.030363178
0.030363178
0.030363178
0.030363178
0.030363178
0.030363178
0.030363178
0.030363177
0.030363178
0.030363177
0.030363178
0.030363176
0.030363178
0.030363175
0.030363179
0.030363174
0.030363181
0.030363172
0.030363183
0.030363169
0.030363187
0.030363164
0.030363192
0.030363158
0.030363199
0.030363151
0.030363207
0.030363141
0.030363218
0.030363129
0.030363231
0.030363115
0.030363247
0.030363098
0.030363266
0.030363078
0.030363288
0.030363055
0.030363313
0.030363029
0.030363341
0.030363
0.030363373
0.030362968
0.030363407
0.030362932
0.030363445
0.030362893
0.030363487
0.030362851
0.030363532
0.030362806
0.03036358
0.030362758
0.030363631
0.030362706
0.030363686
0.030362651
0.030363742
0.030362595
0.030363812
0.030362525
0.030363867
0.03036247
0.030363948
0.030362389
0.030364013
0.030362323
0.030364102
0.030362235
0.030364182
0.030362153
0.030364281
0.030362057
)
;
    }
    walls
    {
        type            calculated;
        value           nonuniform List<scalar> 
20
(
0.031401201
0.031401201
0.031401201
0.031401201
0.031401201
0.031401201
0.031401201
0.031401201
0.031401201
0.031401201
0.031401201
0.031401201
0.031401201
0.031401201
0.031401201
0.031401201
0.031401201
0.031401201
0.031401201
0.031401201
)
;
    }
    centreline
    {
        type            calculated;
        value           uniform 0.030363209;
    }
    frontAndBack
    {
        type            calculated;
        value           nonuniform List<scalar> 
2000
(
0.031610425
0.030488492
0.030371601
0.030363608
0.030363196
0.03036318
0.030363179
0.030363179
0.030363179
0.030363179
0.030363179
0.030363179
0.030363179
0.030363179
0.030363178
0.030363178
0.030363178
0.030363178
0.030363178
0.030363178
0.030363178
0.030363178
0.030363178
0.030363178
0.030363178
0.030363178
0.030363178
0.030363178
0.030363178
0.030363178
0.030363178
0.030363178
0.030363178
0.030363177
0.030363178
0.030363177
0.030363178
0.030363176
0.030363178
0.030363175
0.030363179
0.030363174
0.030363181
0.030363172
0.030363183
0.030363169
0.030363187
0.030363164
0.030363192
0.030363158
0.030363199
0.030363151
0.030363207
0.030363141
0.030363218
0.030363129
0.030363231
0.030363115
0.030363247
0.030363098
0.030363266
0.030363078
0.030363288
0.030363055
0.030363313
0.030363029
0.030363341
0.030363
0.030363373
0.030362968
0.030363407
0.030362932
0.030363445
0.030362893
0.030363487
0.030362851
0.030363532
0.030362806
0.03036358
0.030362758
0.030363631
0.030362706
0.030363686
0.030362651
0.030363742
0.030362595
0.030363812
0.030362525
0.030363867
0.03036247
0.030363948
0.030362389
0.030364013
0.030362323
0.030364102
0.030362235
0.030364182
0.030362153
0.030364281
0.030362057
0.031610425
0.030488492
0.030371601
0.030363608
0.030363196
0.03036318
0.030363179
0.030363179
0.030363179
0.030363179
0.030363179
0.030363179
0.030363179
0.030363179
0.030363178
0.030363178
0.030363178
0.030363178
0.030363178
0.030363178
0.030363178
0.030363178
0.030363178
0.030363178
0.030363178
0.030363178
0.030363178
0.030363178
0.030363178
0.030363178
0.030363178
0.030363177
0.030363178
0.030363177
0.030363178
0.030363177
0.030363178
0.030363176
0.030363178
0.030363175
0.030363179
0.030363174
0.030363181
0.030363172
0.030363183
0.030363169
0.030363187
0.030363164
0.030363192
0.030363158
0.030363199
0.030363151
0.030363207
0.030363141
0.030363218
0.030363129
0.030363232
0.030363115
0.030363248
0.030363098
0.030363267
0.030363078
0.030363288
0.030363055
0.030363314
0.030363029
0.030363342
0.030362999
0.030363373
0.030362967
0.030363408
0.030362931
0.030363447
0.030362892
0.030363488
0.03036285
0.030363533
0.030362804
0.030363581
0.030362756
0.030363633
0.030362704
0.030363688
0.030362649
0.030363748
0.030362589
0.030363803
0.030362534
0.030363881
0.030362455
0.030363941
0.030362395
0.030364026
0.03036231
0.030364099
0.030362236
0.030364193
0.030362142
0.030364285
0.030362052
0.031610425
0.030488492
0.030371601
0.030363608
0.030363196
0.03036318
0.030363179
0.030363179
0.030363179
0.030363179
0.030363179
0.030363179
0.030363179
0.030363179
0.030363178
0.030363178
0.030363178
0.030363178
0.030363178
0.030363178
0.030363178
0.030363178
0.030363178
0.030363178
0.030363178
0.030363178
0.030363178
0.030363178
0.030363178
0.030363178
0.030363178
0.030363178
0.030363178
0.030363177
0.030363178
0.030363177
0.030363178
0.030363176
0.030363178
0.030363176
0.030363179
0.030363174
0.030363181
0.030363172
0.030363183
0.030363169
0.030363187
0.030363164
0.030363192
0.030363158
0.030363199
0.030363151
0.030363207
0.030363141
0.030363218
0.030363129
0.030363232
0.030363115
0.030363248
0.030363098
0.030363266
0.030363078
0.030363288
0.030363055
0.030363313
0.030363029
0.030363341
0.030363
0.030363373
0.030362967
0.030363408
0.030362932
0.030363446
0.030362893
0.030363487
0.030362851
0.030363532
0.030362806
0.03036358
0.030362757
0.030363631
0.030362706
0.030363686
0.030362651
0.030363743
0.030362594
0.030363813
0.030362524
0.030363867
0.030362469
0.030363949
0.030362388
0.030364014
0.030362322
0.030364103
0.030362233
0.030364184
0.030362151
0.030364283
0.030362055
0.031610425
0.030488492
0.030371601
0.030363608
0.030363196
0.03036318
0.030363179
0.030363179
0.030363179
0.030363179
0.030363179
0.030363179
0.030363179
0.030363179
0.030363178
0.030363178
0.030363178
0.030363178
0.030363178
0.030363178
0.030363178
0.030363178
0.030363178
0.030363178
0.030363178
0.030363178
0.030363178
0.030363178
0.030363178
0.030363178
0.030363178
0.030363177
0.030363178
0.030363177
0.030363178
0.030363177
0.030363178
0.030363176
0.030363178
0.030363175
0.030363179
0.030363174
0.030363181
0.030363172
0.030363183
0.030363169
0.030363187
0.030363164
0.030363192
0.030363158
0.030363199
0.030363151
0.030363207
0.030363141
0.030363218
0.030363129
0.030363232
0.030363115
0.030363248
0.030363098
0.030363267
0.030363078
0.030363288
0.030363055
0.030363313
0.030363029
0.030363342
0.030362999
0.030363373
0.030362967
0.030363408
0.030362931
0.030363446
0.030362892
0.030363488
0.03036285
0.030363533
0.030362805
0.030363581
0.030362756
0.030363632
0.030362705
0.030363687
0.03036265
0.030363744
0.030362593
0.030363814
0.030362522
0.030363869
0.030362467
0.030363951
0.030362386
0.030364016
0.03036232
0.030364105
0.030362231
0.030364187
0.030362149
0.030364285
0.030362052
0.031610425
0.030488492
0.030371601
0.030363608
0.030363196
0.03036318
0.030363179
0.030363179
0.030363179
0.030363179
0.030363179
0.030363179
0.030363179
0.030363179
0.030363178
0.030363178
0.030363178
0.030363178
0.030363178
0.030363178
0.030363178
0.030363178
0.030363178
0.030363178
0.030363178
0.030363178
0.030363178
0.030363178
0.030363178
0.030363178
0.030363178
0.030363178
0.030363178
0.030363177
0.030363178
0.030363177
0.030363178
0.030363176
0.030363178
0.030363175
0.030363179
0.030363174
0.030363181
0.030363172
0.030363183
0.030363169
0.030363187
0.030363164
0.030363192
0.030363158
0.030363199
0.030363151
0.030363207
0.030363141
0.030363218
0.030363129
0.030363232
0.030363115
0.030363248
0.030363098
0.030363266
0.030363078
0.030363288
0.030363055
0.030363313
0.030363029
0.030363342
0.030363
0.030363373
0.030362967
0.030363408
0.030362931
0.030363446
0.030362892
0.030363488
0.03036285
0.030363532
0.030362805
0.03036358
0.030362757
0.030363632
0.030362705
0.030363687
0.03036265
0.030363746
0.03036259
0.030363802
0.030362535
0.03036388
0.030362457
0.030363939
0.030362397
0.030364024
0.030362312
0.030364097
0.030362239
0.030364191
0.030362145
0.030364282
0.030362055
0.031610425
0.030488492
0.030371601
0.030363608
0.030363196
0.03036318
0.030363179
0.030363179
0.030363179
0.030363179
0.030363179
0.030363179
0.030363179
0.030363179
0.030363178
0.030363178
0.030363178
0.030363178
0.030363178
0.030363178
0.030363178
0.030363178
0.030363178
0.030363178
0.030363178
0.030363178
0.030363178
0.030363178
0.030363178
0.030363178
0.030363178
0.030363178
0.030363178
0.030363177
0.030363178
0.030363177
0.030363178
0.030363176
0.030363178
0.030363175
0.030363179
0.030363174
0.030363181
0.030363172
0.030363183
0.030363169
0.030363187
0.030363164
0.030363192
0.030363158
0.030363199
0.030363151
0.030363207
0.030363141
0.030363218
0.030363129
0.030363232
0.030363115
0.030363248
0.030363098
0.030363266
0.030363078
0.030363288
0.030363055
0.030363313
0.030363029
0.030363342
0.030363
0.030363373
0.030362967
0.030363408
0.030362931
0.030363446
0.030362892
0.030363488
0.03036285
0.030363532
0.030362805
0.03036358
0.030362757
0.030363632
0.030362705
0.030363687
0.03036265
0.030363746
0.03036259
0.030363802
0.030362535
0.03036388
0.030362457
0.030363939
0.030362397
0.030364024
0.030362312
0.030364097
0.030362239
0.030364191
0.030362145
0.030364282
0.030362055
0.031610425
0.030488492
0.030371601
0.030363608
0.030363196
0.03036318
0.030363179
0.030363179
0.030363179
0.030363179
0.030363179
0.030363179
0.030363179
0.030363179
0.030363178
0.030363178
0.030363178
0.030363178
0.030363178
0.030363178
0.030363178
0.030363178
0.030363178
0.030363178
0.030363178
0.030363178
0.030363178
0.030363178
0.030363178
0.030363178
0.030363178
0.030363177
0.030363178
0.030363177
0.030363178
0.030363177
0.030363178
0.030363176
0.030363178
0.030363175
0.030363179
0.030363174
0.030363181
0.030363172
0.030363183
0.030363169
0.030363187
0.030363164
0.030363192
0.030363158
0.030363199
0.030363151
0.030363207
0.030363141
0.030363218
0.030363129
0.030363232
0.030363115
0.030363248
0.030363098
0.030363267
0.030363078
0.030363288
0.030363055
0.030363313
0.030363029
0.030363342
0.030362999
0.030363373
0.030362967
0.030363408
0.030362931
0.030363446
0.030362892
0.030363488
0.03036285
0.030363533
0.030362805
0.030363581
0.030362756
0.030363632
0.030362705
0.030363687
0.03036265
0.030363744
0.030362593
0.030363814
0.030362522
0.030363869
0.030362467
0.030363951
0.030362386
0.030364016
0.03036232
0.030364105
0.030362231
0.030364187
0.030362149
0.030364285
0.030362052
0.031610425
0.030488492
0.030371601
0.030363608
0.030363196
0.03036318
0.030363179
0.030363179
0.030363179
0.030363179
0.030363179
0.030363179
0.030363179
0.030363179
0.030363178
0.030363178
0.030363178
0.030363178
0.030363178
0.030363178
0.030363178
0.030363178
0.030363178
0.030363178
0.030363178
0.030363178
0.030363178
0.030363178
0.030363178
0.030363178
0.030363178
0.030363178
0.030363178
0.030363177
0.030363178
0.030363177
0.030363178
0.030363176
0.030363178
0.030363176
0.030363179
0.030363174
0.030363181
0.030363172
0.030363183
0.030363169
0.030363187
0.030363164
0.030363192
0.030363158
0.030363199
0.030363151
0.030363207
0.030363141
0.030363218
0.030363129
0.030363232
0.030363115
0.030363248
0.030363098
0.030363266
0.030363078
0.030363288
0.030363055
0.030363313
0.030363029
0.030363341
0.030363
0.030363373
0.030362967
0.030363408
0.030362932
0.030363446
0.030362893
0.030363487
0.030362851
0.030363532
0.030362806
0.03036358
0.030362757
0.030363631
0.030362706
0.030363686
0.030362651
0.030363743
0.030362594
0.030363813
0.030362524
0.030363867
0.030362469
0.030363949
0.030362388
0.030364014
0.030362322
0.030364103
0.030362233
0.030364184
0.030362151
0.030364283
0.030362055
0.031610425
0.030488492
0.030371601
0.030363608
0.030363196
0.03036318
0.030363179
0.030363179
0.030363179
0.030363179
0.030363179
0.030363179
0.030363179
0.030363179
0.030363178
0.030363178
0.030363178
0.030363178
0.030363178
0.030363178
0.030363178
0.030363178
0.030363178
0.030363178
0.030363178
0.030363178
0.030363178
0.030363178
0.030363178
0.030363178
0.030363178
0.030363177
0.030363178
0.030363177
0.030363178
0.030363177
0.030363178
0.030363176
0.030363178
0.030363175
0.030363179
0.030363174
0.030363181
0.030363172
0.030363183
0.030363169
0.030363187
0.030363164
0.030363192
0.030363158
0.030363199
0.030363151
0.030363207
0.030363141
0.030363218
0.030363129
0.030363232
0.030363115
0.030363248
0.030363098
0.030363267
0.030363078
0.030363288
0.030363055
0.030363314
0.030363029
0.030363342
0.030362999
0.030363373
0.030362967
0.030363408
0.030362931
0.030363447
0.030362892
0.030363488
0.03036285
0.030363533
0.030362804
0.030363581
0.030362756
0.030363633
0.030362704
0.030363688
0.030362649
0.030363748
0.030362589
0.030363803
0.030362534
0.030363881
0.030362455
0.030363941
0.030362395
0.030364026
0.03036231
0.030364099
0.030362236
0.030364193
0.030362142
0.030364285
0.030362052
0.031610425
0.030488492
0.030371601
0.030363608
0.030363196
0.03036318
0.030363179
0.030363179
0.030363179
0.030363179
0.030363179
0.030363179
0.030363179
0.030363179
0.030363178
0.030363178
0.030363178
0.030363178
0.030363178
0.030363178
0.030363178
0.030363178
0.030363178
0.030363178
0.030363178
0.030363178
0.030363178
0.030363178
0.030363178
0.030363178
0.030363178
0.030363178
0.030363178
0.030363177
0.030363178
0.030363177
0.030363178
0.030363176
0.030363178
0.030363175
0.030363179
0.030363174
0.030363181
0.030363172
0.030363183
0.030363169
0.030363187
0.030363164
0.030363192
0.030363158
0.030363199
0.030363151
0.030363207
0.030363141
0.030363218
0.030363129
0.030363231
0.030363115
0.030363247
0.030363098
0.030363266
0.030363078
0.030363288
0.030363055
0.030363313
0.030363029
0.030363341
0.030363
0.030363373
0.030362968
0.030363407
0.030362932
0.030363445
0.030362893
0.030363487
0.030362851
0.030363532
0.030362806
0.03036358
0.030362758
0.030363631
0.030362706
0.030363686
0.030362651
0.030363742
0.030362595
0.030363812
0.030362525
0.030363867
0.03036247
0.030363948
0.030362389
0.030364013
0.030362323
0.030364102
0.030362235
0.030364182
0.030362153
0.030364281
0.030362057
0.031610425
0.030488492
0.030371601
0.030363608
0.030363196
0.03036318
0.030363179
0.030363179
0.030363179
0.030363179
0.030363179
0.030363179
0.030363179
0.030363179
0.030363178
0.030363178
0.030363178
0.030363178
0.030363178
0.030363178
0.030363178
0.030363178
0.030363178
0.030363178
0.030363178
0.030363178
0.030363178
0.030363178
0.030363178
0.030363178
0.030363178
0.030363178
0.030363178
0.030363177
0.030363178
0.030363177
0.030363178
0.030363176
0.030363178
0.030363175
0.030363179
0.030363174
0.030363181
0.030363172
0.030363183
0.030363169
0.030363187
0.030363164
0.030363192
0.030363158
0.030363199
0.030363151
0.030363207
0.030363141
0.030363218
0.030363129
0.030363231
0.030363115
0.030363247
0.030363098
0.030363266
0.030363078
0.030363288
0.030363055
0.030363313
0.030363029
0.030363341
0.030363
0.030363373
0.030362968
0.030363407
0.030362932
0.030363445
0.030362893
0.030363487
0.030362851
0.030363532
0.030362806
0.03036358
0.030362758
0.030363631
0.030362706
0.030363686
0.030362651
0.030363742
0.030362595
0.030363812
0.030362525
0.030363867
0.03036247
0.030363948
0.030362389
0.030364013
0.030362323
0.030364102
0.030362235
0.030364182
0.030362153
0.030364281
0.030362057
0.031610425
0.030488492
0.030371601
0.030363608
0.030363196
0.03036318
0.030363179
0.030363179
0.030363179
0.030363179
0.030363179
0.030363179
0.030363179
0.030363179
0.030363178
0.030363178
0.030363178
0.030363178
0.030363178
0.030363178
0.030363178
0.030363178
0.030363178
0.030363178
0.030363178
0.030363178
0.030363178
0.030363178
0.030363178
0.030363178
0.030363178
0.030363177
0.030363178
0.030363177
0.030363178
0.030363177
0.030363178
0.030363176
0.030363178
0.030363175
0.030363179
0.030363174
0.030363181
0.030363172
0.030363183
0.030363169
0.030363187
0.030363164
0.030363192
0.030363158
0.030363199
0.030363151
0.030363207
0.030363141
0.030363218
0.030363129
0.030363232
0.030363115
0.030363248
0.030363098
0.030363267
0.030363078
0.030363288
0.030363055
0.030363314
0.030363029
0.030363342
0.030362999
0.030363373
0.030362967
0.030363408
0.030362931
0.030363447
0.030362892
0.030363488
0.03036285
0.030363533
0.030362804
0.030363581
0.030362756
0.030363633
0.030362704
0.030363688
0.030362649
0.030363744
0.030362593
0.030363815
0.030362522
0.03036387
0.030362467
0.030363951
0.030362385
0.030364017
0.030362319
0.030364107
0.030362229
0.030364188
0.030362147
0.030364287
0.03036205
0.031610425
0.030488492
0.030371601
0.030363608
0.030363196
0.03036318
0.030363179
0.030363179
0.030363179
0.030363179
0.030363179
0.030363179
0.030363179
0.030363179
0.030363178
0.030363178
0.030363178
0.030363178
0.030363178
0.030363178
0.030363178
0.030363178
0.030363178
0.030363178
0.030363178
0.030363178
0.030363178
0.030363178
0.030363178
0.030363178
0.030363178
0.030363178
0.030363178
0.030363177
0.030363178
0.030363177
0.030363178
0.030363176
0.030363178
0.030363176
0.030363179
0.030363174
0.030363181
0.030363172
0.030363183
0.030363169
0.030363187
0.030363164
0.030363192
0.030363158
0.030363199
0.030363151
0.030363207
0.030363141
0.030363218
0.030363129
0.030363232
0.030363115
0.030363248
0.030363098
0.030363266
0.030363078
0.030363288
0.030363055
0.030363313
0.030363029
0.030363341
0.030363
0.030363373
0.030362967
0.030363408
0.030362932
0.030363446
0.030362893
0.030363487
0.030362851
0.030363532
0.030362806
0.03036358
0.030362757
0.030363631
0.030362706
0.030363686
0.030362651
0.030363743
0.030362594
0.030363813
0.030362524
0.030363867
0.030362469
0.030363949
0.030362388
0.030364014
0.030362322
0.030364103
0.030362233
0.030364184
0.030362151
0.030364283
0.030362055
0.031610425
0.030488492
0.030371601
0.030363608
0.030363196
0.03036318
0.030363179
0.030363179
0.030363179
0.030363179
0.030363179
0.030363179
0.030363179
0.030363179
0.030363178
0.030363178
0.030363178
0.030363178
0.030363178
0.030363178
0.030363178
0.030363178
0.030363178
0.030363178
0.030363178
0.030363178
0.030363178
0.030363178
0.030363178
0.030363178
0.030363178
0.030363177
0.030363178
0.030363177
0.030363178
0.030363177
0.030363178
0.030363176
0.030363178
0.030363175
0.030363179
0.030363174
0.030363181
0.030363172
0.030363183
0.030363169
0.030363187
0.030363164
0.030363192
0.030363158
0.030363199
0.030363151
0.030363207
0.030363141
0.030363218
0.030363129
0.030363232
0.030363115
0.030363248
0.030363098
0.030363267
0.030363078
0.030363288
0.030363055
0.030363313
0.030363029
0.030363342
0.030362999
0.030363373
0.030362967
0.030363408
0.030362931
0.030363446
0.030362892
0.030363488
0.03036285
0.030363533
0.030362805
0.030363581
0.030362756
0.030363632
0.030362705
0.030363687
0.03036265
0.030363744
0.030362593
0.030363814
0.030362522
0.030363869
0.030362467
0.030363951
0.030362386
0.030364016
0.03036232
0.030364105
0.030362231
0.030364187
0.030362149
0.030364285
0.030362052
0.031610425
0.030488492
0.030371601
0.030363608
0.030363196
0.03036318
0.030363179
0.030363179
0.030363179
0.030363179
0.030363179
0.030363179
0.030363179
0.030363179
0.030363178
0.030363178
0.030363178
0.030363178
0.030363178
0.030363178
0.030363178
0.030363178
0.030363178
0.030363178
0.030363178
0.030363178
0.030363178
0.030363178
0.030363178
0.030363178
0.030363178
0.030363178
0.030363178
0.030363177
0.030363178
0.030363177
0.030363178
0.030363176
0.030363178
0.030363175
0.030363179
0.030363174
0.030363181
0.030363172
0.030363183
0.030363169
0.030363187
0.030363164
0.030363192
0.030363158
0.030363199
0.030363151
0.030363207
0.030363141
0.030363218
0.030363129
0.030363232
0.030363115
0.030363248
0.030363098
0.030363266
0.030363078
0.030363288
0.030363055
0.030363313
0.030363029
0.030363342
0.030363
0.030363373
0.030362967
0.030363408
0.030362931
0.030363446
0.030362892
0.030363488
0.03036285
0.030363532
0.030362805
0.03036358
0.030362757
0.030363632
0.030362705
0.030363687
0.03036265
0.030363746
0.03036259
0.030363802
0.030362535
0.03036388
0.030362457
0.030363939
0.030362397
0.030364024
0.030362312
0.030364097
0.030362239
0.030364191
0.030362145
0.030364282
0.030362055
0.031610425
0.030488492
0.030371601
0.030363608
0.030363196
0.03036318
0.030363179
0.030363179
0.030363179
0.030363179
0.030363179
0.030363179
0.030363179
0.030363179
0.030363178
0.030363178
0.030363178
0.030363178
0.030363178
0.030363178
0.030363178
0.030363178
0.030363178
0.030363178
0.030363178
0.030363178
0.030363178
0.030363178
0.030363178
0.030363178
0.030363178
0.030363178
0.030363178
0.030363177
0.030363178
0.030363177
0.030363178
0.030363176
0.030363178
0.030363175
0.030363179
0.030363174
0.030363181
0.030363172
0.030363183
0.030363169
0.030363187
0.030363164
0.030363192
0.030363158
0.030363199
0.030363151
0.030363207
0.030363141
0.030363218
0.030363129
0.030363232
0.030363115
0.030363248
0.030363098
0.030363266
0.030363078
0.030363288
0.030363055
0.030363313
0.030363029
0.030363342
0.030363
0.030363373
0.030362967
0.030363408
0.030362931
0.030363446
0.030362892
0.030363488
0.03036285
0.030363532
0.030362805
0.03036358
0.030362757
0.030363632
0.030362705
0.030363687
0.03036265
0.030363744
0.030362593
0.030363814
0.030362523
0.030363868
0.030362468
0.03036395
0.030362387
0.030364015
0.030362321
0.030364104
0.030362232
0.030364185
0.03036215
0.030364284
0.030362053
0.031610425
0.030488492
0.030371601
0.030363608
0.030363196
0.03036318
0.030363179
0.030363179
0.030363179
0.030363179
0.030363179
0.030363179
0.030363179
0.030363179
0.030363178
0.030363178
0.030363178
0.030363178
0.030363178
0.030363178
0.030363178
0.030363178
0.030363178
0.030363178
0.030363178
0.030363178
0.030363178
0.030363178
0.030363178
0.030363178
0.030363178
0.030363177
0.030363178
0.030363177
0.030363178
0.030363177
0.030363178
0.030363176
0.030363178
0.030363175
0.030363179
0.030363174
0.030363181
0.030363172
0.030363183
0.030363169
0.030363187
0.030363164
0.030363192
0.030363158
0.030363199
0.030363151
0.030363207
0.030363141
0.030363218
0.030363129
0.030363232
0.030363115
0.030363248
0.030363098
0.030363267
0.030363078
0.030363288
0.030363055
0.030363313
0.030363029
0.030363342
0.030362999
0.030363373
0.030362967
0.030363408
0.030362931
0.030363446
0.030362892
0.030363488
0.03036285
0.030363533
0.030362805
0.030363581
0.030362756
0.030363632
0.030362705
0.030363687
0.03036265
0.030363744
0.030362593
0.030363814
0.030362522
0.030363869
0.030362467
0.030363951
0.030362386
0.030364016
0.03036232
0.030364105
0.030362231
0.030364187
0.030362149
0.030364285
0.030362052
0.031610425
0.030488492
0.030371601
0.030363608
0.030363196
0.03036318
0.030363179
0.030363179
0.030363179
0.030363179
0.030363179
0.030363179
0.030363179
0.030363179
0.030363178
0.030363178
0.030363178
0.030363178
0.030363178
0.030363178
0.030363178
0.030363178
0.030363178
0.030363178
0.030363178
0.030363178
0.030363178
0.030363178
0.030363178
0.030363178
0.030363178
0.030363178
0.030363178
0.030363177
0.030363178
0.030363177
0.030363178
0.030363176
0.030363178
0.030363176
0.030363179
0.030363174
0.030363181
0.030363172
0.030363183
0.030363169
0.030363187
0.030363164
0.030363192
0.030363158
0.030363199
0.030363151
0.030363207
0.030363141
0.030363218
0.030363129
0.030363232
0.030363115
0.030363248
0.030363098
0.030363266
0.030363078
0.030363288
0.030363055
0.030363313
0.030363029
0.030363341
0.030363
0.030363373
0.030362967
0.030363408
0.030362932
0.030363446
0.030362893
0.030363487
0.030362851
0.030363532
0.030362806
0.03036358
0.030362757
0.030363631
0.030362706
0.030363686
0.030362651
0.030363743
0.030362594
0.030363813
0.030362524
0.030363867
0.030362469
0.030363949
0.030362388
0.030364014
0.030362322
0.030364103
0.030362233
0.030364184
0.030362151
0.030364283
0.030362055
0.031610425
0.030488492
0.030371601
0.030363608
0.030363196
0.03036318
0.030363179
0.030363179
0.030363179
0.030363179
0.030363179
0.030363179
0.030363179
0.030363179
0.030363178
0.030363178
0.030363178
0.030363178
0.030363178
0.030363178
0.030363178
0.030363178
0.030363178
0.030363178
0.030363178
0.030363178
0.030363178
0.030363178
0.030363178
0.030363178
0.030363178
0.030363177
0.030363178
0.030363177
0.030363178
0.030363177
0.030363178
0.030363176
0.030363178
0.030363175
0.030363179
0.030363174
0.030363181
0.030363172
0.030363183
0.030363169
0.030363187
0.030363164
0.030363192
0.030363158
0.030363199
0.030363151
0.030363207
0.030363141
0.030363218
0.030363129
0.030363232
0.030363115
0.030363248
0.030363098
0.030363267
0.030363078
0.030363288
0.030363055
0.030363314
0.030363029
0.030363342
0.030362999
0.030363373
0.030362967
0.030363408
0.030362931
0.030363447
0.030362892
0.030363488
0.03036285
0.030363533
0.030362804
0.030363581
0.030362756
0.030363633
0.030362704
0.030363688
0.030362649
0.030363748
0.030362589
0.030363803
0.030362534
0.030363881
0.030362455
0.030363941
0.030362395
0.030364026
0.03036231
0.030364099
0.030362236
0.030364193
0.030362142
0.030364285
0.030362052
0.031610425
0.030488492
0.030371601
0.030363608
0.030363196
0.03036318
0.030363179
0.030363179
0.030363179
0.030363179
0.030363179
0.030363179
0.030363179
0.030363179
0.030363178
0.030363178
0.030363178
0.030363178
0.030363178
0.030363178
0.030363178
0.030363178
0.030363178
0.030363178
0.030363178
0.030363178
0.030363178
0.030363178
0.030363178
0.030363178
0.030363178
0.030363178
0.030363178
0.030363177
0.030363178
0.030363177
0.030363178
0.030363176
0.030363178
0.030363175
0.030363179
0.030363174
0.030363181
0.030363172
0.030363183
0.030363169
0.030363187
0.030363164
0.030363192
0.030363158
0.030363199
0.030363151
0.030363207
0.030363141
0.030363218
0.030363129
0.030363231
0.030363115
0.030363247
0.030363098
0.030363266
0.030363078
0.030363288
0.030363055
0.030363313
0.030363029
0.030363341
0.030363
0.030363373
0.030362968
0.030363407
0.030362932
0.030363445
0.030362893
0.030363487
0.030362851
0.030363532
0.030362806
0.03036358
0.030362758
0.030363631
0.030362706
0.030363686
0.030362651
0.030363742
0.030362595
0.030363812
0.030362525
0.030363867
0.03036247
0.030363948
0.030362389
0.030364013
0.030362323
0.030364102
0.030362235
0.030364182
0.030362153
0.030364281
0.030362057
)
;
    }
}


// ************************************************************************* //
