/*--------------------------------*- C++ -*----------------------------------*\
  =========                 |
  \\      /  F ield         | OpenFOAM: The Open Source CFD Toolbox
   \\    /   O peration     | Website:  https://openfoam.org
    \\  /    A nd           | Version:  8
     \\/     M anipulation  |
\*---------------------------------------------------------------------------*/
FoamFile
{
    version     2.0;
    format      ascii;
    class       volVectorField;
    location    "0.4";
    object      U;
}
// * * * * * * * * * * * * * * * * * * * * * * * * * * * * * * * * * * * * * //

dimensions      [0 1 -1 0 0 0 0];

internalField   nonuniform List<vector> 
2000
(
(-1.3370694e-05 -0.0029019367 -2.5194631e-05)
(-2.3361192e-06 -0.002901942 -2.5210051e-05)
(-3.995828e-07 -0.0029019541 -2.5209935e-05)
(3.5017749e-07 -0.0029019569 -2.5210066e-05)
(-8.2572925e-07 -0.0029019574 -2.521018e-05)
(8.2318153e-07 -0.0029019575 -2.5209956e-05)
(-3.4614271e-07 -0.0029019569 -2.5209844e-05)
(4.09547e-07 -0.0029019541 -2.5209943e-05)
(2.3459872e-06 -0.002901942 -2.5210071e-05)
(1.3375518e-05 -0.0029019367 -2.5194575e-05)
(-1.8097484e-05 -0.005445975 -3.3177811e-05)
(-4.267659e-06 -0.0054465626 -3.3202661e-05)
(-8.8984134e-07 -0.0054463477 -3.320239e-05)
(4.8189145e-07 -0.0054463087 -3.3202416e-05)
(-1.4058515e-06 -0.0054463209 -3.3202545e-05)
(1.4037481e-06 -0.0054463211 -3.3202336e-05)
(-4.7795336e-07 -0.0054463086 -3.320222e-05)
(8.9913392e-07 -0.0054463478 -3.3202396e-05)
(4.2766319e-06 -0.0054465626 -3.3202679e-05)
(1.8102117e-05 -0.005445975 -3.3177754e-05)
(-7.4355041e-06 -0.0054055676 -1.1348539e-05)
(-4.8518766e-06 -0.0054065064 -1.1361851e-05)
(-1.0463458e-06 -0.0054062244 -1.1361624e-05)
(4.9056793e-07 -0.005406131 -1.136165e-05)
(-1.5625783e-06 -0.0054061578 -1.1361781e-05)
(1.5604497e-06 -0.0054061582 -1.136157e-05)
(-4.8657492e-07 -0.0054061307 -1.1361451e-05)
(1.0556274e-06 -0.0054062245 -1.1361629e-05)
(4.8608017e-06 -0.0054065064 -1.1361869e-05)
(7.4402188e-06 -0.0054055675 -1.1348482e-05)
(-3.4881351e-06 -0.0056141186 -3.4402044e-06)
(-4.9393287e-06 -0.0056151386 -3.4458599e-06)
(-1.0891467e-06 -0.0056149167 -3.4457539e-06)
(4.8620693e-07 -0.0056147684 -3.4457882e-06)
(-1.5989679e-06 -0.0056148106 -3.445918e-06)
(1.5968598e-06 -0.0056148111 -3.4457039e-06)
(-4.8213954e-07 -0.0056147679 -3.4455863e-06)
(1.0984529e-06 -0.0056149169 -3.4457586e-06)
(4.9482436e-06 -0.0056151387 -3.445877e-06)
(3.4929025e-06 -0.0056141185 -3.4401468e-06)
(-1.9152615e-06 -0.0054449131 -4.1882184e-07)
(-4.8911667e-06 -0.0054460431 -4.2147655e-07)
(-1.0940029e-06 -0.0054458687 -4.213062e-07)
(4.8515638e-07 -0.0054456617 -4.2133597e-07)
(-1.6066598e-06 -0.0054457204 -4.2146621e-07)
(1.6045639e-06 -0.005445721 -4.2124865e-07)
(-4.8104974e-07 -0.005445661 -4.2113436e-07)
(1.1033169e-06 -0.005445869 -4.2131045e-07)
(4.9000845e-06 -0.0054460431 -4.2149375e-07)
(1.9200484e-06 -0.005444913 -4.1876319e-07)
(-1.7897603e-06 -0.0055852926 -3.496236e-07)
(-4.8028139e-06 -0.0055864673 -3.5151786e-07)
(-1.0928703e-06 -0.0055863806 -3.514147e-07)
(4.8644351e-07 -0.0055861158 -3.5144552e-07)
(-1.6086763e-06 -0.0055861915 -3.5157466e-07)
(1.6065849e-06 -0.0055861923 -3.5135256e-07)
(-4.8231912e-07 -0.005586115 -3.5124553e-07)
(1.1021795e-06 -0.0055863809 -3.5141848e-07)
(4.8117378e-06 -0.0055864674 -3.5153547e-07)
(1.7945539e-06 -0.0055852925 -3.4956307e-07)
(-1.4353116e-06 -0.0054618412 1.789983e-07)
(-4.7116109e-06 -0.005463086 1.7744721e-07)
(-1.0877489e-06 -0.0054630625 1.7760049e-07)
(4.8893856e-07 -0.0054627364 1.7757411e-07)
(-1.60993e-06 -0.0054628306 1.7744485e-07)
(1.6078404e-06 -0.0054628315 1.776724e-07)
(-4.8480431e-07 -0.0054627355 1.7777123e-07)
(1.0970472e-06 -0.0054630628 1.7759704e-07)
(4.7205412e-06 -0.0054630861 1.7742894e-07)
(1.4401087e-06 -0.0054618411 1.7906118e-07)
(-1.5065376e-06 -0.0055627556 -1.5580306e-07)
(-4.6165051e-06 -0.0055640496 -1.5733991e-07)
(-1.0844999e-06 -0.0055641156 -1.5724017e-07)
(4.9208041e-07 -0.0055637282 -1.5726588e-07)
(-1.6112673e-06 -0.0055638416 -1.5739411e-07)
(1.6091791e-06 -0.0055638426 -1.5716034e-07)
(-4.8793827e-07 -0.0055637271 -1.5707213e-07)
(1.0937837e-06 -0.005564116 -1.5724294e-07)
(4.6254424e-06 -0.0055640497 -1.5735884e-07)
(1.5113385e-06 -0.0055627555 -1.5573736e-07)
(-1.2622116e-06 -0.0054726489 1.4604599e-07)
(-4.5236555e-06 -0.005473994 1.4468299e-07)
(-1.0795196e-06 -0.0054741313 1.4481843e-07)
(4.9588721e-07 -0.0054736792 1.4479699e-07)
(-1.6128731e-06 -0.0054738134 1.446692e-07)
(1.610787e-06 -0.0054738145 1.4490986e-07)
(-4.9173724e-07 -0.0054736779 1.4498682e-07)
(1.0887861e-06 -0.0054741318 1.4481619e-07)
(4.5326005e-06 -0.0054739942 1.4466306e-07)
(1.2670167e-06 -0.0054726487 1.4611501e-07)
(-1.2916661e-06 -0.0055451712 -1.06608e-07)
(-4.4297523e-06 -0.0055465644 -1.0797716e-07)
(-1.0763383e-06 -0.0055467939 -1.0788542e-07)
(5.0028484e-07 -0.0055462757 -1.0790538e-07)
(-1.6147684e-06 -0.0055464318 -1.0803213e-07)
(1.6126856e-06 -0.005546433 -1.0778368e-07)
(-4.9612748e-07 -0.0055462742 -1.0771999e-07)
(1.085585e-06 -0.0055467944 -1.0788679e-07)
(4.4387063e-06 -0.0055465646 -1.0799793e-07)
(1.2964763e-06 -0.005545171 -1.0653563e-07)
(-1.0891559e-06 -0.0054790581 1.072929e-07)
(-4.3370955e-06 -0.0054804887 1.0608275e-07)
(-1.0718524e-06 -0.0054807971 1.0619948e-07)
(5.0536742e-07 -0.0054802092 1.0618349e-07)
(-1.6169982e-06 -0.0054803892 1.0605753e-07)
(1.6149206e-06 -0.0054803903 1.0631406e-07)
(-5.0120314e-07 -0.0054802076 1.0636382e-07)
(1.081076e-06 -0.0054807977 1.0619881e-07)
(4.3460596e-06 -0.005480489 1.0606089e-07)
(1.0939717e-06 -0.0054790579 1.0736941e-07)
(-1.0816547e-06 -0.0055310991 -7.3613999e-08)
(-4.2443753e-06 -0.0055325721 -7.4816733e-08)
(-1.0688659e-06 -0.0055329764 -7.4736318e-08)
(5.1111412e-07 -0.0055323167 -7.4750063e-08)
(-1.6195824e-06 -0.0055325219 -7.4874853e-08)
(1.6175116e-06 -0.005532523 -7.4609493e-08)
(-5.0694371e-07 -0.005532315 -7.4575096e-08)
(1.0780638e-06 -0.0055329771 -7.4736146e-08)
(4.2533506e-06 -0.0055325724 -7.4839731e-08)
(1.0864769e-06 -0.0055310989 -7.3533487e-08)
(-9.0755988e-07 -0.0054822836 7.9164295e-08)
(-4.1521912e-06 -0.0054837828 7.8108031e-08)
(-1.0648701e-06 -0.0054842734 7.8205162e-08)
(5.1760658e-07 -0.005483538 7.8195724e-08)
(-1.6225594e-06 -0.0054837704 7.8071845e-08)
(1.620498e-06 -0.0054837714 7.8345947e-08)
(-5.134313e-07 -0.0054835362 7.8364352e-08)
(1.074039e-06 -0.0054842742 7.8206208e-08)
(4.1611786e-06 -0.0054837832 7.8083673e-08)
(9.1238943e-07 -0.0054822834 7.9249118e-08)
(-8.7264703e-07 -0.0055195126 -4.9999641e-08)
(-4.0605066e-06 -0.0055210464 -5.103437e-08)
(-1.062123e-06 -0.0055216372 -5.0967585e-08)
(5.2484763e-07 -0.0055208236 -5.0974445e-08)
(-1.6259602e-06 -0.0055210846 -5.1096994e-08)
(1.6239106e-06 -0.0055210856 -5.0813709e-08)
(-5.206691e-07 -0.0055208216 -5.0812217e-08)
(1.0712597e-06 -0.0055216381 -5.096542e-08)
(4.069507e-06 -0.0055210469 -5.1060348e-08)
(8.7748499e-07 -0.0055195125 -4.9910706e-08)
(-7.1823042e-07 -0.0054831839 5.8909493e-08)
(-3.9689675e-06 -0.0054847343 5.800872e-08)
(-1.0585956e-06 -0.0054854184 5.808643e-08)
(5.329088e-07 -0.0054845224 5.8083094e-08)
(-1.6298201e-06 -0.0054848142 5.7961725e-08)
(1.6277857e-06 -0.005484815 5.8253826e-08)
(-5.2872921e-07 -0.0054845204 5.8238103e-08)
(1.0676967e-06 -0.0054854193 5.8089434e-08)
(3.9779813e-06 -0.0054847349 5.7981336e-08)
(7.2307781e-07 -0.0054831838 5.900324e-08)
(-6.627595e-07 -0.0055096913 -3.3044985e-08)
(-3.8782297e-06 -0.0055112679 -3.3911291e-08)
(-1.0561049e-06 -0.0055120563 -3.3858882e-08)
(5.4181247e-07 -0.0055110753 -3.3858932e-08)
(-1.6341807e-06 -0.0055113993 -3.3978946e-08)
(1.632165e-06 -0.0055113999 -3.3678614e-08)
(-5.3763493e-07 -0.0055110731 -3.3711548e-08)
(1.065168e-06 -0.0055120572 -3.3854959e-08)
(3.8872573e-06 -0.0055112686 -3.3940248e-08)
(6.6761711e-07 -0.0055096913 -3.2946935e-08)
(-5.2171286e-07 -0.0054823525 4.4272046e-08)
(-3.7874559e-06 -0.0054839373 4.3527118e-08)
(-1.0530068e-06 -0.0054848252 4.3585969e-08)
(5.51617e-07 -0.005483755 4.3589017e-08)
(-1.6390695e-06 -0.0054841132 4.3470949e-08)
(1.6370763e-06 -0.0054841137 4.3778794e-08)
(-5.4744512e-07 -0.0054837528 4.3728693e-08)
(1.0620284e-06 -0.0054848262 4.3591521e-08)
(3.7964978e-06 -0.0054839381 4.3497177e-08)
(5.265819e-07 -0.0054823525 4.4374824e-08)
(-4.5047562e-07 -0.005501148 -2.0818207e-08)
(-3.6976126e-06 -0.0055027517 -2.1517089e-08)
(-1.0507635e-06 -0.005503747 -2.147978e-08)
(5.6236998e-07 -0.0055025854 -2.1473317e-08)
(-1.6445435e-06 -0.0055029791 -2.1589977e-08)
(1.6425775e-06 -0.0055029794 -2.1275487e-08)
(-5.5820753e-07 -0.0055025832 -2.1342088e-08)
(1.0597399e-06 -0.005503748 -2.1473319e-08)
(3.7066692e-06 -0.0055027526 -2.1548692e-08)
(4.5535708e-07 -0.0055011481 -2.0711128e-08)
(-3.1827955e-07 -0.0054801718 3.3587709e-08)
(-3.6077003e-06 -0.0054817761 3.2998508e-08)
(-1.0480352e-06 -0.0054828763 3.3040238e-08)
(5.7409909e-07 -0.0054816187 3.3048559e-08)
(-1.6506094e-06 -0.0054820501 3.2934339e-08)
(1.6486752e-06 -0.0054820501 3.3254188e-08)
(-5.6995079e-07 -0.0054816164 3.3171376e-08)
(1.0569633e-06 -0.0054828774 3.3048079e-08)
(3.6167719e-06 -0.0054817771 3.2965854e-08)
(3.2317476e-07 -0.0054801719 3.3699046e-08)
(-2.3453697e-07 -0.0054935957 -1.1870089e-08)
(-3.5187232e-06 -0.0054952142 -1.2402332e-08)
(-1.0460072e-06 -0.0054964228 -1.2380073e-08)
(5.8690051e-07 -0.0054950691 -1.2366335e-08)
(-1.6573581e-06 -0.0054955385 -1.2479559e-08)
(1.6554613e-06 -0.0054955382 -1.2156588e-08)
(-5.8277154e-07 -0.0054950668 -1.2252782e-08)
(1.054884e-06 -0.0054964239 -1.2371263e-08)
(3.527809e-06 -0.0054952154 -1.2435793e-08)
(2.3944676e-07 -0.0054935959 -1.1754655e-08)
(-1.0807769e-07 -0.0054768237 2.557045e-08)
(-3.4297572e-06 -0.0054784353 2.5135102e-08)
(-1.0435614e-06 -0.0054797537 2.5161602e-08)
(6.0072491e-07 -0.0054782972 2.5175799e-08)
(-1.6647376e-06 -0.0054788077 2.5066009e-08)
(1.6628837e-06 -0.005478807 2.5390272e-08)
(-5.9662086e-07 -0.0054782949 2.5280464e-08)
(1.0523833e-06 -0.0054797549 2.5171731e-08)
(3.4388572e-06 -0.0054784367 2.5101302e-08)
(1.1300317e-07 -0.005476824 2.5689449e-08)
(-1.3837537e-08 -0.0054869672 -4.9936955e-09)
(-3.3416186e-06 -0.0054885936 -5.3595551e-09)
(-1.0417019e-06 -0.0054900176 -5.353922e-09)
(6.1578721e-07 -0.0054884632 -5.3308977e-09)
(-1.6729297e-06 -0.0054890128 -5.4407744e-09)
(1.6711247e-06 -0.0054890118 -5.1181892e-09)
(-6.1171453e-07 -0.0054884609 -5.2354735e-09)
(1.0504657e-06 -0.0054900188 -5.3422023e-09)
(3.350732e-06 -0.0054885951 -5.3933557e-09)
(1.8779451e-08 -0.0054869676 -4.8712073e-09)
(1.0865023e-07 -0.0054722326 1.9039158e-08)
(-3.2537285e-06 -0.0054738418 1.8752501e-08)
(-1.0394185e-06 -0.0054753815 1.8767013e-08)
(6.3183506e-07 -0.0054737167 1.8786508e-08)
(-1.6817263e-06 -0.0054743111 1.8682299e-08)
(1.6799765e-06 -0.0054743097 1.9000122e-08)
(-6.2779985e-07 -0.0054737144 1.887268e-08)
(1.0481215e-06 -0.0054753828 1.8780001e-08)
(3.2628538e-06 -0.0054738434 1.871937e-08)
(-1.0369125e-07 -0.0054722331 1.9164619e-08)
(2.1269405e-07 -0.0054815262 1.0388362e-09)
(-3.1663499e-06 -0.005483161 8.4141118e-10)
(-1.0376835e-06 -0.0054847966 8.2822833e-10)
(6.4940195e-07 -0.0054830378 8.6415081e-10)
(-1.691554e-06 -0.0054836699 7.5668688e-10)
(1.6898659e-06 -0.0054836681 1.0659174e-09)
(-6.4541226e-07 -0.0054830355 9.4030711e-10)
(1.0463228e-06 -0.0054847978 8.4225134e-10)
(3.175486e-06 -0.0054831628 8.09353e-10)
(-2.0771715e-07 -0.0054815268 1.1666591e-09)
(3.3136099e-07 -0.0054658826 1.259661e-08)
(-3.0797406e-06 -0.0054674799 1.2447135e-08)
(-1.0353894e-06 -0.005469243 1.2457194e-08)
(6.6770541e-07 -0.0054673619 1.2478688e-08)
(-1.7017959e-06 -0.0054680443 1.2381902e-08)
(1.7001762e-06 -0.0054680421 1.2678691e-08)
(-6.6376693e-07 -0.0054673596 1.2545292e-08)
(1.0439614e-06 -0.0054692443 1.2472606e-08)
(3.088886e-06 -0.0054674819 1.2417009e-08)
(-3.2636602e-07 -0.0054658835 1.2726347e-08)
(4.4640126e-07 -0.0054781518 7.9362437e-09)
(-2.992924e-06 -0.0054798066 7.9149432e-09)
(-1.033776e-06 -0.0054816413 7.8762729e-09)
(6.8811646e-07 -0.005479682 7.9326968e-09)
(-1.7135303e-06 -0.0054803956 7.8250779e-09)
(1.7119842e-06 -0.0054803931 8.1042691e-09)
(-6.8423832e-07 -0.0054796798 7.9894911e-09)
(1.0422788e-06 -0.0054816427 7.8927887e-09)
(3.0020768e-06 -0.0054798087 7.8876703e-09)
(-4.4138763e-07 -0.0054781527 8.0668614e-09)
(5.5876336e-07 -0.0054563943 4.034597e-09)
(-2.9079862e-06 -0.0054579649 3.9982166e-09)
(-1.0311921e-06 -0.0054599555 4.0202186e-09)
(7.0849148e-07 -0.0054578491 4.0334302e-09)
(-1.7250783e-06 -0.0054586243 3.9496712e-09)
(1.7236137e-06 -0.0054586215 4.2052747e-09)
(-7.0467794e-07 -0.005457847 4.0802791e-09)
(1.0396219e-06 -0.0054599568 4.0374505e-09)
(2.9171435e-06 -0.0054579672 3.9745429e-09)
(-5.537316e-07 -0.0054563955 4.1656221e-09)
(6.8950519e-07 -0.0054789621 1.8685128e-08)
(-2.8212207e-06 -0.0054806671 1.88644e-08)
(-1.0298345e-06 -0.005482674 1.8784605e-08)
(7.323424e-07 -0.005480531 1.8876751e-08)
(-1.739197e-06 -0.0054813195 1.8762816e-08)
(1.7378176e-06 -0.0054813163 1.8989371e-08)
(-7.2860491e-07 -0.0054805289 1.8913451e-08)
(1.0381911e-06 -0.0054826753 1.8802367e-08)
(2.8303801e-06 -0.0054806695 1.8845433e-08)
(-6.8445484e-07 -0.0054789634 1.8815632e-08)
(7.878783e-07 -0.0054406259 -1.0771067e-08)
(-2.7388538e-06 -0.0054421363 -1.0743987e-08)
(-1.0264771e-06 -0.0054443692 -1.0677096e-08)
(7.5408366e-07 -0.0054420222 -1.0695538e-08)
(-1.751507e-06 -0.0054428978 -1.0755676e-08)
(1.7502214e-06 -0.0054428943 -1.0565237e-08)
(-7.5042253e-07 -0.0054420203 -1.0668762e-08)
(1.0347556e-06 -0.0054443706 -1.0658656e-08)
(2.748012e-06 -0.0054421388 -1.0756919e-08)
(-7.8281117e-07 -0.0054406274 -1.0641869e-08)
(9.4628455e-07 -0.0054885921 3.9052282e-08)
(-2.6508685e-06 -0.0054904114 3.9492272e-08)
(-1.0258545e-06 -0.0054925374 3.9331519e-08)
(7.8264271e-07 -0.0054902513 3.9493845e-08)
(-1.7690218e-06 -0.0054910975 3.9358584e-08)
(1.7678316e-06 -0.0054910937 3.9506068e-08)
(-7.7907468e-07 -0.0054902493 3.9509696e-08)
(1.0340563e-06 -0.0054925387 3.9350106e-08)
(2.6600229e-06 -0.005490414 3.9486661e-08)
(-9.4119998e-07 -0.0054885938 3.9179346e-08)
(1.0124202e-06 -0.0054118944 -3.9920183e-08)
(-2.5730505e-06 -0.0054132653 -3.9932091e-08)
(-1.0207788e-06 -0.0054157855 -3.9750541e-08)
(8.0387635e-07 -0.005413161 -3.9854268e-08)
(-1.7806256e-06 -0.0054141541 -3.9867249e-08)
(1.7795406e-06 -0.0054141499 -3.9770842e-08)
(-8.0039317e-07 -0.0054131592 -3.9847845e-08)
(1.0288963e-06 -0.005415787 -3.9731323e-08)
(2.5821977e-06 -0.0054132681 -3.9929192e-08)
(-1.0073221e-06 -0.0054118964 -3.9796637e-08)
(1.2256001e-06 -0.0055166254 8.0373597e-08)
(-2.4808745e-06 -0.0055186876 8.1207646e-08)
(-1.0221347e-06 -0.0055208315 8.0877198e-08)
(8.4006518e-07 -0.0055184855 8.1181535e-08)
(-1.8038546e-06 -0.0055193532 8.099219e-08)
(1.802872e-06 -0.005519349 8.1030941e-08)
(-8.3669443e-07 -0.0055184835 8.1177078e-08)
(1.0301757e-06 -0.0055208329 8.0895355e-08)
(2.4900098e-06 -0.0055186904 8.1219558e-08)
(-1.2204861e-06 -0.0055166275 8.049224e-08)
(1.2197495e-06 -0.0053567373 -9.9135456e-08)
(-2.411881e-06 -0.0053577933 -9.9390808e-08)
(-1.0133727e-06 -0.0053607125 -9.8952372e-08)
(8.5632972e-07 -0.0053577224 -9.9255776e-08)
(-1.8112312e-06 -0.0053588728 -9.9172509e-08)
(1.8103651e-06 -0.0053588681 -9.9200719e-08)
(-8.5304522e-07 -0.0053577209 -9.9268645e-08)
(1.0213214e-06 -0.005360714 -9.893469e-08)
(2.4210022e-06 -0.0053577964 -9.9368603e-08)
(-1.2146283e-06 -0.0053567398 -9.9022911e-08)
(1.5451784e-06 -0.0055817733 1.6413634e-07)
(-2.3091407e-06 -0.0055843283 1.6563528e-07)
(-1.0195961e-06 -0.0055862992 1.649527e-07)
(9.0680386e-07 -0.0055840546 1.6554544e-07)
(-1.8454682e-06 -0.005584873 1.6523603e-07)
(1.8447065e-06 -0.0055848686 1.651359e-07)
(-9.0365606e-07 -0.0055840527 1.6552266e-07)
(1.0274723e-06 -0.0055863006 1.6496961e-07)
(2.3182408e-06 -0.0055843312 1.6566884e-07)
(-1.5400419e-06 -0.0055817759 1.6424145e-07)
(1.3857755e-06 -0.0052497497 -2.1720906e-07)
(-2.2578194e-06 -0.0052501388 -2.180909e-07)
(-1.003018e-06 -0.0052536952 -2.1712841e-07)
(9.0811321e-07 -0.0052501522 -2.1784931e-07)
(-1.8406916e-06 -0.0052515442 -2.1757473e-07)
(1.8400575e-06 -0.0052515391 -2.1775634e-07)
(-9.0504114e-07 -0.0052501511 -2.178778e-07)
(1.010789e-06 -0.0052536967 -2.171138e-07)
(2.2669003e-06 -0.0052501422 -2.1804498e-07)
(-1.3806427e-06 -0.0052497527 -2.1711264e-07)
(1.9382209e-06 -0.0057178776 3.2797177e-07)
(-2.1315162e-06 -0.0057213821 3.3062786e-07)
(-1.0202864e-06 -0.0057228361 3.2926206e-07)
(9.8737674e-07 -0.0057209874 3.3041091e-07)
(-1.8975259e-06 -0.0057216267 3.298587e-07)
(1.8969923e-06 -0.0057216225 3.2959511e-07)
(-9.8447615e-07 -0.0057209853 3.3037387e-07)
(1.0279965e-06 -0.0057228377 3.2927471e-07)
(2.1405628e-06 -0.0057213849 3.30686e-07)
(-1.9330705e-06 -0.0057178806 3.2805781e-07)
(1.4679967e-06 -0.0050471666 -4.4183182e-07)
(-2.1155698e-06 -0.0050462605 -4.4398205e-07)
(-9.8756535e-07 -0.0050508931 -4.4205013e-07)
(9.5264849e-07 -0.00504645 -4.4355523e-07)
(-1.8638006e-06 -0.0050482405 -4.4292822e-07)
(1.8634058e-06 -0.0050482352 -4.4328206e-07)
(-9.4979179e-07 -0.0050464493 -4.4359169e-07)
(9.9514707e-07 -0.0050508948 -4.420401e-07)
(2.1245976e-06 -0.0050462642 -4.4390998e-07)
(-1.4628681e-06 -0.0050471703 -4.4175701e-07)
(2.4603852e-06 -0.0059799269 6.3015557e-07)
(-1.9406927e-06 -0.0059851363 6.347558e-07)
(-1.0280808e-06 -0.0059855099 6.3218052e-07)
(1.0902153e-06 -0.0059845426 6.3430659e-07)
(-1.9669268e-06 -0.005984788 6.3331999e-07)
(1.9666215e-06 -0.0059847845 6.328827e-07)
(-1.0875862e-06 -0.00598454 6.3426364e-07)
(1.0356249e-06 -0.0059855116 6.3218704e-07)
(1.9496668e-06 -0.005985139 6.3483955e-07)
(-2.4552302e-06 -0.0059799302 6.3021688e-07)
(1.3998754e-06 -0.0046823734 -8.4132537e-07)
(-1.9932044e-06 -0.004679188 -8.4567057e-07)
(-9.6346245e-07 -0.0046855939 -8.4213837e-07)
(9.7837982e-07 -0.0046796978 -8.4494865e-07)
(-1.8713948e-06 -0.0046821384 -8.4373965e-07)
(1.8712381e-06 -0.0046821328 -8.4426798e-07)
(-9.7572517e-07 -0.004679698 -8.4498254e-07)
(9.7083845e-07 -0.0046855955 -8.4213598e-07)
(2.0021692e-06 -0.0046791922 -8.455726e-07)
(-1.3947706e-06 -0.0046823775 -8.412777e-07)
(3.1932409e-06 -0.0064457446 1.1471719e-06)
(-1.7250928e-06 -0.0064537612 1.1547696e-06)
(-1.0493847e-06 -0.0064522417 1.1503025e-06)
(1.229165e-06 -0.0064528567 1.1539529e-06)
(-2.0651502e-06 -0.0064523976 1.1522818e-06)
(2.0650537e-06 -0.0064523952 1.1516802e-06)
(-1.2268205e-06 -0.0064528537 1.1539169e-06)
(1.0567728e-06 -0.0064522434 1.1503007e-06)
(1.7339663e-06 -0.0064537637 1.154876e-06)
(-3.1880831e-06 -0.0064457482 1.1472038e-06)
(1.0910468e-06 -0.0040679347 -1.4972308e-06)
(-1.903046e-06 -0.004061138 -1.5049039e-06)
(-9.2533431e-07 -0.0040702584 -1.4990377e-06)
(9.6758637e-07 -0.0040621648 -1.503759e-06)
(-1.8493453e-06 -0.004065597 -1.5016968e-06)
(1.8494066e-06 -0.0040655914 -1.5023795e-06)
(-9.6509194e-07 -0.004062166 -1.5037742e-06)
(9.3248792e-07 -0.0040702599 -1.4990466e-06)
(1.9119375e-06 -0.0040611428 -1.5047838e-06)
(-1.08599e-06 -0.0040679394 -1.4972145e-06)
(4.2400222e-06 -0.0072099838 1.9616996e-06)
(-1.468293e-06 -0.0072222282 1.9734982e-06)
(-1.0934741e-06 -0.0072177875 1.9664123e-06)
(1.4238786e-06 -0.0072208685 1.972163e-06)
(-2.2087196e-06 -0.0072193106 1.9695424e-06)
(2.2087958e-06 -0.0072193101 1.9688097e-06)
(-1.4218241e-06 -0.0072208645 1.9721515e-06)
(1.1007201e-06 -0.0072177894 1.9663999e-06)
(1.4770318e-06 -0.0072222302 1.973621e-06)
(-4.234858e-06 -0.0072099876 1.9616985e-06)
(4.3383018e-07 -0.003104787 -2.4893463e-06)
(-1.8622359e-06 -0.0030927811 -2.5015371e-06)
(-8.6576755e-07 -0.0031057239 -2.4926373e-06)
(8.9635176e-07 -0.0030945652 -2.4998445e-06)
(-1.7784025e-06 -0.0030993908 -2.4966665e-06)
(1.7786469e-06 -0.0030993853 -2.4974588e-06)
(-8.9395038e-07 -0.0030945677 -2.4998207e-06)
(8.7267236e-07 -0.0031057251 -2.4926613e-06)
(1.8710526e-06 -0.0030927867 -2.5014022e-06)
(-4.2885177e-07 -0.0031047923 -2.4893632e-06)
(5.7164992e-06 -0.0083732204 3.1471172e-06)
(-1.1489644e-06 -0.0083913588 3.1643231e-06)
(-1.1725058e-06 -0.0083828238 3.1539783e-06)
(1.6989451e-06 -0.0083893686 3.1623257e-06)
(-2.4186083e-06 -0.0083862621 3.1585247e-06)
(2.4188038e-06 -0.0083862643 3.1577179e-06)
(-1.6971748e-06 -0.0083893634 3.1623589e-06)
(1.1796278e-06 -0.0083828262 3.1539519e-06)
(1.157528e-06 -0.0083913601 3.164451e-06)
(-5.711318e-06 -0.0083732245 3.1470831e-06)
(-6.8872358e-07 -0.0016930569 -3.8820947e-06)
(-1.8928055e-06 -0.0016740759 -3.8999271e-06)
(-7.7510038e-07 -0.0016920246 -3.8874383e-06)
(7.3553389e-07 -0.0016768889 -3.897581e-06)
(-1.6347391e-06 -0.0016835331 -3.8930732e-06)
(1.6351133e-06 -0.0016835281 -3.8939081e-06)
(-7.3312643e-07 -0.0016768927 -3.8974951e-06)
(7.8172013e-07 -0.0016920255 -3.8874809e-06)
(1.9015559e-06 -0.0016740823 -3.8997891e-06)
(6.9358412e-07 -0.0016930627 -3.8821432e-06)
(7.7433455e-06 -0.010032634 4.7573862e-06)
(-7.4099267e-07 -0.010058517 4.7811178e-06)
(-1.3013427e-06 -0.010044629 4.767036e-06)
(2.0826646e-06 -0.010055684 4.7783335e-06)
(-2.7192057e-06 -0.010050549 4.7731874e-06)
(2.7194479e-06 -0.010050555 4.7723826e-06)
(-2.0811587e-06 -0.010055677 4.778434e-06)
(1.3083609e-06 -0.010044632 4.7669948e-06)
(7.4933773e-07 -0.010058518 4.7812358e-06)
(-7.7381325e-06 -0.010032638 4.7573232e-06)
(-2.3987205e-06 0.00026091647 -5.7184536e-06)
(-2.021852e-06 0.00028874512 -5.7429274e-06)
(-6.4084595e-07 0.00026459133 -5.7264822e-06)
(4.5195683e-07 0.00028461294 -5.7398519e-06)
(-1.3905767e-06 0.00027572607 -5.7338665e-06)
(1.3910113e-06 0.00027573026 -5.7346604e-06)
(-4.4941347e-07 0.00028460792 -5.7396834e-06)
(6.4713298e-07 0.0002645909 -5.7265477e-06)
(2.0305574e-06 0.00028873799 -5.7428008e-06)
(2.4034112e-06 0.00026091016 -5.7185283e-06)
(1.0443448e-05 -0.012277408 6.8246112e-06)
(-2.1333416e-07 -0.012313036 6.8558713e-06)
(-1.4973122e-06 -0.01229249 6.8377538e-06)
(2.6064208e-06 -0.012309096 6.8522046e-06)
(-3.1375607e-06 -0.012301445 6.845618e-06)
(3.1377611e-06 -0.012301454 6.8449016e-06)
(-2.6051428e-06 -0.012309087 6.8523912e-06)
(1.5042519e-06 -0.012292493 6.8376988e-06)
(2.2141323e-07 -0.012313035 6.8559628e-06)
(-1.0438189e-05 -0.012277412 6.8245277e-06)
(-4.82319e-06 0.0028420272 -8.0203006e-06)
(-2.2817746e-06 0.0028806707 -8.0522902e-06)
(-4.4684005e-07 0.0028491151 -8.0317084e-06)
(9.4512003e-09 0.0028749186 -8.0484449e-06)
(-1.0146376e-06 0.0028633752 -8.0408953e-06)
(1.0150481e-06 0.0028633784 -8.0415611e-06)
(-6.6085262e-09 0.0028749124 -8.0481767e-06)
(4.527412e-07 0.0028491152 -8.0317977e-06)
(2.2904667e-06 0.0028806632 -8.0521911e-06)
(4.8276396e-06 0.0028420205 -8.0203926e-06)
(1.3943357e-05 -0.015187767 9.3613442e-06)
(4.7041681e-07 -0.015235254 9.4010293e-06)
(-1.780102e-06 -0.015206731 9.3787458e-06)
(3.3048463e-06 -0.015229886 9.3964166e-06)
(-3.7031839e-06 -0.015219235 9.3883562e-06)
(3.7032448e-06 -0.015219249 9.3878111e-06)
(-3.3037473e-06 -0.015229874 9.3966997e-06)
(1.7870052e-06 -0.015206736 9.3786804e-06)
(-4.6265985e-07 -0.015235251 9.4010767e-06)
(-1.3938046e-05 -0.015187771 9.3612526e-06)
(-8.0954528e-06 0.0061263789 -1.0792062e-05)
(-2.7105836e-06 0.006177932 -1.0832346e-05)
(-1.723077e-07 0.0061377578 -1.0807599e-05)
(-6.3006095e-07 0.0061702476 -1.0827723e-05)
(-4.7273888e-07 0.0061556364 -1.0818572e-05)
(4.7304175e-07 0.0061556391 -1.0819036e-05)
(6.3338727e-07 0.0061702402 -1.0827348e-05)
(1.777686e-07 0.0061377587 -1.080771e-05)
(2.7193006e-06 0.0061779246 -1.0832288e-05)
(8.0995666e-06 0.0061263718 -1.0792159e-05)
(1.8377896e-05 -0.018835617 1.2365204e-05)
(1.3527095e-06 -0.018897152 1.2414135e-05)
(-2.1720813e-06 -0.018859366 1.2387691e-05)
(4.2166524e-06 -0.018889971 1.2408545e-05)
(-4.4485074e-06 -0.01887587 1.2399026e-05)
(4.4483413e-06 -0.018875888 1.2398719e-05)
(-4.2156916e-06 -0.018889957 1.2408922e-05)
(2.1790142e-06 -0.018859371 1.2387623e-05)
(-1.3453388e-06 -0.018897148 1.2414123e-05)
(-1.8372544e-05 -0.018835621 1.236512e-05)
(-1.2356697e-05 0.010182116 -1.4025982e-05)
(-3.3522374e-06 0.010248863 -1.407528e-05)
(2.087281e-07 0.010198782 -1.4046453e-05)
(-1.5055121e-06 0.010238905 -1.4069905e-05)
(2.7128191e-07 0.010220799 -1.4059148e-05)
(-2.7114578e-07 0.010220802 -1.4059364e-05)
(1.5095056e-06 0.010238897 -1.4069428e-05)
(-2.0376145e-07 0.010198784 -1.404658e-05)
(3.3610237e-06 0.010248856 -1.4075277e-05)
(1.2360355e-05 0.010182109 -1.4026068e-05)
(2.3896868e-05 -0.023285558 1.582439e-05)
(2.4828443e-06 -0.023363369 1.5883351e-05)
(-2.6993824e-06 -0.023315105 1.5852856e-05)
(5.3856225e-06 -0.023353938 1.5876784e-05)
(-5.4099363e-06 -0.02333599 1.5865856e-05)
(5.4094918e-06 -0.023336011 1.5865829e-05)
(-5.3847993e-06 -0.02335392 1.5877236e-05)
(2.7064413e-06 -0.023315111 1.5852796e-05)
(-2.4759325e-06 -0.023363362 1.5883267e-05)
(-2.38915e-05 -0.023285562 1.5824328e-05)
(-1.7757561e-05 0.015070342 -1.7707376e-05)
(-4.2572033e-06 0.015154813 -1.7766404e-05)
(7.2744178e-07 0.015093422 -1.7733653e-05)
(-2.6561484e-06 0.015142182 -1.7760321e-05)
(1.2545123e-06 0.015120121 -1.7747979e-05)
(-1.2545512e-06 0.015120126 -1.774794e-05)
(2.6609658e-06 0.015142172 -1.7759765e-05)
(-7.2302959e-07 0.015093424 -1.7733784e-05)
(4.2661061e-06 0.015154807 -1.7766458e-05)
(1.7760629e-05 0.015070334 -1.770744e-05)
(3.067136e-05 -0.028595785 1.9722098e-05)
(3.9178856e-06 -0.028692135 1.9791863e-05)
(-3.3938249e-06 -0.028632264 1.9757512e-05)
(6.8607969e-06 -0.028679983 1.9784362e-05)
(-6.6289262e-06 -0.028657856 1.9772086e-05)
(6.6282142e-06 -0.028657879 1.977235e-05)
(-6.8601901e-06 -0.028679962 1.9784841e-05)
(3.4011353e-06 -0.028632271 1.9757475e-05)
(-3.9115123e-06 -0.028692126 1.97917e-05)
(-3.0666011e-05 -0.028595789 1.9722069e-05)
(-2.4459933e-05 0.020845914 -2.1817588e-05)
(-5.4831729e-06 0.020950903 -2.1887086e-05)
(1.4199439e-06 0.020876667 -2.1850603e-05)
(-4.1221204e-06 0.0209351 -2.1880356e-05)
(2.5142384e-06 0.020908585 -2.1866463e-05)
(-2.5143946e-06 0.020908594 -2.1866222e-05)
(4.1278735e-06 0.020935088 -2.1879763e-05)
(-1.4161636e-06 0.020876671 -2.1850727e-05)
(5.492239e-06 0.020950897 -2.1887192e-05)
(2.4462284e-05 0.020845906 -2.1817622e-05)
(3.88969e-05 -0.034818768 2.4037528e-05)
(5.7232655e-06 -0.034936012 2.4118884e-05)
(-4.2954807e-06 -0.034863445 2.4080916e-05)
(8.6953019e-06 -0.034920641 2.4110522e-05)
(-8.152652e-06 -0.034894054 2.409696e-05)
(8.1517499e-06 -0.034894077 2.4097482e-05)
(-8.6950754e-06 -0.034920618 2.4110953e-05)
(4.3031713e-06 -0.034863452 2.4080916e-05)
(-5.7175315e-06 -0.034936002 2.4118648e-05)
(-3.8891567e-05 -0.034818772 2.4037537e-05)
(-3.26398e-05 0.027558099 -2.6332889e-05)
(-7.0958856e-06 0.027686621 -2.6413635e-05)
(2.3273764e-06 0.027597923 -2.6373647e-05)
(-5.9462797e-06 0.027667021 -2.6406337e-05)
(4.0886009e-06 0.027635548 -2.6390941e-05)
(-4.0887637e-06 0.027635562 -2.6390614e-05)
(5.9530467e-06 0.027667006 -2.6405759e-05)
(-2.3243431e-06 0.027597928 -2.6373747e-05)
(7.1051573e-06 0.027686613 -2.641377e-05)
(3.2641348e-05 0.027558091 -2.6332893e-05)
(4.8791691e-05 -0.042001747 2.8743171e-05)
(7.973384e-06 -0.042142434 2.8836876e-05)
(-5.4550428e-06 -0.042056028 2.8795634e-05)
(1.0944241e-05 -0.042123303 2.8827802e-05)
(-1.0032773e-05 -0.04209198 2.8813006e-05)
(1.0031802e-05 -0.042092004 2.8813712e-05)
(-1.0944652e-05 -0.042123278 2.8828081e-05)
(5.4632425e-06 -0.042056035 2.8795682e-05)
(-7.9683988e-06 -0.042142423 2.8836592e-05)
(-4.8786326e-05 -0.04200175 2.8743214e-05)
(-4.2491836e-05 0.035251123 -3.1221356e-05)
(-9.1700861e-06 0.035406324 -3.1314161e-05)
(3.4971683e-06 0.035301567 -3.1270926e-05)
(-8.1761085e-06 0.035382187 -3.1306393e-05)
(6.0185921e-06 0.035345296 -3.1289557e-05)
(-6.0186287e-06 0.035345316 -3.1289301e-05)
(8.1839673e-06 0.035382169 -3.1305864e-05)
(-3.4950458e-06 0.035301573 -3.1270988e-05)
(9.1795955e-06 0.035406315 -3.1314286e-05)
(4.2492555e-05 0.035251115 -3.1221339e-05)
(6.0592777e-05 -0.050187105 3.3802663e-05)
(1.0752984e-05 -0.050354073 3.3909438e-05)
(-6.9345188e-06 -0.050252548 3.3865359e-05)
(1.3662353e-05 -0.050330565 3.389988e-05)
(-1.2322978e-05 -0.050294202 3.3883893e-05)
(1.2322057e-05 -0.050294225 3.3884686e-05)
(-1.3663718e-05 -0.050330537 3.38999e-05)
(6.9433484e-06 -0.050252554 3.3865459e-05)
(-1.0748864e-05 -0.050354063 3.3909156e-05)
(-6.058727e-05 -0.050187108 3.3802727e-05)
(-5.4235772e-05 0.043964606 -3.6442513e-05)
(-1.1790486e-05 0.044149735 -3.6548205e-05)
(4.9856797e-06 0.04402739 -3.6502037e-05)
(-1.0864463e-05 0.044120224 -3.6540103e-05)
(8.3502382e-06 0.044077534 -3.6521894e-05)
(-8.3500296e-06 0.044077559 -3.6521867e-05)
(1.0873538e-05 0.044120202 -3.6539607e-05)
(-4.9846773e-06 0.044027397 -3.6502048e-05)
(1.1800255e-05 0.044149723 -3.6548278e-05)
(5.4235683e-05 0.043964597 -3.6442487e-05)
(7.455633e-05 -0.05941268 3.9171813e-05)
(1.4158849e-05 -0.0596091 3.9292364e-05)
(-8.8072548e-06 -0.059491006 3.9245947e-05)
(1.6904019e-05 -0.059580477 3.9282634e-05)
(-1.5077036e-05 -0.059538726 3.9265468e-05)
(1.5076238e-05 -0.059538751 3.9266285e-05)
(-1.6906673e-05 -0.059580447 3.9282311e-05)
(8.8168407e-06 -0.059491011 3.9246093e-05)
(-1.4155717e-05 -0.059609091 3.9292152e-05)
(-7.4550532e-05 -0.059412682 3.9171884e-05)
(-6.8121846e-05 0.053733897 -4.1948796e-05)
(-1.5053044e-05 0.053952384 -4.2068196e-05)
(6.8613383e-06 0.053810941 -4.2019502e-05)
(-1.4068928e-05 0.053916575 -4.2059962e-05)
(1.1135554e-05 0.053867774 -4.2040442e-05)
(-1.113501e-05 0.053867804 -4.2040769e-05)
(1.4079424e-05 0.053916548 -4.2059407e-05)
(-6.8616925e-06 0.053810949 -4.2019449e-05)
(1.5063086e-05 0.053952369 -4.2068201e-05)
(6.8120983e-05 0.053733888 -4.1948775e-05)
(9.096443e-05 -0.069712011 4.4800545e-05)
(1.8302234e-05 -0.06994141 4.4935607e-05)
(-1.1158734e-05 -0.069805127 4.4887356e-05)
(2.0725633e-05 -0.069906791 4.4926092e-05)
(-1.8348984e-05 -0.069859279 4.4907722e-05)
(1.8348332e-05 -0.069859306 4.4908587e-05)
(-2.0729914e-05 -0.069906758 4.4925371e-05)
(1.1169236e-05 -0.069805131 4.4887529e-05)
(-1.8300219e-05 -0.069941401 4.4935527e-05)
(-9.0958201e-05 -0.069712012 4.4800613e-05)
(-8.4436629e-05 0.064590339 -4.7689666e-05)
(-1.9067045e-05 0.064845956 -4.7823581e-05)
(9.2073027e-06 0.064683789 -4.7772879e-05)
(-1.7851253e-05 0.064802801 -4.7815506e-05)
(1.4432163e-05 0.0647476 -4.7794714e-05)
(-1.4431212e-05 0.064747635 -4.7795492e-05)
(1.7863464e-05 0.064802769 -4.7814722e-05)
(-9.2092599e-06 0.064683797 -4.7772749e-05)
(1.907737e-05 0.064845939 -4.7823545e-05)
(8.4435007e-05 0.064590328 -4.7689659e-05)
(0.00011014082 -0.081114558 5.064082e-05)
(2.3311835e-05 -0.081380868 5.0791223e-05)
(-1.4089897e-05 -0.081224596 5.0741604e-05)
(2.5188512e-05 -0.081339209 5.0782387e-05)
(-2.2195666e-05 -0.081285548 5.0762729e-05)
(2.2195155e-05 -0.081285578 5.0763763e-05)
(-2.5194791e-05 -0.081339173 5.078121e-05)
(1.4101526e-05 -0.081224598 5.0741763e-05)
(-2.3311069e-05 -0.081380857 5.0791314e-05)
(-0.00011013406 -0.081114558 5.0640884e-05)
(-0.00010351449 0.076561486 -5.3622266e-05)
(-2.3958229e-05 0.076858513 -5.3771517e-05)
(1.2124029e-05 0.076673747 -5.3719431e-05)
(-2.2278156e-05 0.076806774 -5.376401e-05)
(1.8302906e-05 0.076744858 -5.3741946e-05)
(-1.8301489e-05 0.076744897 -5.3743287e-05)
(2.2292474e-05 0.076806738 -5.3762756e-05)
(-1.2127842e-05 0.076673755 -5.3719204e-05)
(2.3968858e-05 0.076858494 -5.3771528e-05)
(0.00010351209 0.076561474 -5.3622281e-05)
(0.00013246898 -0.093645933 5.6656101e-05)
(2.9337025e-05 -0.09395359 5.6822818e-05)
(-1.7722827e-05 -0.093775289 5.6772256e-05)
(3.0360311e-05 -0.093903654 5.6815215e-05)
(-2.6679719e-05 -0.093843439 5.6794116e-05)
(2.6679366e-05 -0.093843473 5.6795517e-05)
(-3.0369033e-05 -0.093903613 5.681346e-05)
(1.7735829e-05 -0.093775289 5.6772351e-05)
(-2.9337638e-05 -0.093953578 5.6823096e-05)
(-0.00013246162 -0.093645931 5.6656172e-05)
(-0.00012575012 0.089671354 -5.9716462e-05)
(-2.9872857e-05 0.090014666 -5.9881943e-05)
(1.5733074e-05 0.089805114 -5.9829171e-05)
(-2.7422829e-05 0.089952854 -5.987555e-05)
(2.2816446e-05 0.089883863 -5.9852145e-05)
(-2.2814525e-05 0.089883908 -5.985423e-05)
(2.7439756e-05 0.089952813 -5.9873509e-05)
(-1.5739008e-05 0.089805121 -5.9828814e-05)
(2.9883834e-05 0.090014645 -5.9882133e-05)
(0.00012574687 0.08967134 -5.9716513e-05)
(0.00015840331 -0.10732819 6.282209e-05)
(3.65516e-05 -0.10768225 6.3006224e-05)
(-2.2206986e-05 -0.10747958 6.2955189e-05)
(3.6314519e-05 -0.10762255 6.3000548e-05)
(-3.1870899e-05 -0.10755535 6.2977784e-05)
(3.1870763e-05 -0.10755539 6.2979803e-05)
(-3.6326243e-05 -0.1076225 6.2997968e-05)
(2.2221602e-05 -0.10747958 6.2955152e-05)
(-3.655372e-05 -0.10768223 6.3006733e-05)
(-0.00015839527 -0.10732819 6.2822191e-05)
(-0.00015160898 0.10394072 -6.5953133e-05)
(-3.6982348e-05 0.10433582 -6.6135851e-05)
(2.0182732e-05 0.104099 -6.6083153e-05)
(-3.3365135e-05 0.10426214 -6.6131287e-05)
(2.804814e-05 0.10418571 -6.6106378e-05)
(-2.8045724e-05 0.10418576 -6.6109477e-05)
(3.3385297e-05 0.1042621 -6.6128035e-05)
(-2.0191045e-05 0.104099 -6.6082613e-05)
(3.6993749e-05 0.10433579 -6.6136388e-05)
(0.00015160479 0.1039407 -6.5953243e-05)
(0.00018847566 -0.1221803 6.9123619e-05)
(4.5158933e-05 -0.12258646 6.9326379e-05)
(-2.7724863e-05 -0.1223568 6.927546e-05)
(4.3128793e-05 -0.12251519 6.9323526e-05)
(-3.7845078e-05 -0.12244058 6.9298789e-05)
(3.784526e-05 -0.12244062 6.9301724e-05)
(-4.3144196e-05 -0.12251514 6.9319725e-05)
(2.7741288e-05 -0.1223568 6.9275207e-05)
(-4.5162691e-05 -0.12258644 6.9327233e-05)
(-0.0001884668 -0.12218029 6.9123781e-05)
(-0.00018163351 0.11938759 -7.2319613e-05)
(-4.5488634e-05 0.11984061 -7.2520697e-05)
(2.565438e-05 0.1195738 -7.246892e-05)
(-4.0189189e-05 0.11975298 -7.2518886e-05)
(3.4079224e-05 0.11966876 -7.2492185e-05)
(-3.4076384e-05 0.11966881 -7.2496667e-05)
(4.0213342e-05 0.11975293 -7.2513851e-05)
(-2.5665303e-05 0.11957381 -7.2468118e-05)
(4.5500564e-05 0.11984058 -7.252179e-05)
(0.00018162821 0.11938757 -7.2319805e-05)
(0.00022330013 -0.13821877 7.5549011e-05)
(5.5399289e-05 -0.1386834 7.5771718e-05)
(-3.4496808e-05 -0.13842391 7.5721633e-05)
(5.0883299e-05 -0.13859843 7.5772862e-05)
(-4.4681423e-05 -0.13851601 7.57457e-05)
(4.4682051e-05 -0.13851607 7.5749933e-05)
(-5.0903147e-05 -0.13859838 7.576727e-05)
(3.4515177e-05 -0.13842391 7.5721056e-05)
(-5.5404822e-05 -0.13868337 7.5773112e-05)
(-0.00022329024 -0.13821877 7.5549276e-05)
(-0.00021644618 0.13602793 -7.8804535e-05)
(-5.5630967e-05 0.13654571 -7.9025241e-05)
(3.2367908e-05 0.136246 -7.8975344e-05)
(-4.7979961e-05 0.13644171 -7.9027381e-05)
(4.0993674e-05 0.13634942 -7.8998424e-05)
(-4.0990541e-05 0.13634948 -7.9004779e-05)
(4.8008945e-05 0.13644166 -7.9019805e-05)
(-3.2381617e-05 0.136246 -7.8974154e-05)
(5.5643555e-05 0.13654567 -7.902715e-05)
(0.00021643955 0.13602791 -7.8804833e-05)
(0.00026358391 -0.15545866 8.2087733e-05)
(6.7559451e-05 -0.15598876 8.2331868e-05)
(-4.2786497e-05 -0.15569645 8.2283422e-05)
(5.9659817e-05 -0.15588759 8.2338487e-05)
(-5.2460208e-05 -0.15579708 8.2308238e-05)
(5.2461425e-05 -0.15579714 8.2314282e-05)
(-5.968493e-05 -0.15588753 8.2330351e-05)
(4.2806905e-05 -0.15569645 8.2282395e-05)
(-6.7566887e-05 -0.15598873 8.2334046e-05)
(-0.00026357274 -0.15545865 8.2088143e-05)
(-0.00025675856 0.15387679 -8.5399605e-05)
(-6.7694287e-05 0.15446694 -8.5641348e-05)
(4.0587575e-05 0.15413119 -8.559441e-05)
(-5.6820229e-05 0.15434376 -8.5648957e-05)
(4.8875248e-05 0.1542432 -8.5617019e-05)
(-4.8871985e-05 0.15424327 -8.5625903e-05)
(5.6854895e-05 0.1543437 -8.5637869e-05)
(-4.0604205e-05 0.15413119 -8.5592612e-05)
(6.770767e-05 0.1544669 -8.5644372e-05)
(0.00025675033 0.15387677 -8.5400017e-05)
(0.00031014432 -0.1739148 8.8734088e-05)
(8.1983256e-05 -0.17451811 8.9001335e-05)
(-5.2910494e-05 -0.17418987 8.8955532e-05)
(6.9538079e-05 -0.17439782 8.9015181e-05)
(-6.1261652e-05 -0.17429906 8.8980955e-05)
(6.1263581e-05 -0.17429913 8.898948e-05)
(-6.9569262e-05 -0.17439776 8.9003511e-05)
(5.2933029e-05 -0.17418987 8.8953884e-05)
(-8.1992697e-05 -0.17451808 8.9004562e-05)
(-0.00031013162 -0.17391479 8.8734665e-05)
(-0.00030338034 0.17294968 -9.2099832e-05)
(-8.2018584e-05 0.17362063 -9.2364091e-05)
(5.0629621e-05 0.17324555 -9.2321481e-05)
(-6.6786285e-05 0.17347497 -9.2379165e-05)
(5.7803779e-05 0.17336611 -9.2343192e-05)
(-5.780052e-05 0.17336618 -9.2355404e-05)
(6.6827373e-05 0.17347491 -9.2363311e-05)
(-5.0649284e-05 0.17324555 -9.2318742e-05)
(8.2032881e-05 0.17362059 -9.2368671e-05)
(0.00030337029 0.17294966 -9.2100329e-05)
(0.00036391496 -0.19360337 9.5479586e-05)
(9.9083567e-05 -0.19428835 9.5771542e-05)
(-6.5249036e-05 -0.19392102 9.5730095e-05)
(8.0589106e-05 -0.1941456 9.5794829e-05)
(-7.1159845e-05 -0.19403858 9.5755572e-05)
(7.1162471e-05 -0.19403865 9.5767297e-05)
(-8.0626985e-05 -0.19414553 9.5778352e-05)
(6.5273823e-05 -0.19392101 9.5727519e-05)
(-9.9095066e-05 -0.19428832 9.5776369e-05)
(-0.00036390054 -0.19360336 9.54803e-05)
(-0.00035723895 0.19326397 -9.8892794e-05)
(-9.9016484e-05 0.194025 -9.9188356e-05)
(6.2870916e-05 0.19360725 -9.914506e-05)
(-7.7946627e-05 0.19385311 -9.9206465e-05)
(6.7857167e-05 0.19373604 -9.9165063e-05)
(-6.7853905e-05 0.1937361 -9.9187256e-05)
(7.7994585e-05 0.19385305 -9.9184236e-05)
(-6.2893794e-05 0.19360725 -9.9140786e-05)
(9.9031779e-05 0.19402496 -9.9188534e-05)
(0.00035722698 0.19326395 -9.8893293e-05)
(0.00042634022 -0.21454189 0.00010243576)
(0.00011946324 -0.21531956 0.00010277062)
(-8.0296258e-05 -0.21490822 0.00010272159)
(9.2963666e-05 -0.21514875 0.00010279278)
(-8.2306312e-05 -0.21503518 0.0001027466)
(8.2309382e-05 -0.21503523 0.00010277255)
(-9.3008544e-05 -0.21514869 0.00010276981)
(8.0323619e-05 -0.21490822 0.00010271745)
(-0.0001194768 -0.21531953 0.00010276623)
(-0.00042632403 -0.21454188 0.0001024365)
(-0.00041902825 0.21483657 -0.00010567014)
(-0.00011899445 0.21570005 -0.0001057535)
(7.768452e-05 0.21523415 -0.00010595761)
(-9.0445791e-05 0.21549552 -0.00010601735)
(7.8964624e-05 0.21537221 -0.00010597124)
(-7.8961e-05 0.21537227 -0.00010579928)
(9.050051e-05 0.21549546 -0.00010598649)
(-7.7710862e-05 0.21523415 -0.00010595081)
(0.00011901076 0.21570001 -0.00010598829)
(0.00041901437 0.21483654 -0.00010567048)
(0.00049734933 -0.23674021 0.00010917585)
(0.00014327968 -0.23760397 0.00010928381)
(-9.8413861e-05 -0.23716189 0.00010950067)
(0.00010657343 -0.23741291 0.00010957111)
(-9.4401543e-05 -0.23728589 0.00010951961)
(9.4404316e-05 -0.23728591 0.00010933409)
(-0.00010662486 -0.23741286 0.00010953964)
(9.8444159e-05 -0.23716189 0.00010949402)
(-0.00014329516 -0.23760397 0.00010953141)
(-0.00049733148 -0.2367402 0.0001091764)
(-0.00048794624 0.23768061 -0.00011241831)
(-0.00014217972 0.238642 -0.00011361182)
(9.4516674e-05 0.23814016 -0.00011274598)
(-0.00010332166 0.23841174 -0.00011281833)
(9.1615214e-05 0.23827498 -0.0001127583)
(-9.1608924e-05 0.23827499 -0.00011363779)
(0.00010338066 0.23841169 -0.00011277755)
(-9.4548746e-05 0.23814015 -0.00011273444)
(0.00014219683 0.23864199 -0.0001127806)
(0.00048793258 0.23768059 -0.00011241762)
(0.00057730233 -0.25997038 0.00011596199)
(0.00017113492 -0.26097802 0.00011719137)
(-0.0001193043 -0.26045625 0.00011632793)
(0.00012063929 -0.2607294 0.00011641089)
(-0.00010814614 -0.26060892 0.00011634568)
(0.00010814613 -0.26060892 0.00011722657)
(-0.00012069472 -0.26072936 0.00011636979)
(0.00011933992 -0.26045625 0.00011631666)
(-0.00017115194 -0.26097803 0.00011635866)
(-0.00057728488 -0.25997038 0.00011596147)
(-0.00057025011 0.26156592 -0.0001193858)
(-0.00016992973 0.26268565 -0.00011897915)
(0.00011672283 0.26209743 -0.00011975681)
(-0.00011923065 0.26239105 -0.00011983804)
(0.00010456579 0.26226057 -0.00011976947)
(-0.00010455607 0.26226058 -0.0001190054)
(0.00011929242 0.262391 -0.0001197929)
(-0.00011676068 0.26209744 -0.00011974343)
(0.00016994772 0.26268566 -0.00011979265)
(0.00057023669 0.26156591 -0.00011938447)
(0.0006726228 -0.28465451 0.00012296317)
(0.000204483 -0.28578709 0.00012260427)
(-0.00014647429 -0.28521456 0.00012337511)
(0.00013780344 -0.2855105 0.00012346611)
(-0.00012226707 -0.28535863 0.0001233928)
(0.00012226361 -0.28535863 0.00012264447)
(-0.0001378615 -0.28551047 0.00012342126)
(0.00014651513 -0.28521457 0.00012336233)
(-0.00020450139 -0.28578709 0.00012340047)
(-0.00067260532 -0.28465451 0.00012296197)
(-0.00066666128 0.28691791 -0.00012654153)
(-0.00020367844 0.28817956 -0.0001276744)
(0.00014309498 0.28753261 -0.00012695427)
(-0.00013553207 0.2878483 -0.00012703221)
(0.00012095184 0.28768718 -0.00012696379)
(-0.00012093927 0.28768719 -0.00012772802)
(0.00013559601 0.28784827 -0.00012698788)
(-0.00014313745 0.28753262 -0.0001269408)
(0.00020369725 0.28817955 -0.00012696589)
(0.00066664676 0.28691792 -0.00012653971)
(0.00078361067 -0.31076598 0.00012986385)
(0.00024478072 -0.31208302 0.00013102954)
(-0.00017886846 -0.31141223 0.00013032549)
(0.00015522741 -0.31173099 0.00013041468)
(-0.00013968995 -0.31158546 0.00013034148)
(0.00013968359 -0.31158545 0.00013109419)
(-0.00015528724 -0.31173098 0.00013037166)
(0.00017891313 -0.31141225 0.00013031303)
(-0.00024479829 -0.31208303 0.0001303296)
(-0.00078358968 -0.31076601 0.00012986218)
(-0.000780452 0.31371421 -0.00013349488)
(-0.00024382317 0.31517828 -0.00013335039)
(0.00017703442 0.31442553 -0.00013396301)
(-0.00015507566 0.31476261 -0.00013406015)
(0.00013763163 0.31460791 -0.00013398437)
(-0.00013761645 0.31460791 -0.00013338725)
(0.00015514013 0.31476259 -0.00013402014)
(-0.0001770811 0.31442556 -0.00013395109)
(0.00024386038 0.31517828 -0.00013398826)
(0.00078045345 0.31371424 -0.00013349298)
(0.00091550465 -0.33835263 0.0001367237)
(0.00029314821 -0.33984621 0.00013664408)
(-0.00022041836 -0.33909922 0.00013724735)
(0.00017595164 -0.33943971 0.00013735719)
(-0.00015751973 -0.33926818 0.00013727681)
(0.00015751072 -0.33926818 0.00013669311)
(-0.0001760116 -0.3394397 0.00013731975)
(0.00022046657 -0.33909926 0.00013723678)
(-0.00029318493 -0.33984622 0.00013726426)
(-0.00091549941 -0.33835267 0.00013672182)
(-0.00091210891 0.34200512 -0.00014024922)
(-0.00029182751 0.34366748 -0.00014127285)
(0.00021722912 0.34282905 -0.00014077227)
(-0.00017529293 0.34318574 -0.00014086952)
(0.00015749159 0.34300649 -0.00014079756)
(-0.00015747569 0.3430065 -0.0001413392)
(0.00017535732 0.34318574 -0.00014083622)
(-0.00021727901 0.34282909 -0.00014076252)
(0.00029186411 0.34366749 -0.00014077636)
(0.00091210567 0.34200516 -0.00014024734)
(0.0010688016 -0.36739545 0.00014338188)
(0.00035121418 -0.36912049 0.00014444909)
(-0.00027004114 -0.36825901 0.00014396665)
(0.00019730057 -0.3686192 0.00014407797)
(-0.00017845413 -0.36844913 0.0001440012)
(0.00017844442 -0.36844914 0.00014453125)
(-0.00019735995 -0.36861921 0.00014404859)
(0.000270092 -0.36825907 0.00014395849)
(-0.00035125188 -0.36912051 0.00014395847)
(-0.0010687927 -0.36739551 0.00014338003)
(-0.0010686646 0.37177574 -0.00014700369)
(-0.00034983081 0.37369401 -0.00014721071)
(0.00026823355 0.37273109 -0.00014759106)
(-0.00019859438 0.3731048 -0.00014769044)
(0.00017834978 0.37292792 -0.00014762165)
(-0.00017833516 0.37292793 -0.00014728193)
(0.00019865768 0.37310482 -0.00014766398)
(-0.00026828634 0.37273115 -0.00014758368)
(0.00034986817 0.37369403 -0.0001475704)
(0.0010686571 0.37177581 -0.00014700212)
(0.0012485368 -0.39792287 0.00014494325)
(0.00042151926 -0.39989083 0.00014521255)
(-0.00033266596 -0.39892302 0.00014559288)
(0.00022153681 -0.39929805 0.00014570597)
(-0.00020026302 -0.39911182 0.0001456329)
(0.00020025476 -0.39911184 0.00014530224)
(-0.0002215945 -0.39929808 0.00014568426)
(0.00033271928 -0.3989231 0.00014558677)
(-0.00042155738 -0.39989085 0.00014555688)
(-0.001248523 -0.39792295 0.00014494167)
(-0.0013362635 0.40305705 -0.00032617846)
(-0.00041896079 0.40524721 -0.00032752604)
(0.000329484 0.40416587 -0.00032727829)
(-0.00022277433 0.40455095 -0.00032741627)
(0.00020158525 0.40435987 -0.00032733166)
(-0.00020157498 0.4043599 -0.00032751253)
(0.0002228355 0.40455099 -0.00032739639)
(-0.00032953866 0.40416595 -0.00032727226)
(0.0004189986 0.40524724 -0.00032737733)
(0.0013362501 0.40305714 -0.00032617705)
(-0.00073399326 -0.4298997 -0.004229849)
(0.00050500434 -0.43217902 -0.0042458983)
(-0.00040852703 -0.43107192 -0.0042398218)
(0.00024618799 -0.43145318 -0.0042418435)
(-0.00022398411 -0.43126551 -0.0042408731)
(0.00022398018 -0.43126553 -0.0042407033)
(-0.0002462428 -0.43145323 -0.0042418589)
(0.00040858222 -0.43107202 -0.0042398293)
(-0.00050504282 -0.43217906 -0.0042460409)
(0.00073401349 -0.42989981 -0.0042298507)
(-1.3370688e-05 -0.0029019367 2.5194497e-05)
(-2.3360299e-06 -0.002901942 2.520994e-05)
(-3.9952555e-07 -0.0029019541 2.5210159e-05)
(3.5008393e-07 -0.0029019569 2.5210184e-05)
(-8.2568453e-07 -0.0029019574 2.5210029e-05)
(8.2335942e-07 -0.0029019574 2.5210253e-05)
(-3.4616446e-07 -0.0029019569 2.5210405e-05)
(4.0936888e-07 -0.0029019541 2.5210152e-05)
(2.3459293e-06 -0.002901942 2.520992e-05)
(1.337555e-05 -0.0029019367 2.5194553e-05)
(-1.8097476e-05 -0.005445975 3.3177677e-05)
(-4.2675757e-06 -0.0054465626 3.3202558e-05)
(-8.8978936e-07 -0.0054463477 3.3202589e-05)
(4.8180966e-07 -0.0054463087 3.3202522e-05)
(-1.4058056e-06 -0.0054463209 3.3202416e-05)
(1.4039044e-06 -0.005446321 3.3202625e-05)
(-4.7797856e-07 -0.0054463086 3.3202717e-05)
(8.9897487e-07 -0.0054463478 3.3202584e-05)
(4.2765801e-06 -0.0054465626 3.320254e-05)
(1.8102146e-05 -0.005445975 3.3177734e-05)
(-7.4354966e-06 -0.0054055676 1.1348406e-05)
(-4.8517943e-06 -0.0054065063 1.1361748e-05)
(-1.046294e-06 -0.0054062244 1.136182e-05)
(4.9048626e-07 -0.0054061311 1.1361755e-05)
(-1.5625319e-06 -0.0054061578 1.136165e-05)
(1.5606084e-06 -0.0054061581 1.1361861e-05)
(-4.8660111e-07 -0.0054061308 1.1361954e-05)
(1.055467e-06 -0.0054062245 1.1361816e-05)
(4.8607507e-06 -0.0054065064 1.136173e-05)
(7.4402481e-06 -0.0054055675 1.1348462e-05)
(-3.4881277e-06 -0.0056141187 3.4400709e-06)
(-4.9392475e-06 -0.0056151386 3.4457559e-06)
(-1.0890951e-06 -0.0056149168 3.4459457e-06)
(4.861258e-07 -0.0056147684 3.4458911e-06)
(-1.5989203e-06 -0.0056148106 3.4457841e-06)
(1.5970197e-06 -0.005614811 3.445998e-06)
(-4.8216736e-07 -0.005614768 3.4460922e-06)
(1.098292e-06 -0.0056149169 3.445942e-06)
(4.9481931e-06 -0.0056151387 3.4457386e-06)
(3.492932e-06 -0.0056141185 3.4401272e-06)
(-1.9152534e-06 -0.0054449132 4.1868627e-07)
(-4.8910858e-06 -0.005446043 4.2137332e-07)
(-1.0939519e-06 -0.0054458688 4.2149458e-07)
(4.8507591e-07 -0.0054456617 4.214374e-07)
(-1.60661e-06 -0.0054457203 4.2133198e-07)
(1.6047233e-06 -0.0054457208 4.2154941e-07)
(-4.8107977e-07 -0.0054456611 4.2163817e-07)
(1.1031565e-06 -0.005445869 4.214913e-07)
(4.9000346e-06 -0.0054460431 4.2135601e-07)
(1.9200779e-06 -0.005444913 4.1874363e-07)
(-1.7897509e-06 -0.0055852927 3.4948416e-07)
(-4.8027328e-06 -0.0055864673 3.5141625e-07)
(-1.09282e-06 -0.0055863807 3.5159968e-07)
(4.863636e-07 -0.0055861159 3.5154502e-07)
(-1.6086236e-06 -0.0055861915 3.5144039e-07)
(1.606743e-06 -0.0055861921 3.5166224e-07)
(-4.8235186e-07 -0.0055861152 3.5174416e-07)
(1.1020207e-06 -0.0055863809 3.5159706e-07)
(4.8116883e-06 -0.0055864674 3.5139847e-07)
(1.7945832e-06 -0.0055852925 3.4954346e-07)
(-1.4353004e-06 -0.0054618413 -1.7914267e-07)
(-4.7115293e-06 -0.005463086 -1.7754687e-07)
(-1.0876995e-06 -0.0054630625 -1.7741867e-07)
(4.8885955e-07 -0.0054627365 -1.7747634e-07)
(-1.609874e-06 -0.0054628305 -1.7757856e-07)
(1.6079965e-06 -0.0054628312 -1.7735128e-07)
(-4.8484047e-07 -0.0054627356 -1.7727989e-07)
(1.0968903e-06 -0.0054630629 -1.7742099e-07)
(4.7204923e-06 -0.0054630861 -1.7756523e-07)
(1.4401378e-06 -0.0054618411 -1.7908099e-07)
(-1.5065244e-06 -0.0055627558 1.55653e-07)
(-4.6164231e-06 -0.0055640495 1.5724268e-07)
(-1.0844517e-06 -0.0055641156 1.5741779e-07)
(4.9200247e-07 -0.0055637283 1.5736152e-07)
(-1.6112075e-06 -0.0055638416 1.5726096e-07)
(1.6093328e-06 -0.0055638423 1.574944e-07)
(-4.8797833e-07 -0.0055637273 1.5755464e-07)
(1.0936294e-06 -0.005564116 1.5741619e-07)
(4.625394e-06 -0.0055640497 1.5722355e-07)
(1.5113673e-06 -0.0055627555 1.5571736e-07)
(-1.262196e-06 -0.005472649 -1.4620268e-07)
(-4.5235729e-06 -0.005473994 -1.4477734e-07)
(-1.0794726e-06 -0.0054741314 -1.4464494e-07)
(4.9581044e-07 -0.0054736792 -1.4470344e-07)
(-1.6128089e-06 -0.0054738134 -1.4480138e-07)
(1.6109379e-06 -0.0054738142 -1.4456095e-07)
(-4.9178178e-07 -0.0054736781 -1.4451435e-07)
(1.0886345e-06 -0.0054741319 -1.4464627e-07)
(4.5325529e-06 -0.0054739942 -1.4479747e-07)
(1.2670453e-06 -0.0054726487 -1.461351e-07)
(-1.2916479e-06 -0.0055451714 1.0644425e-07)
(-4.4296691e-06 -0.0055465643 1.0788599e-07)
(-1.076293e-06 -0.005546794 1.0805401e-07)
(5.0020947e-07 -0.0055462757 1.0799578e-07)
(-1.6146995e-06 -0.0055464318 1.0790018e-07)
(1.6128336e-06 -0.0055464326 1.0814833e-07)
(-4.9617684e-07 -0.0055462745 1.0818057e-07)
(1.0854366e-06 -0.0055467945 1.0805354e-07)
(4.4386595e-06 -0.0055465646 1.0786509e-07)
(1.2965044e-06 -0.005545171 1.0651525e-07)
(-1.0891348e-06 -0.0054790583 -1.0746456e-07)
(-4.3370117e-06 -0.0054804886 -1.0617031e-07)
(-1.0718087e-06 -0.0054807972 -1.0603605e-07)
(5.0529367e-07 -0.0054802093 -1.0609594e-07)
(-1.6169245e-06 -0.0054803892 -1.0618865e-07)
(1.6150652e-06 -0.00548039 -1.0593248e-07)
(-5.0125773e-07 -0.0054802079 -1.0591624e-07)
(1.0809313e-06 -0.0054807978 -1.0603583e-07)
(4.3460137e-06 -0.0054804889 -1.0619221e-07)
(1.0939994e-06 -0.005479058 -1.0738961e-07)
(-1.0816305e-06 -0.0055310992 7.3434132e-08)
(-4.2442908e-06 -0.005532572 7.4733347e-08)
(-1.0688242e-06 -0.0055329765 7.4894078e-08)
(5.1104193e-07 -0.0055323167 7.4833967e-08)
(-1.6195033e-06 -0.0055325219 7.4744159e-08)
(1.6176525e-06 -0.0055325227 7.5009135e-08)
(-5.0700383e-07 -0.0055323153 7.5008418e-08)
(1.0779231e-06 -0.0055329772 7.4895019e-08)
(4.2533055e-06 -0.0055325724 7.4710187e-08)
(1.0865043e-06 -0.0055310989 7.3513196e-08)
(-9.075324e-07 -0.0054822837 -7.9352954e-08)
(-4.152106e-06 -0.0054837827 -7.8187071e-08)
(-1.0648302e-06 -0.0054842735 -7.8053399e-08)
(5.1753608e-07 -0.0054835381 -7.8114611e-08)
(-1.622475e-06 -0.0054837704 -7.8201346e-08)
(1.6206348e-06 -0.0054837711 -7.79277e-08)
(-5.1349714e-07 -0.0054835365 -7.7946501e-08)
(1.0739025e-06 -0.0054842742 -7.805164e-08)
(4.1611345e-06 -0.0054837831 -7.8211711e-08)
(9.1241636e-07 -0.0054822834 -7.9269673e-08)
(-8.7261609e-07 -0.0055195128 4.9802266e-08)
(-4.0604209e-06 -0.0055210463 5.0960192e-08)
(-1.0620854e-06 -0.0055216374 5.1112997e-08)
(5.2477884e-07 -0.0055208236 5.1051368e-08)
(-1.6258701e-06 -0.0055210846 5.0967851e-08)
(1.6240432e-06 -0.0055210853 5.125075e-08)
(-5.2074077e-07 -0.0055208219 5.1213158e-08)
(1.071128e-06 -0.0055216381 5.1115693e-08)
(4.069464e-06 -0.0055210469 5.0934104e-08)
(8.7751139e-07 -0.0055195125 4.9889803e-08)
(-7.1819593e-07 -0.0054831841 -5.9116337e-08)
(-3.9688808e-06 -0.0054847342 -5.8077906e-08)
(-1.0585602e-06 -0.0054854185 -5.7947215e-08)
(5.3284183e-07 -0.0054845225 -5.8009818e-08)
(-1.6297245e-06 -0.0054848141 -5.8090238e-08)
(1.6279135e-06 -0.0054848147 -5.7798502e-08)
(-5.2880658e-07 -0.0054845207 -5.7855081e-08)
(1.0675701e-06 -0.0054854194 -5.7943735e-08)
(3.9779396e-06 -0.0054847348 -5.8105372e-08)
(7.2310362e-07 -0.0054831838 -5.9024101e-08)
(-6.6272146e-07 -0.0055096915 3.2829406e-08)
(-3.8781425e-06 -0.0055112678 3.3847545e-08)
(-1.0560718e-06 -0.0055120564 3.3991262e-08)
(5.417475e-07 -0.0055110753 3.3928888e-08)
(-1.6340796e-06 -0.0055113992 3.3851695e-08)
(1.6322877e-06 -0.0055113996 3.4151929e-08)
(-5.3771797e-07 -0.0055110735 3.4076016e-08)
(1.0650466e-06 -0.0055120573 3.3995867e-08)
(3.8872167e-06 -0.0055112686 3.3818446e-08)
(6.676424e-07 -0.0055096913 3.2925992e-08)
(-5.2167132e-07 -0.0054823527 -4.4496735e-08)
(-3.7873684e-06 -0.0054839372 -4.3585994e-08)
(-1.0529759e-06 -0.0054848254 -4.3461757e-08)
(5.5155411e-07 -0.005483755 -4.3523753e-08)
(-1.6389635e-06 -0.0054841132 -4.3597889e-08)
(1.6371941e-06 -0.0054841134 -4.329014e-08)
(-5.475333e-07 -0.0054837531 -4.3384402e-08)
(1.0619127e-06 -0.0054848263 -4.3455386e-08)
(3.7964587e-06 -0.0054839381 -4.3616263e-08)
(5.2660639e-07 -0.0054823525 -4.4395479e-08)
(-4.5043059e-07 -0.0055011482 2.0585335e-08)
(-3.6975249e-06 -0.0055027516 2.1464076e-08)
(-1.0507348e-06 -0.0055037471 2.1596839e-08)
(5.6230933e-07 -0.0055025855 2.1535445e-08)
(-1.6444332e-06 -0.0055029791 2.1464433e-08)
(1.64269e-06 -0.0055029791 2.1778839e-08)
(-5.5830077e-07 -0.0055025835 2.1666229e-08)
(1.0596298e-06 -0.0055037481 2.1604134e-08)
(3.7066315e-06 -0.0055027526 2.1432385e-08)
(4.5538101e-07 -0.0055011481 2.0690846e-08)
(-3.1823117e-07 -0.0054801719 -3.3829002e-08)
(-3.6076125e-06 -0.005481776 -3.304646e-08)
(-1.048009e-06 -0.0054828765 -3.2931235e-08)
(5.7404057e-07 -0.0054816187 -3.2990958e-08)
(-1.6504952e-06 -0.0054820501 -3.3059491e-08)
(1.6487822e-06 -0.0054820499 -3.2739786e-08)
(-5.7004803e-07 -0.0054816167 -3.2868712e-08)
(1.0568592e-06 -0.0054828775 -3.2922554e-08)
(3.6167355e-06 -0.0054817771 -3.3079134e-08)
(3.2319809e-07 -0.0054801719 -3.3718954e-08)
(-2.3448552e-07 -0.0054935959 1.1621304e-08)
(-3.5186353e-06 -0.0054952142 1.2359224e-08)
(-1.0459827e-06 -0.005496423 1.2481514e-08)
(5.8684445e-07 -0.0054950692 1.2421888e-08)
(-1.657241e-06 -0.0054955385 1.235694e-08)
(1.6555623e-06 -0.0054955381 1.2679767e-08)
(-5.8287229e-07 -0.0054950671 1.2534894e-08)
(1.0547859e-06 -0.005496424 1.2491096e-08)
(3.5277742e-06 -0.0054952154 1.2325717e-08)
(2.3946953e-07 -0.0054935959 1.1735706e-08)
(-1.0802353e-07 -0.0054768238 -2.5825692e-08)
(-3.4296701e-06 -0.0054784353 -2.5173757e-08)
(-1.043539e-06 -0.0054797539 -2.5069017e-08)
(6.0067133e-07 -0.0054782973 -2.5124298e-08)
(-1.6646186e-06 -0.0054788076 -2.5187639e-08)
(1.662979e-06 -0.005478807 -2.4863484e-08)
(-5.9672402e-07 -0.0054782952 -2.5020259e-08)
(1.0522917e-06 -0.005479755 -2.5058021e-08)
(3.4388241e-06 -0.0054784366 -2.5207701e-08)
(1.1302522e-07 -0.005476824 -2.5707526e-08)
(-1.3781047e-08 -0.0054869673 4.7325939e-09)
(-3.3415324e-06 -0.0054885936 5.3242568e-09)
(-1.041681e-06 -0.0054900177 5.4376254e-09)
(6.1573622e-07 -0.0054884633 5.3796982e-09)
(-1.6728102e-06 -0.0054890128 5.3214886e-09)
(1.671214e-06 -0.0054890119 5.6439912e-09)
(-6.1181897e-07 -0.0054884612 5.474444e-09)
(1.0503804e-06 -0.0054900189 5.4501184e-09)
(3.3507006e-06 -0.0054885951 5.2903372e-09)
(1.8800951e-08 -0.0054869676 4.853981e-09)
(1.0870861e-07 -0.0054722327 -1.9304603e-08)
(-3.2536435e-06 -0.0054738417 -1.8784694e-08)
(-1.0393992e-06 -0.0054753817 -1.8692706e-08)
(6.3178692e-07 -0.0054737168 -1.8740891e-08)
(-1.6816078e-06 -0.005474311 -1.8799512e-08)
(1.6800599e-06 -0.0054743098 -1.8481633e-08)
(-6.2790426e-07 -0.0054737147 -1.8655434e-08)
(1.0480427e-06 -0.0054753829 -1.8678816e-08)
(3.2628245e-06 -0.0054738433 -1.8818169e-08)
(-1.0367041e-07 -0.0054722331 -1.9180245e-08)
(2.1275369e-07 -0.0054815262 -1.3075624e-09)
(-3.1662664e-06 -0.0054831609 -8.7160675e-10)
(-1.0376652e-06 -0.0054847967 -7.6309346e-10)
(6.4935694e-07 -0.0054830379 -8.2078973e-10)
(-1.6914385e-06 -0.0054836698 -8.71244e-10)
(1.689943e-06 -0.0054836684 -5.6183891e-10)
(-6.4551464e-07 -0.0054830359 -7.4525785e-10)
(1.0462504e-06 -0.005484798 -7.4824808e-10)
(3.1754589e-06 -0.0054831627 -9.0400691e-10)
(-2.0769702e-07 -0.0054815268 -1.1809685e-09)
(3.314212e-07 -0.0054658827 -1.2866722e-08)
(-3.0796593e-06 -0.0054674799 -1.2476689e-08)
(-1.0353719e-06 -0.0054692432 -1.2402009e-08)
(6.6766367e-07 -0.0054673619 -1.2437671e-08)
(-1.7016856e-06 -0.0054680442 -1.2493354e-08)
(1.7002472e-06 -0.0054680426 -1.2196871e-08)
(-6.6386567e-07 -0.0054673599 -1.2371978e-08)
(1.0438957e-06 -0.0054692444 -1.2386197e-08)
(3.0888613e-06 -0.0054674818 -1.2506829e-08)
(-3.2634646e-07 -0.0054658834 -1.2738103e-08)
(4.4646132e-07 -0.0054781517 -8.2062866e-09)
(-2.9928453e-06 -0.0054798066 -7.9449109e-09)
(-1.0337589e-06 -0.0054816415 -7.8313225e-09)
(6.8807801e-07 -0.005479682 -7.8946187e-09)
(-1.7134275e-06 -0.0054803955 -7.9336476e-09)
(1.7120491e-06 -0.0054803937 -7.6549847e-09)
(-6.84331e-07 -0.0054796801 -7.838555e-09)
(1.0422198e-06 -0.0054816428 -7.814294e-09)
(3.0020547e-06 -0.0054798086 -7.9723243e-09)
(-4.4136887e-07 -0.0054781527 -8.0764891e-09)
(5.5882243e-07 -0.0054563943 -4.3028769e-09)
(-2.9079104e-06 -0.005457965 -4.0305175e-09)
(-1.0311749e-06 -0.0054599556 -3.9851297e-09)
(7.0845663e-07 -0.0054578492 -3.9971954e-09)
(-1.7249857e-06 -0.0054586243 -4.0540612e-09)
(1.7236719e-06 -0.0054586222 -3.7984947e-09)
(-7.0476197e-07 -0.0054578473 -3.95133e-09)
(1.0395697e-06 -0.005459957 -3.9670727e-09)
(2.9171241e-06 -0.0054579671 -4.0542916e-09)
(-5.5371346e-07 -0.0054563954 -4.1728097e-09)
(6.8956225e-07 -0.005478962 -1.8949196e-08)
(-2.8211483e-06 -0.0054806672 -1.8900187e-08)
(-1.0298171e-06 -0.0054826741 -1.8759379e-08)
(7.3231074e-07 -0.0054805311 -1.8843119e-08)
(-1.7391173e-06 -0.0054813194 -1.8863934e-08)
(1.7378694e-06 -0.0054813172 -1.8637629e-08)
(-7.2867727e-07 -0.0054805292 -1.880721e-08)
(1.038146e-06 -0.0054826755 -1.8740348e-08)
(2.8303637e-06 -0.0054806694 -1.8919113e-08)
(-6.8443745e-07 -0.0054789633 -1.8819711e-08)
(7.8793248e-07 -0.0054406258 1.0513149e-08)
(-2.7387854e-06 -0.0054421364 1.0702764e-08)
(-1.026459e-06 -0.0054443693 1.0692496e-08)
(7.540555e-07 -0.0054420223 1.0726662e-08)
(-1.7514436e-06 -0.0054428978 1.0658908e-08)
(1.7502662e-06 -0.0054428954 1.0849256e-08)
(-7.5047993e-07 -0.0054420206 1.0752153e-08)
(1.0347174e-06 -0.0054443707 1.0711919e-08)
(2.7479987e-06 -0.0054421387 1.06894e-08)
(-7.8279454e-07 -0.0054406274 1.0640867e-08)
(9.4633478e-07 -0.0054885919 -3.9302025e-08)
(-2.6508044e-06 -0.0054904115 -3.9541119e-08)
(-1.025835e-06 -0.0054925375 -3.9324773e-08)
(7.8261745e-07 -0.0054902514 -3.9465104e-08)
(-1.7689782e-06 -0.0054910974 -3.9451451e-08)
(1.7678694e-06 -0.005491095 -3.9304422e-08)
(-7.7911345e-07 -0.0054902496 -3.9449907e-08)
(1.0340259e-06 -0.0054925389 -3.9305003e-08)
(2.6600125e-06 -0.0054904139 -3.9546991e-08)
(-9.4118408e-07 -0.0054885937 -3.9176036e-08)
(1.0124654e-06 -0.0054118942 3.9681663e-08)
(-2.5729913e-06 -0.0054132655 3.9874605e-08)
(-1.0207584e-06 -0.0054157856 3.9748665e-08)
(8.0385422e-07 -0.0054131611 3.9878714e-08)
(-1.7806056e-06 -0.0054141541 3.9777847e-08)
(1.7795717e-06 -0.0054141514 3.9874136e-08)
(-8.0040938e-07 -0.0054131596 3.9883885e-08)
(1.0288739e-06 -0.0054157871 3.9768635e-08)
(2.5821901e-06 -0.005413268 3.9877091e-08)
(-1.0073072e-06 -0.0054118964 3.9803919e-08)
(1.2256392e-06 -0.0055166252 -8.059856e-08)
(-2.4808201e-06 -0.0055186878 -8.1276031e-08)
(-1.0221126e-06 -0.0055208316 -8.0884582e-08)
(8.4004549e-07 -0.0055184856 -8.1160901e-08)
(-1.8038621e-06 -0.0055193532 -8.1078977e-08)
(1.8028964e-06 -0.0055193507 -8.1040788e-08)
(-8.3668439e-07 -0.0055184839 -8.1165961e-08)
(1.0301615e-06 -0.005520833 -8.0865483e-08)
(2.4900052e-06 -0.0055186903 -8.1264103e-08)
(-1.2204721e-06 -0.0055166274 -8.0480801e-08)
(1.2197815e-06 -0.0053567371 9.8927004e-08)
(-2.4118322e-06 -0.0053577935 9.9310774e-08)
(-1.0133494e-06 -0.0053607125 9.8939603e-08)
(8.5631205e-07 -0.0053577225 9.9269471e-08)
(-1.8112699e-06 -0.0053588727 9.9087799e-08)
(1.8103828e-06 -0.00535887 9.9059731e-08)
(-8.5300423e-07 -0.0053577213 9.9254898e-08)
(1.0213157e-06 -0.005360714 9.8957585e-08)
(2.4210003e-06 -0.0053577963 9.9332321e-08)
(-1.2146154e-06 -0.0053567397 9.903815e-08)
(1.5452023e-06 -0.005581773 -1.6432542e-07)
(-2.3090974e-06 -0.0055843285 -1.6572875e-07)
(-1.0195711e-06 -0.0055862992 -1.64968e-07)
(9.0678708e-07 -0.0055840548 -1.6553875e-07)
(-1.8455411e-06 -0.005584873 -1.6531912e-07)
(1.8447176e-06 -0.0055848707 -1.6542032e-07)
(-9.0358016e-07 -0.005584053 -1.6556155e-07)
(1.0274754e-06 -0.0055863007 -1.6495041e-07)
(2.3182411e-06 -0.0055843311 -1.6569517e-07)
(-1.5400303e-06 -0.0055817758 -1.6422125e-07)
(1.3857903e-06 -0.0052497494 2.170418e-07)
(-2.2577816e-06 -0.005250139 2.1798305e-07)
(-1.002992e-06 -0.0052536951 2.1711335e-07)
(9.0809671e-07 -0.0052501523 2.1784587e-07)
(-1.8408021e-06 -0.0052515442 2.1749208e-07)
(1.8400625e-06 -0.0052515413 2.1731107e-07)
(-9.0492618e-07 -0.0052501514 2.1781535e-07)
(1.0108004e-06 -0.0052536968 2.1712861e-07)
(2.2669026e-06 -0.0052501421 2.1802791e-07)
(-1.3806324e-06 -0.0052497527 2.1713685e-07)
(1.9382258e-06 -0.0057178773 -3.2811349e-07)
(-2.1314834e-06 -0.0057213823 -3.3074989e-07)
(-1.0202592e-06 -0.0057228361 -3.2927178e-07)
(9.8735888e-07 -0.0057209876 -3.3042303e-07)
(-1.8976756e-06 -0.0057216267 -3.2994163e-07)
(1.8969915e-06 -0.0057216248 -3.3020653e-07)
(-9.843192e-07 -0.0057209856 -3.3045951e-07)
(1.0280168e-06 -0.0057228377 -3.2925815e-07)
(2.140566e-06 -0.0057213848 -3.3069129e-07)
(-1.9330617e-06 -0.0057178805 -3.2802807e-07)
(1.467991e-06 -0.0050471663 4.4171705e-07)
(-2.1155423e-06 -0.0050462607 4.438446e-07)
(-9.8753832e-07 -0.0050508929 4.4204611e-07)
(9.5262862e-07 -0.0050464502 4.4352643e-07)
(-1.8639909e-06 -0.0050482405 4.4284394e-07)
(1.8634004e-06 -0.0050482375 4.4249118e-07)
(-9.4958996e-07 -0.0050464496 4.4348694e-07)
(9.9517468e-07 -0.0050508947 4.4205667e-07)
(2.1246018e-06 -0.0050462641 4.4391497e-07)
(-1.4628611e-06 -0.0050471702 4.4179012e-07)
(2.4603684e-06 -0.0059799265 -6.302392e-07)
(-1.9406693e-06 -0.0059851364 -6.3490646e-07)
(-1.0280536e-06 -0.0059855097 -6.3216967e-07)
(1.0901909e-06 -0.0059845428 -6.3434748e-07)
(-1.9671576e-06 -0.0059847881 -6.3340792e-07)
(1.9666121e-06 -0.0059847867 -6.338477e-07)
(-1.0873388e-06 -0.0059845402 -6.3438857e-07)
(1.0356606e-06 -0.0059855115 -6.3216198e-07)
(1.9496705e-06 -0.0059851388 -6.3482183e-07)
(-2.4552249e-06 -0.0059799301 -6.3017799e-07)
(1.3998472e-06 -0.0046823729 8.4127304e-07)
(-1.9931848e-06 -0.0046791881 8.4550549e-07)
(-9.6343706e-07 -0.0046855936 8.4216435e-07)
(9.7835113e-07 -0.0046796981 8.4488664e-07)
(-1.8716652e-06 -0.0046821384 8.4364932e-07)
(1.8712269e-06 -0.004682135 8.4312387e-07)
(-9.7543146e-07 -0.0046796982 8.4484821e-07)
(9.7087918e-07 -0.0046855953 8.421671e-07)
(2.002172e-06 -0.0046791921 8.4560104e-07)
(-1.3947675e-06 -0.0046823775 8.4131894e-07)
(3.1932015e-06 -0.0064457442 -1.1471885e-06)
(-1.7250761e-06 -0.0064537614 -1.1549435e-06)
(-1.0493614e-06 -0.0064522414 -1.150252e-06)
(1.2291286e-06 -0.006452857 -1.1540318e-06)
(-2.0654562e-06 -0.0064523977 -1.1523786e-06)
(2.0650406e-06 -0.0064523972 -1.1529835e-06)
(-1.2264826e-06 -0.0064528537 -1.1540644e-06)
(1.05682e-06 -0.0064522433 -1.1502529e-06)
(1.7339663e-06 -0.0064537636 -1.154835e-06)
(-3.1880815e-06 -0.0064457482 -1.1471563e-06)
(1.090996e-06 -0.0040679342 1.4972478e-06)
(-1.9030312e-06 -0.004061138 1.5047183e-06)
(-9.2531436e-07 -0.0040702581 1.4991138e-06)
(9.675432e-07 -0.004062165 1.5036546e-06)
(-1.8496838e-06 -0.004065597 1.5015988e-06)
(1.8493955e-06 -0.0040655931 1.5009208e-06)
(-9.6471254e-07 -0.004062166 1.5036327e-06)
(9.32536e-07 -0.0040702596 1.4991051e-06)
(1.9119348e-06 -0.0040611427 1.5048347e-06)
(-1.0859909e-06 -0.0040679394 1.4972619e-06)
(4.2399619e-06 -0.0072099833 -1.9616441e-06)
(-1.4682794e-06 -0.0072222282 -1.9736834e-06)
(-1.0934595e-06 -0.007217787 -1.9663025e-06)
(1.4238248e-06 -0.0072208688 -1.9722894e-06)
(-2.2090823e-06 -0.0072193106 -1.9696492e-06)
(2.2087864e-06 -0.0072193115 -1.9703869e-06)
(-1.4214083e-06 -0.0072208644 -1.9722954e-06)
(1.1007718e-06 -0.0072177892 -1.9663139e-06)
(1.4770241e-06 -0.0072222301 -1.9735574e-06)
(-4.2348602e-06 -0.0072099876 -1.9616442e-06)
(4.337598e-07 -0.0031047865 2.4894346e-06)
(-1.8622216e-06 -0.0030927811 2.5013442e-06)
(-8.6575887e-07 -0.0031057235 2.4927824e-06)
(8.9628974e-07 -0.0030945655 2.4996875e-06)
(-1.7787841e-06 -0.0030993908 2.4965612e-06)
(1.7786435e-06 -0.0030993863 2.4957757e-06)
(-8.9350508e-07 -0.0030945675 2.4997022e-06)
(8.7271975e-07 -0.0031057248 2.4927594e-06)
(1.871041e-06 -0.0030927866 2.501474e-06)
(-4.2885683e-07 -0.0031047923 2.4894147e-06)
(5.7164232e-06 -0.00837322 -3.1469913e-06)
(-1.148949e-06 -0.0083913587 -3.1645007e-06)
(-1.172507e-06 -0.0083828233 -3.1537915e-06)
(1.6988705e-06 -0.0083893689 -3.1625068e-06)
(-2.4189968e-06 -0.0083862621 -3.1586382e-06)
(2.4188054e-06 -0.0083862648 -3.1594528e-06)
(-1.6967072e-06 -0.008389363 -3.1624653e-06)
(1.179675e-06 -0.0083828259 -3.153817e-06)
(1.1575087e-06 -0.00839136 -3.1643683e-06)
(-5.711324e-06 -0.0083732245 -3.1470243e-06)
(-6.8880735e-07 -0.0016930565 3.8822476e-06)
(-1.8927868e-06 -0.0016740757 3.8997452e-06)
(-7.751101e-07 -0.0016920242 3.8876656e-06)
(7.3545072e-07 -0.0016768893 3.8973614e-06)
(-1.6351259e-06 -0.0016835331 3.8929666e-06)
(1.6351249e-06 -0.0016835281 3.8921409e-06)
(-7.3264876e-07 -0.0016768923 3.8974352e-06)
(7.8175715e-07 -0.0016920252 3.8876245e-06)
(1.9015328e-06 -0.0016740823 3.8998771e-06)
(6.9357525e-07 -0.0016930627 3.8821956e-06)
(7.7432628e-06 -0.010032633 -4.7572013e-06)
(-7.4097115e-07 -0.010058517 -4.7812639e-06)
(-1.3013684e-06 -0.010044629 -4.766765e-06)
(2.0825687e-06 -0.010055684 -4.7785808e-06)
(-2.7195775e-06 -0.010050549 -4.7733019e-06)
(2.7194676e-06 -0.010050555 -4.774117e-06)
(-2.0806778e-06 -0.010055676 -4.7784691e-06)
(1.3083937e-06 -0.010044632 -4.7668056e-06)
(7.4930531e-07 -0.010058517 -4.7811396e-06)
(-7.7381415e-06 -0.010032638 -4.7572629e-06)
(-2.3988082e-06 0.00026091669 5.7186573e-06)
(-2.0218232e-06 0.00028874546 5.7427805e-06)
(-6.4088231e-07 0.0002645918 5.7268012e-06)
(4.5185263e-07 0.00028461249 5.7395608e-06)
(-1.3909228e-06 0.00027572611 5.7337672e-06)
(1.3910439e-06 0.00027573129 5.7329851e-06)
(-4.489473e-07 0.00028460847 5.7397142e-06)
(6.4714985e-07 0.0002645912 5.7267369e-06)
(2.0305223e-06 0.00028873804 5.7428993e-06)
(2.4033992e-06 0.00026091015 5.7185785e-06)
(1.044337e-05 -0.012277408 -6.8243867e-06)
(-2.1330218e-07 -0.012313035 -6.8559581e-06)
(-1.4973724e-06 -0.012292489 -6.8374017e-06)
(2.6063059e-06 -0.012309097 -6.8525319e-06)
(-3.1378672e-06 -0.012301445 -6.8457256e-06)
(3.1378031e-06 -0.012301453 -6.8464549e-06)
(-2.6046938e-06 -0.012309087 -6.8523305e-06)
(1.5042627e-06 -0.012292493 -6.8374562e-06)
(2.2136712e-07 -0.012313035 -6.8558588e-06)
(-1.04382e-05 -0.012277412 -6.8244679e-06)
(-4.8232698e-06 0.0028420273 8.0205334e-06)
(-2.2817306e-06 0.0028806712 8.0522036e-06)
(-4.4691297e-07 0.0028491155 8.032117e-06)
(9.3286606e-09 0.0028749181 8.048067e-06)
(-1.0148925e-06 0.0028633752 8.0408142e-06)
(1.0151034e-06 0.0028633804 8.0401629e-06)
(-6.2010949e-09 0.002874913 8.0483169e-06)
(4.5273174e-07 0.0028491155 8.0320293e-06)
(2.2904196e-06 0.0028806632 8.0522933e-06)
(4.8276252e-06 0.0028420205 8.0204372e-06)
(1.3943297e-05 -0.015187767 -9.3611067e-06)
(4.7046329e-07 -0.015235253 -9.4010285e-06)
(-1.7802076e-06 -0.015206731 -9.3783225e-06)
(3.304717e-06 -0.015229887 -9.3968382e-06)
(-3.7033784e-06 -0.015219235 -9.3884498e-06)
(3.7033088e-06 -0.015219247 -9.389011e-06)
(-3.3033742e-06 -0.015229874 -9.3965372e-06)
(1.7869908e-06 -0.015206735 -9.3783877e-06)
(-4.6271882e-07 -0.015235251 -9.4009718e-06)
(-1.3938058e-05 -0.015187771 -9.3611958e-06)
(-8.0955121e-06 0.0061263788 1.0792297e-05)
(-2.710519e-06 0.0061779326 1.0832344e-05)
(-1.7242834e-07 0.0061377581 1.0808092e-05)
(-6.3019628e-07 0.006170247 1.0827239e-05)
(-4.7285743e-07 0.0061556365 1.0818524e-05)
(4.7311508e-07 0.0061556417 1.0818077e-05)
(6.3369485e-07 0.0061702407 1.0827593e-05)
(1.7773265e-07 0.0061377589 1.0807982e-05)
(2.7192418e-06 0.0061779246 1.083239e-05)
(8.0995505e-06 0.0061263718 1.0792196e-05)
(1.837787e-05 -0.018835617 -1.2364984e-05)
(1.3527745e-06 -0.018897152 -1.2414019e-05)
(-2.1722435e-06 -0.018859365 -1.2387211e-05)
(4.2165142e-06 -0.018889972 -1.2409078e-05)
(-4.4485509e-06 -0.01887587 -1.2399099e-05)
(4.4484201e-06 -0.018875885 -1.2399426e-05)
(-4.215429e-06 -0.018889956 -1.2408679e-05)
(2.1789791e-06 -0.018859371 -1.2387279e-05)
(-1.345411e-06 -0.018897148 -1.241402e-05)
(-1.8372556e-05 -0.018835621 -1.2365065e-05)
(-1.2356723e-05 0.010182116 1.402619e-05)
(-3.3521466e-06 0.010248864 1.4075384e-05)
(2.0854856e-07 0.010198783 1.4047024e-05)
(-1.505654e-06 0.010238905 1.406929e-05)
(2.7133402e-07 0.010220799 1.4059153e-05)
(-2.7106807e-07 0.010220805 1.4058957e-05)
(1.5096871e-06 0.010238897 1.4069743e-05)
(-2.0381578e-07 0.010198784 1.4046899e-05)
(3.3609514e-06 0.010248856 1.4075375e-05)
(1.2360338e-05 0.010182109 1.4026098e-05)
(2.3896888e-05 -0.023285558 -1.5824216e-05)
(2.4829323e-06 -0.023363368 -1.5883095e-05)
(-2.6996106e-06 -0.023315104 -1.585233e-05)
(5.3854798e-06 -0.023353939 -1.5877442e-05)
(-5.4098017e-06 -0.023335989 -1.58659e-05)
(5.4095699e-06 -0.023336008 -1.586595e-05)
(-5.3846673e-06 -0.023353921 -1.5876966e-05)
(2.7063989e-06 -0.02331511 -1.585239e-05)
(-2.4760212e-06 -0.023363362 -1.5883167e-05)
(-2.3891512e-05 -0.023285562 -1.5824275e-05)
(-1.7757546e-05 0.015070342 1.7707535e-05)
(-4.2570798e-06 0.015154814 1.7766624e-05)
(7.2719412e-07 0.015093422 1.7734305e-05)
(-2.6562908e-06 0.015142181 1.7759551e-05)
(1.254751e-06 0.015120121 1.7748062e-05)
(-1.2544937e-06 0.015120129 1.7748124e-05)
(2.6610177e-06 0.015142171 1.7760079e-05)
(-7.2308379e-07 0.015093425 1.7734175e-05)
(4.2660144e-06 0.015154807 1.7766556e-05)
(1.7760611e-05 0.015070334 1.7707465e-05)
(3.0671436e-05 -0.028595785 -1.9721991e-05)
(3.9180035e-06 -0.028692134 -1.9791453e-05)
(-3.3941251e-06 -0.028632264 -1.9756934e-05)
(6.8606509e-06 -0.028679984 -1.9785151e-05)
(-6.6286049e-06 -0.028657856 -1.9772093e-05)
(6.6282652e-06 -0.028657877 -1.9771854e-05)
(-6.8601877e-06 -0.028679963 -1.9784643e-05)
(3.4011106e-06 -0.02863227 -1.975697e-05)
(-3.9116258e-06 -0.028692126 -1.9791602e-05)
(-3.0666022e-05 -0.028595789 -1.9722016e-05)
(-2.4459876e-05 0.020845913 2.1817686e-05)
(-5.4830093e-06 0.020950904 2.1887413e-05)
(1.4196245e-06 0.020876668 2.1851356e-05)
(-4.1222601e-06 0.020935099 2.1879408e-05)
(2.5146504e-06 0.020908586 2.1866655e-05)
(-2.5143916e-06 0.020908597 2.1866921e-05)
(4.1278257e-06 0.020935087 2.1879969e-05)
(-1.4161901e-06 0.020876672 2.1851233e-05)
(5.4921182e-06 0.020950897 2.1887291e-05)
(2.4462265e-05 0.020845906 2.1817646e-05)
(3.8897031e-05 -0.034818769 -2.4037493e-05)
(5.723423e-06 -0.034936012 -2.4118325e-05)
(-4.2958489e-06 -0.034863445 -2.4080252e-05)
(8.6951446e-06 -0.034920642 -2.4111434e-05)
(-8.1521603e-06 -0.034894053 -2.4096925e-05)
(8.1517359e-06 -0.034894076 -2.4096429e-05)
(-8.6951719e-06 -0.034920619 -2.4110972e-05)
(4.3032015e-06 -0.034863451 -2.408025e-05)
(-5.7176837e-06 -0.034936002 -2.4118547e-05)
(-3.8891578e-05 -0.034818772 -2.4037479e-05)
(-3.2639713e-05 0.027558099 2.6332934e-05)
(-7.0956758e-06 0.027686621 2.6414028e-05)
(2.3269911e-06 0.027597923 2.6374531e-05)
(-5.9464188e-06 0.027667021 2.6405189e-05)
(4.0891407e-06 0.027635548 2.639127e-05)
(-4.0888523e-06 0.027635564 2.6391625e-05)
(5.9529651e-06 0.027667004 2.6405733e-05)
(-2.32431e-06 0.027597929 2.6374432e-05)
(7.1049936e-06 0.027686613 2.6413876e-05)
(3.2641329e-05 0.027558091 2.6332923e-05)
(4.8791862e-05 -0.042001747 -2.8743194e-05)
(7.9735932e-06 -0.042142434 -2.8836218e-05)
(-5.4554608e-06 -0.042056027 -2.8794821e-05)
(1.0944053e-05 -0.042123304 -2.8828816e-05)
(-1.0032158e-05 -0.04209198 -2.8812941e-05)
(1.003168e-05 -0.042092004 -2.8812266e-05)
(-1.0944785e-05 -0.042123279 -2.8828502e-05)
(5.4633741e-06 -0.042056033 -2.8794771e-05)
(-7.9686099e-06 -0.042142423 -2.8836487e-05)
(-4.8786336e-05 -0.04200175 -2.8743147e-05)
(-4.2491744e-05 0.035251123 3.1221373e-05)
(-9.169828e-06 0.035406324 3.1314545e-05)
(3.4967308e-06 0.035301568 3.1271975e-05)
(-8.1762504e-06 0.035382187 3.1305029e-05)
(6.0191899e-06 0.035345296 3.1290039e-05)
(-6.0188355e-06 0.035345316 3.1290326e-05)
(8.183942e-06 0.035382166 3.1305519e-05)
(-3.4949304e-06 0.035301574 3.1271912e-05)
(9.1793754e-06 0.035406315 3.1314403e-05)
(4.2492537e-05 0.035251115 3.1221383e-05)
(6.0592954e-05 -0.050187105 -3.3802713e-05)
(1.0753255e-05 -0.050354074 -3.3908783e-05)
(-6.934952e-06 -0.050252548 -3.3864322e-05)
(1.3662106e-05 -0.050330566 -3.3900957e-05)
(-1.2322308e-05 -0.050294201 -3.3883841e-05)
(1.2321794e-05 -0.050294227 -3.3883081e-05)
(-1.3663809e-05 -0.050330539 -3.3900898e-05)
(6.9436247e-06 -0.050252553 -3.3864219e-05)
(-1.0749153e-05 -0.050354063 -3.3909049e-05)
(-6.0587276e-05 -0.050187108 -3.3802644e-05)
(-5.4235705e-05 0.043964606 3.6442536e-05)
(-1.1790188e-05 0.044149734 3.6548498e-05)
(4.9852062e-06 0.044027391 3.6503252e-05)
(-1.0864605e-05 0.044120224 3.6538503e-05)
(8.3508215e-06 0.044077533 3.652254e-05)
(-8.3503535e-06 0.044077559 3.65226e-05)
(1.0873653e-05 0.044120199 3.6538957e-05)
(-4.9844832e-06 0.044027399 3.650324e-05)
(1.1799974e-05 0.044149723 3.6548406e-05)
(5.4235668e-05 0.043964598 3.6442554e-05)
(7.4556466e-05 -0.05941268 -3.9171853e-05)
(1.4159188e-05 -0.059609101 -3.9291857e-05)
(-8.8076516e-06 -0.059491005 -3.9244632e-05)
(1.6903679e-05 -0.059580478 -3.9283715e-05)
(-1.5076376e-05 -0.059538726 -3.926551e-05)
(1.5075827e-05 -0.059538753 -3.9264727e-05)
(-1.690666e-05 -0.059580448 -3.9283996e-05)
(8.8172866e-06 -0.05949101 -3.9244482e-05)
(-1.4156093e-05 -0.059609091 -3.9292054e-05)
(-7.455053e-05 -0.059412682 -3.9171777e-05)
(-6.8121821e-05 0.053733898 4.1948858e-05)
(-1.5052731e-05 0.053952382 4.2068357e-05)
(6.8608344e-06 0.053810942 4.2020818e-05)
(-1.406905e-05 0.053916575 4.2058109e-05)
(1.113607e-05 0.053867773 4.204127e-05)
(-1.1135414e-05 0.053867803 4.204098e-05)
(1.4079726e-05 0.053916545 4.205862e-05)
(-6.8614623e-06 0.05381095 4.2020869e-05)
(1.5062756e-05 0.053952369 4.2068335e-05)
(6.8120974e-05 0.053733888 4.1948874e-05)
(9.0964482e-05 -0.069712011 -4.4800545e-05)
(1.8302631e-05 -0.069941411 -4.4935395e-05)
(-1.115903e-05 -0.069805127 -4.4885768e-05)
(2.0725176e-05 -0.069906792 -4.4927068e-05)
(-1.8348376e-05 -0.069859278 -4.4907958e-05)
(1.8347797e-05 -0.069859308 -4.4907131e-05)
(-2.0729795e-05 -0.069906757 -4.4927745e-05)
(1.1169847e-05 -0.06980513 -4.4885592e-05)
(-1.8300669e-05 -0.069941401 -4.493546e-05)
(-9.0958183e-05 -0.069712012 -4.4800474e-05)
(-8.443664e-05 0.064590339 4.7689794e-05)
(-1.9066759e-05 0.064845954 4.7823665e-05)
(9.2067511e-06 0.06468379 4.7774153e-05)
(-1.7851305e-05 0.064802802 4.7813387e-05)
(1.443258e-05 0.064747599 4.7795777e-05)
(-1.4431627e-05 0.064747635 4.7795039e-05)
(1.7863961e-05 0.064802767 4.7814125e-05)
(-9.2090761e-06 0.064683798 4.777428e-05)
(1.9077022e-05 0.064845938 4.7823685e-05)
(8.4435006e-05 0.064590328 4.7689797e-05)
(0.00011014076 -0.081114558 -5.0640772e-05)
(2.3312268e-05 -0.081380867 -5.0791414e-05)
(-1.4090018e-05 -0.081224597 -5.0739829e-05)
(2.5187935e-05 -0.08133921 -5.0783062e-05)
(-2.2195122e-05 -0.081285547 -5.0763259e-05)
(2.2194541e-05 -0.081285581 -5.0762266e-05)
(-2.5194641e-05 -0.08133917 -5.0784194e-05)
(1.4102273e-05 -0.081224598 -5.0739664e-05)
(-2.331155e-05 -0.081380857 -5.079131e-05)
(-0.00011013402 -0.081114558 -5.0640706e-05)
(-0.0001035145 0.076561486 5.3622479e-05)
(-2.3958025e-05 0.076858511 5.3771702e-05)
(1.2123378e-05 0.076673747 5.3720461e-05)
(-2.2278066e-05 0.076806777 5.3761595e-05)
(1.8303197e-05 0.076744856 5.3743333e-05)
(-1.8301824e-05 0.076744898 5.3742034e-05)
(2.2293158e-05 0.076806736 5.3762802e-05)
(-1.2127817e-05 0.076673755 5.3720684e-05)
(2.3968533e-05 0.076858493 5.3771676e-05)
(0.0001035121 0.076561474 5.3622461e-05)
(0.0001324688 -0.093645932 -5.6656022e-05)
(2.9337459e-05 -0.093953589 -5.6823483e-05)
(-1.7722678e-05 -0.093775291 -5.6770442e-05)
(3.0359627e-05 -0.093903655 -5.6815285e-05)
(-2.6679241e-05 -0.093843437 -5.6795034e-05)
(2.6678712e-05 -0.093843477 -5.6793677e-05)
(-3.0368992e-05 -0.093903609 -5.6816992e-05)
(1.7736689e-05 -0.09377529 -5.6770342e-05)
(-2.9338085e-05 -0.093953578 -5.6823191e-05)
(-0.00013246154 -0.09364593 -5.6655951e-05)
(-0.00012575006 0.089671354 5.9716787e-05)
(-2.9872798e-05 0.090014664 5.9882506e-05)
(1.5732232e-05 0.089805114 5.9829737e-05)
(-2.742251e-05 0.089952857 5.9872746e-05)
(2.2816575e-05 0.089883861 5.9853983e-05)
(-2.2814677e-05 0.089883911 5.9851944e-05)
(2.7440647e-05 0.089952811 5.9874736e-05)
(-1.5739273e-05 0.08980512 5.9830088e-05)
(2.988357e-05 0.090014644 5.9882302e-05)
(0.00012574688 0.08967134 5.9716734e-05)
(0.00015840298 -0.10732819 -6.2822024e-05)
(3.6552009e-05 -0.10768225 -6.3007485e-05)
(-2.2206436e-05 -0.10747958 -6.2953492e-05)
(3.6313743e-05 -0.10762255 -6.2999611e-05)
(-3.1870487e-05 -0.10755534 -6.2979189e-05)
(3.1870071e-05 -0.10755539 -6.2977218e-05)
(-3.6326483e-05 -0.10762249 -6.3002138e-05)
(2.2222587e-05 -0.10747958 -6.2953521e-05)
(-3.6554062e-05 -0.10768223 -6.3006965e-05)
(-0.00015839515 -0.10732819 -6.2821926e-05)
(-0.00015160877 0.10394072 6.5953607e-05)
(-3.6982494e-05 0.10433581 6.6137151e-05)
(2.0181554e-05 0.10409899 6.6083043e-05)
(-3.3364494e-05 0.10426215 6.612788e-05)
(2.8048066e-05 0.1041857 6.6108825e-05)
(-2.8045575e-05 0.10418576 6.6105776e-05)
(3.3386464e-05 0.1042621 6.6131077e-05)
(-2.0191753e-05 0.104099 6.6083575e-05)
(3.6993572e-05 0.10433579 6.6136603e-05)
(0.0001516048 0.1039407 6.5953499e-05)
(0.00018847513 -0.1221803 -6.9123638e-05)
(4.51593e-05 -0.12258646 -6.9328501e-05)
(-2.7723722e-05 -0.12235681 -6.9274012e-05)
(4.3127925e-05 -0.1225152 -6.9321088e-05)
(-3.7844738e-05 -0.12244057 -6.9300809e-05)
(3.7844487e-05 -0.12244063 -6.9297927e-05)
(-4.3144908e-05 -0.12251513 -6.9324834e-05)
(2.7742465e-05 -0.1223568 -6.9274255e-05)
(-4.5162855e-05 -0.12258644 -6.9327637e-05)
(-0.00018846662 -0.12218029 -6.9123481e-05)
(-0.00018163305 0.11938759 7.2320277e-05)
(-4.5489049e-05 0.1198406 7.252319e-05)
(2.5652661e-05 0.1195738 7.2467928e-05)
(-4.0188122e-05 0.11975299 7.2514511e-05)
(3.4078907e-05 0.11966875 7.2495454e-05)
(-3.4075792e-05 0.11966882 7.2491027e-05)
(4.0214904e-05 0.11975293 7.2519487e-05)
(-2.5666639e-05 0.1195738 7.2468719e-05)
(4.5500485e-05 0.11984057 7.2522089e-05)
(0.00018162821 0.11938757 7.2320089e-05)
(0.00022329933 -0.13821877 -7.5549212e-05)
(5.5399602e-05 -0.13868339 -7.5775129e-05)
(-3.4494804e-05 -0.13842392 -7.5720585e-05)
(5.0882328e-05 -0.13859844 -7.5768258e-05)
(-4.4681179e-05 -0.13851601 -7.5748532e-05)
(4.4681128e-05 -0.13851608 -7.5744356e-05)
(-5.0904566e-05 -0.13859836 -7.5773789e-05)
(3.4516655e-05 -0.13842391 -7.5721149e-05)
(-5.5404719e-05 -0.13868337 -7.5773726e-05)
(-0.00022329001 -0.13821877 -7.5548956e-05)
(-0.00021644534 0.13602793 7.8805431e-05)
(-5.5631714e-05 0.1365457 7.9029496e-05)
(3.2365363e-05 0.13624599 7.8973262e-05)
(-4.7978339e-05 0.13644172 7.9021468e-05)
(4.0993087e-05 0.13634942 7.9002819e-05)
(-4.0989345e-05 0.13634949 7.8996524e-05)
(4.8011082e-05 0.13644165 7.9028978e-05)
(-3.2383806e-05 0.13624599 7.8974436e-05)
(5.5643561e-05 0.13654567 7.9027579e-05)
(0.00021643952 0.13602791 7.880514e-05)
(0.00026358272 -0.15545866 -8.2088218e-05)
(6.7559685e-05 -0.15598876 -8.233709e-05)
(-4.278327e-05 -0.15569646 -8.2282979e-05)
(5.9658716e-05 -0.1558876 -8.2330809e-05)
(-5.2460107e-05 -0.15579708 -8.2312188e-05)
(5.2460279e-05 -0.15579715 -8.2306208e-05)
(-5.9687349e-05 -0.15588752 -8.2338877e-05)
(4.2808825e-05 -0.15569645 -8.2283987e-05)
(-6.7566408e-05 -0.15598873 -8.2334903e-05)
(-0.00026357244 -0.15545865 -8.2087819e-05)
(-0.00025675718 0.15387679 8.5400746e-05)
(-6.7695426e-05 0.15446694 8.5648009e-05)
(4.0583827e-05 0.15413118 8.5591008e-05)
(-5.6817876e-05 0.15434377 8.5640642e-05)
(4.8874398e-05 0.1542432 8.5623011e-05)
(-4.8870034e-05 0.15424328 8.5614194e-05)
(5.6857868e-05 0.15434369 8.5651659e-05)
(-4.0607504e-05 0.15413118 8.5592783e-05)
(6.7707709e-05 0.1544669 8.5644977e-05)
(0.00025675026 0.15387677 8.5400343e-05)
(0.00031014263 -0.1739148 -8.8734924e-05)
(8.198342e-05 -0.1745181 -8.9008921e-05)
(-5.2905631e-05 -0.17418988 -8.8955727e-05)
(6.9536729e-05 -0.17439783 -8.9003328e-05)
(-6.1261762e-05 -0.17429906 -8.8986531e-05)
(6.126212e-05 -0.17429914 -8.8978076e-05)
(-6.9572983e-05 -0.17439774 -8.9014925e-05)
(5.2935605e-05 -0.17418986 -8.8957348e-05)
(-8.1991755e-05 -0.17451808 -8.9005685e-05)
(-0.00031013127 -0.17391479 -8.873436e-05)
(-0.00030337818 0.17294968 9.2101164e-05)
(-8.2020183e-05 0.17362062 9.2374084e-05)
(5.0624139e-05 0.17324555 9.2316432e-05)
(-6.6782938e-05 0.17347498 9.236725e-05)
(5.7802746e-05 0.1733661 9.2351505e-05)
(-5.7797666e-05 0.17336619 9.2339367e-05)
(6.6831487e-05 0.17347489 9.2383025e-05)
(-5.0654011e-05 0.17324554 9.231914e-05)
(8.2032868e-05 0.17362058 9.2369495e-05)
(0.00030337017 0.17294966 9.2100678e-05)
(0.00036391248 -0.19360337 -9.5480735e-05)
(9.9083796e-05 -0.19428838 -9.5782601e-05)
(-6.5241997e-05 -0.19392102 -9.5730347e-05)
(8.058716e-05 -0.19414561 -9.577775e-05)
(-7.1160271e-05 -0.19403857 -9.576358e-05)
(7.1160522e-05 -0.1940387 -9.5751932e-05)
(-8.0632173e-05 -0.19414551 -9.5794146e-05)
(6.5277427e-05 -0.19392101 -9.5732889e-05)
(-9.9093658e-05 -0.19428832 -9.5777763e-05)
(-0.00036390012 -0.19360336 -9.5480036e-05)
(-0.00035723893 0.19326397 9.8894164e-05)
(-9.9018735e-05 0.19402506 9.9189787e-05)
(6.2866335e-05 0.19360726 9.9137458e-05)
(-7.7941784e-05 0.19385312 9.9189596e-05)
(6.7853235e-05 0.19373603 9.9176791e-05)
(-6.7849959e-05 0.19373619 9.9154681e-05)
(7.8002965e-05 0.19385303 9.9211738e-05)
(-6.2900409e-05 0.19360725 9.9141692e-05)
(9.9031647e-05 0.19402495 9.91896e-05)
(0.00035722681 0.19326395 9.8893675e-05)
(0.00042634231 -0.21454189 -0.00010243702)
(0.00011946387 -0.21531799 -0.00010276351)
(-8.0292212e-05 -0.21490823 -0.00010272037)
(9.2960441e-05 -0.21514877 -0.00010276952)
(-8.2302075e-05 -0.21503516 -0.00010275823)
(8.2306636e-05 -0.21503391 -0.00010273237)
(-9.3020348e-05 -0.21514866 -0.0001027924)
(8.0328861e-05 -0.21490821 -0.00010272446)
(-0.00011947499 -0.21531953 -0.00010276788)
(-0.00042632356 -0.21454188 -0.0001024363)
(-0.00041891126 0.21483657 0.00010567124)
(-0.00011899767 0.21569838 0.00010622345)
(7.7561357e-05 0.21523416 0.00010594576)
(-9.0438624e-05 0.21549554 0.00010599378)
(7.9060666e-05 0.2153722 0.00010598802)
(-7.8956088e-05 0.21537084 0.00010615902)
(9.0411213e-05 0.21549544 0.00010602462)
(-7.7720063e-05 0.21523415 0.00010595253)
(0.00011901043 0.21570001 0.0001059896)
(0.00041901415 0.21483654 0.00010567091)
(0.00049722507 -0.23674021 -0.0001091768)
(0.00014328108 -0.23761097 -0.00010978132)
(-9.8281681e-05 -0.23716192 -0.00010949598)
(0.00010656802 -0.23741293 -0.00010954039)
(-9.450619e-05 -0.23728586 -0.00010953653)
(9.4400251e-05 -0.23729278 -0.00010972244)
(-0.00010652979 -0.23741282 -0.00010957184)
(9.8451737e-05 -0.23716189 -0.0001095026)
(-0.00014329298 -0.23760397 -0.00010953328)
(-0.00049733098 -0.2367402 -0.00010917626)
(-0.00048836234 0.23768062 0.00011241738)
(-0.00014218459 0.23864899 0.00011194878)
(9.4925193e-05 0.23814018 0.00011272578)
(-0.00010331038 0.23841176 0.00011278706)
(9.1189478e-05 0.23827495 0.00011278322)
(-9.1603673e-05 0.23828187 0.00011190149)
(0.00010381599 0.23841166 0.00011282792)
(-9.4560956e-05 0.23814015 0.00011273736)
(0.00014219623 0.23864199 0.00011278207)
(0.00048793234 0.23768059 0.00011241811)
(0.00057771731 -0.25997038 -0.00011596082)
(0.00017113774 -0.26096749 -0.00011552922)
(-0.00011970985 -0.26045626 -0.00011631567)
(0.00012062989 -0.26072941 -0.00011637198)
(-0.00010772171 -0.2606089 -0.00011637101)
(0.00010814106 -0.26059837 -0.0001154912)
(-0.00012113083 -0.26072935 -0.00011641315)
(0.00011935025 -0.26045625 -0.00011632696)
(-0.00017114935 -0.26097803 -0.00011636065)
(-0.00057728436 -0.25997038 -0.00011596139)
(-0.00056984408 0.26156592 0.0001193837)
(-0.00016993509 0.26267535 0.00012060442)
(0.00011630857 0.26209745 0.00011973301)
(-0.00011921703 0.26239105 0.00011980291)
(0.00010496425 0.26226056 0.00011980024)
(-0.00010455155 0.26225024 0.00012056077)
(0.00011890513 0.26239099 0.0001198482)
(-0.00011677411 0.26209744 0.00011974654)
(0.00016994709 0.26268566 0.00011979416)
(0.00057023645 0.26156591 0.00011938503)
(0.00067222266 -0.28465451 -0.00012296072)
(0.00020448656 -0.28579658 -0.00012420052)
(-0.00014606458 -0.28521456 -0.00012335811)
(0.00013779144 -0.2855105 -0.00012342531)
(-0.00012265917 -0.28535863 -0.00012342392)
(0.00012225818 -0.28536814 -0.0001241738)
(-0.00013748084 -0.28551049 -0.00012347031)
(0.00014652687 -0.28521458 -0.00012337103)
(-0.00020449921 -0.28578709 -0.00012340248)
(-0.00067260481 -0.28465451 -0.00012296193)
(-0.00066701646 0.28691792 0.00012653847)
(-0.00020368392 0.28818876 0.00012625485)
(0.00014344218 0.28753261 0.00012692948)
(-0.00013551766 0.28784829 0.00012699715)
(0.00012058665 0.28768718 0.00012699674)
(-0.00012093613 0.28769642 0.00012622821)
(0.00013597254 0.28784828 0.00012704171)
(-0.00014315052 0.28753263 0.0001269431)
(0.00020369684 0.28817955 0.00012696731)
(0.00066664657 0.28691792 0.00012654036)
(0.00078395817 -0.31076598 -0.00012986035)
(0.00024478445 -0.31207487 -0.00012963395)
(-0.00017920709 -0.31141222 -0.0001303072)
(0.00015521466 -0.31173098 -0.00013037562)
(-0.00013933149 -0.31158546 -0.00013037429)
(0.0001396789 -0.3115772 -0.00012962361)
(-0.00015565598 -0.311731 -0.00013041887)
(0.00017892442 -0.31141226 -0.00013031979)
(-0.0002447966 -0.31208303 -0.00013033149)
(-0.00078358921 -0.31076601 -0.00012986219)
(-0.00078013417 0.31371421 0.00013349177)
(-0.0002438282 0.31517037 0.00013462309)
(0.00017670958 0.31442552 0.00013393951)
(-0.00015506172 0.3147626 0.00013402889)
(0.00013794605 0.31460792 0.00013401677)
(-0.00013761452 0.31459991 0.00013460915)
(0.00015483585 0.31476262 0.00013406911)
(-0.00017709301 0.31442556 0.0001339516)
(0.00024386045 0.31517828 0.00013398945)
(0.00078045333 0.31371424 0.00013349374)
(0.00091519192 -0.33835263 -0.00013672001)
(0.0002931514 -0.3398529 -0.0001378888)
(-0.00022009808 -0.3390992 -0.00013723063)
(0.00017593962 -0.33943969 -0.0001373232)
(-0.0001578279 -0.33926819 -0.00013730833)
(0.00015750703 -0.33927489 -0.00013789428)
(-0.00017571176 -0.33943973 -0.00013736086)
(0.00022047639 -0.33909926 -0.00013724136)
(-0.00029318381 -0.33984622 -0.00013726592)
(-0.00091549901 -0.33835267 -0.00013672188)
(-0.00091235836 0.34200512 0.00014024626)
(-0.00029183203 0.34367395 0.0001402767)
(0.00021747297 0.34282904 0.0001407514)
(-0.00017528056 0.34318572 0.00014084403)
(0.00015723425 0.34300651 0.00014082624)
(-0.00015747476 0.343013 0.00014027993)
(0.00017562292 0.34318577 0.00014087763)
(-0.00021728909 0.3428291 0.00014076136)
(0.00029186461 0.34366749 0.00014077726)
(0.00091210565 0.34200516 0.00014024818)
(0.0010690443 -0.36739545 -0.00014337824)
(0.00035121694 -0.36911558 -0.000143472)
(-0.00027027825 -0.36825899 -0.00014395211)
(0.00019729016 -0.36861918 -0.0001440515)
(-0.00017820246 -0.36844915 -0.00014402845)
(0.00017844187 -0.3684441 -0.00014350066)
(-0.00019761743 -0.36861924 -0.00014408118)
(0.00027009976 -0.36825907 -0.00014396047)
(-0.00035125141 -0.36912051 -0.00014395983)
(-0.0010687924 -0.36739552 -0.00014338014)
(-0.0010684856 0.37177574 0.00014700131)
(-0.00034983465 0.37368928 0.00014792778)
(0.00026805038 0.37273108 0.00014757333)
(-0.00019858383 0.37310478 0.00014767122)
(0.00017853047 0.37292794 0.00014764603)
(-0.00017833443 0.37292307 0.00014798231)
(0.00019848268 0.37310484 0.00014769783)
(-0.00026829462 0.37273116 0.00014758081)
(0.00034986911 0.37369403 0.00014757108)
(0.0010686571 0.37177581 0.00014700293)
(0.0012483626 -0.39792287 -0.0001449401)
(0.00042152199 -0.39989366 -0.00014590451)
(-0.00033248824 -0.39892302 -0.00014557899)
(0.00022152763 -0.39929803 -0.00014568844)
(-0.00020043829 -0.39911183 -0.00014565547)
(0.00020025298 -0.39911474 -0.00014598786)
(-0.00022142222 -0.3992981 -0.00014571023)
(0.00033272547 -0.39892311 -0.0001455851)
(-0.00042155784 -0.39989085 -0.00014555803)
(-0.0012485227 -0.39792295 -0.00014494176)
(-0.0013363377 0.40305705 0.00032617626)
(-0.00041896451 0.40524991 0.00032722741)
(0.00032955551 0.40416586 0.00032725998)
(-0.00022276494 0.40455093 0.00032740395)
(0.00020150313 0.40435989 0.00032735228)
(-0.00020157361 0.40436267 0.0003271696)
(0.00022292005 0.404551 0.00032742452)
(-0.00032954547 0.40416596 0.00032726705)
(0.00041900002 0.40524724 0.00032737813)
(0.0013362501 0.40305714 0.00032617765)
(-0.00073392309 -0.4298997 0.004229852)
(0.00050500858 -0.43217899 0.004246183)
(-0.00040859582 -0.43107192 0.0042398429)
(0.00024617805 -0.43145317 0.0042418513)
(-0.00022390628 -0.43126551 0.0042408532)
(0.00022397901 -0.43126548 0.0042410232)
(-0.00024632107 -0.43145325 0.004241835)
(0.00040858782 -0.43107202 0.0042398354)
(-0.0005050443 -0.43217906 0.0042460395)
(0.00073401383 -0.42989981 0.0042298506)
)
;

boundaryField
{
    left
    {
        type            noSlip;
    }
    right
    {
        type            noSlip;
    }
    walls
    {
        type            noSlip;
    }
    centreline
    {
        type            noSlip;
    }
    frontAndBack
    {
        type            noSlip;
    }
}


// ************************************************************************* //
