/*--------------------------------*- C++ -*----------------------------------*\
  =========                 |
  \\      /  F ield         | OpenFOAM: The Open Source CFD Toolbox
   \\    /   O peration     | Website:  https://openfoam.org
    \\  /    A nd           | Version:  8
     \\/     M anipulation  |
\*---------------------------------------------------------------------------*/
FoamFile
{
    version     2.0;
    format      ascii;
    class       volScalarField;
    location    "2.0000073";
    object      epsilon;
}
// * * * * * * * * * * * * * * * * * * * * * * * * * * * * * * * * * * * * * //

dimensions      [0 2 -3 0 0 0 0];

internalField   nonuniform List<scalar> 
6800
(
3613.18
12368.4
10593.5
8383.81
6421.5
4382.46
2623.65
1318.93
704.821
430.919
2866.27
8343.87
8143.7
7174.15
5006.52
2760.33
1357.17
721.483
404.938
274.142
2901.64
7218.8
7151.72
6060.79
3492.59
1680.93
862.821
460.434
269.639
168.329
3012.65
6423.05
6623.35
5133.55
2380.76
1093.63
505.394
283.437
176.206
127.3
3058.58
6199.47
6231.37
3811.05
1548.98
666.405
360.798
221.565
144.635
105.631
3130.93
6226.07
5926.09
2812.19
1082.01
516.61
275.057
161.82
110.404
87.6208
3167.95
6683.64
5375.46
1840.59
744.734
358.789
205.157
139.029
99.9563
82.0081
3217.4
7076.14
4446.33
1507.46
624.519
313.373
183.698
117.637
85.2491
72.6639
3242.54
7593.31
3701.78
1091.67
451.892
239.802
146.909
102.835
80.8821
70.08
3274.64
7912.59
2879.56
952.411
409.939
222.336
137.229
96.36
73.5082
64.4906
17788.3
21154.1
20074.2
20354.7
22201.7
24572.8
27025.4
29015.8
30055.5
30313.8
17299.6
20513.3
20140
21339.1
24657.7
28761.3
32968.6
36579.2
39125.8
40085.1
17838.9
19066.2
20028
23621.8
29434.8
36028.5
41481.8
44875.3
46455.2
46351.8
16853.6
18284.1
21614.5
28285.2
37569.9
44978.5
48251.1
48069.1
47140.9
43450.5
16841.7
19621.1
26706.7
39598
49427.4
51307.7
49912.8
45210.9
40634.7
30389.7
17276.7
24771.2
42948.7
56271.8
56099.1
51992.9
43609.9
31245.3
23279.9
13299.2
17328.1
39574.9
62925.8
60494.6
52816
35612.4
21834.6
13051.7
9288
5539.53
18171
59961.5
60246.3
46465
24812.4
14772.8
9625.67
6349.71
4802.24
2881.14
16759.7
47621.6
36195
19727.5
12232.3
8256.61
5727.58
3996.83
3005.29
1708.71
10462.6
19865.8
15262.6
10554.7
7831.33
5784.44
4075
2789.08
1601.6
799.513
29329.2
26640.7
23987.4
21609.5
19589.5
17897.7
16471.6
15257.6
14214.3
13309.1
12516.2
11815.5
11191
10630.5
10123.9
9663.36
9242.37
8855.69
8498.96
8168.64
7861.75
7575.84
7308.83
7058.89
6824.49
6604.37
6397.31
6202.08
6017.65
5842.95
5677.11
5519.3
5368.8
5224.95
5087.22
4955.12
4828.26
4706.32
4589
4476.09
4367.4
4262.75
4161.99
4064.97
3971.57
3881.66
3795.09
3711.75
3631.5
3554.19
3479.68
3407.84
3338.52
3271.58
3206.9
3144.34
3083.79
3025.13
2968.28
2913.12
2859.59
2807.6
2757.09
2707.99
2660.25
2613.81
2568.63
2524.66
2481.87
2440.21
2399.64
2360.14
2321.66
2284.19
2247.68
2212.12
2177.47
2143.71
2110.81
2078.75
2047.5
2017.02
1987.32
1958.32
1930.08
1902.46
1875.59
1849.22
1823.67
1798.4
1774.15
1749.79
1726.93
1703.14
1681.91
1658.13
1639.3
1614.12
1600.17
1566.01
39017.7
35207.1
31430.6
28179.9
25447.7
23146.4
21207.3
19551.6
18131
16903.7
15833.2
14890.8
14054
13305.1
12630.2
12018.3
11460.2
10948.8
10477.8
10042.5
9638.89
9263.54
8913.64
8586.62
8280.85
7994.76
7726.18
7473.29
7234.61
7008.78
6794.65
6591.15
6397.39
6212.53
6035.86
5866.79
5704.79
5549.45
5400.36
5257.27
5119.83
4987.78
4860.88
4738.95
4621.79
4509.24
4401.09
4297.16
4197.26
4101.2
4008.77
3919.78
3834.06
3751.41
3671.68
3594.69
3520.3
3448.37
3378.77
3311.38
3246.08
3182.79
3121.41
3061.88
3004.09
2948
2893.52
2840.6
2789.18
2739.2
2690.62
2643.39
2597.46
2552.79
2509.34
2467.08
2425.95
2385.94
2346.99
2309.07
2272.16
2236.2
2201.2
2167.06
2133.85
2101.39
2069.85
2038.93
2009
1979.42
1951.08
1922.61
1895.95
1868.21
1843.52
1815.85
1793.99
1764.77
1748.67
1709.22
45276.6
41572.2
37404.8
33774.6
30681.7
28034.9
25770.3
23852.4
22204.8
20772
19513.5
18398.1
17401.7
16505.1
15693.3
14953.5
14275.4
13650.5
13072.2
12535.3
12035.2
11568.5
11131.8
10722.7
10338.2
9975.86
9634.18
9311.46
9006.26
8717.06
8442.5
8181.24
7932.19
7694.32
7466.84
7249.03
7040.27
6840.08
6647.95
6463.72
6286.49
6116
5952.22
5795
5644.14
5499.39
5360.48
5227.15
5099.11
4976.1
4857.84
4744.06
4634.54
4529.02
4427.29
4329.13
4234.36
4142.78
4054.23
3968.57
3885.63
3805.35
3727.63
3652.31
3579.29
3508.46
3439.74
3373.04
3308.28
3245.4
3184.34
3125.02
3067.39
3011.39
2956.98
2904.09
2852.67
2802.66
2754.03
2706.72
2660.7
2615.89
2572.31
2529.84
2488.54
2448.21
2409.07
2370.69
2333.59
2296.93
2261.86
2226.62
2193.7
2159.4
2128.98
2094.82
2067.99
2032
2012.27
1963.79
41744.5
38660
35423.6
32508.5
29978.6
27775.7
25846.6
24152.3
22666.8
21360
20202
19168
18237.8
17395.7
16629.4
15926
15276.1
14672.2
14108.9
13582.2
13088.6
12625.1
12189.3
11778.8
11391.6
11025.7
10679.3
10350.6
10038.1
9740.41
9456.16
9184.23
8923.7
8673.6
8433.34
8202.25
7979.84
7765.6
7559.41
7360.46
7169.67
6986.63
6810.71
6641.48
6478.55
6321.65
6170.49
6024.82
5884.37
5748.89
5618.13
5491.85
5369.83
5251.84
5137.68
5027.15
4920.07
4816.27
4715.61
4617.92
4523.13
4431.02
4341.5
4254.49
4169.92
4087.72
4007.82
3930.14
3854.62
3781.19
3709.79
3640.35
3572.82
3507.13
3443.25
3381.04
3320.47
3261.5
3204.1
3148.21
3093.81
3040.81
2989.23
2938.91
2889.97
2842.13
2795.69
2750.09
2706.06
2662.44
2620.8
2578.79
2539.71
2498.77
2462.68
2421.87
2390.04
2347.14
2323.81
2265.89
27390
24292.9
21826.7
19942.8
18513.8
17412.8
16536.1
15826.9
15232.2
14724.7
14280.3
13882.6
13520.1
13188.4
12877.7
12572
12270.8
11974.7
11685.9
11405.7
11134.8
10873.4
10621.5
10379.1
10145.8
9921.12
9704.61
9495.35
9292.93
9096.15
8905.04
8718.22
8535.34
8356.57
8181.96
8010.57
7842.29
7677.25
7515.43
7357.24
7202.27
7050.84
6903.18
6759.43
6619.61
6483.74
6351.73
6223.53
6098.98
5977.96
5860.3
5745.89
5634.57
5526.21
5420.66
5317.8
5217.5
5119.64
5024.14
4930.91
4839.9
4751.02
4664.21
4579.41
4496.58
4415.68
4336.65
4259.48
4184.11
4110.52
4038.66
3968.52
3900.03
3833.19
3767.9
3704.26
3642.22
3581.67
3522.6
3464.89
3408.57
3353.5
3299.76
3247.14
3195.84
3145.48
3096.52
3048.21
3001.55
2955.04
2910.72
2865.64
2823.91
2779.7
2741.05
2696.76
2662.63
2615.94
2590.86
2527.54
11611.4
10100.2
8974.32
8131.6
7491.9
7000.53
6618.02
6321.62
6087.68
5906.7
5766.93
5657.32
5574.54
5519.65
5469.11
5461.44
5467.86
5485.47
5519
5562.77
5612.76
5665.8
5720.91
5776.39
5830.54
5881.92
5929.05
5970.65
6006.4
6033.68
6055.86
6065.08
6065.47
6059.07
6047.03
6022.37
5989.9
5950.97
5906.74
5858.26
5806.44
5751.93
5695.4
5637.28
5578
5517.89
5457.07
5395.92
5334.32
5272.49
5210.46
5148.48
5086.28
5024.03
4961.49
4898.94
4836.23
4773.38
4710.66
4648.13
4585.8
4523.75
4462.03
4400.73
4339.9
4279.6
4219.9
4160.83
4102.45
4044.78
3987.86
3931.71
3876.36
3821.8
3768.07
3715.1
3662.95
3611.59
3561.06
3511.3
3462.39
3414.21
3366.89
3320.21
3274.49
3229.24
3185.11
3141.17
3098.69
3055.88
3015.18
2973.2
2934.59
2892.96
2856.99
2814.88
2782.93
2738.35
2714.71
2653.68
4990.91
4412.75
3936.72
3550.22
3232.89
2969.37
2750.09
2564.29
2407.97
2274.39
2163.01
2067.7
1988.09
1922.69
1867.64
1825.01
1792.46
1770.95
1757.57
1757.96
1762.53
1773.57
1796.03
1826.06
1863.78
1908.16
1958.99
2015.37
2075.61
2140.1
2206.69
2277.17
2347.49
2422.07
2500.08
2580.26
2661.32
2742.32
2822.31
2900.51
2976.24
3048.88
3117.96
3183.06
3243.86
3300.12
3351.66
3398.38
3440.25
3477.24
3509.11
3536.39
3557.66
3574.19
3585.3
3593.17
3595.59
3594.53
3592.16
3586.42
3577.92
3567.08
3554.15
3539.37
3522.9
3504.94
3485.63
3465.1
3443.48
3420.88
3397.41
3373.15
3348.15
3322.47
3296.19
3269.34
3242.02
3214.22
3186.11
3157.58
3128.9
3099.86
3070.73
3041.37
3012.11
2982.54
2953.32
2923.58
2894.6
2864.67
2836.17
2805.95
2778.3
2747.51
2721.22
2689.36
2665.51
2631.35
2613.48
2565.53
2610.64
2315.01
2060.37
1845.48
1660.08
1500.06
1359.37
1238.19
1133.05
1042
962.292
891.611
829.299
774.237
726.204
683.962
647.521
615.541
588.49
564.551
544.873
527.42
514.215
503.06
496.146
492.329
492.632
493.963
497.837
504.136
514.331
527.367
543.096
561.483
582.504
606.237
632.663
661.989
694.066
729.143
766.988
807.898
851.513
898.069
947.092
998.734
1052.43
1108.2
1165.47
1224.08
1283.65
1343.82
1405.09
1467.14
1529.15
1590.8
1651.45
1710.72
1768.17
1823.6
1876.58
1927.01
1974.55
2019.24
2060.84
2099.45
2134.94
2167.47
2197.01
2223.6
2247.43
2268.41
2286.44
2301.9
2314.84
2325.59
2334.23
2340.97
2346.02
2349.33
2351.41
2351.31
2350.51
2349.05
2346.11
2342.17
2337.29
2331.4
2324.89
2317.24
2309.41
2300.07
2291.25
2280.27
2270.74
2258.01
2248.54
2233.7
2225.81
2203
1536.52
1346.49
1177.97
1032.05
906.599
799.015
707.12
628.716
561.752
504.39
455.185
414.07
379.318
349.558
323.911
301.59
282.11
264.936
249.825
236.371
224.47
213.811
204.351
195.863
188.342
181.622
175.702
170.449
165.891
161.887
158.554
155.7
153.522
151.737
150.694
149.931
150.115
150.752
151.709
153.578
155.992
159.425
163.446
168.641
174.538
181.784
189.856
199.441
209.986
222.249
235.599
250.862
267.299
285.828
305.571
327.564
350.776
376.309
403.002
431.987
462.012
494.207
527.234
562.235
597.784
635.052
672.52
711.416
750.113
789.968
829.199
869.324
908.884
949.043
988.132
1027.43
1065.2
1102.87
1138.6
1174.01
1207.15
1239.85
1269.96
1299.65
1326.55
1353.09
1376.67
1400.04
1420.32
1440.6
1457.64
1474.98
1488.93
1503.48
1514.29
1526.34
1534.02
1544.33
1549.6
1559.19
688.763
587.191
507.013
443.861
393.279
351.939
317.555
288.536
263.748
242.37
223.771
207.483
193.138
180.448
169.16
159.083
150.038
141.899
134.532
127.856
121.771
116.231
111.149
106.509
102.233
98.3222
94.6996
91.382
88.2943
85.4699
82.828
80.421
78.1508
76.0977
74.1388
72.3885
70.6667
69.1645
67.693
66.4265
65.1657
64.1093
63.054
62.2084
61.3776
60.761
60.1991
59.84
59.6288
59.6817
59.8092
60.2781
60.6489
61.4895
62.3034
63.8093
65.1357
67.4639
69.3498
72.5309
75.1883
79.3154
82.8646
88.0883
92.6758
99.1659
104.95
112.888
120.026
129.599
138.263
149.65
159.987
173.343
185.46
200.886
214.814
232.335
248.022
267.579
284.877
306.331
325.007
348.145
367.89
392.448
412.893
438.574
459.303
485.803
506.39
533.429
553.416
580.85
600.074
627.75
645.709
673.6
686.738
726.71
273.852
256.472
239.427
223.057
207.508
192.984
179.593
167.36
156.251
146.193
137.105
128.892
121.465
114.738
108.634
103.084
98.025
93.4036
89.1635
85.2723
81.6864
78.3845
75.3271
72.5028
69.8741
67.4388
65.1598
63.0434
61.0513
59.1983
57.4432
55.8091
54.2512
52.8011
51.4089
50.1149
48.8638
47.7044
46.5742
45.5312
44.5066
43.5657
42.6338
41.7835
40.9339
40.1653
39.3896
38.6962
37.9878
37.366
36.7204
36.1675
35.5803
35.0954
34.5656
34.1485
33.6808
33.3329
32.9342
32.6578
32.3365
32.1345
31.9003
31.7819
31.6527
31.632
31.6551
31.7335
31.8693
32.1518
32.4126
32.9477
33.3634
34.2111
34.8203
36.0566
36.9042
38.6172
39.7608
42.0408
43.54
46.4978
48.4066
52.1657
54.5211
59.224
62.0758
67.8179
71.2343
78.0945
82.1384
90.1956
94.8869
104.212
109.665
120.13
126.696
138.117
143.348
163.788
170.434
159.786
149.612
140.014
131.195
123.136
115.807
109.142
103.093
97.5869
92.5784
88.0035
83.8251
79.9901
76.4709
73.2248
70.2314
67.4575
64.8951
62.5146
60.3057
58.2447
56.3246
54.5261
52.8441
51.2628
49.7782
48.3773
47.0567
45.8066
44.623
43.4993
42.431
41.4143
40.4439
39.519
38.6331
37.7879
36.9754
36.2002
35.4522
34.7389
34.0478
33.3895
32.7485
32.1394
31.5427
30.9776
30.4202
29.8947
29.3724
28.8826
28.3917
27.9342
27.4717
27.0436
26.6074
26.2065
25.7949
25.4196
25.0311
24.6828
24.3177
23.9951
23.6507
23.3523
23.028
22.7541
22.4472
22.1975
21.9079
21.6817
21.41
21.2081
20.9575
20.7822
20.5596
20.4138
20.2271
20.1146
19.9752
19.9003
19.8187
19.7867
19.7773
19.7993
19.8574
19.9694
20.0926
20.3268
20.5219
20.8709
21.2077
21.6684
22.2432
22.7334
23.4119
23.8971
24.8679
26.2356
114.71
109.222
103.944
98.8989
94.129
89.6393
85.4431
81.5205
77.8714
74.4682
71.3073
68.3591
65.6205
63.0622
60.6833
58.4556
56.3809
54.4322
52.6137
50.8997
49.2965
47.7798
46.3581
45.0082
43.7404
42.5322
41.3956
40.3088
39.2848
38.3024
37.3758
36.4838
35.6418
34.8284
34.06
33.3153
32.6113
31.9267
31.2794
30.6477
30.0504
29.4655
28.9125
28.3691
27.8557
27.3494
26.8713
26.3982
25.952
25.5087
25.0912
24.6749
24.2834
23.8914
23.5235
23.1535
22.8071
22.4571
22.1303
21.7984
21.4897
21.1743
20.8823
20.5819
20.3053
20.0188
19.7565
19.4827
19.2338
18.9717
18.7355
18.4841
18.2598
18.0183
17.8054
17.5731
17.3711
17.1473
16.956
16.7402
16.5591
16.3511
16.1801
15.9806
15.8211
15.6302
15.4824
15.3001
15.1646
14.9906
14.8685
14.7029
14.5945
14.4384
14.3456
14.1992
14.1167
13.9842
13.9215
13.7726
82.6671
79.5544
76.4746
73.4355
70.4821
67.6357
64.9242
62.3466
59.9164
57.6219
55.4703
53.4443
51.5489
49.7645
48.0962
46.5237
45.0531
43.6639
42.3637
41.132
39.9778
38.8807
37.8513
36.8691
35.9462
35.0618
34.2299
33.4293
32.6755
31.9469
31.2605
30.5942
29.9664
29.3543
28.7776
28.2129
27.6813
27.1581
26.6661
26.1796
25.7226
25.2685
24.8428
24.4176
24.0198
23.6203
23.2477
22.8715
22.5216
22.1662
21.8371
21.5006
21.1904
20.8711
20.5781
20.2744
19.9973
19.7077
19.4452
19.1686
18.9196
18.6547
18.4183
18.1643
17.9396
17.6956
17.4818
17.2471
17.0437
16.8174
16.6238
16.4054
16.2211
16.01
15.8344
15.63
15.4628
15.2645
15.1054
14.9128
14.7614
14.5738
14.4299
14.2471
14.1103
13.9319
13.8022
13.6279
13.505
13.3346
13.2184
13.0517
12.9421
12.7789
12.6768
12.5185
12.4242
12.2717
12.167
11.9939
63.6891
61.8063
59.9098
58.0013
56.1177
54.2749
52.4983
50.7874
49.157
47.5991
46.1238
44.7191
43.3931
42.1315
40.9417
39.8087
38.7402
37.7204
36.7581
35.8371
34.9672
34.1321
33.3426
32.5821
31.8626
31.1671
30.5087
29.8698
29.2649
28.6757
28.1177
27.572
27.0554
26.5481
26.0681
25.5948
25.1475
24.7045
24.2864
23.8705
23.4787
23.0872
22.7193
22.3499
22.0037
21.6542
21.3279
20.9967
20.6885
20.3739
20.0824
19.7831
19.507
19.2216
18.9599
18.6873
18.4388
18.178
17.942
17.6921
17.4675
17.2277
17.014
16.7835
16.5799
16.358
16.1641
15.9502
15.7652
15.5588
15.3824
15.1828
15.0146
14.8214
14.661
14.4737
14.3207
14.139
13.993
13.8164
13.6773
13.5054
13.3728
13.2053
13.0791
12.9156
12.7955
12.6358
12.5215
12.3652
12.2566
12.1035
12.0006
11.85
11.7523
11.6054
11.515
11.371
11.2733
11.1117
52.2709
51.0372
49.7773
48.4857
47.1921
45.906
44.6506
43.424
42.2419
41.0975
40.0031
38.9485
37.9446
36.9789
36.0616
35.1792
34.3419
33.5354
32.7703
32.0317
31.331
30.6528
30.0093
29.3846
28.7918
28.2145
27.6667
27.1315
26.6238
26.126
25.6539
25.1894
24.7493
24.3145
23.903
23.4949
23.1091
22.7249
22.3625
22
21.6586
21.3158
20.9938
20.6688
20.3646
20.0559
19.768
19.4743
19.2014
18.9215
18.6625
18.3952
18.1491
17.8934
17.6594
17.4144
17.1916
16.9566
16.7443
16.5184
16.316
16.0987
15.9055
15.6961
15.5117
15.3097
15.1335
14.9384
14.7701
14.5813
14.4206
14.2377
14.0841
13.9068
13.76
13.5879
13.4476
13.2803
13.1463
12.9835
12.8555
12.6969
12.5748
12.42
12.3035
12.1524
12.0413
11.8935
11.7877
11.6428
11.5422
11.4002
11.3045
11.1649
11.0743
10.9372
10.8494
10.716
10.6565
10.4515
45.3161
44.4265
43.5107
42.5596
41.5978
40.6305
39.6784
38.7381
37.8249
36.9316
36.0713
35.2342
34.432
33.6533
32.9093
32.1872
31.4985
30.8296
30.1922
29.572
28.9814
28.4055
27.8572
27.3213
26.8113
26.3113
25.8358
25.3682
24.9237
24.4853
24.0689
23.6568
23.2659
22.8776
22.5098
22.1431
21.7964
21.4494
21.1219
20.7928
20.4829
20.1703
19.8767
19.5791
19.3007
19.017
18.7525
18.4815
18.23
17.971
17.7316
17.4835
17.2554
17.0175
16.8001
16.5716
16.3641
16.1445
15.9464
15.7349
15.5457
15.3419
15.161
14.9643
14.7913
14.6013
14.4359
14.2521
14.0939
13.9159
13.7645
13.5919
13.4471
13.2797
13.1412
12.9784
12.846
12.6876
12.561
12.4068
12.2858
12.1355
12.0198
11.8731
11.7627
11.6193
11.514
11.3736
11.2732
11.1357
11.0401
10.9053
10.8144
10.6817
10.5955
10.4652
10.3818
10.2547
10.1982
10.0034
40.9344
40.2287
39.5006
38.739
37.9651
37.1806
36.4042
35.6312
34.8763
34.1318
33.4111
32.7044
32.024
31.3587
30.7205
30.0968
29.5
28.9165
28.3591
27.8133
27.2925
26.7816
26.2945
25.8156
25.3594
24.9098
24.4818
24.0588
23.6566
23.2579
22.8793
22.5027
22.1456
21.7893
21.452
21.1141
20.795
20.4741
20.1716
19.8664
19.5794
19.2885
19.0159
18.7383
18.479
18.2137
17.9669
17.7129
17.4777
17.2344
17.0101
16.7767
16.5626
16.3383
16.1338
15.9181
15.7227
15.515
15.3282
15.1279
14.9492
14.7559
14.5849
14.3981
14.2344
14.0538
13.897
13.7221
13.572
13.4025
13.2587
13.0943
12.9566
12.7969
12.6651
12.5097
12.3836
12.2324
12.1116
11.9643
11.8488
11.7051
11.5947
11.4543
11.3488
11.2116
11.1109
10.9765
10.8804
10.7487
10.6572
10.528
10.4409
10.3136
10.2307
10.1064
10.0296
9.90769
9.82446
9.68738
38.0268
37.4239
36.8025
36.1513
35.4884
34.8138
34.1443
33.4744
32.8181
32.1677
31.536
30.9134
30.3123
29.7215
29.1535
28.5957
28.0607
27.5353
27.0324
26.5379
26.0652
25.5996
25.1552
24.7164
24.2981
23.884
23.4899
23.0986
22.7266
22.3563
22.0047
21.6536
21.321
20.9876
20.6724
20.3553
20.0562
19.7541
19.4699
19.1818
18.9115
18.6363
18.379
18.1157
17.8705
17.6184
17.3845
17.1427
16.9196
16.6874
16.4743
16.2512
16.0475
15.8329
15.6381
15.4314
15.245
15.0457
14.8673
14.6749
14.5041
14.3182
14.1546
13.9749
13.8181
13.6441
13.4939
13.3253
13.1814
13.0178
12.8799
12.7211
12.589
12.4346
12.308
12.1578
12.0366
11.8903
11.7743
11.6316
11.5206
11.3813
11.2752
11.1391
11.0376
10.9045
10.8076
10.6773
10.5848
10.457
10.3689
10.2435
10.1596
10.0362
9.95662
9.83544
9.7583
9.64004
9.58761
9.4069
36.0048
35.463
34.9058
34.3227
33.7293
33.1248
32.5239
31.9213
31.3297
30.7418
30.1694
29.6036
29.0561
28.5165
27.9964
27.4842
26.992
26.5072
26.0423
25.5839
25.1451
24.7117
24.2975
23.8875
23.4962
23.108
22.738
22.3699
22.0197
21.6702
21.3383
21.006
20.6912
20.3749
20.0759
19.7743
19.49
19.202
18.9314
18.6562
18.3984
18.135
17.8891
17.6367
17.4021
17.16
16.9359
16.7035
16.4893
16.2659
16.0611
15.8461
15.6502
15.4431
15.2557
15.0559
14.8764
14.6837
14.5117
14.3255
14.1608
13.9807
13.8228
13.6485
13.4971
13.3282
13.1832
13.0194
12.8803
12.7213
12.588
12.4335
12.3057
12.1555
12.033
11.8868
11.7694
11.6269
11.5146
11.3756
11.268
11.1323
11.0294
10.8968
10.7983
10.6686
10.5745
10.4475
10.3577
10.2331
10.1475
10.0253
9.94367
9.82329
9.74552
9.62801
9.55582
9.44045
9.36212
9.23277
34.5538
34.0497
33.5329
32.9936
32.4458
31.8877
31.3328
30.7756
30.2281
29.683
29.1517
28.6254
28.1154
27.6117
27.1255
26.6458
26.1842
25.7286
25.2912
24.8591
24.445
24.0351
23.6431
23.2543
22.8829
22.5137
22.1617
21.8109
21.4769
21.143
20.8259
20.5077
20.2063
19.9028
19.616
19.3261
19.053
18.7758
18.5154
18.25
18.0016
17.7472
17.5101
17.266
17.0396
16.8051
16.5886
16.3632
16.1562
15.9392
15.7411
15.5321
15.3425
15.1409
14.9594
14.7648
14.5909
14.4029
14.2363
14.0545
13.8948
13.7188
13.5658
13.3952
13.2486
13.0831
12.9426
12.782
12.6473
12.4912
12.3622
12.2103
12.0868
11.9389
11.8206
11.6764
11.5632
11.4225
11.3142
11.1768
11.0733
10.9389
10.8401
10.7085
10.6142
10.4853
10.3954
10.2689
10.1833
10.0591
9.97772
9.85544
9.77839
9.65796
9.58437
9.46597
9.39876
9.28018
9.2288
9.05607
33.4783
32.9983
32.5076
31.9972
31.4801
30.9537
30.4306
29.9052
29.3886
28.8739
28.3718
27.8739
27.3909
26.9134
26.4519
25.9961
25.5569
25.123
24.7059
24.2935
23.8977
23.5057
23.1303
22.7577
22.4013
22.0469
21.7085
21.371
21.0494
20.7277
20.4219
20.1149
19.8237
19.5305
19.2531
18.9726
18.708
18.4395
18.187
17.9296
17.6885
17.4415
17.2111
16.9738
16.7535
16.5254
16.3147
16.0952
15.8935
15.6821
15.4889
15.2851
15.1001
14.9034
14.7261
14.5361
14.3663
14.1825
14.0197
13.8419
13.6858
13.5136
13.3639
13.197
13.0535
12.8914
12.7539
12.5965
12.4646
12.3115
12.1852
12.0362
11.9151
11.7701
11.6541
11.5126
11.4016
11.2635
11.1573
11.0224
10.9209
10.7889
10.6919
10.5627
10.4701
10.3434
10.2552
10.1309
10.0469
9.92468
9.84481
9.7246
9.64891
9.53051
9.45818
9.34178
9.27574
9.15913
9.1086
8.93867
32.6597
32.1952
31.722
31.2313
30.7358
30.2318
29.7315
29.2288
28.735
28.2424
27.762
27.2852
26.8226
26.3647
25.9221
25.4844
25.0625
24.6452
24.2439
23.8467
23.4653
23.0873
22.7249
22.365
22.0206
21.6778
21.3503
21.0234
20.7117
20.3997
20.1028
19.8048
19.5218
19.2367
18.9668
18.6939
18.4361
18.1746
17.9284
17.6774
17.442
17.201
16.9759
16.7442
16.5288
16.3059
16.0996
15.885
15.6874
15.4805
15.2912
15.0916
14.9102
14.7175
14.5435
14.3573
14.1905
14.0103
13.8503
13.6759
13.5224
13.3534
13.2062
13.0422
12.9011
12.7419
12.6065
12.4518
12.322
12.1716
12.0471
11.9007
11.7814
11.6387
11.5244
11.3852
11.2758
11.1399
11.0352
10.9023
10.8022
10.6723
10.5766
10.4493
10.358
10.2332
10.1462
10.0236
9.94077
9.82034
9.74155
9.62301
9.54835
9.43157
9.36027
9.24541
9.18026
9.06524
9.01541
8.84795
32.0255
31.5712
31.1099
30.6329
30.1529
29.6652
29.1819
28.6962
28.2195
27.7438
27.2801
26.8195
26.3728
25.93
25.5023
25.0788
24.6706
24.2665
23.8779
23.4927
23.1229
22.7559
22.4041
22.0543
21.7196
21.386
21.0673
20.7488
20.4452
20.1409
19.8514
19.5604
19.2842
19.0056
18.7418
18.4748
18.2227
17.9666
17.7255
17.4796
17.249
17.0126
16.7918
16.5644
16.353
16.1341
15.9315
15.7206
15.5264
15.323
15.1369
14.9405
14.762
14.5722
14.401
14.2176
14.0533
13.8758
13.7182
13.5463
13.395
13.2283
13.0832
12.9215
12.7823
12.6252
12.4916
12.3389
12.2108
12.0623
11.9394
11.7948
11.677
11.536
11.4232
11.2856
11.1776
11.0432
10.9398
10.8085
10.7096
10.5811
10.4866
10.3607
10.2705
10.147
10.061
9.93972
9.85785
9.73865
9.6608
9.54346
9.46969
9.35407
9.28362
9.16983
9.10547
8.99153
8.94219
8.77662
31.5351
31.0871
30.6337
30.1664
29.6978
29.2221
28.7517
28.279
27.8156
27.3529
26.9024
26.4545
26.0204
25.5897
25.1738
24.7616
24.3645
23.9707
23.5923
23.2166
22.8562
22.4979
22.1546
21.8128
21.4858
21.1594
20.8477
20.5358
20.2386
19.9403
19.6566
19.371
19.1
18.8263
18.5673
18.3048
18.0571
17.8051
17.5679
17.3258
17.0988
16.8659
16.6484
16.4242
16.2158
15.9998
15.8
15.5918
15.4002
15.1993
15.0155
14.8215
14.6452
14.4577
14.2885
14.1071
13.9447
13.7692
13.6133
13.4432
13.2936
13.1287
12.9851
12.825
12.6872
12.5317
12.3994
12.2483
12.1214
11.9743
11.8526
11.7093
11.5927
11.453
11.3412
11.2049
11.0978
10.9647
10.8622
10.7321
10.634
10.5067
10.413
10.2882
10.1987
10.0763
9.99105
9.87085
9.78964
9.67147
9.59428
9.478
9.40462
9.28975
9.22089
9.10862
9.04351
8.93542
8.86293
8.74082
31.1738
30.729
30.2803
29.8192
29.3583
28.8911
28.4298
27.9664
27.5127
27.0596
26.6187
26.1801
25.7552
25.3334
24.9261
24.522
24.1329
23.7466
23.3754
23.0065
22.6526
22.3004
21.963
21.6266
21.3049
20.9834
20.6764
20.3689
20.0759
19.7815
19.5016
19.2195
18.9519
18.6815
18.4255
18.1659
17.921
17.6716
17.437
17.1974
16.9726
16.742
16.5267
16.3046
16.0981
15.8842
15.6862
15.4799
15.2899
15.0909
14.9086
14.7163
14.5414
14.3556
14.1877
14.008
13.8468
13.6728
13.518
13.3495
13.2009
13.0375
12.8948
12.7362
12.5993
12.4453
12.3138
12.1641
12.038
11.8923
11.7713
11.6294
11.5134
11.3751
11.2639
11.1289
11.0224
10.8906
10.7886
10.6598
10.5622
10.4361
10.3428
10.2193
10.1303
10.0091
9.92418
9.8052
9.72433
9.60736
9.53049
9.41537
9.34231
9.22856
9.16002
9.04887
8.98416
8.87723
8.80508
8.68384
30.9136
30.4695
30.0223
29.5643
29.1074
28.6451
28.1891
27.7313
27.2832
26.8358
26.4005
25.9672
25.5475
25.1306
24.728
24.3283
23.9433
23.5608
23.1933
22.8277
22.4771
22.1276
21.7931
21.459
21.1398
20.8203
20.5155
20.2099
19.9189
19.6262
19.3482
19.0678
18.802
18.5332
18.279
18.0211
17.7779
17.5302
17.2974
17.0594
16.8364
16.6075
16.3938
16.1734
15.9685
15.7561
15.5596
15.3549
15.1663
14.9689
14.788
14.5974
14.4238
14.2397
14.0731
13.8952
13.7352
13.563
13.4094
13.2427
13.0952
12.9337
12.792
12.6354
12.4993
12.3473
12.2166
12.069
11.9435
11.8
11.6794
11.5398
11.4241
11.2881
11.177
11.0445
10.938
10.8087
10.7065
10.5803
10.4823
10.359
10.2651
10.1445
10.0546
9.93654
9.85057
9.73481
9.65265
9.53906
9.46063
9.3491
9.27432
9.1645
9.09349
8.98564
8.9167
8.81143
8.76474
8.60327
30.6992
30.2549
29.8081
29.3515
28.8964
28.4361
27.9818
27.5256
27.0785
26.632
26.1968
25.7639
25.3438
24.9268
24.5236
24.1239
23.7384
23.3562
22.9882
22.6217
22.2699
21.9195
21.5842
21.2497
20.9305
20.6115
20.3077
20.0033
19.7141
19.4235
19.1479
18.8701
18.6074
18.3416
18.0909
17.8362
17.5967
17.3524
17.1234
16.8888
16.6697
16.4442
16.2345
16.0177
15.8168
15.6081
15.4156
15.2144
15.0299
14.8357
14.6587
14.4712
14.3013
14.1201
13.957
13.7817
13.625
13.4553
13.3048
13.1404
12.9959
12.8364
12.6975
12.5427
12.4093
12.259
12.1308
11.9847
11.8616
11.7194
11.6012
11.4627
11.3492
11.2143
11.1054
10.9738
10.8693
10.7409
10.6406
10.5152
10.419
10.2964
10.2043
10.0844
9.99613
9.87864
9.79423
9.67906
9.59836
9.48536
9.40828
9.29735
9.2238
9.11448
9.04427
8.93752
8.87221
8.7674
8.69636
8.5788
30.5435
30.0917
29.6342
29.1634
28.6929
28.2154
27.7445
27.2716
26.81
26.3501
25.9047
25.4629
25.0376
24.6165
24.2128
23.8132
23.431
23.0523
22.6911
22.3339
21.9932
21.655
21.3326
21.0114
20.7053
20.3992
20.1079
19.8155
19.5377
19.2579
18.9925
18.7242
18.4704
18.2129
17.9698
17.7223
17.4895
17.2513
17.0281
16.7988
16.5846
16.3637
16.1582
15.945
15.7478
15.5421
15.3527
15.154
14.9721
14.7802
14.6054
14.4198
14.2519
14.0722
13.9109
13.7369
13.5819
13.4133
13.2643
13.1008
12.9577
12.7989
12.6614
12.5072
12.3751
12.2252
12.0983
11.9525
11.8307
11.6886
11.5717
11.4333
11.3211
11.1861
11.0784
10.9466
10.8435
10.7147
10.6159
10.4899
10.3953
10.272
10.1815
10.0607
9.97427
9.85565
9.77323
9.65673
9.57819
9.46363
9.3889
9.27611
9.20524
9.09406
9.02632
8.91692
8.85498
8.74535
8.69788
8.53856
30.0097
29.5375
29.073
28.6078
28.1523
27.698
27.2554
26.8152
26.3881
25.9641
25.554
25.1471
24.7545
24.365
23.9899
23.6172
23.259
22.9025
22.5604
22.2194
21.8925
21.566
21.2535
20.9407
20.6419
20.342
20.056
19.7682
19.4944
19.218
18.9557
18.6901
18.4386
18.1832
17.9421
17.6962
17.4649
17.2282
17.0062
16.778
16.5649
16.3449
16.1403
15.928
15.7315
15.5265
15.3378
15.1398
14.9584
14.767
14.5928
14.4076
14.2402
14.0609
13.9
13.7263
13.5717
13.4034
13.2548
13.0915
12.9487
12.7901
12.653
12.4989
12.3671
12.2173
12.0907
11.945
11.8234
11.6815
11.5648
11.4264
11.3144
11.1795
11.0721
10.9403
10.8374
10.7086
10.61
10.484
10.3896
10.2663
10.176
10.0552
9.96891
9.85033
9.76803
9.65157
9.57313
9.45864
9.38398
9.27127
9.20048
9.08944
9.02176
8.91255
8.85073
8.74141
8.6941
8.53512
54.5556
58.5519
61.546
66.7519
73.5231
80.5259
95.2233
112.999
147.695
281.985
48.7913
50.0786
53.0376
55.8098
60.6454
66.6934
73.5605
87.2898
100.567
179.137
44.6495
45.9903
46.7989
49.3938
51.1529
56.3651
59.7641
69.7035
76.5149
119.156
42.2733
43.1643
43.5725
45.1717
46.0784
49.1879
51.1624
57.4162
61.4782
84.9726
40.3131
40.8906
41.1441
42.1876
42.7295
44.6088
45.7551
49.4549
51.8695
64.91
38.8681
39.1874
39.325
39.9787
40.3085
41.4844
42.1646
44.3591
45.7649
53.0131
37.7327
37.8788
37.9309
38.3124
38.4979
39.227
39.6309
40.9596
41.7756
45.8477
36.8424
36.8522
36.8477
37.0275
37.1147
37.5357
37.7651
38.5639
39.0359
41.3779
36.1464
36.0555
36.0012
36.0313
36.045
36.2441
36.3537
36.8012
37.0617
38.4377
35.5933
35.4474
35.3216
35.2555
35.2152
35.2551
35.2788
35.4814
35.6018
36.4086
35.1429
34.9637
34.78
34.6598
34.5408
34.481
34.4445
34.4777
34.5033
34.9503
34.7968
34.5611
34.3612
34.1712
34.0213
33.877
33.7753
33.6936
33.6521
33.8585
34.5123
34.2565
34.0132
33.8047
33.588
33.4271
33.2294
33.124
32.9384
33.03
34.2792
34.0278
33.7319
33.5239
33.2453
33.0748
32.8088
32.6734
32.3788
32.3901
34.0976
33.8516
33.514
33.3054
32.9808
32.7999
32.4837
32.3246
31.9931
31.897
33.9585
33.7249
33.3488
33.1449
32.7824
32.5944
32.2417
32.0606
31.7198
31.5357
33.8643
33.612
33.2381
33.0049
32.6503
32.4216
32.0805
31.8472
31.5179
31.2776
33.7948
33.5061
33.15
32.8776
32.5395
32.2708
31.9416
31.6692
31.3439
31.0661
33.7629
33.4516
33.1005
32.8042
32.4689
32.1761
31.8464
31.5501
31.2202
30.918
33.5449
33.1821
32.8083
32.4656
32.1057
31.7741
31.4194
31.0926
30.7382
30.4127
53.9376
59.835
69.1898
85.3426
115.384
175.558
330.878
886.81
5116.44
3147.1
54.4108
60.2381
70.5571
86.3967
115.411
178.49
349.056
920.8
5480.2
3200.71
54.4399
60.0115
71.187
89.5307
123.758
192.408
377.425
988.273
5871.29
3249.79
55.0588
60.6394
71.69
89.4335
123.711
195.838
395.99
1045.21
6303.62
3289.01
55.0106
60.4957
73.1376
94.0838
134.476
216.115
445.565
1131.08
6719.28
3319.98
56.3359
62.2809
73.3225
94.2799
135.2
219.436
464.088
1237.72
7185.81
3339.74
56.5018
62.6593
76.8779
100.936
150.351
250.048
545.158
1347.91
7608.56
3331.88
58.7878
65.4895
77.9134
102.79
154.118
256.018
568.837
1536.59
8018.17
3316.54
59.4297
66.8149
83.9952
113.639
176.182
303.354
692.207
1803.14
8172.59
3310.07
63.1114
71.0648
86.5278
118.367
185.232
321.865
742.129
2325.34
8090.98
3288.95
54.9527
62.1789
72.4001
80.4972
118.009
130.144
365.362
639.272
3527.2
2704.2
55.6743
60.3734
70.8354
80.7016
91.1761
160.819
204.342
761.932
3100.88
2653.66
55.6646
60.5225
70.7358
80.1083
93.7326
153.884
213.27
725.843
3111.45
2642.89
55.234
60.4866
70.1652
80.4574
97.9036
150.643
242.019
713.734
3262.09
2660.25
55.1241
60.2995
69.5596
81.0325
101.596
151.273
261.254
722.52
3460.41
2735.62
54.8505
60.1079
69.0767
81.5407
103.561
153.639
273.674
747.527
3652.06
2777.95
54.569
59.7303
69.3391
81.4711
104.488
155.992
283.645
762.387
3921.15
2874.21
54.172
59.5604
68.8372
83.3389
106.495
157.072
292.773
793.906
4142.17
2917.21
53.7535
59.2057
68.5875
83.1461
109.497
163.633
301.041
813.567
4469.62
3012.96
53.6866
59.3458
68.7262
84.193
109.981
165.74
315.307
842.942
4751.03
3062.66
13886.2
10422.4
8079.86
6429.74
5227.73
4327.31
3636.69
3096.2
2665.77
2317.75
2032.58
1796.15
1598.05
1430.51
1287.59
1164.76
1058.43
965.819
884.671
813.19
749.909
693.632
643.369
598.3
557.738
521.107
487.918
457.757
430.267
405.147
382.131
360.995
341.539
323.592
307.002
291.638
277.38
264.129
251.789
240.283
229.534
219.48
210.061
201.227
192.929
185.126
177.778
170.853
164.315
158.142
152.301
146.774
141.535
136.568
131.85
127.371
123.107
119.054
115.188
111.508
107.993
104.642
101.436
98.3761
95.4433
92.6424
89.953
87.3824
84.9102
82.5458
80.2679
78.0886
75.9855
73.973
72.0275
70.1661
68.3636
66.6399
64.9679
63.3706
61.8186
60.3387
58.8989
57.5298
56.1971
54.9357
53.7092
52.5579
51.4433
50.4119
49.4223
48.5435
47.7463
47.0964
46.5764
46.3042
46.5061
47.0064
49.141
52.6635
13884.6
10419.5
8076.64
6426.51
5224.66
4324.45
3634.07
3093.81
2663.59
2315.76
2030.77
1794.49
1596.53
1429.1
1286.3
1163.56
1057.33
964.794
883.719
812.302
749.081
692.857
642.643
597.618
557.097
520.502
487.347
457.217
429.757
404.663
381.672
360.559
341.124
323.197
306.626
291.278
277.037
263.801
251.476
239.982
229.246
219.204
209.796
200.972
192.684
184.89
177.551
170.634
164.104
157.938
152.105
146.585
141.351
136.391
131.679
127.205
122.947
118.898
115.037
111.362
107.851
104.504
101.302
98.2461
95.3173
92.5197
89.8339
87.2664
84.7975
82.436
80.1612
77.9845
75.8843
73.8741
71.9315
70.0722
68.2724
66.5505
64.8812
63.2854
61.7362
60.2575
58.8205
57.4524
56.1225
54.8618
53.6382
52.4872
51.3757
50.3443
49.3579
48.4787
47.6845
47.0343
46.5174
46.2445
46.4389
46.9327
48.9673
52.2611
13881.4
10413.8
8070.21
6420.08
5218.54
4318.77
3628.86
3089.04
2659.25
2311.79
2027.15
1791.17
1593.49
1426.31
1283.74
1161.19
1055.14
962.756
881.827
810.536
747.435
691.313
641.199
596.259
555.822
519.298
486.214
456.143
428.744
403.7
380.761
359.69
340.301
322.41
305.879
290.563
276.357
263.147
250.853
239.383
228.674
218.652
209.27
200.464
192.197
184.419
177.1
170.197
163.686
157.532
151.715
146.206
140.988
136.037
131.339
126.874
122.628
118.587
114.739
111.07
107.57
104.23
101.037
97.9877
95.0675
92.2759
89.5979
87.0363
84.5743
82.2185
79.9498
77.779
75.6839
73.6798
71.7415
69.8886
68.0921
66.3772
64.7102
63.122
61.5742
60.104
58.6673
57.309
55.9781
54.7289
53.5029
52.3653
51.2496
50.2354
49.2453
48.3835
47.5768
46.9491
46.4242
46.1883
46.2457
47.1869
48.6242
52.3882
13876.7
10405.4
8060.65
6410.5
5209.44
4310.31
3621.1
3081.95
2652.78
2305.9
2021.77
1786.25
1588.98
1422.16
1279.92
1157.66
1051.87
959.726
879.014
807.911
744.987
689.02
639.053
594.241
553.927
517.509
484.53
454.548
427.238
402.269
379.408
358.401
339.078
321.242
304.769
289.5
275.345
262.177
249.928
238.493
227.825
217.834
208.487
199.709
191.475
183.721
176.431
169.549
163.064
156.929
151.136
145.644
140.448
135.512
130.834
126.382
122.155
118.127
114.294
110.637
107.152
103.822
100.643
97.6035
94.6955
91.9132
89.2463
86.6935
84.2414
81.8941
79.6342
77.4716
75.3842
73.3883
71.4564
69.6118
67.8207
66.1142
64.4514
62.8721
61.3271
59.8663
58.4311
57.0829
55.7521
54.5141
53.2867
52.1615
51.0427
50.0427
49.0479
48.2025
47.3888
46.7806
46.2467
46.0371
46.1175
46.9996
48.4165
52.2053
13870.4
10394.2
8048.01
6397.86
5197.42
4299.15
3610.86
3072.6
2644.26
2298.13
2014.68
1779.76
1583.04
1416.7
1274.89
1153.01
1047.58
955.737
875.309
804.455
741.765
686.002
636.228
591.585
551.432
515.156
482.313
452.45
425.255
400.387
377.626
356.705
337.468
319.706
303.308
288.103
274.014
260.901
248.71
237.324
226.707
216.759
207.458
198.717
190.524
182.803
175.55
168.698
162.246
156.138
150.375
144.906
139.737
134.823
130.169
125.737
121.532
117.521
113.71
110.069
106.602
103.288
100.126
97.0998
94.208
91.4382
88.786
86.245
83.8065
81.4704
79.223
77.0711
74.9952
73.0097
71.0884
69.2541
67.4727
65.7767
64.1228
62.5542
61.0175
59.568
58.1405
56.8045
55.4809
54.2564
53.0359
51.9263
50.8143
49.833
48.8461
48.0239
47.2148
46.6346
46.1069
45.936
45.9967
47.0026
48.3994
52.0224
13862.6
10380.4
8032.4
6382.25
5182.6
4285.4
3598.24
3061.07
2633.77
2288.55
2005.95
1771.77
1575.73
1409.98
1268.7
1147.3
1042.29
950.831
870.753
800.206
737.803
682.291
632.755
588.32
548.366
512.263
479.588
449.87
422.819
398.075
375.436
354.62
335.49
317.819
301.513
286.386
272.379
259.333
247.214
235.887
225.334
215.438
206.194
197.498
189.356
181.676
174.468
167.651
161.242
155.165
149.439
143.999
138.864
133.975
129.353
124.943
120.767
116.777
112.991
109.369
105.927
102.629
99.4891
96.4786
93.6066
90.8515
88.2172
85.69
83.2675
80.9446
78.7113
76.5722
74.5086
72.5357
70.6247
68.8029
67.0299
65.3466
63.6989
62.1434
60.6106
59.175
57.7488
56.4276
55.1025
53.8942
52.6689
51.5775
50.457
49.4965
48.4967
47.699
46.8715
46.3207
45.7698
45.6436
45.7518
46.6411
48.1024
51.7004
13853.4
10364.1
8013.95
6363.82
5165.1
4269.16
3583.36
3047.49
2621.4
2277.28
1995.66
1762.37
1567.11
1402.06
1261.42
1140.57
1036.07
945.06
865.392
795.209
733.141
677.928
628.67
584.481
544.759
508.863
476.383
446.839
419.954
395.358
372.861
352.172
333.165
315.602
299.403
284.37
270.456
257.493
245.456
234.201
223.72
213.887
204.708
196.068
187.984
180.353
173.197
166.425
160.062
154.024
148.341
142.936
137.84
132.982
128.395
124.014
119.87
115.906
112.15
108.552
105.136
101.86
98.7451
95.7554
92.9058
90.1701
87.5566
85.0477
82.6444
80.3389
78.1236
76.0012
73.9545
71.9979
70.103
68.2975
66.5399
64.873
63.2403
61.702
60.1841
58.7668
57.3557
56.0547
54.7456
53.5602
52.3522
51.2877
50.1869
49.2593
48.2842
47.5207
46.7117
46.1947
45.6593
45.5588
45.6532
46.6224
48.0251
51.4438
13842.8
10345.4
7992.81
6342.71
5145.08
4250.59
3566.35
3031.97
2607.27
2264.4
1983.92
1751.63
1557.28
1393.03
1253.11
1132.9
1028.98
938.48
859.281
789.513
727.829
672.956
624.015
580.108
540.651
504.989
472.733
443.387
416.692
392.263
369.93
349.383
330.517
313.077
297.001
282.074
268.268
255.397
243.455
232.28
221.884
212.121
203.016
194.438
186.422
178.845
171.75
165.026
158.718
152.723
147.09
141.723
136.672
131.849
127.303
122.953
118.846
114.91
111.188
107.614
104.231
100.977
97.891
94.9213
92.0984
89.3808
86.7916
84.2991
81.9179
79.6273
77.4316
75.3229
73.2934
71.3493
69.469
67.6748
65.9289
64.2724
62.6481
61.1191
59.6058
58.1966
56.7857
55.4914
54.1768
52.9965
51.7763
50.7151
49.5938
48.6682
47.6639
46.918
46.084
45.6119
45.0586
45.0672
45.2168
46.1369
47.6982
51.0727
13830.9
10324.4
7969.12
6319.09
5122.69
4229.85
3547.35
3014.64
2591.5
2250.04
1970.83
1739.67
1546.33
1382.97
1243.86
1124.36
1021.08
931.155
852.475
783.174
721.914
667.424
618.833
575.242
536.078
500.681
468.671
439.548
413.062
388.822
366.667
346.283
327.571
310.271
294.329
279.523
265.834
253.068
241.229
230.147
219.841
210.16
201.137
192.631
184.686
177.174
170.144
163.477
157.227
151.283
145.702
140.382
135.379
130.597
126.095
121.783
117.716
113.814
110.129
106.587
103.237
100.013
96.9588
94.0164
91.2232
88.5314
85.9704
83.5025
81.1483
78.8817
76.7124
74.6275
72.6242
70.7043
68.8506
67.082
65.3639
63.735
62.1407
60.6426
59.1625
57.789
56.416
55.1639
53.8886
52.7536
51.5739
50.5613
49.4803
48.6053
47.6377
46.9345
46.1175
45.6697
45.1168
45.117
45.2673
46.1329
47.6516
50.7853
13817.8
10301.3
7943.08
6293.15
5098.11
4207.1
3526.52
2995.66
2574.23
2234.32
1956.51
1726.59
1534.35
1371.98
1233.74
1115.03
1012.46
923.16
845.048
776.258
715.462
661.39
613.181
569.938
531.092
495.984
464.241
435.363
409.103
385.071
363.109
342.903
324.357
307.21
291.411
276.738
263.173
250.524
238.794
227.813
217.603
208.011
199.072
190.645
182.775
175.333
168.369
161.764
155.573
149.685
144.158
138.887
133.931
129.194
124.734
120.461
116.433
112.566
108.915
105.405
102.086
98.8896
95.8621
92.9443
90.1749
87.5046
84.9643
82.5152
80.1787
77.9283
75.7737
73.7025
71.7108
69.8026
67.9572
66.1983
64.4849
62.8637
61.2692
59.7759
58.2906
56.919
55.5356
54.2833
53.0039
51.8781
50.7063
49.7177
48.6668
47.8379
46.9395
46.3113
45.6257
45.2557
44.8886
44.9735
45.2471
46.0814
47.7669
50.7849
13809.8
10288.1
7928.55
6278.84
5084.65
4194.72
3515.23
2985.42
2564.95
2225.9
1948.85
1719.61
1527.98
1366.15
1228.38
1110.1
1007.9
918.945
841.138
772.624
712.076
658.23
610.226
567.168
528.492
493.54
461.94
433.193
407.054
383.133
361.275
341.165
322.708
305.644
289.922
275.322
261.824
249.238
237.567
226.643
216.485
206.944
198.051
189.669
181.84
174.439
167.513
160.945
154.788
148.934
143.437
138.197
133.27
128.562
124.127
119.882
115.878
112.037
108.408
104.922
101.623
98.451
95.4427
92.5478
89.7965
87.1482
84.6248
82.1966
79.8759
77.645
75.505
73.4515
71.4734
69.5802
67.7474
65.9998
64.2984
62.6844
61.1032
59.6132
58.1426
56.7686
55.4011
54.1379
52.8696
51.7157
50.5483
49.5085
48.4525
47.5428
46.6264
45.8849
45.1688
44.6895
44.339
44.4056
44.6497
45.4119
46.9481
49.8265
13809.8
10288.1
7928.55
6278.84
5084.65
4194.72
3515.23
2985.43
2564.94
2225.9
1948.84
1719.61
1527.97
1366.15
1228.37
1110.1
1007.89
918.944
841.129
772.622
712.066
658.227
610.215
567.165
528.481
493.537
461.929
433.189
407.042
383.129
361.263
341.16
322.695
305.638
289.908
275.315
261.81
249.231
237.552
226.634
216.469
206.934
198.034
189.659
181.822
174.428
167.494
160.932
154.768
148.92
143.416
138.182
133.247
128.545
124.104
119.865
115.853
112.018
108.383
104.902
101.598
98.4304
95.4174
92.5269
89.772
87.1279
84.6022
82.1784
79.857
77.6307
75.4924
73.4441
71.4703
69.583
67.7575
66.0169
64.3261
62.7198
61.152
59.6699
58.2157
56.8494
55.5014
54.2448
52.9978
51.8471
50.6994
49.6544
48.6093
47.6766
46.7479
45.9492
45.1734
44.567
44.0538
43.7452
43.807
44.2644
44.9415
48.1388
13809.8
10288.2
7928.54
6278.85
5084.64
4194.73
3515.22
2985.43
2564.94
2225.91
1948.84
1719.62
1527.97
1366.15
1228.37
1110.11
1007.89
918.952
841.128
772.631
712.065
658.236
610.214
567.174
528.48
493.546
461.928
433.198
407.042
383.138
361.263
341.169
322.695
305.648
289.908
275.325
261.81
249.241
237.553
226.645
216.47
206.945
198.035
189.669
181.824
174.438
167.495
160.943
154.77
148.931
143.418
138.193
133.25
128.556
124.106
119.874
115.856
112.027
108.385
104.911
101.599
98.4375
95.418
92.5323
89.7713
87.131
84.5998
82.1783
79.8523
77.6265
75.4843
73.4343
71.4577
69.5665
67.7399
65.9926
64.3026
62.6866
61.1223
59.6267
58.1796
56.7954
55.4597
54.1796
52.9528
51.7715
50.6553
49.5692
48.5721
47.5823
46.7214
45.8374
45.1473
44.3882
43.9191
43.406
43.2585
43.4235
43.5874
45.8589
13809.8
10288.2
7928.53
6278.85
5084.64
4194.74
3515.22
2985.44
2564.93
2225.92
1948.84
1719.62
1527.97
1366.16
1228.37
1110.11
1007.89
918.96
841.128
772.638
712.066
658.244
610.216
567.183
528.482
493.555
461.93
433.207
407.044
383.148
361.265
341.179
322.698
305.658
289.912
275.336
261.814
249.252
237.557
226.656
216.475
206.956
198.04
189.682
181.83
174.451
167.502
160.956
154.777
148.944
143.426
138.207
133.258
128.57
124.116
119.89
115.867
112.044
108.398
104.928
101.614
98.4555
95.434
92.5512
89.7893
87.1509
84.62
82.1993
79.8747
77.6488
75.5092
73.4581
71.4853
69.5917
67.77
66.019
64.335
62.7139
61.1563
59.6544
58.2138
56.8226
55.4917
54.205
52.9782
51.7931
50.6667
49.5853
48.5575
47.5888
46.662
45.8255
45.0088
44.3622
43.6517
43.2651
42.7799
42.7601
42.865
43.8584
13809.8
10288.2
7928.54
6278.85
5084.64
4194.74
3515.22
2985.44
2564.94
2225.92
1948.84
1719.63
1527.97
1366.16
1228.38
1110.12
1007.9
918.964
841.133
772.643
712.071
658.249
610.221
567.188
528.488
493.56
461.936
433.212
407.05
383.153
361.272
341.185
322.705
305.664
289.92
275.342
261.822
249.258
237.566
226.663
216.484
206.964
198.05
189.689
181.84
174.459
167.513
160.965
154.789
148.954
143.438
138.217
133.271
128.581
124.13
119.901
115.881
112.055
108.413
104.94
101.629
98.4684
95.4504
92.565
89.8064
87.1657
84.6378
82.2152
79.8931
77.6658
75.5282
73.4764
71.5047
69.6114
67.7896
66.0403
64.3544
62.7368
61.175
59.6789
58.2311
56.8483
55.5064
54.2313
52.9887
51.8183
50.6704
49.6048
48.5501
47.592
46.6326
45.7905
44.9517
44.2293
43.5756
42.9748
42.5783
42.1834
42.197
42.7112
13809.8
10288.2
7928.54
6278.85
5084.64
4194.74
3515.22
2985.44
2564.94
2225.92
1948.84
1719.63
1527.98
1366.17
1228.38
1110.12
1007.9
918.967
841.139
772.646
712.077
658.253
610.227
567.192
528.495
493.565
461.943
433.217
407.058
383.159
361.28
341.191
322.713
305.67
289.928
275.349
261.832
249.265
237.575
226.67
216.494
206.972
198.061
189.698
181.851
174.468
167.525
160.975
154.801
148.964
143.451
138.228
133.285
128.593
124.144
119.914
115.896
112.069
108.428
104.955
101.646
98.4848
95.4682
92.5829
89.8253
87.1852
84.6579
82.2364
79.9146
77.6889
75.5512
73.5014
71.5294
69.6385
67.8162
66.0692
64.3831
62.7673
61.2059
59.7104
58.2641
56.8797
55.5411
54.2595
53.0239
51.8381
50.7039
49.6075
48.5788
47.5668
46.654
45.7206
44.9345
44.0966
43.453
42.7652
42.2747
41.8313
41.5396
41.8024
13809.8
10288.2
7928.54
6278.85
5084.64
4194.74
3515.23
2985.45
2564.94
2225.92
1948.85
1719.63
1527.98
1366.17
1228.38
1110.12
1007.91
918.972
841.143
772.652
712.081
658.259
610.232
567.198
528.499
493.572
461.949
433.225
407.064
383.166
361.286
341.199
322.72
305.679
289.935
275.358
261.839
249.275
237.583
226.68
216.502
206.982
198.069
189.709
181.861
174.48
167.534
160.987
154.811
148.977
143.462
138.241
133.297
128.607
124.157
119.928
115.91
112.084
108.444
104.971
101.662
98.5015
95.486
92.6003
89.8446
87.2032
84.6789
82.2551
79.9376
77.7082
75.5763
73.5213
71.5568
69.6588
67.846
66.09
64.4155
62.7884
61.2408
59.7316
58.3011
56.9006
55.5792
54.2799
53.0611
51.8577
50.7361
49.6259
48.5948
47.5797
46.636
45.7292
44.8607
44.0925
43.2841
42.6924
41.9609
41.6074
40.9991
41.0947
13809.8
10288.2
7928.54
6278.85
5084.65
4194.74
3515.23
2985.45
2564.94
2225.93
1948.85
1719.64
1527.98
1366.17
1228.39
1110.13
1007.91
918.976
841.148
772.657
712.087
658.264
610.238
567.204
528.506
493.577
461.956
433.231
407.071
383.173
361.294
341.206
322.728
305.686
289.944
275.366
261.848
249.283
237.592
226.689
216.512
206.992
198.08
189.719
181.872
174.49
167.546
160.998
154.824
148.988
143.476
138.253
133.311
128.62
124.173
119.942
115.926
112.099
108.461
104.987
101.681
98.5181
95.5058
92.6181
89.8657
87.2223
84.7013
82.2757
79.9613
77.7306
75.6013
73.5457
71.5829
69.6856
67.873
66.1195
64.4429
62.8211
61.2679
59.7678
58.3267
56.9408
55.6015
54.3243
53.0766
51.9058
50.7394
49.6758
48.5799
47.6301
46.5902
45.7647
44.7735
44.0831
43.1464
42.6031
41.74
41.3702
40.5927
40.5421
13809.8
10288.2
7928.54
6278.85
5084.65
4194.74
3515.23
2985.45
2564.95
2225.93
1948.85
1719.64
1527.99
1366.18
1228.39
1110.13
1007.92
918.979
841.155
772.66
712.094
658.268
610.246
567.208
528.514
493.582
461.964
433.236
407.08
383.179
361.303
341.212
322.738
305.692
289.954
275.372
261.859
249.291
237.604
226.697
216.524
207
198.092
189.728
181.885
174.5
167.56
161.008
154.838
149
143.49
138.266
133.326
128.633
124.188
119.957
115.942
112.115
108.477
105.005
101.698
98.538
95.5232
92.64
89.8836
87.2465
84.7195
82.3025
79.9797
77.7603
75.6198
73.5788
71.6013
69.7223
67.891
66.1604
64.4601
62.8665
61.2837
59.818
58.3404
56.9956
55.6118
54.3831
53.0824
51.9665
50.7389
49.7354
48.5704
47.6786
46.5689
45.7885
44.7309
44.0633
43.0613
42.5127
41.581
41.1676
40.3094
40.134
13809.8
10288.2
7928.54
6278.85
5084.65
4194.74
3515.23
2985.45
2564.95
2225.93
1948.86
1719.64
1527.99
1366.18
1228.4
1110.13
1007.92
918.985
841.16
772.666
712.1
658.274
610.252
567.215
528.521
493.589
461.971
433.244
407.087
383.187
361.311
341.22
322.746
305.702
289.962
275.382
261.867
249.301
237.612
226.708
216.533
207.012
198.102
189.741
181.894
174.514
167.57
161.023
154.848
149.016
143.501
138.283
133.337
128.652
124.199
119.977
115.954
112.137
108.489
105.029
101.71
98.5639
95.5356
92.6681
89.8962
87.2772
84.7324
82.3359
79.9928
77.7967
75.633
73.6183
71.6147
69.7653
67.9046
66.2069
64.4737
62.9165
61.2973
59.8713
58.3538
57.0516
55.6247
54.4404
53.094
52.0229
50.7479
49.7855
48.5743
47.7183
46.5628
45.8101
44.7057
44.0509
43
42.4431
41.4599
41.0065
40.1204
39.7931
13809.8
10288.2
7928.54
6278.86
5084.65
4194.75
3515.23
2985.46
2564.95
2225.94
1948.86
1719.65
1527.99
1366.19
1228.4
1110.14
1007.92
918.994
841.162
772.675
712.102
658.284
610.255
567.225
528.524
493.6
461.974
433.255
407.091
383.199
361.315
341.233
322.75
305.715
289.967
275.396
261.872
249.315
237.618
226.723
216.539
207.028
198.108
189.757
181.901
174.532
167.577
161.042
154.856
149.036
143.509
138.304
133.345
128.674
124.208
120.001
115.963
112.163
108.499
105.056
101.721
98.593
95.5465
92.6992
89.9078
87.3104
84.7447
82.3714
80.006
77.8346
75.6472
73.6588
71.63
69.8084
67.921
66.2525
64.4916
62.9644
61.3167
59.9211
58.3748
57.1024
55.6473
54.4908
53.1177
52.0704
50.7716
49.8261
48.5957
47.7436
46.5782
45.8112
44.7083
44.0217
42.9814
42.3633
41.3995
40.8499
39.9879
39.5294
13809.8
10288.2
7928.53
6278.87
5084.64
4194.76
3515.23
2985.46
2564.95
2225.95
1948.85
1719.66
1527.99
1366.2
1228.4
1110.15
1007.92
919.004
841.162
772.686
712.103
658.296
610.256
567.237
528.525
493.612
461.977
433.268
407.093
383.212
361.318
341.247
322.754
305.729
289.971
275.411
261.877
249.331
237.623
226.739
216.544
207.045
198.114
189.775
181.907
174.55
167.584
161.061
154.863
149.056
143.517
138.326
133.355
128.697
124.218
120.025
115.974
112.187
108.511
105.082
101.733
98.6204
95.5603
92.7281
89.9229
87.3409
84.7613
82.4036
80.0242
77.8684
75.6673
73.6942
71.6522
69.8454
67.9457
66.2908
64.519
63.0038
61.3473
59.9609
58.4088
57.1418
55.6847
54.5282
53.1584
52.1036
50.8145
49.8525
48.6387
47.7595
46.6165
45.8084
44.7353
43.9841
42.985
42.2874
41.3637
40.7202
39.8871
39.3216
13809.8
10288.2
7928.52
6278.87
5084.64
4194.76
3515.22
2985.47
2564.94
2225.95
1948.85
1719.67
1527.99
1366.21
1228.4
1110.16
1007.92
919.015
841.163
772.697
712.104
658.307
610.258
567.249
528.528
493.625
461.979
433.281
407.097
383.225
361.322
341.26
322.758
305.743
289.976
275.425
261.882
249.346
237.629
226.755
216.551
207.061
198.121
189.792
181.915
174.568
167.592
161.08
154.873
149.075
143.527
138.345
133.366
128.717
124.23
120.046
115.987
112.21
108.526
105.105
101.75
98.6449
95.5784
92.7536
89.9428
87.3675
84.7833
82.4312
80.0486
77.897
75.6944
73.7237
71.6823
69.8756
67.9792
66.3217
64.5563
63.035
61.3886
59.9919
58.4544
57.1719
55.7345
54.5563
53.2118
52.1284
50.8702
49.8716
48.694
47.7697
46.6671
45.8064
44.7749
43.9667
43.0002
42.2398
41.3405
40.6328
39.8074
39.1749
13809.8
10288.2
7928.52
6278.88
5084.63
4194.77
3515.22
2985.48
2564.94
2225.96
1948.85
1719.67
1527.99
1366.22
1228.4
1110.17
1007.93
919.023
841.166
772.706
712.108
658.316
610.262
567.259
528.532
493.635
461.984
433.291
407.102
383.236
361.328
341.272
322.764
305.755
289.983
275.438
261.89
249.359
237.637
226.768
216.56
207.075
198.131
189.806
181.926
174.582
167.604
161.095
154.885
149.091
143.541
138.362
133.381
128.735
124.247
120.064
116.005
112.229
108.545
105.125
101.771
98.665
95.6019
92.7745
89.9685
87.389
84.8115
82.4534
80.0795
77.92
75.7282
73.7475
71.7193
69.9001
68.0197
66.3469
64.6003
63.0607
61.4364
60.0181
58.5058
57.1983
55.7891
54.5825
53.2687
52.1534
50.9277
49.8942
48.7492
47.7878
46.7158
45.8166
44.8082
43.9644
43.0157
42.2192
41.3251
40.5814
39.7483
39.0766
13809.8
10288.2
7928.52
6278.88
5084.64
4194.77
3515.23
2985.48
2564.95
2225.96
1948.86
1719.68
1527.99
1366.22
1228.41
1110.18
1007.93
919.029
841.173
772.712
712.115
658.323
610.269
567.265
528.54
493.642
461.993
433.299
407.111
383.244
361.337
341.28
322.775
305.763
289.994
275.447
261.901
249.368
237.649
226.778
216.573
207.085
198.145
189.817
181.941
174.594
167.62
161.107
154.902
149.104
143.559
138.375
133.4
128.749
124.267
120.079
116.027
112.244
108.569
105.141
101.796
98.6817
95.6292
92.7921
89.998
87.4076
84.8432
82.4731
80.1136
77.9408
75.7649
73.7695
71.7588
69.9235
68.0621
66.3718
64.6458
63.0872
61.4848
60.0461
58.557
57.2278
55.8426
54.6132
53.3236
52.1848
50.9824
49.9251
48.8014
47.8161
46.762
45.8393
44.8447
43.9764
43.0317
42.2149
41.3199
40.5532
39.7099
39.0116
13809.8
10288.2
7928.53
6278.88
5084.64
4194.77
3515.23
2985.48
2564.95
2225.96
1948.86
1719.68
1528
1366.22
1228.41
1110.18
1007.94
919.032
841.181
772.716
712.124
658.327
610.279
567.27
528.551
493.647
462.004
433.304
407.123
383.25
361.349
341.286
322.787
305.77
290.007
275.454
261.915
249.376
237.664
226.787
216.588
207.094
198.16
189.826
181.957
174.604
167.637
161.118
154.921
149.115
143.579
138.387
133.421
128.761
124.289
120.092
116.051
112.258
108.594
105.156
101.823
98.6983
95.6575
92.8099
90.0281
87.4267
84.8754
82.4936
80.1479
77.9628
75.8016
73.7932
71.7979
69.949
68.1037
66.3992
64.6899
63.1167
61.5315
60.078
58.606
57.2619
55.8935
54.6494
53.3757
52.2226
51.0344
49.9635
48.8513
47.8534
46.807
45.8726
44.8813
44.0019
43.0562
42.2268
41.3215
40.5477
39.6874
38.9774
13809.8
10288.2
7928.53
6278.87
5084.65
4194.77
3515.24
2985.48
2564.96
2225.96
1948.87
1719.68
1528.01
1366.22
1228.42
1110.18
1007.95
919.034
841.191
772.719
712.134
658.33
610.289
567.274
528.561
493.651
462.015
433.309
407.135
383.255
361.362
341.292
322.8
305.777
290.02
275.461
261.929
249.384
237.679
226.795
216.604
207.103
198.177
189.836
181.974
174.614
167.655
161.128
154.94
149.126
143.599
138.399
133.442
128.774
124.311
120.106
116.074
112.273
108.619
105.172
101.849
98.7158
95.6854
92.8287
90.0577
87.447
84.9068
82.5156
80.1813
77.9866
75.837
73.819
71.8355
69.9771
68.1434
66.4297
64.732
63.15
61.5757
60.114
58.6522
57.3009
55.9415
54.6914
53.4248
52.2671
51.0838
50.0096
48.8995
47.8997
46.8519
45.9166
44.9203
44.0402
43.0865
42.2549
41.3394
40.5542
39.6861
38.9629
13809.8
10288.2
7928.53
6278.87
5084.65
4194.77
3515.24
2985.48
2564.97
2225.96
1948.88
1719.68
1528.02
1366.23
1228.43
1110.18
1007.96
919.037
841.199
772.722
712.143
658.334
610.299
567.279
528.572
493.657
462.026
433.315
407.146
383.262
361.373
341.299
322.812
305.784
290.033
275.469
261.942
249.392
237.692
226.804
216.618
207.113
198.192
189.846
181.99
174.625
167.672
161.14
154.957
149.139
143.617
138.413
133.461
128.789
124.332
120.123
116.096
112.291
108.641
105.191
101.873
98.7361
95.7107
92.8506
90.0845
87.4707
84.9351
82.5412
80.2112
78.0144
75.8687
73.8492
71.869
70.0098
68.1789
66.4652
64.7695
63.1883
61.6153
60.1554
58.6939
57.3452
55.9852
54.7383
53.4702
52.316
51.1304
50.0595
48.9463
47.9485
46.8975
45.9616
44.9625
44.0778
43.1222
42.2809
41.3664
40.569
39.7009
38.9556
13809.8
10288.2
7928.54
6278.87
5084.65
4194.77
3515.24
2985.48
2564.97
2225.97
1948.88
1719.68
1528.02
1366.23
1228.44
1110.19
1007.96
919.042
841.207
772.728
712.151
658.34
610.308
567.285
528.58
493.663
462.035
433.322
407.155
383.269
361.384
341.307
322.823
305.793
290.044
275.478
261.954
249.402
237.705
226.815
216.631
207.124
198.206
189.858
182.005
174.638
167.687
161.154
154.973
149.154
143.634
138.429
133.479
128.806
124.351
120.14
116.116
112.309
108.662
105.211
101.896
98.757
95.7345
92.873
90.1098
87.4947
84.9621
82.5668
80.2402
78.042
75.8998
73.8789
71.9027
70.042
68.2154
66.5
64.809
63.2259
61.6581
60.1958
58.7404
57.3886
56.0356
54.7848
53.5248
52.3657
51.1893
50.112
49.0096
48.0035
46.9645
46.0184
45.0322
44.135
43.1926
42.3364
41.4331
40.6158
39.7566
38.9877
13809.8
10288.2
7928.54
6278.87
5084.65
4194.77
3515.25
2985.48
2564.97
2225.97
1948.89
1719.69
1528.03
1366.23
1228.44
1110.19
1007.97
919.047
841.213
772.733
712.158
658.346
610.314
567.292
528.588
493.67
462.043
433.33
407.164
383.277
361.392
341.316
322.832
305.802
290.054
275.487
261.964
249.412
237.715
226.825
216.642
207.134
198.217
189.869
182.017
174.649
167.699
161.166
154.986
149.166
143.647
138.441
133.493
128.819
124.365
120.153
116.13
112.323
108.677
105.224
101.91
98.77
95.7482
92.8851
90.1225
87.5054
84.9731
82.5754
80.2487
78.0474
75.9047
73.8799
71.9024
70.0369
68.2087
66.4875
64.7943
63.2043
61.6339
60.1636
58.7052
57.3444
55.9883
54.7278
53.4654
52.2962
51.119
50.0324
48.9318
47.9184
46.8852
45.9349
44.9597
44.0622
43.136
42.2827
41.3998
40.5865
39.7469
38.9771
49.5277
49.3589
49.2204
49.0219
48.9112
49.2309
49.1991
50.5172
50.866
53.5344
47.4743
47.0458
46.4078
45.9693
45.5816
45.4371
45.7321
45.7628
46.6203
47.1488
44.7957
44.3182
43.8593
43.5292
43.2814
43.2422
43.171
43.5194
43.5895
44.3124
43.2314
42.8579
42.5231
42.1817
41.9176
41.7259
41.592
41.6816
41.6643
42.1169
42.0751
41.7248
41.3105
40.923
40.5698
40.3093
40.1176
40.0361
39.998
40.2354
41.1947
40.7902
40.3576
39.9513
39.5822
39.291
39.0506
38.9023
38.8038
38.8606
40.4816
40.0612
39.615
39.1971
38.8117
38.4841
38.208
37.9961
37.8464
37.7695
39.9196
39.4905
39.0228
38.61
38.1914
37.8603
37.5309
37.302
37.0754
36.9593
39.4841
39.0301
38.5697
38.1345
37.7182
37.3543
37.0136
36.7379
36.4863
36.3032
39.1457
38.6882
38.2151
37.7755
37.3459
36.9658
36.6054
36.3003
36.0196
35.7944
38.8906
38.4203
37.9371
37.4915
37.0461
36.658
36.2726
35.954
35.6371
35.3909
38.6934
38.2019
37.722
37.2556
36.8146
36.4001
36.0162
35.6638
35.3434
35.0533
38.5378
38.0413
37.5507
37.0787
36.6291
36.2039
35.8088
35.4414
35.1046
34.7958
38.422
37.9284
37.4166
36.9519
36.4789
36.0613
35.6393
35.278
34.908
34.6049
38.3403
37.8474
37.3163
36.8573
36.3633
35.9542
35.5069
35.1547
34.7545
34.4597
38.285
37.7971
37.2429
36.7954
36.276
35.8819
35.4047
35.0701
34.6361
34.3577
38.2599
37.7671
37.1998
36.7506
36.2192
35.8232
35.3362
34.9974
34.5556
34.2672
38.2575
37.7445
37.1815
36.7117
36.1883
35.7699
35.2943
34.9287
34.5013
34.1809
38.2881
37.7592
37.1954
36.7114
36.1908
35.7577
35.2873
34.9044
34.4834
34.1428
38.2862
37.7386
37.1778
36.6667
36.1473
35.6756
35.1999
34.7695
34.3359
33.9433
)
;

boundaryField
{
    down
    {
        type            symmetryPlane;
    }
    right
    {
        type            inletOutlet;
        inletValue      uniform 1;
        value           nonuniform List<scalar> 
30
(
1566.01
1709.22
1963.79
2265.89
2527.54
2653.68
2565.53
2203
1559.19
726.71
163.788
26.2356
13.7726
11.9939
11.1117
10.4515
10.0034
9.68738
9.4069
9.23277
9.05607
8.93867
8.84795
8.77662
8.74082
8.68384
8.60327
8.5788
8.53856
8.53512
)
;
    }
    up
    {
        type            zeroGradient;
    }
    left
    {
        type            turbulentMixingLengthDissipationRateInlet;
        mixingLength    0.005;
        phi             phi;
        k               k;
        value           uniform 16580.2;
    }
    cylinder
    {
        type            epsilonWallFunction;
        value           nonuniform List<scalar> 
40
(
3613.18
2866.27
2901.64
3012.65
3058.58
3130.93
3167.95
3217.4
3242.54
3274.64
17788.3
17299.6
17838.9
16853.6
16841.7
17276.7
17328.1
18171
16759.7
10462.6
3147.1
3200.71
3249.79
3289.01
3319.98
3339.74
3331.88
3316.54
3310.07
3288.95
2704.2
2653.66
2642.89
2660.25
2735.62
2777.95
2874.21
2917.21
3012.96
3062.66
)
;
    }
    defaultFaces
    {
        type            empty;
    }
}


// ************************************************************************* //
