/*--------------------------------*- C++ -*----------------------------------*\
  =========                 |
  \\      /  F ield         | OpenFOAM: The Open Source CFD Toolbox
   \\    /   O peration     | Website:  https://openfoam.org
    \\  /    A nd           | Version:  8
     \\/     M anipulation  |
\*---------------------------------------------------------------------------*/
FoamFile
{
    version     2.0;
    format      ascii;
    class       volScalarField;
    location    "2.0000073";
    object      nut;
}
// * * * * * * * * * * * * * * * * * * * * * * * * * * * * * * * * * * * * * //

dimensions      [0 2 -1 0 0 0 0];

internalField   nonuniform List<scalar> 
6800
(
0.083932
0.114292
0.115309
0.11194
0.111413
0.0951788
0.0762583
0.0568399
0.046378
0.047381
0.0609838
0.0994962
0.106679
0.107653
0.100058
0.0775929
0.0570645
0.0492674
0.0454889
0.0383485
0.0615825
0.0962228
0.105925
0.100513
0.0823099
0.0606889
0.0511249
0.0450451
0.0351006
0.0317912
0.0627485
0.095025
0.101056
0.0926487
0.0697221
0.0566911
0.0467318
0.0377005
0.0326751
0.0305551
0.0627729
0.0937893
0.09872
0.0839923
0.0614974
0.0485768
0.0392764
0.0352751
0.0311211
0.0265147
0.0632171
0.0959164
0.095541
0.0726487
0.0549113
0.046572
0.0396734
0.0331894
0.0275254
0.0251682
0.0630454
0.0979283
0.0921809
0.0674511
0.0540164
0.0421445
0.0343934
0.0290104
0.0262927
0.0245061
0.0632264
0.101417
0.086332
0.0584887
0.0463145
0.0404435
0.0330758
0.0293654
0.025016
0.0230711
0.0631224
0.103903
0.0777588
0.0612478
0.0497676
0.0374315
0.0303187
0.0264814
0.0237567
0.0226359
0.063359
0.106274
0.0738573
0.053461
0.0403999
0.0362713
0.029609
0.0263079
0.0233764
0.0217356
0.577675
0.859716
0.98123
1.01643
1.0125
1.02246
1.04017
1.06219
1.07657
1.0822
0.544427
0.825209
0.937464
0.975794
0.964415
0.966362
0.974465
0.980434
0.975518
0.969592
0.50233
0.773978
0.882454
0.89525
0.885318
0.87953
0.872422
0.867877
0.865348
0.851017
0.493752
0.712119
0.790773
0.799135
0.783073
0.75864
0.743068
0.723032
0.685318
0.6131
0.46084
0.653553
0.709839
0.685052
0.647914
0.618352
0.584989
0.517764
0.463358
0.355396
0.439256
0.595623
0.589163
0.556216
0.527007
0.464467
0.393433
0.295896
0.240304
0.171966
0.488204
0.523112
0.491666
0.455575
0.364555
0.27066
0.199332
0.153436
0.139953
0.108341
0.480273
0.411095
0.374293
0.283046
0.197628
0.157112
0.134035
0.111758
0.106775
0.0862351
0.427889
0.297592
0.235845
0.163656
0.136061
0.12279
0.108723
0.0968514
0.0927694
0.0669519
0.255527
0.160203
0.138924
0.123202
0.118047
0.110858
0.0956845
0.0838995
0.0601202
0.0484071
1.08519
1.07255
1.05337
1.03278
1.01337
0.995971
0.980627
0.967616
0.956591
0.947033
0.938612
0.931105
0.924358
0.918261
0.912722
0.907669
0.903036
0.898771
0.894832
0.891189
0.887815
0.884697
0.881815
0.879167
0.876735
0.874482
0.872391
0.870455
0.868652
0.866949
0.865334
0.863795
0.862323
0.860908
0.859539
0.858206
0.856905
0.855628
0.854377
0.853149
0.851948
0.850782
0.849657
0.84858
0.847558
0.846595
0.845692
0.844852
0.84408
0.843375
0.842735
0.842155
0.841631
0.841158
0.84073
0.840342
0.83999
0.839668
0.839372
0.839097
0.838842
0.838603
0.838376
0.83816
0.837951
0.837749
0.837553
0.837361
0.837172
0.836986
0.836804
0.836626
0.836453
0.836287
0.836128
0.835978
0.835838
0.835711
0.835595
0.835496
0.835407
0.83534
0.835281
0.835251
0.835219
0.835227
0.835216
0.835269
0.835266
0.835371
0.835356
0.835529
0.835471
0.835731
0.835626
0.835964
0.83576
0.836294
0.835302
0.837594
0.971898
0.968204
0.956745
0.943714
0.931046
0.919331
0.908772
0.899905
0.89223
0.885497
0.87956
0.874297
0.869618
0.865451
0.861727
0.858374
0.855329
0.852547
0.849993
0.847648
0.845499
0.843542
0.841765
0.840181
0.838732
0.83736
0.836103
0.834982
0.833935
0.832932
0.832009
0.831166
0.83039
0.829665
0.828978
0.828312
0.827661
0.827014
0.826376
0.825736
0.825108
0.82451
0.823946
0.823422
0.822939
0.8225
0.822103
0.821762
0.821484
0.82126
0.821082
0.820945
0.820845
0.820778
0.820739
0.820724
0.820729
0.82075
0.820784
0.820827
0.820878
0.820932
0.820986
0.821038
0.821085
0.82113
0.82117
0.821203
0.82123
0.821254
0.821275
0.821296
0.821319
0.821345
0.821376
0.821415
0.82146
0.821517
0.821584
0.821666
0.821757
0.821868
0.821983
0.822126
0.822263
0.82244
0.82259
0.822805
0.822956
0.823219
0.823348
0.823675
0.823752
0.824166
0.824183
0.824677
0.824591
0.825293
0.82437
0.82689
0.85575
0.85706
0.84823
0.838663
0.829632
0.82144
0.814257
0.807168
0.800692
0.795086
0.79032
0.786289
0.782918
0.780125
0.77779
0.775835
0.774181
0.772781
0.771599
0.77062
0.76983
0.769223
0.7688
0.768544
0.768488
0.768657
0.769023
0.7695
0.770208
0.77112
0.772142
0.773208
0.774276
0.775318
0.776308
0.777233
0.778086
0.778863
0.779577
0.780211
0.780843
0.78149
0.782129
0.782754
0.783363
0.783959
0.784551
0.785131
0.785696
0.786253
0.786809
0.787366
0.787925
0.788486
0.789048
0.789608
0.790166
0.790716
0.79126
0.79179
0.792315
0.792813
0.793284
0.793734
0.794163
0.794582
0.794967
0.795331
0.795681
0.796022
0.796357
0.79669
0.79702
0.797353
0.797686
0.798025
0.79837
0.798727
0.799089
0.799466
0.799846
0.800244
0.800638
0.801057
0.80146
0.801902
0.802304
0.802774
0.80316
0.803668
0.804015
0.804582
0.804866
0.805518
0.805727
0.806462
0.80653
0.8075
0.80669
0.809615
0.610149
0.613382
0.614264
0.61484
0.615981
0.617645
0.619759
0.622703
0.62604
0.629729
0.633595
0.637515
0.641527
0.645609
0.649594
0.65345
0.657096
0.660556
0.663855
0.66703
0.670118
0.673153
0.676167
0.679178
0.682195
0.685233
0.688283
0.69136
0.694375
0.697323
0.700214
0.703029
0.705744
0.708351
0.710825
0.713165
0.715365
0.717445
0.719389
0.721269
0.722976
0.724527
0.725974
0.727353
0.728689
0.730003
0.731303
0.732602
0.733901
0.735198
0.736498
0.737798
0.739096
0.740388
0.741672
0.742945
0.744203
0.745443
0.746662
0.747859
0.749028
0.750181
0.751318
0.752434
0.753531
0.754597
0.755668
0.756734
0.757786
0.758822
0.759841
0.760844
0.761827
0.7628
0.76375
0.764704
0.765654
0.766603
0.76754
0.768475
0.769392
0.770311
0.771204
0.77211
0.772975
0.773871
0.774701
0.775597
0.776378
0.777287
0.778001
0.778944
0.779554
0.780557
0.781062
0.782134
0.782481
0.783784
0.783141
0.786588
0.34401
0.339924
0.339471
0.342102
0.347371
0.354799
0.363488
0.373379
0.383598
0.39447
0.40538
0.416334
0.427437
0.438431
0.448497
0.45802
0.466901
0.475457
0.483737
0.491799
0.499695
0.507458
0.515119
0.522683
0.530154
0.537527
0.544779
0.551906
0.55886
0.565634
0.572181
0.578487
0.584525
0.590253
0.595626
0.600705
0.605521
0.6101
0.614487
0.618683
0.622769
0.62675
0.630637
0.634434
0.63815
0.641798
0.64537
0.648896
0.652336
0.655689
0.658981
0.662204
0.665354
0.668426
0.67142
0.674332
0.67716
0.679906
0.682571
0.685153
0.687655
0.69008
0.692431
0.694713
0.69693
0.699086
0.701176
0.703209
0.70519
0.707127
0.709021
0.710876
0.712695
0.714477
0.716234
0.717944
0.719603
0.721229
0.722814
0.72438
0.725904
0.727421
0.728891
0.73037
0.731785
0.733234
0.734589
0.73602
0.737303
0.738732
0.739923
0.741373
0.742443
0.743942
0.744888
0.746454
0.747204
0.749026
0.748728
0.752833
0.169497
0.168252
0.167697
0.16807
0.169381
0.171699
0.174788
0.178812
0.183389
0.189236
0.194968
0.201113
0.208865
0.215871
0.225012
0.234161
0.244023
0.254575
0.265244
0.276058
0.287061
0.298226
0.30952
0.320846
0.332179
0.34345
0.354634
0.365722
0.376528
0.387273
0.39748
0.407346
0.416669
0.425314
0.433245
0.441154
0.448842
0.456334
0.463658
0.470822
0.477853
0.484752
0.491548
0.498224
0.504802
0.511283
0.517615
0.523914
0.529961
0.535843
0.541742
0.547416
0.552931
0.558269
0.563458
0.568478
0.573351
0.578093
0.582687
0.587142
0.591468
0.595674
0.599763
0.603746
0.607626
0.611411
0.615101
0.618705
0.622223
0.625662
0.62902
0.632306
0.635511
0.638655
0.641715
0.644731
0.647668
0.650558
0.653375
0.656151
0.658844
0.66151
0.664087
0.666659
0.669121
0.671612
0.673955
0.676379
0.678594
0.680971
0.683042
0.6854
0.687298
0.689667
0.69139
0.693809
0.695264
0.697916
0.698295
0.703321
0.10706
0.105537
0.104209
0.103203
0.102457
0.101958
0.101661
0.101625
0.101912
0.102339
0.103222
0.104074
0.105515
0.106959
0.108321
0.110316
0.112601
0.114812
0.117549
0.120334
0.124123
0.128485
0.13322
0.138407
0.144214
0.150477
0.157215
0.164271
0.171862
0.179738
0.188137
0.197126
0.207003
0.21722
0.227592
0.23809
0.248656
0.259252
0.269835
0.280369
0.290827
0.30118
0.311408
0.321495
0.331413
0.341174
0.350728
0.360104
0.369282
0.377997
0.386351
0.394301
0.402095
0.409636
0.417103
0.424273
0.431482
0.438572
0.445289
0.451929
0.458455
0.464863
0.471141
0.477298
0.483323
0.489228
0.494999
0.500656
0.506174
0.51157
0.516822
0.521951
0.526937
0.531819
0.53655
0.541226
0.545704
0.550174
0.554511
0.558769
0.562887
0.56699
0.570953
0.574915
0.578704
0.582538
0.586152
0.589876
0.593305
0.59694
0.600167
0.603741
0.606736
0.610284
0.613027
0.616603
0.61902
0.622802
0.624136
0.630214
0.0851292
0.0837
0.0823369
0.0809935
0.0796822
0.0783853
0.0771042
0.0758871
0.0744498
0.073144
0.0715178
0.0701733
0.068513
0.0670479
0.0658546
0.0647712
0.0640071
0.0632415
0.062772
0.0622545
0.0620731
0.0620212
0.0621762
0.0627316
0.0636798
0.0644498
0.0651495
0.0662403
0.0678579
0.0698231
0.0719496
0.0743283
0.0770311
0.080078
0.0834625
0.0872439
0.0913767
0.0959263
0.100847
0.106214
0.111972
0.118181
0.124773
0.131805
0.139189
0.146981
0.155067
0.163511
0.172174
0.181352
0.190908
0.200834
0.210869
0.220952
0.231043
0.241101
0.251065
0.260952
0.270686
0.280261
0.289637
0.298832
0.307805
0.316588
0.32514
0.333505
0.341642
0.349605
0.357218
0.364617
0.371695
0.378628
0.385355
0.392009
0.39846
0.404885
0.411101
0.417319
0.42331
0.429358
0.435119
0.441093
0.446712
0.452314
0.45769
0.463187
0.468341
0.47369
0.478595
0.483807
0.488426
0.493523
0.497815
0.502831
0.506763
0.511798
0.51525
0.520442
0.523217
0.530224
0.0650368
0.0631485
0.0612961
0.0593833
0.0575696
0.0557911
0.0542071
0.0526685
0.0513588
0.050107
0.0490566
0.0479316
0.0468214
0.0457698
0.0448526
0.0440315
0.043315
0.0426614
0.0420973
0.0415733
0.0411223
0.0407133
0.040359
0.0400501
0.0398028
0.0395947
0.0394457
0.0393069
0.0392568
0.0392149
0.0392832
0.0393277
0.0395268
0.0396547
0.0399666
0.040373
0.0406591
0.0411585
0.0417506
0.0425051
0.0433126
0.044313
0.0454079
0.0467358
0.0481871
0.0499072
0.051784
0.0539837
0.0563743
0.0591204
0.0620879
0.0654688
0.0690977
0.0731843
0.077531
0.0823533
0.087437
0.0929913
0.0988002
0.10506
0.111544
0.118446
0.125528
0.132986
0.140571
0.14848
0.156457
0.164705
0.1731
0.181801
0.190553
0.199523
0.208328
0.217274
0.225978
0.234794
0.2433
0.251907
0.260137
0.268482
0.276386
0.284436
0.291999
0.299754
0.306934
0.314405
0.3212
0.328421
0.334807
0.341702
0.34758
0.354237
0.359618
0.366177
0.371069
0.377649
0.382147
0.388731
0.393061
0.400828
0.0474718
0.0458679
0.0443116
0.0430219
0.0419171
0.0409398
0.0400566
0.0392429
0.038498
0.0377929
0.037129
0.0365074
0.0359295
0.035396
0.0349
0.0344447
0.0340199
0.0336311
0.0332654
0.0329333
0.0326191
0.032335
0.0320647
0.0318243
0.0315938
0.0313914
0.0311956
0.0310265
0.0308623
0.0307255
0.030589
0.0304824
0.0303707
0.0302912
0.0301874
0.0301311
0.0300663
0.0300372
0.029979
0.0299653
0.0299285
0.0299375
0.0299328
0.0299725
0.0300145
0.0300948
0.0302064
0.0304009
0.0306192
0.0307099
0.031039
0.0311514
0.0315238
0.0319522
0.0323883
0.0330281
0.0335358
0.0343662
0.0351054
0.0361461
0.0371159
0.038444
0.0397014
0.0413765
0.0429752
0.0450583
0.0470484
0.0495936
0.0520263
0.0550963
0.0580331
0.0616896
0.0651774
0.069453
0.0735035
0.0784077
0.0830094
0.0885299
0.0936456
0.0997476
0.105315
0.111945
0.11788
0.124975
0.131178
0.138666
0.145026
0.152838
0.159254
0.16747
0.17393
0.182471
0.188825
0.197618
0.203559
0.212491
0.217892
0.22682
0.23389
0.241462
0.0383878
0.0375167
0.0366729
0.0358695
0.0351166
0.0344191
0.0337625
0.0331606
0.0325904
0.0320739
0.0316059
0.0311844
0.0307949
0.0304393
0.0301046
0.0297973
0.0295049
0.0292374
0.0289831
0.028753
0.0285316
0.0283324
0.0281375
0.0279629
0.0277882
0.0276324
0.027473
0.0273314
0.0271841
0.0270535
0.0269161
0.0267947
0.026666
0.0265532
0.0264326
0.0263289
0.0262148
0.0261236
0.026023
0.0259458
0.0258569
0.0257919
0.0257135
0.0256597
0.0255909
0.0255479
0.0254876
0.025456
0.0254044
0.0253851
0.0253402
0.0253327
0.025296
0.0253003
0.0252775
0.0252938
0.0252884
0.025316
0.0253317
0.0253744
0.0254144
0.0254812
0.0255518
0.0256447
0.0257912
0.0258959
0.026008
0.026246
0.0263758
0.0266985
0.026871
0.0272991
0.0275336
0.0280975
0.0284159
0.0291524
0.029572
0.030534
0.031066
0.0323208
0.0329893
0.0345851
0.0354397
0.0374088
0.0384913
0.0408742
0.0422062
0.0450705
0.0466506
0.0500643
0.0518981
0.0559104
0.0580283
0.0626531
0.0650426
0.0701838
0.0727633
0.0784087
0.0809382
0.0901499
0.0318201
0.0314016
0.0309919
0.0305883
0.0301847
0.0297794
0.0293922
0.029017
0.0286663
0.0283337
0.0280259
0.0277353
0.0274669
0.0272131
0.0269778
0.0267541
0.0265457
0.0263466
0.0261578
0.0259756
0.0258031
0.0256375
0.0254812
0.0253317
0.0251904
0.0250554
0.0249271
0.0248046
0.024687
0.0245752
0.0244665
0.0243641
0.0242634
0.0241697
0.0240771
0.023992
0.0239076
0.0238311
0.023755
0.0236865
0.0236179
0.0235564
0.0234942
0.0234388
0.0233816
0.0233316
0.0232782
0.023233
0.0231827
0.0231419
0.0230942
0.0230576
0.0230121
0.02298
0.0229368
0.0229093
0.0228683
0.0228459
0.0228069
0.0227889
0.0227523
0.0227344
0.0226987
0.0226804
0.0226459
0.0226333
0.0226043
0.022596
0.0225747
0.0225692
0.0225566
0.0225547
0.0225533
0.0225572
0.0225691
0.0225818
0.0226077
0.0226333
0.0226759
0.0227181
0.0227851
0.0228436
0.0229441
0.0230339
0.0231123
0.0233014
0.0233765
0.0236473
0.0237459
0.0240903
0.0242263
0.0247046
0.0248168
0.0254857
0.0256252
0.0264998
0.0265179
0.0282122
0.0280235
0.0305605
0.0274708
0.0272308
0.0269855
0.0267273
0.0264684
0.0262051
0.0259493
0.0256938
0.0254501
0.0252088
0.0249815
0.0247574
0.0245481
0.0243424
0.0241516
0.0239643
0.0237918
0.0236223
0.0234669
0.0233141
0.0231745
0.0230369
0.0229117
0.0227878
0.0226753
0.0225639
0.0224629
0.0223627
0.0222722
0.0221821
0.0221009
0.0220199
0.0219469
0.0218741
0.0218083
0.0217427
0.0216831
0.0216239
0.0215697
0.0215163
0.0214668
0.0214187
0.0213735
0.0213302
0.0212888
0.0212501
0.0212121
0.0211776
0.0211426
0.021112
0.0210795
0.0210526
0.0210221
0.0209985
0.0209697
0.0209491
0.0209216
0.0209038
0.0208772
0.0208621
0.0208363
0.0208236
0.0207984
0.0207881
0.0207632
0.0207552
0.0207307
0.0207248
0.0207005
0.0206968
0.0206727
0.0206712
0.0206471
0.0206478
0.0206237
0.0206269
0.0206028
0.0206085
0.0205844
0.0205928
0.0205688
0.0205803
0.0205564
0.0205728
0.0205487
0.0205702
0.0205467
0.020574
0.0205515
0.0205854
0.0205645
0.0206062
0.0205894
0.0206382
0.0206285
0.0206857
0.0206908
0.0207499
0.0207733
0.0208917
0.0244785
0.0243342
0.0241816
0.0240142
0.0238434
0.0236654
0.0234915
0.0233154
0.0231476
0.0229799
0.0228229
0.022667
0.022523
0.02238
0.0222495
0.0221193
0.0220019
0.021884
0.0217788
0.0216722
0.0215781
0.0214815
0.0213973
0.0213095
0.0212339
0.0211538
0.0210858
0.0210125
0.0209512
0.0208841
0.0208288
0.0207672
0.0207174
0.0206606
0.0206156
0.0205631
0.0205223
0.0204736
0.0204365
0.020391
0.0203572
0.0203146
0.0202837
0.0202438
0.0202156
0.0201783
0.0201526
0.0201176
0.0200944
0.0200615
0.0200404
0.0200096
0.0199904
0.0199612
0.0199437
0.019916
0.0199
0.0198736
0.0198588
0.0198334
0.0198198
0.0197954
0.0197828
0.0197594
0.0197477
0.0197252
0.0197144
0.0196927
0.0196828
0.0196618
0.0196528
0.0196326
0.0196244
0.0196048
0.0195974
0.0195785
0.0195718
0.0195536
0.0195475
0.0195299
0.0195244
0.0195075
0.0195026
0.0194862
0.0194818
0.019466
0.0194621
0.0194468
0.0194433
0.0194284
0.0194253
0.0194105
0.0194077
0.0193932
0.0193892
0.0193725
0.0193635
0.0193386
0.0193881
0.0192758
0.0222977
0.022214
0.0221228
0.0220166
0.0219064
0.0217875
0.0216707
0.0215492
0.0214332
0.0213146
0.0212035
0.0210909
0.0209868
0.0208816
0.0207856
0.0206883
0.0206004
0.0205109
0.0204311
0.020349
0.0202766
0.0202014
0.020136
0.0200671
0.020008
0.0199449
0.0198916
0.0198336
0.0197854
0.019732
0.0196884
0.019639
0.0195997
0.0195539
0.0195183
0.0194758
0.0194436
0.019404
0.0193748
0.0193378
0.0193114
0.0192767
0.0192528
0.0192202
0.0191986
0.0191678
0.0191482
0.0191191
0.0191013
0.0190737
0.0190576
0.0190313
0.0190168
0.0189918
0.0189786
0.0189548
0.0189429
0.0189201
0.0189094
0.0188875
0.0188779
0.0188569
0.0188483
0.0188281
0.0188203
0.0188008
0.0187937
0.0187749
0.0187686
0.0187504
0.0187446
0.018727
0.0187217
0.0187047
0.0186999
0.0186834
0.0186789
0.018663
0.0186588
0.0186434
0.0186395
0.0186246
0.0186208
0.0186065
0.0186028
0.018589
0.0185854
0.0185722
0.0185685
0.0185558
0.0185521
0.01854
0.018536
0.0185246
0.0185202
0.0185094
0.0185047
0.0184945
0.0184887
0.018477
0.0207846
0.0207398
0.0206896
0.0206245
0.0205562
0.0204779
0.0204014
0.0203183
0.02024
0.0201568
0.0200802
0.0199997
0.019927
0.0198509
0.0197832
0.019712
0.0196496
0.0195836
0.0195265
0.0194654
0.0194134
0.0193569
0.0193096
0.0192574
0.0192143
0.019166
0.0191269
0.0190821
0.0190466
0.019005
0.0189727
0.018934
0.0189046
0.0188684
0.0188416
0.0188076
0.0187832
0.0187511
0.0187287
0.0186984
0.018678
0.0186491
0.0186304
0.018603
0.0185858
0.0185596
0.0185438
0.0185186
0.0185042
0.01848
0.0184667
0.0184434
0.0184312
0.0184088
0.0183976
0.0183759
0.0183656
0.0183448
0.0183353
0.0183151
0.0183065
0.0182869
0.018279
0.01826
0.0182527
0.0182342
0.0182275
0.0182095
0.0182033
0.0181858
0.01818
0.0181629
0.0181575
0.0181409
0.0181358
0.0181196
0.0181148
0.018099
0.0180944
0.0180791
0.0180746
0.0180597
0.0180553
0.018041
0.0180366
0.0180227
0.0180184
0.018005
0.0180005
0.0179877
0.0179831
0.0179709
0.0179661
0.0179544
0.0179494
0.0179384
0.017933
0.0179225
0.0179186
0.0179038
0.0197419
0.0197189
0.0196925
0.0196518
0.0196086
0.019555
0.0195033
0.019444
0.0193889
0.0193276
0.0192724
0.0192118
0.0191584
0.0191
0.0190494
0.0189939
0.0189467
0.0188944
0.0188506
0.0188016
0.0187613
0.0187154
0.0186784
0.0186354
0.0186015
0.0185612
0.0185301
0.0184924
0.0184639
0.0184284
0.0184023
0.0183689
0.0183449
0.0183133
0.0182914
0.0182614
0.0182413
0.0182128
0.0181943
0.0181672
0.0181502
0.0181243
0.0181086
0.0180839
0.0180695
0.0180457
0.0180325
0.0180097
0.0179975
0.0179755
0.0179644
0.0179432
0.0179329
0.0179124
0.017903
0.0178832
0.0178745
0.0178552
0.0178472
0.0178285
0.0178211
0.017803
0.0177961
0.0177784
0.0177721
0.0177549
0.017749
0.0177322
0.0177267
0.0177103
0.0177051
0.0176892
0.0176843
0.0176688
0.0176642
0.017649
0.0176446
0.0176299
0.0176256
0.0176113
0.0176071
0.0175932
0.0175891
0.0175756
0.0175715
0.0175585
0.0175543
0.0175417
0.0175374
0.0175253
0.0175208
0.0175093
0.0175045
0.0174933
0.0174877
0.0174783
0.0174786
0.0174689
0.0174102
0.0174887
0.0189941
0.0189842
0.0189716
0.0189456
0.0189178
0.0188797
0.0188437
0.0187995
0.0187596
0.0187127
0.0186715
0.0186242
0.0185837
0.0185372
0.0184984
0.0184536
0.018417
0.0183743
0.0183402
0.0182996
0.0182681
0.0182297
0.0182006
0.0181644
0.0181377
0.0181035
0.0180789
0.0180466
0.0180241
0.0179934
0.0179727
0.0179436
0.0179247
0.0178968
0.0178795
0.0178529
0.0178369
0.0178114
0.0177967
0.0177721
0.0177586
0.0177349
0.0177225
0.0176996
0.0176882
0.0176661
0.0176556
0.0176342
0.0176245
0.0176038
0.0175949
0.0175747
0.0175666
0.017547
0.0175395
0.0175204
0.0175136
0.0174949
0.0174886
0.0174704
0.0174646
0.0174468
0.0174414
0.0174239
0.017419
0.0174019
0.0173972
0.0173805
0.0173762
0.0173598
0.0173557
0.0173397
0.0173359
0.0173202
0.0173165
0.0173012
0.0172976
0.0172827
0.0172792
0.0172647
0.0172612
0.0172472
0.0172436
0.01723
0.0172264
0.0172132
0.0172095
0.0171968
0.0171928
0.0171807
0.0171764
0.0171648
0.0171601
0.0171493
0.0171447
0.0171336
0.0171221
0.0171131
0.0171598
0.0170562
0.018451
0.0184496
0.0184451
0.0184282
0.0184096
0.0183817
0.0183554
0.0183215
0.0182912
0.0182542
0.0182223
0.0181842
0.0181524
0.0181145
0.0180836
0.0180466
0.0180172
0.0179815
0.017954
0.0179197
0.0178941
0.0178614
0.0178376
0.0178064
0.0177845
0.0177546
0.0177344
0.0177058
0.0176873
0.0176599
0.0176429
0.0176166
0.017601
0.0175757
0.0175614
0.0175369
0.0175239
0.0175001
0.0174883
0.0174652
0.0174544
0.0174319
0.0174221
0.0174002
0.0173913
0.0173699
0.0173618
0.0173409
0.0173336
0.017313
0.0173065
0.0172863
0.0172805
0.0172606
0.0172555
0.0172359
0.0172314
0.017212
0.0172081
0.0171889
0.0171855
0.0171666
0.0171637
0.0171449
0.0171426
0.0171239
0.017122
0.0171035
0.017102
0.0170836
0.0170825
0.0170643
0.0170636
0.0170455
0.0170451
0.0170271
0.017027
0.0170091
0.0170093
0.0169915
0.016992
0.0169744
0.016975
0.0169575
0.0169583
0.016941
0.016942
0.0169248
0.0169258
0.0169089
0.0169099
0.0168931
0.0168944
0.016878
0.0168779
0.016862
0.016869
0.0168485
0.016842
0.0168266
0.0180418
0.0180466
0.0180466
0.0180354
0.0180226
0.0180014
0.0179815
0.0179547
0.0179307
0.0179008
0.017875
0.0178437
0.0178175
0.0177859
0.0177602
0.0177292
0.0177045
0.0176743
0.017651
0.0176218
0.0176
0.0175719
0.0175516
0.0175246
0.0175057
0.0174799
0.0174624
0.0174375
0.0174213
0.0173973
0.0173824
0.0173592
0.0173455
0.0173231
0.0173104
0.0172886
0.017277
0.0172558
0.0172451
0.0172244
0.0172146
0.0171944
0.0171854
0.0171656
0.0171575
0.0171379
0.0171306
0.0171114
0.0171047
0.0170858
0.0170798
0.0170611
0.0170557
0.0170372
0.0170325
0.0170142
0.01701
0.0169919
0.0169882
0.0169702
0.016967
0.0169491
0.0169464
0.0169286
0.0169264
0.0169087
0.0169068
0.0168892
0.0168878
0.0168703
0.0168692
0.0168517
0.016851
0.0168336
0.0168332
0.0168159
0.0168158
0.0167985
0.0167987
0.0167815
0.0167819
0.0167649
0.0167655
0.0167485
0.0167493
0.0167324
0.0167333
0.0167166
0.0167176
0.016701
0.0167022
0.0166855
0.0166869
0.016671
0.0166715
0.0166548
0.0166567
0.0166365
0.0166784
0.0165798
0.0177363
0.0177419
0.0177443
0.0177367
0.0177278
0.0177113
0.0176957
0.0176739
0.0176545
0.0176296
0.0176082
0.0175818
0.0175597
0.0175329
0.017511
0.0174844
0.0174633
0.0174372
0.0174171
0.0173918
0.0173728
0.0173484
0.0173306
0.0173071
0.0172904
0.0172677
0.0172522
0.0172303
0.0172158
0.0171946
0.0171812
0.0171607
0.0171482
0.0171282
0.0171166
0.0170972
0.0170864
0.0170675
0.0170574
0.0170389
0.0170296
0.0170115
0.0170028
0.016985
0.016977
0.0169595
0.0169521
0.0169349
0.016928
0.016911
0.0169046
0.0168879
0.016882
0.0168656
0.0168601
0.0168438
0.0168388
0.0168227
0.0168181
0.0168022
0.0167979
0.0167822
0.0167781
0.0167626
0.0167589
0.0167436
0.0167401
0.016725
0.0167217
0.0167068
0.0167037
0.0166889
0.016686
0.0166715
0.0166687
0.0166544
0.0166517
0.0166377
0.0166349
0.0166212
0.0166185
0.0166051
0.0166023
0.0165893
0.0165864
0.0165737
0.0165706
0.0165584
0.0165551
0.0165433
0.0165398
0.0165286
0.0165243
0.0165131
0.0165107
0.0165016
0.0164947
0.0164949
0.0164439
0.0165141
0.0174995
0.0175052
0.0175092
0.0175041
0.017498
0.0174847
0.0174724
0.0174541
0.017438
0.0174167
0.0173987
0.0173759
0.0173571
0.0173338
0.0173149
0.0172917
0.0172734
0.0172506
0.017233
0.0172108
0.017194
0.0171725
0.0171567
0.0171359
0.017121
0.0171009
0.0170869
0.0170674
0.0170543
0.0170354
0.0170231
0.0170047
0.0169932
0.0169753
0.0169645
0.016947
0.0169369
0.0169198
0.0169103
0.0168935
0.0168846
0.0168681
0.0168597
0.0168435
0.0168357
0.0168198
0.0168124
0.0167967
0.0167898
0.0167743
0.0167678
0.0167525
0.0167465
0.0167314
0.0167257
0.0167107
0.0167054
0.0166906
0.0166856
0.016671
0.0166663
0.0166518
0.0166474
0.0166331
0.0166289
0.0166147
0.0166107
0.0165968
0.0165929
0.0165792
0.0165755
0.0165619
0.0165584
0.0165449
0.0165415
0.0165283
0.016525
0.016512
0.0165087
0.0164959
0.0164927
0.0164802
0.0164769
0.0164647
0.0164613
0.0164494
0.0164459
0.0164343
0.0164307
0.0164195
0.0164157
0.016405
0.0164006
0.0163898
0.0163874
0.0163786
0.0163718
0.0163723
0.0163221
0.0163913
0.0173198
0.0173255
0.0173304
0.0173266
0.0173225
0.0173113
0.0173015
0.0172856
0.0172723
0.0172536
0.0172383
0.0172181
0.0172019
0.0171812
0.0171648
0.017144
0.0171279
0.0171075
0.0170919
0.0170719
0.017057
0.0170376
0.0170233
0.0170045
0.016991
0.0169727
0.0169599
0.0169422
0.0169301
0.0169129
0.0169013
0.0168846
0.0168737
0.0168574
0.016847
0.0168311
0.0168211
0.0168057
0.0167962
0.016781
0.016772
0.0167571
0.0167485
0.0167339
0.0167256
0.0167114
0.0167034
0.0166894
0.0166818
0.0166681
0.0166607
0.0166473
0.0166402
0.016627
0.0166201
0.0166072
0.0166005
0.0165878
0.0165813
0.0165689
0.0165625
0.0165503
0.0165441
0.0165322
0.0165261
0.0165144
0.0165083
0.016497
0.0164909
0.0164799
0.0164738
0.0164631
0.0164569
0.0164466
0.0164404
0.0164304
0.016424
0.0164145
0.016408
0.0163989
0.0163921
0.0163835
0.0163764
0.0163684
0.016361
0.0163535
0.0163457
0.0163388
0.0163306
0.0163243
0.0163156
0.0163102
0.0163007
0.0162957
0.0162869
0.0162827
0.0162663
0.016268
0.0162669
0.0162534
0.0171846
0.01719
0.0171955
0.0171921
0.0171894
0.0171791
0.0171711
0.0171565
0.0171451
0.0171277
0.0171145
0.0170956
0.0170814
0.0170619
0.0170475
0.0170279
0.0170136
0.0169942
0.0169804
0.0169614
0.0169481
0.0169296
0.0169169
0.0168989
0.0168868
0.0168693
0.0168578
0.0168408
0.0168298
0.0168133
0.0168028
0.0167867
0.0167768
0.0167611
0.0167515
0.0167362
0.0167271
0.0167121
0.0167034
0.0166887
0.0166803
0.0166659
0.0166579
0.0166438
0.016636
0.0166222
0.0166147
0.0166011
0.0165939
0.0165806
0.0165736
0.0165605
0.0165537
0.0165409
0.0165343
0.0165218
0.0165153
0.016503
0.0164966
0.0164846
0.0164784
0.0164666
0.0164604
0.0164489
0.0164428
0.0164316
0.0164254
0.0164146
0.0164084
0.0163978
0.0163916
0.0163814
0.0163751
0.0163652
0.0163588
0.0163494
0.0163427
0.0163337
0.0163269
0.0163184
0.0163113
0.0163032
0.0162958
0.0162883
0.0162806
0.0162737
0.0162655
0.0162592
0.0162505
0.0162449
0.0162357
0.016231
0.016221
0.0162165
0.0162067
0.0162041
0.0161925
0.0161942
0.0161437
0.0162149
0.0170742
0.0170792
0.0170851
0.0170817
0.01708
0.0170703
0.0170636
0.0170496
0.0170398
0.0170232
0.0170116
0.0169936
0.0169811
0.0169624
0.0169497
0.0169309
0.0169183
0.0168997
0.0168875
0.0168692
0.0168575
0.0168396
0.0168284
0.016811
0.0168003
0.0167833
0.0167732
0.0167566
0.016747
0.0167308
0.0167216
0.0167058
0.016697
0.0166815
0.0166731
0.0166579
0.0166499
0.016635
0.0166273
0.0166126
0.0166052
0.0165908
0.0165836
0.0165695
0.0165626
0.0165487
0.016542
0.0165283
0.0165218
0.0165084
0.0165021
0.016489
0.0164828
0.0164699
0.0164638
0.0164511
0.0164452
0.0164328
0.016427
0.0164148
0.016409
0.0163971
0.0163913
0.0163797
0.016374
0.0163626
0.0163569
0.0163458
0.01634
0.0163293
0.0163235
0.0163131
0.0163071
0.0162971
0.016291
0.0162814
0.0162751
0.0162659
0.0162594
0.0162506
0.0162438
0.0162356
0.0162285
0.0162208
0.0162134
0.0162062
0.0161984
0.0161919
0.0161835
0.0161777
0.0161688
0.0161637
0.0161544
0.0161501
0.0161388
0.016135
0.0161261
0.0161189
0.0161119
0.0161044
0.0169866
0.0169911
0.016997
0.0169937
0.0169927
0.0169835
0.0169778
0.0169646
0.0169561
0.0169404
0.0169301
0.016913
0.016902
0.0168841
0.0168729
0.0168547
0.0168437
0.0168256
0.0168149
0.016797
0.0167868
0.0167692
0.0167594
0.0167421
0.0167329
0.0167158
0.016707
0.0166902
0.0166819
0.0166654
0.0166575
0.0166411
0.0166336
0.0166175
0.0166104
0.0165945
0.0165877
0.016572
0.0165654
0.0165499
0.0165437
0.0165284
0.0165224
0.0165073
0.0165015
0.0164866
0.0164811
0.0164664
0.0164611
0.0164465
0.0164414
0.016427
0.0164221
0.016408
0.0164032
0.0163892
0.0163846
0.0163708
0.0163663
0.0163528
0.0163483
0.0163351
0.0163306
0.0163177
0.0163132
0.0163005
0.0162961
0.0162837
0.0162792
0.0162672
0.0162626
0.0162509
0.0162462
0.0162349
0.01623
0.0162192
0.016214
0.0162037
0.0161983
0.0161884
0.0161827
0.0161735
0.0161674
0.0161587
0.0161522
0.0161442
0.0161371
0.0161298
0.0161223
0.0161157
0.0161074
0.0161018
0.0160929
0.0160883
0.0160778
0.0160727
0.0160584
0.0160511
0.0160929
0.0160013
0.0169223
0.0169265
0.016932
0.0169289
0.0169279
0.0169192
0.0169139
0.0169014
0.0168933
0.0168783
0.0168686
0.0168521
0.0168415
0.0168241
0.0168133
0.0167955
0.0167848
0.0167669
0.0167564
0.0167385
0.0167284
0.0167106
0.0167009
0.0166832
0.016674
0.0166564
0.0166477
0.0166302
0.016622
0.0166047
0.016597
0.0165798
0.0165725
0.0165554
0.0165487
0.0165317
0.0165255
0.0165086
0.0165028
0.016486
0.0164807
0.016464
0.0164591
0.0164425
0.016438
0.0164213
0.0164173
0.0164007
0.016397
0.0163804
0.0163772
0.0163607
0.0163579
0.0163413
0.0163389
0.0163224
0.0163204
0.0163039
0.0163022
0.0162857
0.0162844
0.0162679
0.0162669
0.0162505
0.0162498
0.0162334
0.016233
0.0162166
0.0162165
0.0162001
0.0162003
0.0161838
0.0161843
0.0161679
0.0161686
0.0161522
0.0161531
0.0161368
0.0161379
0.0161216
0.0161229
0.0161067
0.0161081
0.0160919
0.0160935
0.0160774
0.0160791
0.0160631
0.0160648
0.016049
0.0160507
0.0160349
0.0160369
0.0160216
0.0160221
0.0160071
0.0160143
0.015995
0.0159888
0.0159755
0.0168723
0.0168761
0.0168811
0.0168779
0.0168765
0.0168678
0.016862
0.0168494
0.0168404
0.016825
0.0168141
0.016797
0.0167849
0.0167668
0.0167544
0.0167358
0.0167234
0.0167048
0.0166925
0.0166735
0.0166614
0.0166425
0.0166309
0.0166123
0.0166013
0.0165832
0.016573
0.0165553
0.0165459
0.0165287
0.01652
0.0165033
0.0164953
0.0164789
0.0164716
0.0164555
0.0164488
0.016433
0.0164269
0.0164113
0.0164057
0.0163902
0.0163851
0.0163699
0.0163652
0.0163502
0.016346
0.0163311
0.0163273
0.0163125
0.0163091
0.0162943
0.0162913
0.0162765
0.0162738
0.0162591
0.0162568
0.0162421
0.01624
0.0162253
0.0162235
0.0162089
0.0162073
0.0161927
0.0161914
0.0161767
0.0161757
0.016161
0.0161603
0.0161456
0.016145
0.0161303
0.01613
0.0161153
0.0161152
0.0161005
0.0161005
0.0160859
0.0160861
0.0160715
0.0160719
0.0160573
0.0160578
0.0160432
0.0160439
0.0160294
0.0160301
0.0160157
0.0160165
0.0160022
0.0160031
0.0159886
0.0159898
0.015976
0.0159764
0.0159618
0.0159636
0.0159458
0.0159853
0.0158941
0.0168359
0.0168376
0.0168396
0.0168324
0.0168268
0.016813
0.0168022
0.0167842
0.0167706
0.0167504
0.0167355
0.0167146
0.0166998
0.016679
0.016665
0.0166449
0.0166319
0.0166128
0.0166012
0.0165836
0.0165735
0.016557
0.0165482
0.0165325
0.0165246
0.0165096
0.0165025
0.0164879
0.0164813
0.016467
0.016461
0.0164469
0.0164413
0.0164273
0.0164221
0.0164082
0.0164033
0.0163894
0.0163848
0.016371
0.0163666
0.0163528
0.0163487
0.016335
0.0163311
0.0163174
0.0163138
0.0163
0.0162966
0.0162829
0.0162798
0.0162661
0.0162631
0.0162495
0.0162467
0.016233
0.0162305
0.0162169
0.0162144
0.0162009
0.0161986
0.0161851
0.016183
0.0161696
0.0161675
0.0161542
0.0161523
0.016139
0.0161372
0.016124
0.0161223
0.0161092
0.0161075
0.0160946
0.0160929
0.0160802
0.0160785
0.016066
0.0160642
0.016052
0.0160501
0.0160381
0.0160361
0.0160244
0.0160222
0.0160109
0.0160085
0.0159976
0.0159949
0.0159844
0.0159814
0.0159716
0.0159678
0.0159579
0.0159559
0.0159481
0.0159417
0.0159427
0.0158947
0.0159614
0.0167131
0.016709
0.0167081
0.0167006
0.0166969
0.016687
0.0166814
0.0166698
0.0166632
0.0166506
0.0166434
0.0166303
0.0166229
0.0166095
0.0166023
0.0165888
0.0165818
0.0165683
0.0165616
0.0165481
0.0165416
0.0165282
0.016522
0.0165087
0.0165027
0.0164894
0.0164837
0.0164704
0.016465
0.0164517
0.0164465
0.0164332
0.0164282
0.0164149
0.0164102
0.0163968
0.0163923
0.0163789
0.0163746
0.0163612
0.0163571
0.0163437
0.0163398
0.0163264
0.0163227
0.0163093
0.0163058
0.0162924
0.0162891
0.0162756
0.0162725
0.0162591
0.0162562
0.0162427
0.01624
0.0162266
0.016224
0.0162106
0.0162082
0.0161948
0.0161925
0.0161793
0.016177
0.0161638
0.0161617
0.0161486
0.0161466
0.0161335
0.0161316
0.0161187
0.0161168
0.016104
0.0161021
0.0160894
0.0160876
0.0160751
0.0160732
0.0160609
0.016059
0.0160469
0.0160449
0.0160331
0.0160309
0.0160194
0.0160171
0.0160059
0.0160034
0.0159926
0.0159898
0.0159795
0.0159764
0.0159666
0.0159628
0.0159529
0.015951
0.0159433
0.0159371
0.0159382
0.0158905
0.0159563
0.020795
0.0207236
0.0220378
0.0220534
0.0239071
0.024125
0.0263375
0.028583
0.0304376
0.038795
0.01968
0.0197249
0.0204877
0.0209233
0.021622
0.0229221
0.023356
0.0257898
0.0268912
0.0318534
0.0188064
0.0191217
0.019346
0.0199354
0.0202637
0.0212988
0.0217834
0.023361
0.0242346
0.0274117
0.0183395
0.0186143
0.0187536
0.0191605
0.0193828
0.020058
0.0204381
0.0215543
0.0221985
0.0243435
0.018034
0.0182611
0.0183609
0.0186689
0.0188205
0.0192734
0.0195283
0.0202722
0.0207169
0.0222094
0.0177364
0.0179223
0.0180073
0.0182575
0.0183766
0.0187167
0.0188962
0.0194044
0.0197012
0.0207279
0.017525
0.0176709
0.0177362
0.0179337
0.0180252
0.0182867
0.0184193
0.0187855
0.0189888
0.0196913
0.0173611
0.0174748
0.0175281
0.0176837
0.0177558
0.017956
0.0180558
0.0183232
0.0184707
0.0189368
0.017212
0.01731
0.0173534
0.0174831
0.0175397
0.0177002
0.0177746
0.0179793
0.0180837
0.0184073
0.0170917
0.0171587
0.0172163
0.0173125
0.0173597
0.0174864
0.0175456
0.017705
0.0177753
0.0180197
0.0170029
0.0170507
0.0171043
0.0171681
0.0172266
0.0173169
0.0173636
0.0174833
0.0175361
0.0177128
0.0169226
0.016976
0.0170074
0.0170694
0.017107
0.0171785
0.0172266
0.0173148
0.0173569
0.017485
0.0168651
0.0169016
0.0169404
0.016978
0.0170277
0.0170626
0.0171252
0.0171572
0.0172411
0.0173057
0.0168193
0.0168385
0.0168838
0.0169046
0.0169559
0.0169776
0.0170318
0.0170564
0.0171294
0.0171704
0.0167793
0.016793
0.0168342
0.0168505
0.0168941
0.0169118
0.0169551
0.016976
0.017004
0.0170599
0.0167493
0.0167592
0.0167972
0.0168104
0.0168479
0.0168634
0.0168975
0.0169152
0.0169327
0.0169727
0.0167147
0.0167377
0.016757
0.0167842
0.0168016
0.0168308
0.0168443
0.0168737
0.0168827
0.0169092
0.0166921
0.0167173
0.0167307
0.0167575
0.0167712
0.0167968
0.0168092
0.0168315
0.016842
0.0168598
0.0166796
0.0167018
0.0167151
0.0167377
0.0167517
0.0167723
0.0167851
0.016802
0.0168122
0.0168248
0.0166254
0.0166372
0.0166457
0.0166583
0.0166672
0.0166791
0.0166865
0.0166965
0.0167015
0.0167089
0.0194042
0.0202798
0.0217538
0.0237503
0.0275798
0.0301427
0.0370167
0.0495933
0.0902529
0.0687054
0.0195536
0.0206468
0.0216347
0.0236948
0.0274331
0.0333797
0.0418579
0.0507384
0.0906555
0.0686546
0.0195416
0.0206623
0.022295
0.024158
0.0284485
0.0311389
0.0388067
0.0525352
0.09428
0.0682554
0.0197652
0.0206574
0.0221459
0.0241036
0.0284491
0.0354182
0.0449964
0.0519182
0.0956592
0.0677038
0.0197895
0.0209546
0.0228124
0.0247445
0.0295651
0.0325052
0.0405842
0.0563971
0.098889
0.0670972
0.0201033
0.0207096
0.0228316
0.0248469
0.0297745
0.037987
0.0493698
0.0544913
0.101231
0.0664374
0.020209
0.0214952
0.0234449
0.02574
0.0310694
0.0343256
0.043619
0.060705
0.104126
0.065478
0.0206442
0.0212194
0.0236308
0.0259833
0.0313282
0.0413534
0.0532792
0.0592609
0.106576
0.0645374
0.0208203
0.0222716
0.024457
0.0272251
0.0333547
0.0370391
0.0485225
0.0658399
0.107618
0.0640325
0.0214512
0.0221908
0.0248647
0.0276741
0.0337404
0.0456554
0.057393
0.0664167
0.107201
0.0635186
0.0192023
0.0193875
0.0202796
0.0220351
0.0231641
0.0279405
0.034599
0.0398187
0.0709181
0.0713977
0.0189642
0.0197146
0.0203378
0.0216994
0.0254722
0.0272658
0.0407858
0.0431228
0.0685708
0.0660383
0.0190452
0.0199441
0.0205739
0.0221828
0.0262631
0.0296455
0.040068
0.0482749
0.0701812
0.0648295
0.0191278
0.0200526
0.0206747
0.0225509
0.0260899
0.0304881
0.0369961
0.05022
0.0751131
0.0657479
0.0191319
0.0201431
0.0207833
0.0227993
0.0256672
0.0301688
0.0369469
0.0494717
0.0775121
0.0649748
0.0191547
0.0204085
0.0207782
0.0227617
0.0255326
0.0298772
0.0375316
0.0498902
0.0801541
0.0673965
0.0191747
0.0202876
0.0214132
0.0227684
0.0253823
0.0298697
0.0373941
0.0487029
0.0822126
0.0664532
0.0191826
0.0202677
0.0213573
0.0235445
0.025241
0.0295718
0.037756
0.0503233
0.0833103
0.0684624
0.0191672
0.0201292
0.0213513
0.023532
0.026783
0.0295354
0.0358674
0.0481316
0.0863737
0.0674511
0.0193035
0.0204677
0.0212869
0.023478
0.0264094
0.0314505
0.0394256
0.0504905
0.0865717
0.0687957
0.0216918
0.0213177
0.0210114
0.0207536
0.0205317
0.0203373
0.0201647
0.0200095
0.0198687
0.0197398
0.0196211
0.019511
0.0194085
0.0193126
0.0192224
0.0191374
0.019057
0.0189807
0.0189082
0.0188391
0.018773
0.0187099
0.0186492
0.0185911
0.0185351
0.0184813
0.0184293
0.0183793
0.0183307
0.0182839
0.0182384
0.0181945
0.0181516
0.0181103
0.0180698
0.0180308
0.0179924
0.0179554
0.0179191
0.0178839
0.0178493
0.0178159
0.0177828
0.017751
0.0177194
0.017689
0.0176587
0.0176296
0.0176006
0.0175727
0.0175448
0.0175181
0.0174912
0.0174656
0.0174397
0.0174151
0.0173901
0.0173665
0.0173423
0.0173196
0.0172963
0.0172744
0.017252
0.0172309
0.0172093
0.017189
0.0171681
0.0171487
0.0171286
0.01711
0.0170907
0.0170729
0.0170545
0.0170376
0.0170202
0.0170043
0.016988
0.0169733
0.0169582
0.0169449
0.0169315
0.01692
0.0169088
0.0168996
0.0168914
0.0168857
0.0168818
0.0168812
0.0168839
0.016892
0.0169074
0.0169289
0.0169574
0.0170013
0.0170676
0.0171714
0.0173975
0.0175867
0.0178346
0.0183392
0.0216917
0.0213173
0.0210108
0.0207527
0.0205307
0.0203363
0.0201636
0.0200083
0.0198675
0.0197386
0.0196198
0.0195097
0.0194072
0.0193112
0.019221
0.019136
0.0190556
0.0189793
0.0189068
0.0188376
0.0187716
0.0187084
0.0186478
0.0185896
0.0185337
0.0184798
0.0184279
0.0183777
0.0183292
0.0182824
0.0182369
0.0181929
0.0181501
0.0181087
0.0180683
0.0180292
0.017991
0.0179539
0.0179176
0.0178824
0.0178478
0.0178143
0.0177814
0.0177494
0.0177179
0.0176874
0.0176572
0.017628
0.0175991
0.0175712
0.0175433
0.0175165
0.0174897
0.017464
0.0174382
0.0174135
0.0173886
0.0173649
0.0173408
0.0173181
0.0172948
0.0172729
0.0172504
0.0172294
0.0172077
0.0171875
0.0171665
0.0171472
0.017127
0.0171086
0.0170891
0.0170715
0.0170529
0.0170363
0.0170185
0.017003
0.0169863
0.016972
0.0169565
0.0169437
0.0169298
0.0169189
0.0169071
0.0168986
0.0168897
0.0168848
0.0168801
0.0168803
0.0168822
0.0168912
0.0169057
0.0169282
0.0169558
0.0170004
0.0170656
0.0171733
0.0173832
0.0175689
0.0178255
0.0184347
0.0216915
0.0213164
0.0210095
0.0207511
0.0205289
0.0203342
0.0201614
0.020006
0.0198651
0.019736
0.0196173
0.019507
0.0194046
0.0193084
0.0192184
0.0191331
0.0190529
0.0189764
0.018904
0.0188346
0.0187688
0.0187053
0.0186451
0.0185865
0.0185309
0.0184767
0.0184251
0.0183745
0.0183265
0.0182791
0.0182342
0.0181896
0.0181475
0.0181054
0.0180657
0.0180258
0.0179883
0.0179505
0.017915
0.0178789
0.0178453
0.0178108
0.0177788
0.0177458
0.0177154
0.0176838
0.0176548
0.0176244
0.0175967
0.0175674
0.017541
0.0175127
0.0174875
0.0174601
0.017436
0.0174096
0.0173865
0.0173609
0.0173388
0.0173139
0.0172929
0.0172687
0.0172487
0.0172251
0.0172061
0.0171831
0.0171651
0.0171427
0.0171257
0.0171038
0.017088
0.0170667
0.017052
0.0170313
0.017018
0.0169979
0.0169861
0.0169667
0.0169567
0.0169383
0.0169305
0.0169133
0.0169083
0.016893
0.0168917
0.0168791
0.0168831
0.0168749
0.0168868
0.016886
0.0169115
0.0169244
0.0169678
0.0170022
0.0170845
0.0171844
0.0174519
0.0174773
0.0179631
0.0184213
0.0216913
0.0213151
0.0210075
0.0207486
0.0205261
0.0203311
0.0201582
0.0200025
0.0198616
0.0197322
0.0196136
0.0195031
0.0194007
0.0193043
0.0192144
0.0191289
0.0190488
0.018972
0.0188999
0.0188302
0.0187647
0.0187009
0.0186409
0.018582
0.0185268
0.0184721
0.018421
0.0183699
0.0183224
0.0182744
0.0182301
0.0181849
0.0181433
0.0181006
0.0180616
0.0180209
0.0179843
0.0179455
0.017911
0.0178739
0.0178413
0.0178058
0.0177749
0.0177407
0.0177115
0.0176786
0.0176509
0.0176191
0.0175929
0.0175621
0.0175373
0.0175073
0.0174838
0.0174547
0.0174324
0.017404
0.017383
0.0173552
0.0173354
0.0173082
0.0172896
0.0172629
0.0172455
0.0172191
0.017203
0.017177
0.0171622
0.0171365
0.017123
0.0170975
0.0170854
0.0170602
0.0170497
0.0170247
0.0170158
0.0169911
0.0169842
0.0169597
0.0169551
0.0169311
0.0169292
0.0169059
0.0169075
0.0168853
0.0168913
0.0168712
0.0168833
0.0168668
0.0168878
0.0168778
0.0169135
0.0169163
0.0169716
0.0169951
0.0170916
0.0171961
0.0174249
0.0174909
0.0179716
0.0184407
0.0216909
0.0213134
0.021005
0.0207454
0.0205225
0.020327
0.0201539
0.0199978
0.0198569
0.0197272
0.0196086
0.0194978
0.0193955
0.0192989
0.0192091
0.0191233
0.0190435
0.0189663
0.0188945
0.0188244
0.0187592
0.018695
0.0186354
0.0185761
0.0185212
0.0184661
0.0184154
0.0183638
0.0183168
0.0182683
0.0182245
0.0181787
0.0181378
0.0180943
0.018056
0.0180147
0.0179788
0.0179392
0.0179055
0.0178675
0.0178358
0.0177993
0.0177695
0.0177343
0.0177061
0.0176721
0.0176456
0.0176125
0.0175876
0.0175554
0.017532
0.0175006
0.0174786
0.0174479
0.0174273
0.0173972
0.017378
0.0173483
0.0173305
0.0173012
0.0172848
0.0172558
0.0172408
0.0172121
0.0171984
0.0171699
0.0171577
0.0171293
0.0171187
0.0170903
0.0170814
0.017053
0.0170459
0.0170174
0.0170124
0.0169839
0.0169811
0.0169526
0.0169526
0.0169242
0.0169274
0.0168993
0.0169065
0.0168791
0.0168916
0.0168657
0.0168852
0.0168622
0.0168918
0.0168745
0.0169201
0.0169147
0.0169835
0.0169986
0.0171102
0.0172002
0.0174624
0.0174766
0.0179752
0.0185015
0.0216904
0.0213113
0.0210018
0.0207413
0.0205179
0.0203219
0.0201485
0.0199921
0.019851
0.0197211
0.0196024
0.0194914
0.0193892
0.0192922
0.0192026
0.0191164
0.0190368
0.0189593
0.0188878
0.0188173
0.0187524
0.0186877
0.0186286
0.0185687
0.0185144
0.0184586
0.0184086
0.0183563
0.01831
0.0182607
0.0182177
0.018171
0.018131
0.0180866
0.0180493
0.0180069
0.017972
0.0179314
0.0178988
0.0178596
0.0178292
0.0177913
0.0177629
0.0177262
0.0176997
0.0176639
0.0176392
0.0176043
0.0175813
0.0175471
0.0175258
0.0174921
0.0174726
0.0174393
0.0174214
0.0173885
0.0173722
0.0173395
0.0173248
0.0172922
0.0172793
0.0172466
0.0172354
0.0172027
0.0171933
0.0171603
0.0171528
0.0171195
0.017114
0.0170802
0.017077
0.0170426
0.0170418
0.0170067
0.0170086
0.0169727
0.0169777
0.016941
0.0169495
0.016912
0.0169247
0.0168864
0.0169043
0.0168655
0.0168899
0.0168511
0.016884
0.0168465
0.0168913
0.0168575
0.0169205
0.0168967
0.0169858
0.0169808
0.0171196
0.0172068
0.0174423
0.0175348
0.0179935
0.0185609
0.0216898
0.0213088
0.020998
0.0207366
0.0205125
0.0203159
0.0201422
0.0199853
0.0198441
0.0197138
0.0195951
0.0194837
0.0193816
0.0192843
0.0191948
0.0191084
0.0190289
0.0189511
0.0188797
0.0188089
0.0187443
0.0186793
0.0186204
0.0185602
0.0185062
0.01845
0.0184003
0.0183476
0.0183017
0.018252
0.0182094
0.0181622
0.0181227
0.0180778
0.018041
0.017998
0.0179638
0.0179224
0.0178906
0.0178506
0.017821
0.0177823
0.0177548
0.0177171
0.0176916
0.0176548
0.0176311
0.0175951
0.0175733
0.0175379
0.0175179
0.0174829
0.0174646
0.01743
0.0174135
0.0173792
0.0173644
0.0173301
0.0173172
0.0172829
0.0172717
0.0172373
0.017228
0.0171934
0.017186
0.017151
0.0171457
0.0171102
0.0171072
0.0170711
0.0170705
0.0170336
0.0170357
0.016998
0.0170031
0.0169645
0.016973
0.0169333
0.0169458
0.0169051
0.0169224
0.0168807
0.0169039
0.0168614
0.016892
0.0168493
0.0168897
0.0168479
0.016902
0.0168624
0.0169339
0.0169036
0.0170041
0.0169923
0.0171424
0.0172508
0.0174102
0.0175569
0.017937
0.0186326
0.0216892
0.0213059
0.0209937
0.0207311
0.0205063
0.020309
0.0201349
0.0199776
0.0198361
0.0197055
0.0195867
0.019475
0.0193728
0.0192752
0.0191858
0.0190991
0.0190198
0.0189416
0.0188705
0.0187993
0.0187351
0.0186696
0.0186111
0.0185503
0.0184969
0.0184401
0.018391
0.0183376
0.0182924
0.0182419
0.0182001
0.0181521
0.0181134
0.0180675
0.0180318
0.0179877
0.0179546
0.017912
0.0178814
0.0178401
0.0178119
0.0177717
0.0177458
0.0177064
0.0176826
0.017644
0.0176223
0.0175842
0.0175646
0.0175269
0.0175093
0.0174718
0.0174562
0.0174188
0.0174053
0.0173677
0.0173563
0.0173185
0.0173092
0.017271
0.017264
0.0172252
0.0172205
0.017181
0.0171787
0.0171383
0.0171387
0.0170971
0.0171004
0.0170575
0.0170639
0.0170194
0.0170293
0.0169831
0.0169968
0.0169485
0.0169667
0.0169162
0.0169394
0.0168863
0.0169157
0.0168598
0.0168964
0.0168377
0.0168834
0.0168218
0.0168794
0.0168156
0.0168891
0.0168261
0.0169258
0.016869
0.0170072
0.0169652
0.0171679
0.0172462
0.0174113
0.0175769
0.0179533
0.0186387
0.0216884
0.0213026
0.0209887
0.0207249
0.0204992
0.0203012
0.0201266
0.0199688
0.0198271
0.0196961
0.0195772
0.0194652
0.019363
0.0192651
0.0191757
0.0190888
0.0190095
0.0189311
0.0188601
0.0187887
0.0187245
0.0186588
0.0186005
0.0185395
0.0184862
0.0184292
0.0183803
0.0183266
0.0182817
0.0182309
0.0181894
0.018141
0.0181027
0.0180564
0.0180211
0.0179765
0.0179439
0.0179009
0.0178708
0.017829
0.0178013
0.0177605
0.0177352
0.0176952
0.0176721
0.0176328
0.0176119
0.017573
0.0175542
0.0175156
0.017499
0.0174605
0.017446
0.0174075
0.0173952
0.0173565
0.0173463
0.0173073
0.0172994
0.0172599
0.0172544
0.0172141
0.0172111
0.0171701
0.0171697
0.0171276
0.0171301
0.0170868
0.0170924
0.0170476
0.0170566
0.0170103
0.0170231
0.0169751
0.0169922
0.0169421
0.0169642
0.016912
0.0169398
0.0168853
0.01692
0.0168632
0.0169061
0.0168455
0.0168984
0.0168353
0.0169011
0.016836
0.0169188
0.0168535
0.0169599
0.0168983
0.0170446
0.0170009
0.0172082
0.0172973
0.0174572
0.017626
0.0180137
0.0186491
0.0216876
0.021299
0.0209833
0.0207181
0.0204915
0.0202927
0.0201176
0.0199593
0.0198173
0.019686
0.0195668
0.0194546
0.0193523
0.0192543
0.0191648
0.0190777
0.0189984
0.01892
0.0188489
0.0187774
0.0187133
0.0186475
0.0185892
0.0185281
0.0184749
0.0184178
0.0183689
0.0183152
0.0182703
0.0182194
0.018178
0.0181296
0.0180914
0.018045
0.0180098
0.0179651
0.0179326
0.0178894
0.0178595
0.0178175
0.0177901
0.0177491
0.017724
0.0176838
0.017661
0.0176213
0.0176008
0.0175615
0.0175431
0.0175041
0.0174879
0.017449
0.017435
0.0173959
0.0173842
0.0173448
0.0173354
0.0172956
0.0172885
0.017248
0.0172434
0.0172021
0.0172002
0.0171578
0.0171587
0.017115
0.0171191
0.0170738
0.0170814
0.0170341
0.0170456
0.0169961
0.017012
0.0169598
0.0169809
0.0169255
0.0169523
0.0168938
0.0169268
0.0168653
0.0169055
0.0168411
0.01689
0.0168249
0.0168841
0.0168185
0.0168904
0.0168272
0.0169151
0.0168608
0.0169689
0.0169341
0.0170557
0.017061
0.0172429
0.0173124
0.0175639
0.0177419
0.0181946
0.0188171
0.0216872
0.0212975
0.0209809
0.0207152
0.0204882
0.0202892
0.0201138
0.0199554
0.0198132
0.0196818
0.0195626
0.0194503
0.0193479
0.0192499
0.0191603
0.0190732
0.0189939
0.0189154
0.0188443
0.0187728
0.0187087
0.0186428
0.0185845
0.0185235
0.0184702
0.0184131
0.0183643
0.0183105
0.0182656
0.0182147
0.0181733
0.0181248
0.0180867
0.0180402
0.0180051
0.0179603
0.0179279
0.0178847
0.0178548
0.0178128
0.0177854
0.0177444
0.0177193
0.0176791
0.0176562
0.0176166
0.017596
0.0175569
0.0175383
0.0174995
0.0174831
0.0174444
0.0174301
0.0173914
0.0173793
0.0173404
0.0173304
0.0172913
0.0172834
0.0172439
0.0172382
0.0171981
0.0171947
0.0171541
0.0171529
0.0171115
0.0171127
0.0170706
0.0170742
0.0170313
0.0170373
0.0169937
0.0170023
0.016958
0.0169692
0.0169244
0.0169385
0.0168931
0.0169107
0.0168648
0.0168862
0.0168402
0.0168659
0.0168209
0.0168516
0.0168092
0.0168461
0.0168091
0.0168543
0.016828
0.0168858
0.0168802
0.0169663
0.0169986
0.0171443
0.0172612
0.017422
0.0177329
0.0178684
0.0190044
0.0216872
0.0212975
0.0209809
0.0207153
0.0204881
0.0202892
0.0201137
0.0199555
0.0198131
0.0196819
0.0195624
0.0194504
0.0193477
0.01925
0.0191601
0.0190734
0.0189935
0.0189156
0.018844
0.018773
0.0187082
0.0186431
0.018584
0.0185237
0.0184696
0.0184134
0.0183636
0.0183109
0.0182649
0.0182151
0.0181725
0.0181253
0.0180858
0.0180408
0.018004
0.017961
0.0179268
0.0178854
0.0178536
0.0178136
0.017784
0.0177453
0.0177178
0.0176801
0.0176546
0.0176178
0.0175942
0.0175582
0.0175364
0.017501
0.017481
0.0174461
0.0174278
0.0173933
0.0173768
0.0173425
0.0173277
0.0172936
0.0172805
0.0172465
0.0172352
0.0172011
0.0171916
0.0171575
0.0171497
0.0171155
0.0171096
0.0170753
0.0170713
0.0170369
0.0170347
0.0170005
0.0170001
0.0169661
0.0169678
0.0169341
0.016938
0.0169049
0.0169114
0.0168791
0.0168884
0.0168578
0.0168701
0.016842
0.0168577
0.0168336
0.0168534
0.0168353
0.0168602
0.0168519
0.0168845
0.0168925
0.0169372
0.0169811
0.0170396
0.0171947
0.017268
0.0174957
0.0177915
0.0184154
0.0216872
0.0212976
0.0209808
0.0207154
0.020488
0.0202893
0.0201136
0.0199556
0.0198129
0.0196821
0.0195622
0.0194506
0.0193474
0.0192503
0.0191598
0.0190737
0.0189932
0.0189159
0.0188435
0.0187735
0.0187077
0.0186436
0.0185835
0.0185243
0.018469
0.0184141
0.0183629
0.0183116
0.0182641
0.018216
0.0181716
0.0181263
0.0180847
0.0180419
0.0180029
0.0179622
0.0179255
0.0178867
0.0178521
0.0178151
0.0177824
0.0177469
0.017716
0.0176819
0.0176526
0.0176197
0.017592
0.0175603
0.0175339
0.0175033
0.0174782
0.0174486
0.0174248
0.017396
0.0173733
0.0173455
0.0173239
0.0172969
0.0172762
0.01725
0.0172303
0.0172049
0.0171861
0.0171615
0.0171434
0.0171198
0.0171024
0.0170797
0.0170629
0.0170414
0.0170252
0.017005
0.0169893
0.0169708
0.0169554
0.0169391
0.0169236
0.0169103
0.0168944
0.0168851
0.0168683
0.0168645
0.0168461
0.01685
0.0168289
0.0168438
0.0168189
0.0168494
0.0168194
0.0168711
0.0168352
0.0169161
0.0168728
0.0169915
0.01697
0.0171145
0.0172093
0.0173416
0.0175225
0.0179187
0.0216871
0.0212976
0.0209808
0.0207154
0.020488
0.0202894
0.0201135
0.0199557
0.0198128
0.0196822
0.0195621
0.0194508
0.0193473
0.0192504
0.0191596
0.0190739
0.018993
0.0189162
0.0188433
0.0187737
0.0187074
0.0186439
0.0185831
0.0185247
0.0184686
0.0184145
0.0183624
0.0183121
0.0182635
0.0182165
0.018171
0.0181269
0.0180841
0.0180426
0.0180021
0.017963
0.0179246
0.0178876
0.0178512
0.017816
0.0177814
0.017748
0.0177148
0.017683
0.0176513
0.017621
0.0175906
0.0175617
0.0175324
0.0175049
0.0174766
0.0174503
0.017423
0.0173979
0.0173715
0.0173476
0.0173219
0.0172991
0.0172741
0.0172525
0.0172281
0.0172076
0.0171838
0.0171645
0.0171411
0.017123
0.0171002
0.0170833
0.0170609
0.0170452
0.0170234
0.017009
0.0169877
0.0169748
0.016954
0.0169428
0.0169226
0.0169133
0.0168942
0.0168869
0.0168693
0.016864
0.0168492
0.0168455
0.0168353
0.0168325
0.0168304
0.0168264
0.0168374
0.0168302
0.0168631
0.0168472
0.0169198
0.016877
0.0170151
0.0169699
0.0171629
0.0172137
0.017416
0.0176136
0.0216871
0.0212976
0.0209808
0.0207154
0.020488
0.0202894
0.0201135
0.0199557
0.0198128
0.0196822
0.0195621
0.0194508
0.0193473
0.0192504
0.0191596
0.0190739
0.018993
0.0189162
0.0188433
0.0187737
0.0187075
0.0186439
0.0185832
0.0185247
0.0184686
0.0184145
0.0183625
0.0183121
0.0182636
0.0182165
0.0181711
0.0181268
0.0180842
0.0180424
0.0180023
0.0179628
0.0179248
0.0178874
0.0178514
0.0178158
0.0177816
0.0177477
0.0177151
0.0176827
0.0176516
0.0176206
0.017591
0.0175612
0.0175329
0.0175043
0.0174771
0.0174496
0.0174236
0.0173971
0.0173722
0.0173465
0.0173227
0.0172979
0.017275
0.017251
0.0172292
0.0172058
0.0171851
0.0171622
0.0171427
0.0171203
0.017102
0.01708
0.017063
0.0170414
0.0170259
0.0170046
0.0169907
0.0169696
0.0169577
0.0169367
0.0169273
0.0169062
0.0168999
0.0168786
0.0168761
0.0168546
0.0168569
0.016835
0.0168433
0.0168209
0.0168366
0.0168141
0.0168387
0.0168179
0.0168531
0.0168447
0.0168798
0.0169078
0.0169168
0.017006
0.0170017
0.017184
0.0172225
0.0174792
0.0216871
0.0212976
0.0209808
0.0207154
0.020488
0.0202894
0.0201135
0.0199557
0.0198128
0.0196822
0.0195621
0.0194507
0.0193473
0.0192504
0.0191597
0.0190738
0.0189931
0.0189161
0.0188434
0.0187736
0.0187076
0.0186438
0.0185833
0.0185245
0.0184688
0.0184143
0.0183626
0.0183119
0.0182638
0.0182162
0.0181713
0.0181266
0.0180844
0.0180422
0.0180025
0.0179625
0.0179251
0.017887
0.0178517
0.0178154
0.017782
0.0177472
0.0177156
0.0176822
0.0176522
0.0176201
0.0175916
0.0175606
0.0175335
0.0175036
0.0174779
0.0174488
0.0174244
0.0173962
0.0173731
0.0173456
0.0173237
0.0172969
0.0172761
0.0172499
0.0172304
0.0172046
0.0171863
0.0171611
0.0171439
0.0171191
0.0171031
0.0170788
0.017064
0.0170402
0.0170266
0.0170034
0.016991
0.0169686
0.0169573
0.016936
0.0169259
0.0169059
0.0168969
0.016879
0.0168708
0.0168558
0.0168483
0.0168378
0.0168302
0.0168269
0.0168178
0.0168251
0.0168117
0.016835
0.0168127
0.0168575
0.0168333
0.0168964
0.0168913
0.0169538
0.0169912
0.0170485
0.0171819
0.0172969
0.0216871
0.0212976
0.0209808
0.0207154
0.020488
0.0202894
0.0201135
0.0199557
0.0198128
0.0196822
0.0195621
0.0194508
0.0193473
0.0192504
0.0191596
0.0190739
0.018993
0.0189161
0.0188433
0.0187737
0.0187075
0.0186439
0.0185832
0.0185246
0.0184687
0.0184144
0.0183625
0.018312
0.0182636
0.0182164
0.0181711
0.0181268
0.0180842
0.0180424
0.0180023
0.0179628
0.0179248
0.0178873
0.0178514
0.0178158
0.0177816
0.0177476
0.0177151
0.0176827
0.0176516
0.0176206
0.0175909
0.0175612
0.0175328
0.0175043
0.017477
0.0174497
0.0174234
0.0173972
0.0173719
0.0173467
0.0173223
0.0172981
0.0172745
0.0172514
0.0172285
0.0172064
0.0171841
0.0171631
0.0171414
0.0171214
0.0171003
0.0170815
0.0170609
0.0170433
0.0170231
0.0170069
0.0169872
0.0169725
0.0169532
0.0169402
0.0169215
0.0169105
0.0168923
0.0168835
0.0168663
0.0168598
0.0168442
0.0168397
0.0168269
0.0168239
0.0168159
0.0168135
0.0168145
0.0168103
0.0168265
0.0168119
0.0168544
0.016821
0.0169011
0.0168594
0.0169757
0.0169368
0.0170912
0.0171765
0.0216871
0.0212976
0.0209808
0.0207154
0.020488
0.0202894
0.0201135
0.0199557
0.0198128
0.0196822
0.0195621
0.0194508
0.0193473
0.0192504
0.0191596
0.0190738
0.018993
0.0189161
0.0188433
0.0187737
0.0187075
0.0186438
0.0185832
0.0185246
0.0184687
0.0184144
0.0183626
0.018312
0.0182637
0.0182164
0.0181712
0.0181267
0.0180843
0.0180423
0.0180023
0.0179627
0.0179249
0.0178873
0.0178515
0.0178157
0.0177817
0.0177475
0.0177152
0.0176826
0.0176517
0.0176205
0.017591
0.0175611
0.0175329
0.0175041
0.0174771
0.0174494
0.0174236
0.0173969
0.0173721
0.0173463
0.0173226
0.0172977
0.0172749
0.0172508
0.0172289
0.0172056
0.0171847
0.017162
0.0171421
0.0171201
0.0171013
0.0170798
0.0170621
0.0170411
0.0170247
0.017004
0.0169892
0.0169688
0.0169558
0.0169355
0.0169248
0.0169044
0.0168967
0.0168759
0.016872
0.0168504
0.0168516
0.0168285
0.0168362
0.0168108
0.0168271
0.016798
0.0168255
0.01679
0.0168338
0.0167928
0.0168501
0.0168142
0.0168735
0.0168508
0.0169133
0.0169171
0.0169988
0.0170678
0.0216871
0.0212976
0.0209808
0.0207154
0.020488
0.0202894
0.0201136
0.0199557
0.0198129
0.0196821
0.0195622
0.0194507
0.0193474
0.0192503
0.0191597
0.0190737
0.0189932
0.018916
0.0188435
0.0187735
0.0187077
0.0186436
0.0185834
0.0185244
0.0184689
0.0184141
0.0183628
0.0183117
0.018264
0.018216
0.0181716
0.0181263
0.0180847
0.0180419
0.0180028
0.0179621
0.0179255
0.0178866
0.0178521
0.017815
0.0177824
0.0177467
0.017716
0.0176816
0.0176527
0.0176195
0.0175921
0.0175599
0.0175341
0.0175028
0.0174785
0.017448
0.0174251
0.0173953
0.0173738
0.0173445
0.0173245
0.0172956
0.017277
0.0172485
0.0172314
0.017203
0.0171875
0.0171592
0.0171453
0.0171169
0.0171047
0.0170762
0.017066
0.0170372
0.017029
0.0169997
0.016994
0.0169641
0.016961
0.0169304
0.0169304
0.0168989
0.0169023
0.01687
0.0168771
0.0168441
0.0168553
0.0168218
0.0168375
0.0168038
0.0168242
0.0167918
0.0168157
0.0167883
0.016812
0.0167936
0.0168159
0.0168077
0.0168315
0.0168341
0.0168615
0.0168785
0.0169096
0.0169701
0.0216871
0.0212976
0.0209808
0.0207154
0.020488
0.0202894
0.0201136
0.0199557
0.0198129
0.0196821
0.0195622
0.0194507
0.0193474
0.0192503
0.0191597
0.0190737
0.0189931
0.018916
0.0188435
0.0187735
0.0187077
0.0186436
0.0185834
0.0185244
0.0184689
0.0184141
0.0183628
0.0183117
0.018264
0.018216
0.0181715
0.0181263
0.0180847
0.0180419
0.0180028
0.0179621
0.0179254
0.0178866
0.0178521
0.0178149
0.0177824
0.0177467
0.017716
0.0176816
0.0176526
0.0176194
0.017592
0.0175598
0.017534
0.0175027
0.0174784
0.0174479
0.017425
0.0173951
0.0173737
0.0173444
0.0173243
0.0172954
0.0172768
0.0172483
0.017231
0.0172028
0.017187
0.017159
0.0171446
0.0171168
0.0171039
0.0170762
0.0170648
0.0170372
0.0170274
0.017
0.0169919
0.0169646
0.0169583
0.0169313
0.0169268
0.0169003
0.0168979
0.0168721
0.0168718
0.0168471
0.0168489
0.0168259
0.0168296
0.0168092
0.0168144
0.0167973
0.0168037
0.0167902
0.0167983
0.0167886
0.0167989
0.0167943
0.0168071
0.0168093
0.0168249
0.016838
0.016842
0.0169088
0.0216871
0.0212976
0.0209808
0.0207154
0.020488
0.0202894
0.0201135
0.0199558
0.0198128
0.0196822
0.019562
0.0194508
0.0193472
0.0192505
0.0191595
0.019074
0.0189929
0.0189163
0.0188432
0.0187738
0.0187073
0.018644
0.018583
0.0185248
0.0184685
0.0184146
0.0183623
0.0183122
0.0182634
0.0182166
0.0181709
0.018127
0.018084
0.0180426
0.018002
0.017963
0.0179246
0.0178875
0.0178511
0.0178159
0.0177813
0.0177478
0.0177148
0.0176828
0.0176513
0.0176207
0.0175906
0.0175613
0.0175325
0.0175043
0.0174767
0.0174496
0.0174232
0.0173971
0.0173717
0.0173465
0.0173221
0.0172977
0.0172744
0.0172508
0.0172284
0.0172056
0.0171842
0.017162
0.0171415
0.01712
0.0171005
0.0170797
0.0170612
0.017041
0.0170235
0.0170041
0.0169876
0.0169691
0.0169536
0.0169361
0.0169217
0.0169055
0.0168921
0.0168776
0.0168653
0.0168528
0.0168415
0.0168317
0.0168211
0.0168149
0.0168046
0.0168027
0.0167922
0.0167957
0.0167838
0.0167931
0.0167789
0.016794
0.0167775
0.0168019
0.0167823
0.0168189
0.0167962
0.0168514
0.0216871
0.0212977
0.0209807
0.0207155
0.0204879
0.0202896
0.0201134
0.0199559
0.0198126
0.0196824
0.0195618
0.0194511
0.019347
0.0192508
0.0191592
0.0190743
0.0189926
0.0189166
0.0188428
0.0187742
0.0187069
0.0186445
0.0185825
0.0185253
0.0184679
0.0184152
0.0183616
0.0183129
0.0182627
0.0182174
0.01817
0.0181279
0.018083
0.0180436
0.018001
0.0179641
0.0179234
0.0178888
0.0178498
0.0178173
0.0177799
0.0177493
0.0177132
0.0176845
0.0176496
0.0176225
0.0175887
0.0175632
0.0175304
0.0175064
0.0174745
0.0174519
0.0174207
0.0173995
0.017369
0.0173491
0.0173193
0.0173005
0.0172713
0.0172538
0.0172251
0.0172088
0.0171806
0.0171654
0.0171377
0.0171237
0.0170964
0.0170836
0.0170567
0.0170452
0.0170186
0.0170086
0.0169823
0.0169739
0.0169479
0.0169412
0.0169155
0.0169109
0.0168853
0.0168832
0.0168578
0.0168585
0.0168331
0.0168372
0.0168118
0.0168198
0.016794
0.0168064
0.01678
0.0167976
0.0167696
0.0167937
0.0167614
0.0167934
0.0167571
0.0167928
0.0167568
0.0167962
0.0167646
0.0168094
0.021687
0.0212977
0.0209806
0.0207156
0.0204878
0.0202897
0.0201133
0.019956
0.0198125
0.0196826
0.0195617
0.0194513
0.0193468
0.019251
0.019159
0.0190746
0.0189922
0.018917
0.0188424
0.0187747
0.0187064
0.018645
0.018582
0.0185259
0.0184673
0.0184159
0.018361
0.0183136
0.0182619
0.0182182
0.0181692
0.0181288
0.0180821
0.0180446
0.0179999
0.0179652
0.0179222
0.01789
0.0178485
0.0178186
0.0177784
0.0177508
0.0177116
0.0176861
0.0176479
0.0176243
0.0175868
0.0175651
0.0175284
0.0175085
0.0174722
0.0174541
0.0174183
0.0174019
0.0173664
0.0173517
0.0173164
0.0173034
0.0172682
0.0172569
0.0172217
0.0172121
0.0171769
0.0171691
0.0171337
0.0171277
0.0170921
0.0170879
0.017052
0.0170499
0.0170136
0.0170136
0.0169769
0.0169792
0.016942
0.0169468
0.0169092
0.0169167
0.0168787
0.0168892
0.0168508
0.0168644
0.0168258
0.0168428
0.016804
0.0168245
0.0167857
0.0168095
0.016771
0.0167973
0.0167594
0.0167873
0.0167515
0.0167785
0.0167458
0.0167715
0.0167423
0.0167653
0.0167436
0.0167661
0.021687
0.0212977
0.0209806
0.0207156
0.0204877
0.0202897
0.0201132
0.0199561
0.0198124
0.0196827
0.0195615
0.0194514
0.0193466
0.0192512
0.0191588
0.0190747
0.0189921
0.0189172
0.0188422
0.0187749
0.0187062
0.0186452
0.0185817
0.0185262
0.018467
0.0184162
0.0183606
0.018314
0.0182615
0.0182187
0.0181687
0.0181293
0.0180815
0.0180452
0.0179993
0.0179658
0.0179215
0.0178907
0.0178478
0.0178194
0.0177776
0.0177516
0.0177107
0.017687
0.0176469
0.0176253
0.0175858
0.0175663
0.0175272
0.0175097
0.0174709
0.0174555
0.0174169
0.0174033
0.0173648
0.0173532
0.0173147
0.017305
0.0172664
0.0172586
0.0172198
0.0172139
0.0171748
0.0171709
0.0171315
0.0171294
0.0170898
0.0170896
0.0170497
0.0170513
0.0170112
0.0170148
0.0169745
0.01698
0.0169398
0.0169472
0.0169071
0.0169166
0.0168769
0.0168883
0.0168493
0.0168628
0.0168248
0.0168402
0.0168036
0.0168206
0.0167859
0.0168039
0.0167715
0.0167896
0.0167603
0.0167764
0.016751
0.0167634
0.0167408
0.0167503
0.0167319
0.0167377
0.0167252
0.0167302
0.021687
0.0212977
0.0209806
0.0207156
0.0204878
0.0202897
0.0201132
0.0199561
0.0198124
0.0196827
0.0195616
0.0194514
0.0193467
0.0192511
0.0191588
0.0190747
0.0189921
0.0189172
0.0188422
0.0187749
0.0187062
0.0186452
0.0185817
0.0185262
0.018467
0.0184162
0.0183607
0.018314
0.0182616
0.0182186
0.0181688
0.0181292
0.0180816
0.0180451
0.0179994
0.0179657
0.0179217
0.0178905
0.0178479
0.0178192
0.0177778
0.0177514
0.0177109
0.0176867
0.0176471
0.017625
0.017586
0.0175659
0.0175274
0.0175093
0.0174712
0.0174549
0.0174172
0.0174027
0.0173652
0.0173525
0.0173152
0.0173042
0.0172669
0.0172576
0.0172204
0.0172128
0.0171756
0.0171695
0.0171324
0.0171279
0.0170908
0.0170879
0.0170508
0.0170495
0.0170126
0.0170127
0.0169761
0.0169777
0.0169415
0.0169447
0.0169091
0.0169137
0.0168791
0.016885
0.0168517
0.0168588
0.0168273
0.0168355
0.0168061
0.016815
0.0167882
0.0167973
0.0167732
0.0167816
0.0167606
0.0167673
0.0167494
0.0167527
0.0167375
0.0167362
0.0167225
0.0167185
0.0167088
0.0167042
0.021687
0.0212977
0.0209806
0.0207156
0.0204878
0.0202897
0.0201133
0.019956
0.0198125
0.0196826
0.0195617
0.0194513
0.0193468
0.019251
0.019159
0.0190746
0.0189923
0.018917
0.0188425
0.0187746
0.0187065
0.0186449
0.018582
0.0185258
0.0184673
0.0184158
0.018361
0.0183136
0.018262
0.0182181
0.0181693
0.0181287
0.0180821
0.0180445
0.018
0.017965
0.0179223
0.0178898
0.0178486
0.0178185
0.0177786
0.0177506
0.0177118
0.0176858
0.017648
0.017624
0.017587
0.0175648
0.0175285
0.0175081
0.0174724
0.0174536
0.0174185
0.0174013
0.0173666
0.017351
0.0173167
0.0173025
0.0172686
0.0172558
0.0172222
0.0172108
0.0171774
0.0171675
0.0171343
0.0171257
0.0170929
0.0170855
0.017053
0.0170468
0.0170149
0.0170099
0.0169786
0.0169746
0.0169441
0.0169413
0.0169118
0.01691
0.0168819
0.016881
0.0168546
0.0168545
0.0168302
0.0168307
0.0168089
0.0168097
0.0167907
0.0167913
0.0167751
0.0167748
0.016761
0.0167591
0.0167471
0.0167429
0.0167335
0.0167248
0.0167171
0.0167034
0.0166976
0.0166847
0.0216871
0.0212977
0.0209807
0.0207155
0.0204879
0.0202896
0.0201133
0.0199559
0.0198126
0.0196825
0.0195618
0.0194511
0.0193469
0.0192508
0.0191592
0.0190744
0.0189925
0.0189167
0.0188427
0.0187744
0.0187068
0.0186446
0.0185824
0.0185255
0.0184677
0.0184154
0.0183615
0.0183131
0.0182625
0.0182176
0.0181698
0.0181281
0.0180827
0.0180438
0.0180007
0.0179643
0.017923
0.017889
0.0178494
0.0178176
0.0177794
0.0177496
0.0177128
0.0176848
0.0176491
0.0176228
0.0175882
0.0175635
0.0175298
0.0175067
0.0174738
0.0174521
0.01742
0.0173997
0.0173682
0.0173492
0.0173184
0.0173006
0.0172704
0.0172538
0.0172241
0.0172086
0.0171795
0.0171651
0.0171365
0.0171231
0.0170952
0.0170827
0.0170555
0.0170439
0.0170174
0.0170068
0.0169812
0.0169713
0.0169469
0.0169378
0.0169146
0.0169063
0.0168847
0.016877
0.0168574
0.0168503
0.0168329
0.0168264
0.0168113
0.0168051
0.0167926
0.0167864
0.0167761
0.0167695
0.0167609
0.0167531
0.0167449
0.0167355
0.0167258
0.0167162
0.0167052
0.0166962
0.0166823
0.0166732
0.0216871
0.0212977
0.0209807
0.0207155
0.0204879
0.0202895
0.0201134
0.0199559
0.0198127
0.0196824
0.0195619
0.019451
0.0193471
0.0192507
0.0191593
0.0190742
0.0189926
0.0189165
0.0188429
0.0187741
0.018707
0.0186444
0.0185826
0.0185252
0.018468
0.0184151
0.0183618
0.0183127
0.0182628
0.0182172
0.0181702
0.0181276
0.0180832
0.0180433
0.0180012
0.0179638
0.0179236
0.0178884
0.0178501
0.0178169
0.0177801
0.0177488
0.0177135
0.0176839
0.0176499
0.0176219
0.0175891
0.0175625
0.0175308
0.0175056
0.0174748
0.017451
0.0174211
0.0173984
0.0173694
0.0173479
0.0173196
0.0172992
0.0172717
0.0172522
0.0172254
0.017207
0.0171809
0.0171633
0.017138
0.0171212
0.0170967
0.0170807
0.017057
0.0170418
0.017019
0.0170046
0.0169827
0.0169691
0.0169483
0.0169355
0.016916
0.016904
0.016886
0.0168749
0.0168584
0.0168483
0.0168336
0.0168246
0.0168117
0.0168037
0.0167924
0.0167854
0.0167752
0.0167689
0.0167591
0.016753
0.0167422
0.0167356
0.0167228
0.0167146
0.0166989
0.0166906
0.0166746
0.0166678
0.0216871
0.0212976
0.0209807
0.0207155
0.0204879
0.0202895
0.0201134
0.0199558
0.0198127
0.0196823
0.0195619
0.019451
0.0193471
0.0192506
0.0191594
0.0190741
0.0189927
0.0189165
0.018843
0.018774
0.0187071
0.0186443
0.0185827
0.0185251
0.0184682
0.0184149
0.0183619
0.0183126
0.018263
0.018217
0.0181704
0.0181274
0.0180834
0.0180431
0.0180014
0.0179635
0.0179239
0.0178881
0.0178503
0.0178166
0.0177804
0.0177485
0.0177138
0.0176836
0.0176502
0.0176215
0.0175894
0.0175621
0.0175311
0.0175052
0.0174751
0.0174505
0.0174214
0.017398
0.0173697
0.0173474
0.0173199
0.0172987
0.0172719
0.0172517
0.0172256
0.0172064
0.017181
0.0171628
0.0171381
0.0171207
0.0170967
0.0170802
0.0170569
0.0170413
0.0170187
0.017004
0.0169821
0.0169685
0.0169474
0.0169348
0.0169147
0.0169032
0.0168841
0.0168739
0.016856
0.0168472
0.0168305
0.0168232
0.0168077
0.0168019
0.0167874
0.0167831
0.0167692
0.016766
0.016752
0.0167491
0.016734
0.0167307
0.0167134
0.0167089
0.0166892
0.0166829
0.0166615
0.0166571
0.0216871
0.0212976
0.0209807
0.0207155
0.0204879
0.0202895
0.0201134
0.0199558
0.0198127
0.0196823
0.0195619
0.0194509
0.0193471
0.0192506
0.0191594
0.0190741
0.0189927
0.0189164
0.018843
0.018774
0.0187071
0.0186442
0.0185828
0.018525
0.0184682
0.0184149
0.018362
0.0183125
0.018263
0.018217
0.0181704
0.0181274
0.0180834
0.0180431
0.0180014
0.0179635
0.0179239
0.0178881
0.0178503
0.0178165
0.0177804
0.0177484
0.0177138
0.0176835
0.0176502
0.0176214
0.0175893
0.017562
0.017531
0.017505
0.017475
0.0174503
0.0174212
0.0173977
0.0173694
0.0173471
0.0173196
0.0172983
0.0172715
0.0172512
0.017225
0.0172058
0.0171802
0.0171619
0.0171369
0.0171195
0.0170951
0.0170786
0.0170548
0.0170391
0.0170159
0.0170012
0.0169786
0.0169649
0.0169429
0.0169302
0.016909
0.0168974
0.0168769
0.0168665
0.0168469
0.0168379
0.0168193
0.0168117
0.0167942
0.0167881
0.0167716
0.0167671
0.0167514
0.0167481
0.016733
0.0167303
0.016715
0.0167122
0.0166961
0.0166921
0.016675
0.0166693
0.0166515
0.0166446
0.0187829
0.0188016
0.0188783
0.0188101
0.0191047
0.0189309
0.0194351
0.0192895
0.0199534
0.0198243
0.0184454
0.0183714
0.0184269
0.0183681
0.0184577
0.0184695
0.0186494
0.0187046
0.0190482
0.0190723
0.0179917
0.0179783
0.0179444
0.0179746
0.0179835
0.0181271
0.0181526
0.0182856
0.0184232
0.0185992
0.0176486
0.0176524
0.0176709
0.0176937
0.017734
0.0178072
0.0178473
0.0179862
0.0180468
0.0182445
0.0174493
0.0174724
0.017503
0.0175156
0.0175564
0.0175967
0.017633
0.0177603
0.017798
0.0179651
0.0173115
0.017323
0.017321
0.0173365
0.0173482
0.0173842
0.0174229
0.0175013
0.0175436
0.0176745
0.0171735
0.0171711
0.0171811
0.0171841
0.0172051
0.0172288
0.0172693
0.0173213
0.0173641
0.0174816
0.0170679
0.0170687
0.0170729
0.017075
0.0170926
0.0171082
0.0171448
0.0171788
0.0172364
0.0173022
0.0169766
0.0169782
0.0169739
0.0169784
0.0169866
0.017003
0.0170289
0.0170609
0.0171053
0.0171575
0.0168967
0.016898
0.0168902
0.0168985
0.0168991
0.0169204
0.0169337
0.01697
0.0169977
0.0170498
0.0168373
0.016835
0.0168325
0.0168348
0.0168407
0.0168528
0.0168702
0.0168941
0.0169243
0.0169603
0.0167899
0.0167934
0.0167828
0.016792
0.0167876
0.0168065
0.0168112
0.0168417
0.0168563
0.0168988
0.0167562
0.016751
0.0167462
0.0167476
0.0167477
0.0167588
0.0167668
0.0167885
0.0168061
0.0168369
0.0167259
0.0167142
0.0167157
0.0167085
0.0167163
0.0167162
0.016733
0.0167407
0.0167676
0.0167824
0.0167006
0.0166878
0.0166901
0.0166807
0.0166897
0.0166861
0.016704
0.016707
0.0167344
0.0167436
0.0166825
0.0166675
0.0166715
0.0166592
0.0166703
0.0166628
0.0166825
0.0166813
0.0167096
0.0167145
0.0166628
0.0166546
0.0166503
0.0166458
0.0166471
0.0166485
0.0166565
0.0166655
0.0166798
0.0166964
0.0166517
0.0166478
0.0166376
0.0166382
0.0166328
0.0166396
0.0166402
0.0166541
0.0166606
0.0166812
0.0166405
0.0166376
0.0166271
0.0166287
0.0166232
0.0166305
0.0166307
0.0166442
0.0166501
0.016669
0.0166305
0.0166252
0.0166149
0.016612
0.0166043
0.0166055
0.0166024
0.016608
0.01661
0.0166193
)
;

boundaryField
{
    down
    {
        type            symmetryPlane;
    }
    right
    {
        type            calculated;
        value           nonuniform List<scalar> 
30
(
0.837594
0.82689
0.809615
0.786588
0.752833
0.703321
0.630214
0.530224
0.400828
0.241462
0.0901499
0.0305605
0.0208917
0.0192758
0.018477
0.0179038
0.0174887
0.0170562
0.0168266
0.0165798
0.0165141
0.0163913
0.0162534
0.0162149
0.0161044
0.0160013
0.0159755
0.0158941
0.0159614
0.0159563
)
;
    }
    up
    {
        type            zeroGradient;
    }
    left
    {
        type            calculated;
        value           uniform 0.0218017;
    }
    cylinder
    {
        type            nutkWallFunction;
        Cmu             0.09;
        kappa           0.41;
        E               9.8;
        value           nonuniform List<scalar> 
40
(
0
0
0
0
0
0
0
0
0
0
0.00119758
0.000815601
0.000592193
0.00026943
0
0
0.000302365
0.000419103
0
0
0
0
0
0
0
0
0
0
0
0
0
0
0
0
0
0
0
0
0
0
)
;
    }
    defaultFaces
    {
        type            empty;
    }
}


// ************************************************************************* //
