/*--------------------------------*- C++ -*----------------------------------*\
  =========                 |
  \\      /  F ield         | OpenFOAM: The Open Source CFD Toolbox
   \\    /   O peration     | Website:  https://openfoam.org
    \\  /    A nd           | Version:  8
     \\/     M anipulation  |
\*---------------------------------------------------------------------------*/
FoamFile
{
    version     2.0;
    format      ascii;
    class       volScalarField;
    location    "2.0000073";
    object      rho;
}
// * * * * * * * * * * * * * * * * * * * * * * * * * * * * * * * * * * * * * //

dimensions      [1 -3 0 0 0 0 0];

internalField   nonuniform List<scalar> 
6800
(
0.577731
0.57955
0.580215
0.581569
0.583044
0.58397
0.584711
0.585234
0.585721
0.586164
0.575123
0.578634
0.579961
0.5817
0.582845
0.583696
0.584412
0.585015
0.585603
0.58603
0.571271
0.577551
0.579368
0.580911
0.582225
0.583177
0.58395
0.584567
0.585122
0.585614
0.567023
0.576174
0.5776
0.579783
0.58125
0.582272
0.583122
0.583867
0.584568
0.585232
0.562444
0.574071
0.575777
0.578321
0.579941
0.581206
0.582261
0.583194
0.584023
0.58472
0.558011
0.571961
0.573388
0.576618
0.578548
0.580072
0.581324
0.582405
0.583351
0.58419
0.553911
0.569513
0.571231
0.575066
0.577169
0.578983
0.580465
0.581748
0.582849
0.58379
0.550516
0.567414
0.569216
0.573525
0.575943
0.578063
0.579738
0.581161
0.582368
0.583415
0.547939
0.565505
0.567637
0.572477
0.575044
0.577382
0.579224
0.580791
0.582103
0.583235
0.546399
0.564245
0.566594
0.57172
0.574477
0.577019
0.57898
0.580647
0.582024
0.583218
0.581609
0.580814
0.580567
0.580628
0.580875
0.581251
0.581735
0.582311
0.582931
0.583548
0.581285
0.580648
0.580413
0.580457
0.580689
0.58106
0.581557
0.582164
0.582824
0.58349
0.580806
0.580358
0.580167
0.580209
0.580447
0.580841
0.58137
0.582021
0.582763
0.583514
0.580291
0.580017
0.579929
0.580018
0.580293
0.580763
0.581387
0.582086
0.582859
0.583636
0.579778
0.579739
0.579802
0.580024
0.580418
0.580977
0.58161
0.582294
0.583054
0.583815
0.579374
0.579592
0.579881
0.580309
0.580822
0.581358
0.581932
0.582576
0.583305
0.584097
0.579036
0.579627
0.580167
0.580791
0.581222
0.581688
0.582245
0.582978
0.583731
0.584791
0.578581
0.579607
0.580609
0.581041
0.581432
0.581999
0.582784
0.583752
0.584676
0.585834
0.578252
0.579607
0.580685
0.581082
0.581679
0.582644
0.583787
0.584787
0.585753
0.586472
0.578331
0.579789
0.580464
0.581138
0.582336
0.583607
0.584591
0.585386
0.585941
0.586472
0.58424
0.584932
0.585493
0.585964
0.586355
0.586676
0.586948
0.587179
0.58738
0.587554
0.587707
0.587842
0.58796
0.588064
0.588155
0.588235
0.588305
0.588366
0.58842
0.588468
0.58851
0.588547
0.588581
0.588611
0.588638
0.588663
0.588685
0.588706
0.588724
0.588741
0.588755
0.588768
0.588779
0.588788
0.588796
0.588803
0.588808
0.588812
0.588816
0.588819
0.588822
0.588825
0.588828
0.588831
0.588835
0.58884
0.588846
0.588852
0.588859
0.588866
0.588874
0.588883
0.588892
0.588902
0.588911
0.588921
0.588931
0.588941
0.588951
0.58896
0.58897
0.588979
0.588988
0.588996
0.589004
0.589013
0.589021
0.589028
0.589036
0.589044
0.589052
0.589059
0.589067
0.589075
0.589083
0.589091
0.5891
0.589108
0.589117
0.589126
0.589135
0.589144
0.589154
0.589163
0.589172
0.589182
0.589191
0.589201
0.58921
0.58922
0.589229
0.589238
0.589248
0.589257
0.589266
0.589275
0.589285
0.589293
0.589306
0.589318
0.584158
0.584875
0.585439
0.5859
0.586286
0.586609
0.586885
0.587119
0.587323
0.587501
0.587658
0.587795
0.587916
0.588022
0.588115
0.588197
0.588269
0.588333
0.588389
0.588439
0.588483
0.588522
0.588558
0.58859
0.588619
0.588645
0.588668
0.58869
0.588709
0.588726
0.588742
0.588755
0.588767
0.588776
0.588785
0.588792
0.588798
0.588802
0.588807
0.588811
0.588814
0.588818
0.588822
0.588826
0.58883
0.588836
0.588842
0.588848
0.588856
0.588863
0.588872
0.588881
0.58889
0.588899
0.588909
0.588919
0.588929
0.588939
0.588948
0.588958
0.588967
0.588976
0.588984
0.588993
0.589001
0.589009
0.589017
0.589025
0.589033
0.589041
0.589048
0.589056
0.589064
0.589072
0.58908
0.589089
0.589097
0.589106
0.589115
0.589124
0.589133
0.589142
0.589151
0.58916
0.58917
0.589179
0.589189
0.589198
0.589208
0.589217
0.589226
0.589236
0.589245
0.589254
0.589263
0.589272
0.589282
0.58929
0.589302
0.589313
0.5841
0.584785
0.585339
0.585795
0.58618
0.586509
0.586792
0.587034
0.587245
0.58743
0.587592
0.587735
0.587861
0.587972
0.58807
0.588156
0.588232
0.5883
0.58836
0.588413
0.588461
0.588503
0.588542
0.588576
0.588608
0.588636
0.588661
0.588684
0.588705
0.588723
0.588739
0.588753
0.588765
0.588776
0.588785
0.588792
0.588799
0.588804
0.588809
0.588814
0.588818
0.588823
0.588828
0.588832
0.588838
0.588844
0.58885
0.588857
0.588865
0.588873
0.588881
0.58889
0.588899
0.588908
0.588918
0.588927
0.588936
0.588946
0.588955
0.588964
0.588972
0.588981
0.588989
0.588997
0.589005
0.589013
0.589021
0.589028
0.589036
0.589043
0.589051
0.589059
0.589066
0.589074
0.589083
0.589091
0.589099
0.589108
0.589117
0.589125
0.589134
0.589143
0.589153
0.589162
0.589171
0.58918
0.58919
0.589199
0.589208
0.589217
0.589226
0.589235
0.589244
0.589253
0.589262
0.589271
0.58928
0.589288
0.589299
0.58931
0.584026
0.584658
0.585233
0.585701
0.586094
0.586435
0.58673
0.586986
0.587208
0.587404
0.587577
0.587729
0.587863
0.587982
0.588086
0.588179
0.588261
0.588334
0.588398
0.588456
0.588507
0.588553
0.588595
0.588631
0.588665
0.588694
0.588721
0.588744
0.588765
0.588783
0.588799
0.588813
0.588824
0.588834
0.588843
0.58885
0.588856
0.588861
0.588866
0.58887
0.588874
0.588878
0.588883
0.588887
0.588892
0.588897
0.588903
0.588909
0.588916
0.588923
0.58893
0.588938
0.588945
0.588953
0.588961
0.588969
0.588977
0.588985
0.588993
0.589
0.589008
0.589015
0.589022
0.589029
0.589036
0.589043
0.589049
0.589056
0.589063
0.58907
0.589077
0.589084
0.589091
0.589098
0.589106
0.589114
0.589121
0.589129
0.589137
0.589146
0.589154
0.589162
0.589171
0.58918
0.589188
0.589197
0.589206
0.589214
0.589223
0.589231
0.58924
0.589248
0.589257
0.589265
0.589273
0.589281
0.589289
0.589297
0.589306
0.589317
0.583991
0.584606
0.585256
0.585774
0.586193
0.586559
0.586876
0.587154
0.587393
0.587602
0.587786
0.587946
0.588088
0.588211
0.58832
0.588416
0.5885
0.588574
0.58864
0.588697
0.588748
0.588793
0.588832
0.588867
0.588897
0.588923
0.588945
0.588964
0.58898
0.588994
0.589005
0.589013
0.58902
0.589026
0.58903
0.589032
0.589034
0.589036
0.589037
0.589037
0.589038
0.589039
0.58904
0.589041
0.589042
0.589044
0.589047
0.58905
0.589053
0.589056
0.58906
0.589064
0.589068
0.589072
0.589077
0.589081
0.589085
0.58909
0.589094
0.589099
0.589103
0.589108
0.589112
0.589116
0.589121
0.589125
0.58913
0.589135
0.589139
0.589144
0.589149
0.589155
0.58916
0.589166
0.589171
0.589178
0.589184
0.58919
0.589197
0.589204
0.58921
0.589217
0.589224
0.589232
0.589239
0.589246
0.589253
0.589261
0.589268
0.589275
0.589282
0.589289
0.589296
0.589304
0.58931
0.589317
0.589323
0.589331
0.589336
0.589346
0.584157
0.584832
0.585606
0.586224
0.586715
0.587133
0.587496
0.58781
0.58808
0.58831
0.588508
0.588677
0.588822
0.588945
0.58905
0.589139
0.589214
0.589277
0.589329
0.589372
0.589407
0.589435
0.589458
0.589474
0.589487
0.589495
0.589499
0.589501
0.589499
0.589496
0.58949
0.589483
0.589474
0.589465
0.589455
0.589445
0.589434
0.589424
0.589413
0.589403
0.589393
0.589384
0.589375
0.589367
0.589359
0.589352
0.589345
0.589339
0.589334
0.589329
0.589325
0.589321
0.589317
0.589314
0.589311
0.589308
0.589306
0.589304
0.589302
0.5893
0.589299
0.589298
0.589297
0.589297
0.589296
0.589296
0.589296
0.589297
0.589297
0.589298
0.5893
0.589301
0.589303
0.589305
0.589307
0.58931
0.589313
0.589316
0.58932
0.589324
0.589328
0.589332
0.589336
0.58934
0.589345
0.58935
0.589354
0.589359
0.589364
0.589369
0.589373
0.589378
0.589383
0.589388
0.589392
0.589397
0.589401
0.589406
0.589408
0.589416
0.584817
0.585512
0.586371
0.58709
0.587648
0.588116
0.588532
0.588886
0.589194
0.589456
0.589678
0.589867
0.590027
0.590162
0.590274
0.590366
0.590441
0.5905
0.590546
0.590579
0.5906
0.590612
0.590615
0.590611
0.590599
0.590581
0.590558
0.590531
0.5905
0.590466
0.59043
0.590393
0.590355
0.590317
0.590279
0.590241
0.590204
0.590168
0.590132
0.590098
0.590065
0.590033
0.590002
0.589973
0.589945
0.589918
0.589893
0.589869
0.589846
0.589824
0.589803
0.589783
0.589765
0.589747
0.589731
0.589716
0.589701
0.589687
0.589674
0.589661
0.58965
0.589639
0.589629
0.589619
0.58961
0.589601
0.589594
0.589586
0.58958
0.589573
0.589568
0.589563
0.589558
0.589554
0.58955
0.589547
0.589544
0.589542
0.58954
0.589538
0.589537
0.589536
0.589536
0.589535
0.589535
0.589535
0.589536
0.589536
0.589537
0.589538
0.589538
0.589539
0.58954
0.589542
0.589542
0.589544
0.589544
0.589546
0.589544
0.589548
0.585837
0.586465
0.587299
0.588013
0.58858
0.58905
0.589455
0.589804
0.590104
0.59036
0.590578
0.590764
0.590923
0.591057
0.591171
0.591268
0.591347
0.591413
0.591466
0.591509
0.591542
0.591566
0.591582
0.591592
0.591594
0.591592
0.591583
0.591571
0.591554
0.591533
0.591509
0.59148
0.591448
0.591413
0.591375
0.591334
0.591292
0.591247
0.591201
0.591153
0.591105
0.591055
0.591006
0.590956
0.590905
0.590855
0.590805
0.590755
0.590707
0.590659
0.590613
0.590568
0.590525
0.590483
0.590443
0.590405
0.590368
0.590334
0.5903
0.590269
0.590239
0.590211
0.590184
0.590158
0.590134
0.590111
0.590089
0.590068
0.590049
0.59003
0.590012
0.589996
0.58998
0.589965
0.589951
0.589938
0.589925
0.589913
0.589902
0.589892
0.589882
0.589873
0.589864
0.589856
0.589849
0.589842
0.589835
0.589829
0.589823
0.589817
0.589812
0.589807
0.589802
0.589797
0.589792
0.589788
0.589783
0.589779
0.589772
0.589769
0.586501
0.586991
0.587741
0.588418
0.588981
0.589449
0.58985
0.590193
0.59049
0.590741
0.590958
0.591141
0.591299
0.591431
0.591545
0.591642
0.591724
0.591792
0.591849
0.591896
0.591935
0.591965
0.59199
0.592008
0.592022
0.59203
0.592035
0.592036
0.592035
0.59203
0.592023
0.592014
0.592003
0.591989
0.591975
0.591958
0.59194
0.59192
0.591898
0.591875
0.591851
0.591826
0.5918
0.591773
0.591744
0.591714
0.591683
0.591651
0.591618
0.591584
0.591548
0.591512
0.591475
0.591436
0.591396
0.591355
0.591313
0.591271
0.591228
0.591185
0.591141
0.591098
0.591054
0.591011
0.590968
0.590926
0.590885
0.590844
0.590804
0.590766
0.590728
0.590692
0.590657
0.590624
0.590592
0.590561
0.590532
0.590504
0.590477
0.590452
0.590428
0.590406
0.590384
0.590363
0.590344
0.590325
0.590307
0.59029
0.590274
0.590258
0.590243
0.590228
0.590214
0.590201
0.590187
0.590175
0.590161
0.590149
0.590134
0.59012
0.586635
0.587142
0.587783
0.588416
0.588979
0.589463
0.589882
0.590245
0.59056
0.590832
0.591066
0.591267
0.59144
0.591588
0.591715
0.591822
0.591914
0.591991
0.592057
0.592111
0.592155
0.592191
0.592221
0.592243
0.592261
0.592273
0.592281
0.592286
0.592287
0.592286
0.592282
0.592277
0.592269
0.59226
0.59225
0.592238
0.592225
0.592212
0.592198
0.592183
0.592168
0.592152
0.592136
0.59212
0.592104
0.592087
0.59207
0.592054
0.592037
0.59202
0.592003
0.591986
0.591968
0.59195
0.591933
0.591915
0.591896
0.591878
0.591858
0.591839
0.591818
0.591797
0.591775
0.591753
0.59173
0.591705
0.591681
0.591655
0.591628
0.5916
0.591572
0.591543
0.591513
0.591482
0.591451
0.591418
0.591386
0.591352
0.591318
0.591284
0.59125
0.591215
0.591181
0.591145
0.591112
0.591077
0.591045
0.591011
0.59098
0.590947
0.590918
0.590886
0.590859
0.590828
0.590802
0.590773
0.590749
0.590719
0.590697
0.590662
0.587032
0.587569
0.588138
0.588708
0.589231
0.589693
0.590097
0.590449
0.590756
0.591022
0.591251
0.591448
0.591617
0.591761
0.591885
0.591989
0.592078
0.592152
0.592214
0.592265
0.592307
0.592341
0.592368
0.592389
0.592404
0.592414
0.592421
0.592424
0.592425
0.592422
0.592418
0.592411
0.592403
0.592393
0.592383
0.592371
0.592359
0.592345
0.592332
0.592318
0.592303
0.592288
0.592274
0.592259
0.592244
0.592229
0.592215
0.5922
0.592186
0.592173
0.592159
0.592146
0.592133
0.592121
0.592108
0.592096
0.592085
0.592073
0.592062
0.592051
0.59204
0.592029
0.592019
0.592008
0.591998
0.591988
0.591977
0.591967
0.591957
0.591946
0.591936
0.591925
0.591914
0.591903
0.591892
0.591879
0.591868
0.591855
0.591842
0.591828
0.591814
0.591799
0.591784
0.591768
0.591751
0.591733
0.591715
0.591695
0.591677
0.591654
0.591634
0.59161
0.591589
0.591562
0.591541
0.591512
0.591489
0.591457
0.591436
0.591388
0.587298
0.587865
0.588429
0.588969
0.58946
0.589892
0.59027
0.5906
0.590887
0.591137
0.591352
0.591538
0.591697
0.591834
0.591951
0.592049
0.592134
0.592204
0.592264
0.592312
0.592352
0.592384
0.59241
0.59243
0.592445
0.592455
0.592461
0.592464
0.592464
0.592462
0.592458
0.592452
0.592444
0.592436
0.592426
0.592415
0.592403
0.592391
0.592378
0.592364
0.592351
0.592337
0.592323
0.59231
0.592296
0.592282
0.592269
0.592255
0.592243
0.59223
0.592218
0.592206
0.592194
0.592183
0.592172
0.592161
0.592151
0.592141
0.592131
0.592122
0.592113
0.592104
0.592096
0.592087
0.592079
0.592071
0.592064
0.592057
0.59205
0.592043
0.592036
0.592029
0.592023
0.592017
0.592011
0.592005
0.591999
0.591994
0.591988
0.591983
0.591977
0.591971
0.591966
0.59196
0.591955
0.591949
0.591943
0.591937
0.591931
0.591924
0.591918
0.59191
0.591904
0.591895
0.591888
0.591879
0.59187
0.591859
0.591848
0.591835
0.587533
0.588063
0.588597
0.589099
0.589551
0.589955
0.590311
0.590626
0.590903
0.591146
0.591357
0.59154
0.591698
0.591834
0.591951
0.592052
0.592137
0.592209
0.59227
0.592321
0.592362
0.592397
0.592424
0.592446
0.592462
0.592474
0.592482
0.592487
0.592489
0.592488
0.592486
0.592481
0.592475
0.592467
0.592459
0.592449
0.592439
0.592427
0.592416
0.592404
0.592391
0.592378
0.592366
0.592353
0.59234
0.592327
0.592314
0.592302
0.59229
0.592278
0.592266
0.592254
0.592243
0.592233
0.592222
0.592212
0.592202
0.592193
0.592184
0.592175
0.592166
0.592158
0.59215
0.592142
0.592135
0.592127
0.59212
0.592113
0.592107
0.5921
0.592094
0.592088
0.592083
0.592077
0.592072
0.592066
0.592061
0.592056
0.592051
0.592046
0.592042
0.592037
0.592033
0.592029
0.592025
0.592021
0.592017
0.592013
0.592009
0.592005
0.592001
0.591997
0.591993
0.591989
0.591985
0.59198
0.591976
0.591971
0.591966
0.591961
0.587782
0.588273
0.588784
0.589258
0.589682
0.590061
0.590399
0.590699
0.590964
0.591197
0.5914
0.591576
0.59173
0.591862
0.591976
0.592074
0.592157
0.592228
0.592288
0.592338
0.592379
0.592413
0.59244
0.592462
0.592479
0.592491
0.592499
0.592504
0.592507
0.592506
0.592504
0.5925
0.592495
0.592488
0.59248
0.592471
0.592461
0.592451
0.59244
0.592428
0.592417
0.592404
0.592392
0.59238
0.592368
0.592356
0.592344
0.592332
0.59232
0.592309
0.592298
0.592287
0.592276
0.592266
0.592256
0.592247
0.592237
0.592228
0.59222
0.592211
0.592203
0.592195
0.592188
0.59218
0.592173
0.592166
0.59216
0.592153
0.592147
0.592141
0.592135
0.59213
0.592124
0.592119
0.592114
0.592109
0.592104
0.592099
0.592095
0.592091
0.592086
0.592082
0.592078
0.592074
0.59207
0.592067
0.592063
0.592059
0.592056
0.592052
0.592049
0.592045
0.592042
0.592038
0.592034
0.59203
0.592026
0.592022
0.592018
0.592015
0.588046
0.588495
0.588975
0.589418
0.589811
0.590163
0.590479
0.590761
0.591012
0.591233
0.591426
0.591596
0.591744
0.591872
0.591983
0.592078
0.59216
0.59223
0.592289
0.592339
0.59238
0.592414
0.592442
0.592464
0.592481
0.592494
0.592503
0.592509
0.592512
0.592513
0.592512
0.592508
0.592504
0.592498
0.592491
0.592483
0.592474
0.592464
0.592454
0.592444
0.592433
0.592422
0.592411
0.592399
0.592388
0.592376
0.592365
0.592354
0.592343
0.592332
0.592322
0.592312
0.592302
0.592292
0.592283
0.592274
0.592265
0.592257
0.592248
0.592241
0.592233
0.592225
0.592218
0.592211
0.592205
0.592198
0.592192
0.592186
0.59218
0.592174
0.592169
0.592163
0.592158
0.592153
0.592148
0.592143
0.592139
0.592135
0.59213
0.592126
0.592122
0.592118
0.592114
0.592111
0.592107
0.592103
0.5921
0.592096
0.592093
0.59209
0.592086
0.592083
0.592079
0.592076
0.592073
0.592069
0.592065
0.592062
0.592058
0.592055
0.588322
0.588727
0.589172
0.589583
0.589947
0.590274
0.590568
0.590833
0.59107
0.591279
0.591463
0.591625
0.591767
0.59189
0.591997
0.592089
0.592168
0.592236
0.592294
0.592342
0.592383
0.592416
0.592444
0.592466
0.592483
0.592496
0.592505
0.592512
0.592515
0.592516
0.592516
0.592513
0.592509
0.592504
0.592497
0.59249
0.592482
0.592473
0.592464
0.592454
0.592444
0.592434
0.592423
0.592412
0.592402
0.592391
0.59238
0.59237
0.59236
0.59235
0.59234
0.59233
0.592321
0.592312
0.592303
0.592294
0.592286
0.592278
0.592271
0.592263
0.592256
0.592249
0.592242
0.592235
0.592229
0.592223
0.592217
0.592211
0.592206
0.5922
0.592195
0.59219
0.592185
0.59218
0.592176
0.592171
0.592167
0.592163
0.592159
0.592155
0.592151
0.592147
0.592144
0.59214
0.592137
0.592133
0.59213
0.592127
0.592124
0.59212
0.592117
0.592114
0.592111
0.592108
0.592104
0.592101
0.592098
0.592094
0.592091
0.592088
0.588608
0.588969
0.589377
0.589756
0.59009
0.590391
0.590664
0.59091
0.591131
0.591328
0.591501
0.591654
0.591789
0.591906
0.592008
0.592096
0.592172
0.592238
0.592293
0.59234
0.59238
0.592413
0.592439
0.592461
0.592478
0.592491
0.592501
0.592508
0.592512
0.592514
0.592513
0.592511
0.592508
0.592503
0.592498
0.592491
0.592484
0.592476
0.592467
0.592458
0.592449
0.592439
0.59243
0.59242
0.59241
0.5924
0.59239
0.592381
0.592371
0.592362
0.592352
0.592343
0.592335
0.592326
0.592318
0.59231
0.592302
0.592295
0.592287
0.59228
0.592274
0.592267
0.592261
0.592255
0.592249
0.592243
0.592237
0.592232
0.592227
0.592222
0.592217
0.592212
0.592207
0.592203
0.592199
0.592194
0.59219
0.592186
0.592183
0.592179
0.592175
0.592172
0.592168
0.592165
0.592162
0.592159
0.592155
0.592152
0.592149
0.592146
0.592143
0.59214
0.592137
0.592134
0.592131
0.592128
0.592125
0.592122
0.592118
0.592116
0.588899
0.589218
0.589588
0.589933
0.590239
0.590514
0.590765
0.590993
0.591198
0.591381
0.591543
0.591687
0.591814
0.591924
0.592021
0.592105
0.592177
0.59224
0.592293
0.592338
0.592376
0.592408
0.592434
0.592455
0.592472
0.592484
0.592494
0.592501
0.592505
0.592507
0.592507
0.592506
0.592503
0.592499
0.592494
0.592488
0.592481
0.592474
0.592466
0.592458
0.592449
0.592441
0.592432
0.592422
0.592413
0.592404
0.592395
0.592386
0.592377
0.592368
0.592359
0.592351
0.592343
0.592335
0.592327
0.59232
0.592313
0.592306
0.592299
0.592292
0.592286
0.59228
0.592274
0.592268
0.592263
0.592257
0.592252
0.592247
0.592242
0.592237
0.592233
0.592228
0.592224
0.59222
0.592216
0.592212
0.592208
0.592205
0.592201
0.592197
0.592194
0.592191
0.592188
0.592184
0.592181
0.592178
0.592175
0.592173
0.59217
0.592167
0.592164
0.592161
0.592158
0.592156
0.592153
0.59215
0.592147
0.592144
0.592141
0.592138
0.589191
0.589471
0.589803
0.590115
0.590392
0.590642
0.590871
0.59108
0.591268
0.591437
0.591588
0.591722
0.59184
0.591943
0.592034
0.592113
0.592181
0.59224
0.59229
0.592333
0.592369
0.592399
0.592424
0.592444
0.592461
0.592473
0.592483
0.592489
0.592494
0.592496
0.592496
0.592495
0.592493
0.59249
0.592485
0.59248
0.592474
0.592467
0.59246
0.592453
0.592445
0.592437
0.592428
0.59242
0.592411
0.592403
0.592395
0.592386
0.592378
0.59237
0.592362
0.592354
0.592347
0.592339
0.592332
0.592325
0.592319
0.592312
0.592306
0.5923
0.592294
0.592288
0.592283
0.592277
0.592272
0.592267
0.592262
0.592258
0.592253
0.592249
0.592245
0.59224
0.592236
0.592233
0.592229
0.592225
0.592222
0.592218
0.592215
0.592212
0.592209
0.592205
0.592202
0.5922
0.592197
0.592194
0.592191
0.592188
0.592186
0.592183
0.59218
0.592178
0.592175
0.592173
0.59217
0.592167
0.592165
0.592162
0.592159
0.592157
0.589482
0.589725
0.59002
0.590299
0.590548
0.590773
0.59098
0.59117
0.591342
0.591496
0.591635
0.591758
0.591867
0.591963
0.592047
0.59212
0.592184
0.592239
0.592286
0.592326
0.59236
0.592388
0.592412
0.592431
0.592446
0.592459
0.592468
0.592474
0.592479
0.592481
0.592482
0.592481
0.592479
0.592476
0.592472
0.592467
0.592462
0.592456
0.59245
0.592443
0.592436
0.592428
0.592421
0.592413
0.592405
0.592397
0.59239
0.592382
0.592374
0.592367
0.59236
0.592353
0.592346
0.592339
0.592332
0.592326
0.59232
0.592314
0.592308
0.592303
0.592297
0.592292
0.592287
0.592282
0.592277
0.592273
0.592268
0.592264
0.59226
0.592256
0.592252
0.592248
0.592244
0.592241
0.592237
0.592234
0.592231
0.592228
0.592225
0.592222
0.592219
0.592216
0.592213
0.59221
0.592208
0.592205
0.592203
0.5922
0.592198
0.592195
0.592193
0.59219
0.592188
0.592186
0.592183
0.592181
0.592178
0.592176
0.592173
0.592171
0.589769
0.589977
0.590236
0.590484
0.590705
0.590906
0.591091
0.591262
0.591417
0.591557
0.591683
0.591795
0.591894
0.591982
0.592059
0.592127
0.592185
0.592236
0.59228
0.592317
0.592348
0.592375
0.592397
0.592415
0.592429
0.592441
0.592449
0.592456
0.59246
0.592462
0.592463
0.592463
0.592461
0.592459
0.592455
0.592451
0.592446
0.592441
0.592435
0.592429
0.592423
0.592416
0.592409
0.592402
0.592395
0.592388
0.592381
0.592374
0.592367
0.592361
0.592354
0.592347
0.592341
0.592335
0.592329
0.592323
0.592318
0.592312
0.592307
0.592302
0.592297
0.592292
0.592288
0.592283
0.592279
0.592275
0.592271
0.592267
0.592263
0.592259
0.592256
0.592252
0.592249
0.592246
0.592242
0.592239
0.592236
0.592234
0.592231
0.592228
0.592225
0.592223
0.59222
0.592218
0.592215
0.592213
0.592211
0.592208
0.592206
0.592204
0.592202
0.5922
0.592197
0.592195
0.592193
0.592191
0.592188
0.592186
0.592184
0.592182
0.590051
0.590227
0.590452
0.590668
0.590863
0.59104
0.591204
0.591356
0.591494
0.59162
0.591732
0.591833
0.591923
0.592002
0.592072
0.592133
0.592187
0.592233
0.592273
0.592307
0.592335
0.59236
0.59238
0.592396
0.59241
0.59242
0.592428
0.592434
0.592439
0.592441
0.592442
0.592442
0.59244
0.592438
0.592435
0.592432
0.592427
0.592423
0.592418
0.592412
0.592406
0.592401
0.592394
0.592388
0.592382
0.592376
0.592369
0.592363
0.592357
0.592351
0.592345
0.592339
0.592333
0.592328
0.592322
0.592317
0.592312
0.592307
0.592302
0.592298
0.592293
0.592289
0.592285
0.592281
0.592277
0.592273
0.59227
0.592266
0.592263
0.59226
0.592256
0.592253
0.59225
0.592247
0.592245
0.592242
0.592239
0.592237
0.592234
0.592232
0.592229
0.592227
0.592225
0.592222
0.59222
0.592218
0.592216
0.592214
0.592212
0.59221
0.592208
0.592206
0.592204
0.592202
0.5922
0.592198
0.592196
0.592194
0.592192
0.59219
0.590326
0.590474
0.590667
0.590853
0.591021
0.591176
0.591319
0.591452
0.591574
0.591684
0.591784
0.591873
0.591952
0.592023
0.592085
0.59214
0.592188
0.592229
0.592265
0.592295
0.592321
0.592343
0.592361
0.592376
0.592388
0.592398
0.592406
0.592411
0.592415
0.592417
0.592418
0.592418
0.592417
0.592415
0.592413
0.592409
0.592406
0.592402
0.592397
0.592392
0.592387
0.592382
0.592377
0.592371
0.592366
0.59236
0.592355
0.592349
0.592344
0.592338
0.592333
0.592328
0.592323
0.592318
0.592313
0.592309
0.592304
0.5923
0.592296
0.592292
0.592288
0.592284
0.59228
0.592277
0.592273
0.59227
0.592267
0.592264
0.592261
0.592258
0.592255
0.592252
0.592249
0.592247
0.592244
0.592242
0.59224
0.592237
0.592235
0.592233
0.592231
0.592229
0.592227
0.592225
0.592223
0.592221
0.592219
0.592217
0.592215
0.592214
0.592212
0.59221
0.592208
0.592207
0.592205
0.592203
0.592201
0.5922
0.592198
0.592196
0.590595
0.590717
0.590879
0.591037
0.59118
0.591312
0.591435
0.591549
0.591654
0.59175
0.591836
0.591914
0.591983
0.592045
0.592099
0.592147
0.592189
0.592225
0.592256
0.592283
0.592306
0.592325
0.592342
0.592355
0.592366
0.592374
0.592381
0.592386
0.592389
0.592391
0.592392
0.592392
0.592392
0.59239
0.592388
0.592385
0.592382
0.592379
0.592375
0.592371
0.592366
0.592362
0.592357
0.592353
0.592348
0.592343
0.592338
0.592333
0.592329
0.592324
0.592319
0.592315
0.592311
0.592306
0.592302
0.592298
0.592294
0.592291
0.592287
0.592283
0.59228
0.592277
0.592274
0.592271
0.592268
0.592265
0.592262
0.592259
0.592257
0.592254
0.592252
0.592249
0.592247
0.592245
0.592243
0.59224
0.592238
0.592236
0.592234
0.592233
0.592231
0.592229
0.592227
0.592226
0.592224
0.592222
0.592221
0.592219
0.592218
0.592216
0.592214
0.592213
0.592211
0.59221
0.592208
0.592207
0.592205
0.592204
0.592202
0.592201
0.590858
0.590957
0.591089
0.59122
0.591339
0.591449
0.591552
0.591648
0.591736
0.591817
0.59189
0.591956
0.592015
0.592067
0.592113
0.592154
0.59219
0.592221
0.592248
0.592271
0.592291
0.592307
0.592321
0.592332
0.592342
0.592349
0.592355
0.592359
0.592363
0.592364
0.592365
0.592365
0.592365
0.592364
0.592362
0.59236
0.592357
0.592354
0.592351
0.592348
0.592344
0.592341
0.592337
0.592333
0.592329
0.592325
0.592321
0.592317
0.592313
0.592309
0.592305
0.592301
0.592298
0.592294
0.592291
0.592287
0.592284
0.592281
0.592278
0.592275
0.592272
0.592269
0.592266
0.592264
0.592261
0.592259
0.592257
0.592254
0.592252
0.59225
0.592248
0.592246
0.592244
0.592242
0.59224
0.592239
0.592237
0.592235
0.592234
0.592232
0.59223
0.592229
0.592227
0.592226
0.592225
0.592223
0.592222
0.592221
0.592219
0.592218
0.592217
0.592215
0.592214
0.592213
0.592212
0.59221
0.592209
0.592208
0.592206
0.592205
0.591113
0.591191
0.591296
0.591401
0.591497
0.591586
0.591669
0.591747
0.591819
0.591885
0.591945
0.591999
0.592047
0.59209
0.592128
0.592162
0.592191
0.592217
0.592239
0.592258
0.592275
0.592289
0.5923
0.59231
0.592318
0.592324
0.592329
0.592333
0.592335
0.592337
0.592338
0.592338
0.592338
0.592337
0.592336
0.592334
0.592332
0.59233
0.592328
0.592325
0.592322
0.592319
0.592316
0.592313
0.59231
0.592307
0.592303
0.5923
0.592297
0.592294
0.592291
0.592287
0.592285
0.592282
0.592279
0.592276
0.592273
0.592271
0.592268
0.592266
0.592264
0.592261
0.592259
0.592257
0.592255
0.592253
0.592251
0.59225
0.592248
0.592246
0.592244
0.592243
0.592241
0.59224
0.592238
0.592237
0.592235
0.592234
0.592233
0.592232
0.59223
0.592229
0.592228
0.592227
0.592225
0.592224
0.592223
0.592222
0.592221
0.59222
0.592219
0.592218
0.592217
0.592216
0.592215
0.592214
0.592213
0.592212
0.592211
0.59221
0.591365
0.591423
0.591502
0.591582
0.591656
0.591724
0.591788
0.591848
0.591904
0.591955
0.592002
0.592043
0.592081
0.592115
0.592145
0.592171
0.592194
0.592215
0.592232
0.592247
0.59226
0.592271
0.592281
0.592289
0.592295
0.5923
0.592304
0.592307
0.59231
0.592311
0.592312
0.592313
0.592312
0.592312
0.592311
0.59231
0.592309
0.592307
0.592305
0.592303
0.592301
0.592299
0.592297
0.592294
0.592292
0.59229
0.592287
0.592285
0.592282
0.59228
0.592277
0.592275
0.592273
0.592271
0.592268
0.592266
0.592264
0.592262
0.59226
0.592258
0.592257
0.592255
0.592253
0.592251
0.59225
0.592248
0.592247
0.592245
0.592244
0.592243
0.592241
0.59224
0.592239
0.592238
0.592237
0.592236
0.592234
0.592233
0.592232
0.592231
0.59223
0.592229
0.592228
0.592228
0.592227
0.592226
0.592225
0.592224
0.592223
0.592222
0.592221
0.592221
0.59222
0.592219
0.592218
0.592217
0.592216
0.592216
0.592215
0.592214
0.591609
0.591649
0.591704
0.59176
0.591812
0.591861
0.591906
0.591949
0.591989
0.592025
0.592058
0.592089
0.592116
0.592141
0.592163
0.592182
0.592199
0.592214
0.592227
0.592239
0.592248
0.592257
0.592264
0.59227
0.592275
0.592279
0.592282
0.592284
0.592286
0.592288
0.592288
0.592289
0.592289
0.592289
0.592288
0.592288
0.592287
0.592286
0.592284
0.592283
0.592282
0.59228
0.592279
0.592277
0.592275
0.592273
0.592272
0.59227
0.592268
0.592266
0.592265
0.592263
0.592261
0.592259
0.592258
0.592256
0.592255
0.592253
0.592252
0.59225
0.592249
0.592247
0.592246
0.592245
0.592244
0.592243
0.592242
0.59224
0.592239
0.592238
0.592237
0.592236
0.592235
0.592235
0.592234
0.592233
0.592232
0.592231
0.59223
0.59223
0.592229
0.592228
0.592227
0.592227
0.592226
0.592225
0.592225
0.592224
0.592223
0.592223
0.592222
0.592221
0.592221
0.59222
0.59222
0.592219
0.592218
0.592218
0.592217
0.592216
0.59185
0.591873
0.591905
0.591939
0.59197
0.591999
0.592027
0.592054
0.592078
0.592102
0.592123
0.592142
0.592159
0.592175
0.592189
0.592201
0.592212
0.592222
0.59223
0.592237
0.592243
0.592248
0.592253
0.592257
0.592259
0.592262
0.592264
0.592265
0.592266
0.592267
0.592267
0.592267
0.592267
0.592266
0.592266
0.592265
0.592264
0.592263
0.592262
0.592261
0.59226
0.592259
0.592258
0.592256
0.592255
0.592254
0.592253
0.592251
0.59225
0.592249
0.592248
0.592246
0.592245
0.592244
0.592243
0.592242
0.592241
0.59224
0.592239
0.592238
0.592237
0.592236
0.592235
0.592234
0.592234
0.592233
0.592232
0.592231
0.592231
0.59223
0.592229
0.592229
0.592228
0.592227
0.592227
0.592226
0.592226
0.592225
0.592225
0.592224
0.592224
0.592223
0.592223
0.592222
0.592222
0.592222
0.592221
0.592221
0.59222
0.59222
0.59222
0.592219
0.592219
0.592218
0.592218
0.592218
0.592217
0.592217
0.592216
0.592216
0.592098
0.592106
0.592118
0.59213
0.592142
0.592153
0.592164
0.592174
0.592183
0.592191
0.592199
0.592205
0.592211
0.592216
0.592221
0.592225
0.592228
0.592231
0.592233
0.592235
0.592236
0.592237
0.592238
0.592238
0.592238
0.592239
0.592238
0.592238
0.592238
0.592238
0.592237
0.592237
0.592236
0.592236
0.592235
0.592234
0.592234
0.592233
0.592232
0.592232
0.592231
0.59223
0.59223
0.592229
0.592228
0.592228
0.592227
0.592227
0.592226
0.592226
0.592225
0.592225
0.592224
0.592224
0.592223
0.592223
0.592222
0.592222
0.592222
0.592221
0.592221
0.592221
0.59222
0.59222
0.59222
0.592219
0.592219
0.592219
0.592219
0.592218
0.592218
0.592218
0.592218
0.592218
0.592218
0.592217
0.592217
0.592217
0.592217
0.592217
0.592217
0.592216
0.592216
0.592216
0.592216
0.592216
0.592216
0.592216
0.592216
0.592216
0.592215
0.592215
0.592215
0.592215
0.592215
0.592215
0.592215
0.592215
0.592215
0.592215
0.58421
0.584209
0.584361
0.584624
0.585007
0.58537
0.585844
0.586178
0.58652
0.586539
0.585039
0.585006
0.585096
0.585272
0.585558
0.585829
0.586198
0.586482
0.586766
0.586844
0.58581
0.585745
0.58578
0.585888
0.586086
0.586284
0.586555
0.586792
0.587026
0.58714
0.586481
0.586404
0.586408
0.586474
0.58661
0.586765
0.586949
0.587151
0.587339
0.587452
0.587084
0.587
0.586983
0.587022
0.587105
0.587228
0.58736
0.587515
0.587669
0.587773
0.587623
0.587537
0.587507
0.587524
0.587576
0.587665
0.587767
0.587883
0.588007
0.588097
0.58811
0.588024
0.587986
0.587987
0.588021
0.588081
0.588159
0.588248
0.588346
0.588424
0.588552
0.58847
0.588427
0.588418
0.588437
0.588479
0.588537
0.588606
0.588685
0.588751
0.588957
0.588879
0.588835
0.588819
0.588828
0.588856
0.5889
0.588954
0.589017
0.589073
0.589329
0.589257
0.589214
0.589194
0.589195
0.589214
0.589246
0.589289
0.58934
0.589389
0.589675
0.589609
0.589567
0.589546
0.589542
0.589554
0.589577
0.589611
0.589653
0.589697
0.589997
0.589939
0.5899
0.589878
0.589871
0.589877
0.589895
0.589921
0.589956
0.589994
0.590301
0.590249
0.590214
0.590192
0.590184
0.590187
0.5902
0.59022
0.590249
0.590282
0.590587
0.590542
0.590511
0.590492
0.590483
0.590484
0.590492
0.590509
0.590532
0.590561
0.590859
0.590822
0.590795
0.590778
0.59077
0.590769
0.590776
0.590788
0.590807
0.590831
0.591119
0.591089
0.591067
0.591053
0.591045
0.591044
0.591048
0.591058
0.591073
0.591093
0.59137
0.591347
0.59133
0.591319
0.591313
0.591312
0.591315
0.591322
0.591334
0.59135
0.59161
0.591594
0.591583
0.591575
0.591571
0.59157
0.591572
0.591578
0.591587
0.591599
0.59185
0.591841
0.591834
0.591829
0.591826
0.591825
0.591827
0.59183
0.591836
0.591844
0.592086
0.592084
0.592083
0.592082
0.592083
0.592084
0.592086
0.592088
0.592092
0.592095
0.594033
0.593808
0.593468
0.59303
0.592441
0.591607
0.590439
0.588589
0.586595
0.580045
0.592514
0.592047
0.591464
0.590793
0.589931
0.588763
0.587197
0.584769
0.582405
0.574211
0.590875
0.590236
0.58947
0.588586
0.587459
0.585966
0.58404
0.581044
0.578328
0.568504
0.589282
0.588493
0.587567
0.586481
0.585109
0.583311
0.581048
0.577497
0.574539
0.563032
0.587818
0.58689
0.585819
0.584544
0.582945
0.580872
0.578335
0.574268
0.571108
0.558143
0.586516
0.585472
0.584276
0.582835
0.581048
0.578738
0.575976
0.571446
0.568217
0.553974
0.585406
0.58427
0.582973
0.581399
0.579466
0.57697
0.574071
0.569162
0.565922
0.550727
0.58451
0.583312
0.581945
0.580276
0.578254
0.575628
0.57267
0.56751
0.564383
0.548073
0.583848
0.582615
0.581209
0.579489
0.57743
0.574755
0.571816
0.566526
0.563563
0.546455
0.583415
0.582186
0.580777
0.579059
0.577024
0.574377
0.571508
0.566234
0.563538
0.545908
0.603949
0.604964
0.605922
0.606938
0.608053
0.609305
0.610658
0.612107
0.613548
0.615232
0.603817
0.604839
0.605799
0.606815
0.607928
0.60918
0.610526
0.611963
0.613351
0.615099
0.603423
0.604403
0.605327
0.606295
0.607354
0.608538
0.609803
0.611148
0.612365
0.614012
0.602808
0.603714
0.604574
0.605461
0.606418
0.607484
0.608588
0.609751
0.610709
0.612
0.601978
0.602791
0.603553
0.604333
0.605151
0.606043
0.606942
0.607841
0.60847
0.609153
0.600954
0.601642
0.602292
0.602923
0.603578
0.604255
0.604888
0.605466
0.605713
0.605592
0.599763
0.600296
0.600814
0.601275
0.601714
0.602153
0.602479
0.602663
0.602483
0.601377
0.598419
0.598792
0.599144
0.599424
0.599627
0.599772
0.599766
0.599493
0.598872
0.596594
0.596964
0.59716
0.59734
0.597395
0.597353
0.59718
0.596801
0.596046
0.594941
0.591355
0.595393
0.595419
0.595418
0.595243
0.594934
0.594442
0.593666
0.59237
0.590827
0.585788
0.592218
0.592218
0.592218
0.592218
0.592218
0.592219
0.592219
0.59222
0.59222
0.592221
0.592221
0.592222
0.592223
0.592224
0.592225
0.592226
0.592227
0.592229
0.59223
0.592232
0.592234
0.592236
0.592238
0.59224
0.592242
0.592245
0.592248
0.592251
0.592254
0.592258
0.592261
0.592266
0.59227
0.592275
0.59228
0.592286
0.592292
0.592299
0.592305
0.592313
0.59232
0.59233
0.592338
0.59235
0.592359
0.592372
0.592383
0.592398
0.592411
0.592428
0.592443
0.592463
0.592481
0.592504
0.592524
0.59255
0.592573
0.592604
0.592631
0.592666
0.592698
0.592738
0.592774
0.592821
0.592864
0.592917
0.592966
0.593028
0.593085
0.593156
0.593223
0.593304
0.593381
0.593475
0.593565
0.593672
0.593778
0.593902
0.594025
0.594168
0.594312
0.594479
0.594648
0.594842
0.595041
0.59527
0.595507
0.595778
0.596062
0.596387
0.596733
0.597128
0.597555
0.598046
0.598584
0.599207
0.599902
0.600716
0.601636
0.602688
0.592218
0.592218
0.592218
0.592218
0.592218
0.592219
0.592219
0.59222
0.59222
0.592221
0.592221
0.592222
0.592223
0.592224
0.592225
0.592226
0.592227
0.592229
0.59223
0.592232
0.592234
0.592236
0.592238
0.59224
0.592242
0.592245
0.592248
0.592251
0.592254
0.592258
0.592261
0.592266
0.59227
0.592275
0.59228
0.592286
0.592291
0.592299
0.592305
0.592313
0.59232
0.59233
0.592338
0.592349
0.592359
0.592372
0.592383
0.592398
0.592411
0.592428
0.592443
0.592463
0.59248
0.592503
0.592524
0.59255
0.592573
0.592604
0.592631
0.592666
0.592697
0.592738
0.592774
0.592821
0.592863
0.592917
0.592966
0.593028
0.593085
0.593156
0.593223
0.593303
0.593381
0.593474
0.593565
0.593672
0.593778
0.593902
0.594025
0.594168
0.594312
0.594478
0.594647
0.594841
0.595041
0.595268
0.595505
0.595775
0.596058
0.596382
0.596725
0.597118
0.597541
0.598028
0.598559
0.599174
0.599857
0.600655
0.601555
0.602573
0.592218
0.592218
0.592218
0.592218
0.592218
0.592219
0.592219
0.592219
0.59222
0.592221
0.592221
0.592222
0.592223
0.592224
0.592225
0.592226
0.592227
0.592229
0.59223
0.592232
0.592233
0.592236
0.592237
0.59224
0.592242
0.592245
0.592247
0.592251
0.592254
0.592258
0.592261
0.592266
0.59227
0.592275
0.59228
0.592286
0.592291
0.592298
0.592305
0.592313
0.59232
0.59233
0.592338
0.592349
0.592359
0.592371
0.592383
0.592397
0.592411
0.592428
0.592443
0.592462
0.59248
0.592503
0.592523
0.592549
0.592573
0.592603
0.59263
0.592666
0.592697
0.592738
0.592774
0.59282
0.592863
0.592916
0.592966
0.593027
0.593085
0.593155
0.593222
0.593303
0.593381
0.593474
0.593565
0.593672
0.593777
0.593901
0.594024
0.594167
0.594311
0.594477
0.594645
0.594839
0.595037
0.595264
0.595499
0.595767
0.596048
0.596368
0.596707
0.597094
0.597509
0.597984
0.598502
0.599096
0.599752
0.60051
0.601357
0.602287
0.592218
0.592218
0.592218
0.592218
0.592218
0.592218
0.592219
0.592219
0.59222
0.59222
0.592221
0.592222
0.592223
0.592224
0.592225
0.592226
0.592227
0.592228
0.59223
0.592232
0.592233
0.592235
0.592237
0.59224
0.592242
0.592245
0.592247
0.592251
0.592253
0.592257
0.592261
0.592265
0.592269
0.592275
0.592279
0.592285
0.592291
0.592298
0.592304
0.592312
0.59232
0.592329
0.592337
0.592348
0.592358
0.592371
0.592382
0.592397
0.59241
0.592427
0.592442
0.592462
0.592479
0.592502
0.592522
0.592549
0.592572
0.592603
0.59263
0.592665
0.592697
0.592737
0.592774
0.59282
0.592863
0.592915
0.592966
0.593026
0.593085
0.593154
0.593222
0.593302
0.593381
0.593473
0.593565
0.593671
0.593778
0.5939
0.594025
0.594166
0.594311
0.594475
0.594644
0.594835
0.595034
0.595258
0.595492
0.595756
0.596034
0.596347
0.596681
0.597057
0.597462
0.597919
0.598416
0.598976
0.599592
0.600285
0.601049
0.601841
0.592217
0.592217
0.592217
0.592218
0.592218
0.592218
0.592219
0.592219
0.59222
0.59222
0.592221
0.592222
0.592222
0.592223
0.592224
0.592226
0.592227
0.592228
0.59223
0.592231
0.592233
0.592235
0.592237
0.592239
0.592241
0.592244
0.592247
0.59225
0.592253
0.592257
0.59226
0.592265
0.592269
0.592274
0.592279
0.592285
0.59229
0.592297
0.592303
0.592312
0.592319
0.592328
0.592337
0.592348
0.592357
0.59237
0.592381
0.592396
0.592409
0.592426
0.592441
0.592461
0.592478
0.592501
0.592521
0.592547
0.592571
0.592601
0.592629
0.592663
0.592696
0.592735
0.592773
0.592818
0.592862
0.592914
0.592965
0.593025
0.593084
0.593153
0.593222
0.593301
0.593381
0.593472
0.593565
0.593669
0.593777
0.593898
0.594023
0.594163
0.594309
0.594471
0.594641
0.594829
0.595027
0.595247
0.59548
0.595738
0.596013
0.596317
0.596643
0.597005
0.597395
0.597827
0.598294
0.598812
0.599369
0.59998
0.600624
0.601245
0.592217
0.592217
0.592217
0.592217
0.592218
0.592218
0.592218
0.592219
0.592219
0.59222
0.592221
0.592221
0.592222
0.592223
0.592224
0.592225
0.592226
0.592228
0.592229
0.592231
0.592233
0.592235
0.592236
0.592239
0.592241
0.592244
0.592246
0.59225
0.592253
0.592256
0.59226
0.592264
0.592268
0.592274
0.592278
0.592284
0.59229
0.592297
0.592303
0.592311
0.592318
0.592328
0.592336
0.592347
0.592357
0.592369
0.59238
0.592395
0.592408
0.592425
0.59244
0.59246
0.592477
0.5925
0.59252
0.592547
0.59257
0.592601
0.592628
0.592663
0.592694
0.592735
0.592772
0.592818
0.592861
0.592914
0.592964
0.593025
0.593084
0.593154
0.593222
0.593302
0.593381
0.593473
0.593565
0.593671
0.593778
0.5939
0.594023
0.594165
0.594308
0.594472
0.594638
0.594827
0.595021
0.595241
0.595467
0.595723
0.595987
0.596287
0.596596
0.596947
0.597308
0.597719
0.598138
0.59861
0.599083
0.599599
0.600087
0.6005
0.592217
0.592217
0.592217
0.592217
0.592217
0.592218
0.592218
0.592219
0.592219
0.59222
0.59222
0.592221
0.592222
0.592223
0.592224
0.592225
0.592226
0.592227
0.592229
0.592231
0.592232
0.592234
0.592236
0.592238
0.59224
0.592243
0.592246
0.592249
0.592252
0.592256
0.592259
0.592264
0.592268
0.592273
0.592277
0.592283
0.592289
0.592296
0.592302
0.59231
0.592317
0.592326
0.592335
0.592346
0.592355
0.592368
0.592379
0.592394
0.592407
0.592424
0.592439
0.592458
0.592476
0.592498
0.592519
0.592545
0.592568
0.592599
0.592626
0.592661
0.592692
0.592733
0.592769
0.592816
0.592858
0.592913
0.592962
0.593024
0.593081
0.593152
0.593219
0.5933
0.593378
0.593472
0.593561
0.593669
0.593774
0.593898
0.594019
0.594161
0.594302
0.594466
0.594629
0.594818
0.595007
0.595225
0.595444
0.595696
0.595949
0.59624
0.596533
0.596864
0.5972
0.597573
0.597947
0.598351
0.598739
0.599124
0.599449
0.599604
0.592217
0.592217
0.592217
0.592217
0.592217
0.592217
0.592218
0.592218
0.592219
0.592219
0.59222
0.592221
0.592221
0.592222
0.592223
0.592224
0.592226
0.592227
0.592228
0.59223
0.592232
0.592234
0.592235
0.592238
0.59224
0.592243
0.592245
0.592248
0.592251
0.592255
0.592258
0.592263
0.592267
0.592272
0.592277
0.592282
0.592288
0.592295
0.592301
0.592309
0.592316
0.592325
0.592334
0.592345
0.592354
0.592367
0.592378
0.592393
0.592406
0.592423
0.592438
0.592457
0.592475
0.592498
0.592518
0.592544
0.592568
0.592598
0.592625
0.592661
0.592692
0.592733
0.59277
0.592817
0.592859
0.592914
0.592963
0.593025
0.593083
0.593154
0.593222
0.593304
0.593382
0.593476
0.593566
0.593674
0.593779
0.593903
0.594025
0.594167
0.594307
0.59447
0.594632
0.594819
0.595006
0.595219
0.595434
0.595677
0.595923
0.596196
0.596475
0.596779
0.597086
0.597412
0.597732
0.598053
0.598339
0.598574
0.598707
0.598583
0.592216
0.592216
0.592216
0.592216
0.592217
0.592217
0.592217
0.592218
0.592218
0.592219
0.592219
0.59222
0.592221
0.592222
0.592223
0.592224
0.592225
0.592226
0.592228
0.592229
0.592231
0.592233
0.592235
0.592237
0.592239
0.592242
0.592244
0.592248
0.59225
0.592254
0.592258
0.592262
0.592266
0.592271
0.592275
0.592281
0.592287
0.592293
0.592299
0.592307
0.592315
0.592324
0.592332
0.592343
0.592352
0.592365
0.592376
0.59239
0.592403
0.59242
0.592435
0.592455
0.592472
0.592495
0.592515
0.592541
0.592564
0.592595
0.592622
0.592657
0.592689
0.592729
0.592766
0.592812
0.592855
0.592908
0.592959
0.59302
0.593078
0.593148
0.593216
0.593297
0.593376
0.593468
0.593559
0.593665
0.593771
0.593893
0.594015
0.594154
0.594294
0.594453
0.594615
0.594795
0.594981
0.595185
0.595396
0.595625
0.595862
0.596116
0.596376
0.596649
0.596923
0.597197
0.597455
0.597685
0.597858
0.597934
0.59786
0.597455
0.592216
0.592216
0.592216
0.592216
0.592216
0.592217
0.592217
0.592217
0.592218
0.592218
0.592219
0.59222
0.59222
0.592221
0.592222
0.592223
0.592225
0.592226
0.592227
0.592229
0.59223
0.592232
0.592234
0.592236
0.592239
0.592241
0.592244
0.592247
0.59225
0.592253
0.592257
0.592261
0.592265
0.59227
0.592275
0.59228
0.592286
0.592293
0.592299
0.592307
0.592314
0.592323
0.592331
0.592342
0.592352
0.592364
0.592376
0.59239
0.592403
0.59242
0.592435
0.592455
0.592473
0.592495
0.592516
0.592542
0.592566
0.592596
0.592625
0.592659
0.592692
0.592731
0.592771
0.592816
0.592861
0.592913
0.592967
0.593026
0.593088
0.593157
0.593228
0.593308
0.59339
0.593482
0.593577
0.593682
0.593791
0.593911
0.594037
0.594175
0.594319
0.594475
0.594639
0.594816
0.595002
0.5952
0.595407
0.595627
0.595853
0.596089
0.596328
0.596568
0.5968
0.597015
0.597195
0.597319
0.59735
0.59724
0.596921
0.596226
0.592215
0.592215
0.592215
0.592216
0.592216
0.592216
0.592216
0.592217
0.592217
0.592218
0.592218
0.592219
0.59222
0.592221
0.592222
0.592223
0.592224
0.592225
0.592226
0.592228
0.59223
0.592231
0.592233
0.592235
0.592238
0.59224
0.592243
0.592246
0.592248
0.592252
0.592255
0.59226
0.592263
0.592268
0.592273
0.592279
0.592284
0.59229
0.592296
0.592304
0.592311
0.59232
0.592328
0.592339
0.592349
0.592361
0.592372
0.592386
0.592399
0.592415
0.592431
0.592449
0.592467
0.592489
0.59251
0.592535
0.59256
0.592588
0.592617
0.59265
0.592684
0.592722
0.592761
0.592805
0.59285
0.592901
0.592954
0.593012
0.593073
0.593141
0.593212
0.593289
0.593371
0.59346
0.593554
0.593656
0.593764
0.593881
0.594005
0.594138
0.594278
0.594429
0.594587
0.594756
0.594933
0.595119
0.595313
0.595514
0.595719
0.595927
0.596131
0.596326
0.596502
0.596646
0.596738
0.596749
0.596645
0.596363
0.595848
0.594921
0.592215
0.592215
0.592215
0.592215
0.592215
0.592216
0.592216
0.592216
0.592217
0.592217
0.592218
0.592219
0.592219
0.59222
0.592221
0.592222
0.592223
0.592224
0.592226
0.592227
0.592229
0.59223
0.592232
0.592234
0.592236
0.592239
0.592241
0.592244
0.592247
0.59225
0.592253
0.592257
0.592261
0.592266
0.59227
0.592275
0.592281
0.592287
0.592293
0.5923
0.592307
0.592315
0.592324
0.592333
0.592343
0.592354
0.592365
0.592378
0.592392
0.592406
0.592422
0.592439
0.592457
0.592477
0.592498
0.592521
0.592545
0.592572
0.5926
0.592631
0.592664
0.592699
0.592737
0.592779
0.592823
0.592871
0.592922
0.592977
0.593036
0.593099
0.593167
0.593241
0.593319
0.593403
0.593492
0.593589
0.593691
0.593801
0.593918
0.594042
0.594174
0.594314
0.594461
0.594617
0.59478
0.59495
0.595125
0.595304
0.595485
0.595665
0.595838
0.595997
0.596132
0.59623
0.596272
0.596234
0.596077
0.595756
0.595219
0.594359
0.592214
0.592214
0.592214
0.592215
0.592215
0.592215
0.592215
0.592216
0.592216
0.592217
0.592217
0.592218
0.592219
0.592219
0.59222
0.592221
0.592222
0.592224
0.592225
0.592226
0.592228
0.592229
0.592231
0.592233
0.592235
0.592237
0.59224
0.592242
0.592245
0.592248
0.592252
0.592255
0.592259
0.592263
0.592268
0.592273
0.592278
0.592284
0.59229
0.592296
0.592303
0.592311
0.592319
0.592329
0.592338
0.592349
0.59236
0.592372
0.592385
0.592399
0.592414
0.592431
0.592448
0.592467
0.592487
0.59251
0.592533
0.592559
0.592586
0.592616
0.592648
0.592682
0.592719
0.592759
0.592801
0.592847
0.592897
0.59295
0.593007
0.593068
0.593133
0.593204
0.593279
0.593359
0.593445
0.593538
0.593636
0.59374
0.593851
0.593969
0.594094
0.594225
0.594363
0.594508
0.594658
0.594813
0.594972
0.595132
0.59529
0.595444
0.595586
0.595711
0.595809
0.595865
0.595862
0.595778
0.595585
0.595239
0.594706
0.593921
0.592214
0.592214
0.592214
0.592214
0.592214
0.592215
0.592215
0.592215
0.592216
0.592216
0.592217
0.592217
0.592218
0.592219
0.59222
0.592221
0.592221
0.592223
0.592224
0.592225
0.592227
0.592228
0.59223
0.592232
0.592234
0.592236
0.592238
0.592241
0.592243
0.592246
0.592249
0.592253
0.592257
0.592261
0.592265
0.59227
0.592275
0.59228
0.592286
0.592292
0.592299
0.592306
0.592314
0.592323
0.592332
0.592342
0.592353
0.592364
0.592377
0.59239
0.592405
0.59242
0.592437
0.592455
0.592475
0.592496
0.592519
0.592543
0.592569
0.592598
0.592628
0.592661
0.592696
0.592734
0.592775
0.592819
0.592866
0.592916
0.592971
0.593029
0.593091
0.593158
0.59323
0.593306
0.593388
0.593475
0.593568
0.593667
0.593771
0.593882
0.593999
0.594121
0.59425
0.594383
0.594521
0.594662
0.594805
0.594947
0.595085
0.595216
0.595333
0.595428
0.595494
0.595515
0.595477
0.595359
0.595137
0.594774
0.594245
0.593512
0.592213
0.592213
0.592213
0.592214
0.592214
0.592214
0.592214
0.592215
0.592215
0.592215
0.592216
0.592217
0.592217
0.592218
0.592219
0.59222
0.592221
0.592222
0.592223
0.592224
0.592225
0.592227
0.592229
0.59223
0.592232
0.592234
0.592236
0.592239
0.592241
0.592244
0.592247
0.592251
0.592254
0.592258
0.592262
0.592267
0.592271
0.592276
0.592282
0.592288
0.592295
0.592302
0.592309
0.592317
0.592326
0.592336
0.592346
0.592357
0.592369
0.592382
0.592395
0.59241
0.592426
0.592444
0.592462
0.592482
0.592504
0.592527
0.592552
0.592579
0.592608
0.59264
0.592673
0.592709
0.592748
0.59279
0.592835
0.592883
0.592935
0.59299
0.593049
0.593113
0.593181
0.593253
0.593331
0.593413
0.593501
0.593594
0.593692
0.593796
0.593905
0.594019
0.594137
0.59426
0.594386
0.594513
0.59464
0.594765
0.594884
0.594993
0.595087
0.595157
0.595194
0.595188
0.595123
0.594978
0.594738
0.594372
0.593857
0.593178
0.592213
0.592213
0.592213
0.592213
0.592213
0.592213
0.592214
0.592214
0.592214
0.592215
0.592215
0.592216
0.592216
0.592217
0.592218
0.592219
0.59222
0.592221
0.592222
0.592223
0.592224
0.592226
0.592227
0.592229
0.592231
0.592233
0.592235
0.592237
0.592239
0.592242
0.592245
0.592248
0.592251
0.592255
0.592259
0.592263
0.592268
0.592273
0.592278
0.592284
0.59229
0.592296
0.592304
0.592311
0.59232
0.592329
0.592338
0.592349
0.59236
0.592372
0.592385
0.5924
0.592415
0.592431
0.592449
0.592468
0.592488
0.59251
0.592534
0.59256
0.592587
0.592617
0.592649
0.592683
0.59272
0.592759
0.592802
0.592847
0.592896
0.592948
0.593004
0.593064
0.593128
0.593197
0.59327
0.593347
0.593429
0.593516
0.593608
0.593705
0.593806
0.593911
0.59402
0.594132
0.594246
0.594361
0.594474
0.594583
0.594685
0.594775
0.594848
0.594896
0.594911
0.594884
0.594797
0.594638
0.594389
0.594028
0.593538
0.592914
0.592212
0.592212
0.592212
0.592212
0.592212
0.592213
0.592213
0.592213
0.592214
0.592214
0.592215
0.592215
0.592216
0.592216
0.592217
0.592218
0.592219
0.59222
0.592221
0.592222
0.592223
0.592224
0.592226
0.592227
0.592229
0.592231
0.592233
0.592235
0.592237
0.59224
0.592243
0.592245
0.592249
0.592252
0.592256
0.59226
0.592264
0.592269
0.592274
0.592279
0.592285
0.592291
0.592298
0.592305
0.592313
0.592322
0.592331
0.592341
0.592351
0.592363
0.592375
0.592388
0.592403
0.592418
0.592435
0.592453
0.592472
0.592493
0.592515
0.592539
0.592565
0.592593
0.592623
0.592655
0.59269
0.592727
0.592767
0.59281
0.592856
0.592905
0.592958
0.593014
0.593074
0.593138
0.593207
0.593279
0.593356
0.593437
0.593522
0.593611
0.593705
0.593802
0.593902
0.594003
0.594106
0.594209
0.594308
0.594403
0.594489
0.594562
0.594617
0.594647
0.594644
0.594598
0.5945
0.594331
0.594083
0.593734
0.593275
0.592705
0.592211
0.592211
0.592212
0.592212
0.592212
0.592212
0.592212
0.592213
0.592213
0.592213
0.592214
0.592214
0.592215
0.592215
0.592216
0.592217
0.592218
0.592218
0.592219
0.592221
0.592222
0.592223
0.592224
0.592226
0.592227
0.592229
0.592231
0.592233
0.592235
0.592237
0.59224
0.592243
0.592246
0.592249
0.592252
0.592256
0.59226
0.592264
0.592269
0.592274
0.59228
0.592285
0.592292
0.592299
0.592306
0.592314
0.592323
0.592332
0.592342
0.592352
0.592364
0.592377
0.59239
0.592404
0.59242
0.592437
0.592455
0.592474
0.592495
0.592518
0.592542
0.592568
0.592597
0.592627
0.592659
0.592694
0.592731
0.592771
0.592814
0.59286
0.59291
0.592962
0.593018
0.593078
0.593141
0.593208
0.59328
0.593355
0.593433
0.593516
0.593601
0.59369
0.593781
0.593873
0.593965
0.594056
0.594143
0.594225
0.594296
0.594355
0.594394
0.594411
0.594393
0.594336
0.594229
0.594058
0.593815
0.593484
0.593058
0.592543
0.592211
0.592211
0.592211
0.592211
0.592211
0.592211
0.592212
0.592212
0.592212
0.592213
0.592213
0.592213
0.592214
0.592214
0.592215
0.592216
0.592217
0.592217
0.592218
0.592219
0.59222
0.592221
0.592223
0.592224
0.592226
0.592227
0.592229
0.592231
0.592233
0.592235
0.592237
0.59224
0.592243
0.592246
0.592249
0.592252
0.592256
0.59226
0.592264
0.592269
0.592274
0.59228
0.592286
0.592292
0.592299
0.592306
0.592314
0.592323
0.592332
0.592342
0.592353
0.592364
0.592377
0.59239
0.592405
0.59242
0.592437
0.592455
0.592475
0.592496
0.592518
0.592543
0.592569
0.592597
0.592627
0.59266
0.592694
0.592731
0.592771
0.592814
0.59286
0.592908
0.59296
0.593015
0.593074
0.593136
0.593201
0.59327
0.593343
0.593418
0.593496
0.593577
0.593658
0.593741
0.593823
0.593903
0.593979
0.594049
0.594108
0.594154
0.594182
0.594185
0.594158
0.594092
0.593981
0.593812
0.593579
0.593271
0.59288
0.592418
0.59221
0.59221
0.59221
0.59221
0.59221
0.592211
0.592211
0.592211
0.592211
0.592212
0.592212
0.592213
0.592213
0.592214
0.592214
0.592215
0.592215
0.592216
0.592217
0.592218
0.592219
0.59222
0.592221
0.592222
0.592224
0.592225
0.592227
0.592229
0.59223
0.592232
0.592235
0.592237
0.592239
0.592242
0.592245
0.592248
0.592252
0.592256
0.59226
0.592264
0.592269
0.592274
0.592279
0.592285
0.592291
0.592298
0.592305
0.592313
0.592322
0.592331
0.592341
0.592352
0.592363
0.592376
0.592389
0.592403
0.592419
0.592436
0.592454
0.592473
0.592494
0.592516
0.59254
0.592566
0.592594
0.592624
0.592656
0.59269
0.592727
0.592766
0.592808
0.592853
0.5929
0.592951
0.593005
0.593061
0.593121
0.593184
0.59325
0.593318
0.593389
0.593461
0.593535
0.593609
0.593681
0.593751
0.593817
0.593876
0.593924
0.59396
0.593977
0.593972
0.593938
0.593867
0.593756
0.593593
0.593373
0.593089
0.592735
0.592323
0.592209
0.592209
0.59221
0.59221
0.59221
0.59221
0.59221
0.59221
0.592211
0.592211
0.592211
0.592212
0.592212
0.592213
0.592213
0.592214
0.592214
0.592215
0.592216
0.592217
0.592217
0.592218
0.592219
0.592221
0.592222
0.592223
0.592225
0.592226
0.592228
0.59223
0.592232
0.592234
0.592236
0.592239
0.592241
0.592244
0.592247
0.592251
0.592255
0.592259
0.592263
0.592267
0.592272
0.592278
0.592283
0.59229
0.592296
0.592304
0.592311
0.59232
0.592329
0.592339
0.592349
0.592361
0.592373
0.592386
0.5924
0.592415
0.592432
0.592449
0.592468
0.592489
0.592511
0.592534
0.59256
0.592587
0.592616
0.592647
0.592681
0.592717
0.592755
0.592796
0.592839
0.592885
0.592934
0.592985
0.593039
0.593096
0.593155
0.593217
0.59328
0.593345
0.593411
0.593476
0.593539
0.5936
0.593657
0.593706
0.593745
0.593771
0.593781
0.593769
0.59373
0.593659
0.593551
0.593397
0.593194
0.592935
0.592618
0.592254
0.592209
0.592209
0.592209
0.592209
0.592209
0.592209
0.592209
0.59221
0.59221
0.59221
0.59221
0.592211
0.592211
0.592212
0.592212
0.592213
0.592213
0.592214
0.592214
0.592215
0.592216
0.592217
0.592218
0.592219
0.59222
0.592221
0.592222
0.592224
0.592225
0.592227
0.592229
0.592231
0.592233
0.592235
0.592238
0.59224
0.592243
0.592246
0.592249
0.592253
0.592257
0.592261
0.592265
0.59227
0.592275
0.592281
0.592287
0.592294
0.592301
0.592308
0.592316
0.592325
0.592335
0.592345
0.592356
0.592368
0.592381
0.592394
0.592409
0.592425
0.592442
0.592461
0.592481
0.592502
0.592525
0.592549
0.592576
0.592604
0.592634
0.592666
0.5927
0.592737
0.592776
0.592817
0.592861
0.592907
0.592956
0.593007
0.593059
0.593114
0.593171
0.593228
0.593285
0.593342
0.593398
0.59345
0.593498
0.593539
0.59357
0.593589
0.593593
0.593576
0.593536
0.593466
0.593363
0.593221
0.593036
0.592804
0.592524
0.592206
0.592208
0.592208
0.592208
0.592208
0.592208
0.592208
0.592209
0.592209
0.592209
0.592209
0.592209
0.59221
0.59221
0.59221
0.592211
0.592211
0.592212
0.592212
0.592213
0.592214
0.592214
0.592215
0.592216
0.592217
0.592218
0.592219
0.59222
0.592221
0.592223
0.592224
0.592226
0.592228
0.592229
0.592231
0.592234
0.592236
0.592238
0.592241
0.592244
0.592247
0.592251
0.592254
0.592258
0.592263
0.592267
0.592272
0.592278
0.592284
0.59229
0.592297
0.592304
0.592312
0.59232
0.592329
0.592339
0.592349
0.592361
0.592373
0.592386
0.5924
0.592416
0.592432
0.59245
0.592469
0.592489
0.592511
0.592534
0.592559
0.592586
0.592614
0.592645
0.592677
0.592712
0.592748
0.592787
0.592828
0.592871
0.592916
0.592962
0.59301
0.59306
0.59311
0.59316
0.593209
0.593257
0.593301
0.593341
0.593375
0.593399
0.593413
0.593412
0.593393
0.593353
0.593287
0.593192
0.593062
0.592897
0.592692
0.592448
0.592173
0.592207
0.592207
0.592207
0.592207
0.592207
0.592208
0.592208
0.592208
0.592208
0.592208
0.592209
0.592209
0.592209
0.592209
0.59221
0.59221
0.592211
0.592211
0.592212
0.592212
0.592213
0.592214
0.592214
0.592215
0.592216
0.592217
0.592218
0.592219
0.59222
0.592221
0.592223
0.592224
0.592226
0.592228
0.59223
0.592232
0.592234
0.592236
0.592239
0.592242
0.592245
0.592248
0.592251
0.592255
0.592259
0.592263
0.592268
0.592273
0.592279
0.592284
0.592291
0.592298
0.592305
0.592313
0.592321
0.592331
0.592341
0.592351
0.592363
0.592375
0.592388
0.592403
0.592418
0.592435
0.592452
0.592471
0.592492
0.592513
0.592537
0.592562
0.592588
0.592616
0.592647
0.592678
0.592712
0.592747
0.592785
0.592823
0.592864
0.592905
0.592948
0.592991
0.593033
0.593075
0.593116
0.593153
0.593186
0.593213
0.593232
0.593241
0.593237
0.593218
0.59318
0.593119
0.593033
0.592919
0.592774
0.592597
0.592388
0.592155
0.592207
0.592207
0.592207
0.592207
0.592207
0.592207
0.592207
0.592207
0.592207
0.592207
0.592208
0.592208
0.592208
0.592208
0.592209
0.592209
0.592209
0.59221
0.59221
0.592211
0.592211
0.592212
0.592212
0.592213
0.592214
0.592215
0.592216
0.592216
0.592217
0.592219
0.59222
0.592221
0.592222
0.592224
0.592226
0.592227
0.592229
0.592231
0.592233
0.592236
0.592238
0.592241
0.592244
0.592247
0.592251
0.592254
0.592258
0.592263
0.592267
0.592272
0.592278
0.592283
0.59229
0.592296
0.592304
0.592312
0.59232
0.592329
0.592339
0.592349
0.592361
0.592373
0.592386
0.5924
0.592415
0.592431
0.592448
0.592467
0.592487
0.592508
0.592531
0.592555
0.59258
0.592607
0.592636
0.592666
0.592697
0.59273
0.592764
0.592799
0.592835
0.592871
0.592907
0.592942
0.592975
0.593006
0.593032
0.593054
0.593068
0.593074
0.593069
0.59305
0.593015
0.592961
0.592887
0.592788
0.592665
0.592516
0.59234
0.592147
0.592206
0.592206
0.592206
0.592206
0.592206
0.592206
0.592206
0.592206
0.592206
0.592206
0.592207
0.592207
0.592207
0.592207
0.592208
0.592208
0.592208
0.592208
0.592209
0.592209
0.59221
0.59221
0.592211
0.592211
0.592212
0.592212
0.592213
0.592214
0.592215
0.592216
0.592217
0.592218
0.592219
0.59222
0.592221
0.592223
0.592224
0.592226
0.592228
0.59223
0.592232
0.592234
0.592236
0.592239
0.592242
0.592245
0.592248
0.592252
0.592256
0.59226
0.592264
0.592269
0.592274
0.59228
0.592286
0.592292
0.592299
0.592306
0.592314
0.592323
0.592332
0.592342
0.592353
0.592365
0.592377
0.59239
0.592405
0.59242
0.592436
0.592454
0.592472
0.592492
0.592513
0.592535
0.592558
0.592583
0.592609
0.592636
0.592664
0.592692
0.592721
0.592751
0.59278
0.592808
0.592835
0.592859
0.59288
0.592897
0.592908
0.592911
0.592905
0.592888
0.592858
0.592812
0.59275
0.592668
0.592567
0.592445
0.592302
0.592147
0.592205
0.592205
0.592205
0.592205
0.592205
0.592205
0.592205
0.592205
0.592205
0.592206
0.592206
0.592206
0.592206
0.592206
0.592206
0.592207
0.592207
0.592207
0.592207
0.592208
0.592208
0.592208
0.592209
0.592209
0.59221
0.59221
0.592211
0.592211
0.592212
0.592213
0.592213
0.592214
0.592215
0.592216
0.592217
0.592218
0.592219
0.592221
0.592222
0.592224
0.592225
0.592227
0.592229
0.592231
0.592233
0.592236
0.592238
0.592241
0.592244
0.592247
0.592251
0.592254
0.592258
0.592263
0.592267
0.592272
0.592278
0.592284
0.59229
0.592297
0.592304
0.592312
0.59232
0.592329
0.592339
0.592349
0.59236
0.592372
0.592385
0.592398
0.592413
0.592428
0.592445
0.592462
0.59248
0.592499
0.59252
0.59254
0.592562
0.592584
0.592607
0.59263
0.592652
0.592674
0.592694
0.592713
0.592729
0.592741
0.592749
0.592751
0.592745
0.592731
0.592706
0.59267
0.59262
0.592556
0.592477
0.592382
0.592273
0.592154
0.592204
0.592204
0.592204
0.592204
0.592204
0.592204
0.592204
0.592204
0.592205
0.592205
0.592205
0.592205
0.592205
0.592205
0.592205
0.592205
0.592206
0.592206
0.592206
0.592206
0.592206
0.592207
0.592207
0.592207
0.592208
0.592208
0.592208
0.592209
0.592209
0.59221
0.59221
0.592211
0.592212
0.592212
0.592213
0.592214
0.592215
0.592216
0.592217
0.592218
0.592219
0.59222
0.592221
0.592223
0.592224
0.592226
0.592228
0.59223
0.592232
0.592234
0.592237
0.59224
0.592242
0.592246
0.592249
0.592252
0.592256
0.592261
0.592265
0.59227
0.592275
0.592281
0.592287
0.592293
0.5923
0.592308
0.592315
0.592324
0.592333
0.592343
0.592353
0.592364
0.592376
0.592388
0.592401
0.592415
0.59243
0.592445
0.59246
0.592476
0.592492
0.592508
0.592524
0.592539
0.592554
0.592567
0.592578
0.592587
0.592592
0.592592
0.592588
0.592576
0.592559
0.592531
0.592496
0.592449
0.592393
0.592325
0.592248
0.592164
0.592203
0.592203
0.592203
0.592203
0.592203
0.592203
0.592204
0.592204
0.592204
0.592204
0.592204
0.592204
0.592204
0.592204
0.592204
0.592204
0.592204
0.592204
0.592204
0.592205
0.592205
0.592205
0.592205
0.592205
0.592205
0.592206
0.592206
0.592206
0.592206
0.592207
0.592207
0.592207
0.592208
0.592208
0.592209
0.592209
0.59221
0.59221
0.592211
0.592211
0.592212
0.592213
0.592214
0.592215
0.592216
0.592217
0.592218
0.592219
0.59222
0.592222
0.592223
0.592225
0.592226
0.592228
0.59223
0.592232
0.592235
0.592237
0.59224
0.592243
0.592246
0.592249
0.592253
0.592257
0.592261
0.592265
0.59227
0.592275
0.592281
0.592287
0.592293
0.592299
0.592307
0.592314
0.592322
0.59233
0.592339
0.592348
0.592357
0.592366
0.592376
0.592386
0.592395
0.592405
0.592413
0.592421
0.592428
0.592433
0.592436
0.592436
0.592433
0.592427
0.592415
0.5924
0.592377
0.59235
0.592316
0.592276
0.592229
0.59218
0.592203
0.592203
0.592203
0.592203
0.592203
0.592203
0.592203
0.592203
0.592203
0.592203
0.592203
0.592203
0.592203
0.592203
0.592203
0.592203
0.592203
0.592203
0.592203
0.592203
0.592203
0.592203
0.592203
0.592203
0.592203
0.592203
0.592203
0.592203
0.592204
0.592204
0.592204
0.592204
0.592204
0.592204
0.592204
0.592204
0.592205
0.592205
0.592205
0.592205
0.592205
0.592206
0.592206
0.592206
0.592206
0.592207
0.592207
0.592207
0.592208
0.592208
0.592209
0.592209
0.59221
0.59221
0.592211
0.592211
0.592212
0.592213
0.592214
0.592215
0.592216
0.592217
0.592218
0.592219
0.59222
0.592222
0.592223
0.592225
0.592226
0.592228
0.59223
0.592232
0.592234
0.592237
0.592239
0.592242
0.592245
0.592247
0.59225
0.592253
0.592256
0.592259
0.592262
0.592265
0.592268
0.592271
0.592273
0.592274
0.592275
0.592275
0.592275
0.592272
0.592269
0.592264
0.592257
0.592247
0.592237
0.592223
0.592209
0.592193
0.593792
0.592326
0.590796
0.589399
0.58815
0.587049
0.58611
0.58535
0.584777
0.584394
0.593398
0.591972
0.590587
0.589408
0.588379
0.58747
0.58669
0.586051
0.58556
0.585219
0.592974
0.591701
0.59052
0.589545
0.588693
0.587931
0.587271
0.586726
0.5863
0.585992
0.592614
0.591515
0.590518
0.589699
0.588981
0.588334
0.58777
0.587301
0.586929
0.586654
0.592345
0.591403
0.59056
0.589867
0.589257
0.588706
0.588222
0.587818
0.587492
0.587246
0.59215
0.591341
0.590628
0.59004
0.589519
0.589046
0.58863
0.588279
0.587993
0.587774
0.592011
0.591317
0.590714
0.590212
0.589766
0.58936
0.589
0.588696
0.588444
0.588248
0.591918
0.591324
0.590812
0.590384
0.59
0.58965
0.589339
0.589074
0.588853
0.588679
0.59186
0.591351
0.590917
0.590551
0.590221
0.589919
0.589651
0.58942
0.589226
0.589071
0.59183
0.591395
0.591027
0.590714
0.59043
0.59017
0.589939
0.589738
0.589569
0.589432
0.591821
0.591451
0.591139
0.590872
0.590629
0.590406
0.590207
0.590033
0.589885
0.589766
0.59183
0.591516
0.591252
0.591025
0.590819
0.590629
0.590459
0.590309
0.590181
0.590078
0.591851
0.591587
0.591366
0.591175
0.591
0.59084
0.590695
0.590567
0.590458
0.59037
0.591882
0.591663
0.591479
0.591321
0.591175
0.591041
0.590919
0.590811
0.59072
0.590646
0.591922
0.591742
0.591593
0.591463
0.591344
0.591233
0.591132
0.591043
0.590969
0.590908
0.591967
0.591824
0.591706
0.591602
0.591506
0.591416
0.591335
0.591265
0.591206
0.591157
0.592016
0.591907
0.591816
0.591736
0.591662
0.591593
0.591533
0.59148
0.591436
0.591399
0.592066
0.591988
0.591923
0.591866
0.591814
0.591766
0.591724
0.591687
0.591656
0.591631
0.592121
0.592074
0.592035
0.592002
0.591971
0.591943
0.591918
0.591896
0.591878
0.591863
0.592173
0.592157
0.592144
0.592133
0.592123
0.592114
0.592106
0.592099
0.592094
0.592089
)
;

boundaryField
{
    down
    {
        type            symmetryPlane;
    }
    right
    {
        type            calculated;
        value           nonuniform List<scalar> 
30
(
0.589292
0.589289
0.589288
0.589298
0.589331
0.589406
0.589542
0.589767
0.590122
0.590665
0.591389
0.591833
0.591958
0.592011
0.592051
0.592084
0.592112
0.592135
0.592154
0.592168
0.592179
0.592188
0.592194
0.592199
0.592204
0.592209
0.592213
0.592216
0.592216
0.592215
)
;
    }
    up
    {
        type            calculated;
        value           nonuniform List<scalar> 
220
(
0.592239
0.59224
0.592241
0.592242
0.592244
0.592245
0.592247
0.592248
0.592249
0.59225
0.592249
0.592246
0.592244
0.592243
0.592241
0.59224
0.592239
0.592238
0.592237
0.592236
0.592235
0.592234
0.592233
0.592232
0.592231
0.59223
0.592229
0.592228
0.592227
0.592226
0.592225
0.592224
0.592223
0.592222
0.592222
0.592221
0.59222
0.592219
0.592219
0.592218
0.592218
0.592217
0.592217
0.592216
0.592216
0.592215
0.592215
0.592215
0.592215
0.592214
0.592214
0.592214
0.592214
0.592214
0.592213
0.592213
0.592213
0.592213
0.592213
0.592213
0.592213
0.592213
0.592213
0.592213
0.592213
0.592213
0.592213
0.592213
0.592213
0.592213
0.592213
0.592213
0.592213
0.592213
0.592213
0.592213
0.592213
0.592213
0.592213
0.592213
0.592213
0.592213
0.592213
0.592213
0.592213
0.592213
0.592213
0.592213
0.592213
0.592213
0.592213
0.592213
0.592214
0.592214
0.592214
0.592214
0.592214
0.592214
0.592214
0.592214
0.592214
0.592214
0.592214
0.592214
0.592214
0.592214
0.592214
0.592214
0.592214
0.592215
0.592215
0.592219
0.592222
0.592225
0.592228
0.59223
0.592232
0.592234
0.592236
0.592237
0.592202
0.592202
0.592202
0.592202
0.592202
0.592202
0.592202
0.592202
0.592202
0.592202
0.592202
0.592202
0.592202
0.592202
0.592202
0.592202
0.592202
0.592202
0.592202
0.592202
0.592202
0.592202
0.592202
0.592202
0.592202
0.592202
0.592202
0.592202
0.592202
0.592202
0.592202
0.592202
0.592202
0.592202
0.592202
0.592201
0.592201
0.592201
0.592201
0.592201
0.592201
0.592201
0.592201
0.592201
0.592201
0.5922
0.5922
0.5922
0.5922
0.5922
0.5922
0.592199
0.592199
0.592199
0.592199
0.592198
0.592198
0.592198
0.592197
0.592197
0.592196
0.592196
0.592196
0.592195
0.592194
0.592194
0.592193
0.592192
0.592192
0.592191
0.59219
0.592189
0.592188
0.592187
0.592186
0.592185
0.592184
0.592183
0.592181
0.59218
0.592179
0.592178
0.592176
0.592175
0.592174
0.592173
0.592172
0.592172
0.592171
0.592172
0.592172
0.592174
0.592175
0.592178
0.592181
0.592185
0.59219
0.592196
0.592203
0.59221
)
;
    }
    left
    {
        type            calculated;
        value           nonuniform List<scalar> 
30
(
0.592218
0.592218
0.592218
0.592218
0.592217
0.592217
0.592217
0.592217
0.592216
0.592216
0.592215
0.592215
0.592214
0.592214
0.592213
0.592213
0.592212
0.592211
0.592211
0.59221
0.592209
0.592209
0.592208
0.592207
0.592207
0.592206
0.592205
0.592204
0.592203
0.592203
)
;
    }
    cylinder
    {
        type            calculated;
        value           nonuniform List<scalar> 
40
(
0.577731
0.575123
0.571271
0.567023
0.562444
0.558011
0.553911
0.550516
0.547939
0.546399
0.581609
0.581285
0.580806
0.580291
0.579778
0.579374
0.579036
0.578581
0.578252
0.578331
0.580045
0.574211
0.568504
0.563032
0.558143
0.553974
0.550727
0.548073
0.546455
0.545908
0.615232
0.615099
0.614012
0.612
0.609153
0.605592
0.601377
0.596594
0.591355
0.585788
)
;
    }
    defaultFaces
    {
        type            empty;
    }
}


// ************************************************************************* //
