/*--------------------------------*- C++ -*----------------------------------*\
  =========                 |
  \\      /  F ield         | OpenFOAM: The Open Source CFD Toolbox
   \\    /   O peration     | Website:  https://openfoam.org
    \\  /    A nd           | Version:  8
     \\/     M anipulation  |
\*---------------------------------------------------------------------------*/
FoamFile
{
    version     2.0;
    format      ascii;
    class       volScalarField;
    location    "2.999969291";
    object      rho;
}
// * * * * * * * * * * * * * * * * * * * * * * * * * * * * * * * * * * * * * //

dimensions      [1 -3 0 0 0 0 0];

internalField   nonuniform List<scalar> 
6800
(
0.590164
0.590261
0.59033
0.59043
0.590608
0.590803
0.590954
0.591071
0.591156
0.591202
0.59004
0.590203
0.590274
0.590483
0.590723
0.59088
0.590997
0.591091
0.591166
0.591241
0.5896
0.590034
0.590233
0.590528
0.590725
0.59087
0.59099
0.591086
0.591172
0.591238
0.589046
0.589856
0.590184
0.590454
0.590673
0.590832
0.590952
0.591046
0.591132
0.591207
0.588479
0.589663
0.589981
0.59034
0.59058
0.59074
0.590868
0.590979
0.591082
0.591173
0.587881
0.589401
0.589788
0.590193
0.590445
0.590632
0.590782
0.590914
0.59103
0.591132
0.587335
0.58916
0.589535
0.590016
0.590302
0.590517
0.590689
0.590842
0.590977
0.591095
0.586847
0.588898
0.589321
0.589862
0.590172
0.590415
0.590616
0.590792
0.590942
0.591072
0.586476
0.588701
0.589122
0.589731
0.590055
0.590336
0.590562
0.590757
0.59092
0.591062
0.586217
0.58853
0.589005
0.589638
0.589989
0.590296
0.590539
0.590748
0.59092
0.59107
0.59044
0.590342
0.590288
0.590282
0.590296
0.590325
0.590368
0.590423
0.590489
0.590562
0.590402
0.59032
0.59027
0.590262
0.590273
0.590299
0.590341
0.590398
0.59047
0.590553
0.590333
0.590273
0.590235
0.590227
0.590236
0.590261
0.590307
0.590371
0.590457
0.590553
0.590248
0.590217
0.590197
0.590196
0.590208
0.590237
0.590292
0.590376
0.590478
0.590591
0.590169
0.590176
0.590175
0.590186
0.590212
0.590261
0.590337
0.590426
0.590537
0.590654
0.590121
0.590151
0.590181
0.590219
0.590274
0.590345
0.590422
0.590507
0.590618
0.590727
0.590079
0.590157
0.590228
0.590307
0.590382
0.590447
0.590517
0.590598
0.590702
0.590816
0.590057
0.590193
0.590305
0.590421
0.590474
0.590528
0.590595
0.590696
0.590797
0.590949
0.590029
0.590206
0.590402
0.590464
0.590506
0.590572
0.590683
0.590812
0.590948
0.591112
0.590051
0.590231
0.590391
0.590447
0.590523
0.590658
0.590822
0.590968
0.591108
0.591219
0.590654
0.590756
0.590843
0.59092
0.590989
0.591053
0.591112
0.591167
0.591216
0.591262
0.591304
0.591342
0.591377
0.591409
0.591437
0.591463
0.591487
0.591508
0.591527
0.591544
0.591559
0.591573
0.591586
0.591597
0.591608
0.591618
0.591628
0.591638
0.591647
0.591655
0.591664
0.591671
0.591679
0.591686
0.591692
0.591697
0.591702
0.591707
0.591711
0.591714
0.591716
0.591718
0.59172
0.591721
0.591721
0.591721
0.591721
0.591719
0.591718
0.591716
0.591713
0.591711
0.591708
0.591705
0.591703
0.5917
0.591698
0.591696
0.591694
0.591693
0.591692
0.591691
0.591691
0.591691
0.591691
0.591692
0.591693
0.591694
0.591695
0.591697
0.591698
0.5917
0.591702
0.591703
0.591705
0.591707
0.591709
0.591712
0.591714
0.591716
0.591718
0.591721
0.591723
0.591726
0.591729
0.591732
0.591735
0.591738
0.591741
0.591744
0.591748
0.591751
0.591755
0.591758
0.591762
0.591765
0.591769
0.591772
0.591777
0.59178
0.590642
0.590747
0.590834
0.590911
0.590981
0.591045
0.591104
0.591159
0.591209
0.591255
0.591297
0.591336
0.591371
0.591403
0.591432
0.591458
0.591482
0.591503
0.591522
0.591539
0.591555
0.591569
0.591582
0.591594
0.591605
0.591616
0.591626
0.591636
0.591645
0.591654
0.591662
0.59167
0.591677
0.591684
0.59169
0.591695
0.5917
0.591704
0.591708
0.591711
0.591714
0.591716
0.591717
0.591718
0.591718
0.591718
0.591718
0.591717
0.591715
0.591713
0.591711
0.591708
0.591705
0.591703
0.5917
0.591698
0.591695
0.591694
0.591692
0.591691
0.59169
0.59169
0.59169
0.59169
0.59169
0.591691
0.591692
0.591693
0.591695
0.591696
0.591698
0.591699
0.591701
0.591703
0.591705
0.591707
0.591709
0.591711
0.591714
0.591716
0.591718
0.591721
0.591723
0.591726
0.591729
0.591732
0.591735
0.591738
0.591741
0.591744
0.591748
0.591751
0.591755
0.591758
0.591762
0.591765
0.591769
0.591772
0.591777
0.591779
0.59064
0.590743
0.590828
0.590904
0.590973
0.591036
0.591096
0.59115
0.5912
0.591246
0.591288
0.591327
0.591363
0.591395
0.591425
0.591452
0.591476
0.591497
0.591517
0.591534
0.591551
0.591565
0.591579
0.591591
0.591603
0.591614
0.591625
0.591634
0.591644
0.591653
0.591661
0.591668
0.591676
0.591682
0.591688
0.591693
0.591697
0.591701
0.591704
0.591707
0.59171
0.591712
0.591713
0.591714
0.591715
0.591715
0.591715
0.591713
0.591712
0.59171
0.591708
0.591705
0.591703
0.5917
0.591698
0.591695
0.591693
0.591692
0.591691
0.59169
0.591689
0.591689
0.591689
0.59169
0.59169
0.591691
0.591692
0.591694
0.591695
0.591697
0.591698
0.5917
0.591702
0.591704
0.591706
0.591708
0.59171
0.591712
0.591714
0.591717
0.591719
0.591722
0.591724
0.591727
0.59173
0.591733
0.591736
0.591739
0.591742
0.591745
0.591748
0.591752
0.591755
0.591758
0.591762
0.591765
0.591769
0.591772
0.591776
0.591778
0.590652
0.590743
0.590827
0.590902
0.590969
0.591032
0.591091
0.591145
0.591195
0.591241
0.591284
0.591323
0.591359
0.591391
0.591421
0.591448
0.591473
0.591495
0.591516
0.591534
0.591551
0.591567
0.591581
0.591594
0.591606
0.591618
0.591629
0.591638
0.591648
0.591656
0.591664
0.591671
0.591678
0.591684
0.591689
0.591694
0.591698
0.591701
0.591705
0.591707
0.59171
0.591712
0.591713
0.591714
0.591715
0.591715
0.591715
0.591714
0.591713
0.591711
0.591709
0.591706
0.591704
0.591702
0.5917
0.591698
0.591696
0.591695
0.591694
0.591693
0.591693
0.591693
0.591693
0.591694
0.591694
0.591695
0.591696
0.591698
0.591699
0.591701
0.591702
0.591704
0.591706
0.591707
0.591709
0.591711
0.591713
0.591715
0.591718
0.59172
0.591722
0.591725
0.591727
0.59173
0.591733
0.591735
0.591738
0.591741
0.591744
0.591747
0.59175
0.591754
0.591757
0.59176
0.591763
0.591766
0.591769
0.591772
0.591776
0.591778
0.590676
0.590754
0.590841
0.590918
0.590985
0.591048
0.591106
0.591161
0.591211
0.591256
0.591297
0.591336
0.591372
0.591405
0.591435
0.591462
0.591487
0.59151
0.591531
0.591551
0.591568
0.591585
0.5916
0.591614
0.591626
0.591638
0.591648
0.591658
0.591667
0.591675
0.591682
0.591688
0.591694
0.591699
0.591704
0.591707
0.591711
0.591714
0.591716
0.591718
0.59172
0.591722
0.591723
0.591724
0.591725
0.591725
0.591724
0.591723
0.591722
0.59172
0.591718
0.591716
0.591714
0.591712
0.59171
0.591708
0.591707
0.591706
0.591705
0.591705
0.591704
0.591704
0.591705
0.591705
0.591706
0.591706
0.591707
0.591708
0.59171
0.591711
0.591712
0.591714
0.591715
0.591717
0.591719
0.59172
0.591722
0.591724
0.591726
0.591728
0.59173
0.591732
0.591735
0.591737
0.59174
0.591742
0.591745
0.591748
0.591751
0.591753
0.591756
0.591759
0.591762
0.591764
0.591767
0.59177
0.591773
0.591775
0.591778
0.59178
0.590719
0.590795
0.590891
0.590974
0.591043
0.591106
0.591165
0.591219
0.591269
0.591314
0.591356
0.591394
0.591429
0.591461
0.59149
0.591517
0.591542
0.591565
0.591586
0.591605
0.591623
0.591639
0.591654
0.591667
0.591679
0.59169
0.591699
0.591707
0.591715
0.591721
0.591727
0.591731
0.591736
0.591739
0.591742
0.591745
0.591747
0.591749
0.59175
0.591751
0.591752
0.591752
0.591753
0.591753
0.591753
0.591752
0.591752
0.591751
0.591749
0.591748
0.591746
0.591744
0.591742
0.59174
0.591737
0.591735
0.591733
0.591732
0.591731
0.59173
0.591729
0.591729
0.591728
0.591728
0.591729
0.591729
0.591729
0.59173
0.591731
0.591731
0.591732
0.591733
0.591734
0.591735
0.591736
0.591738
0.591739
0.59174
0.591742
0.591744
0.591745
0.591747
0.591749
0.591751
0.591754
0.591756
0.591758
0.59176
0.591763
0.591765
0.591767
0.59177
0.591772
0.591774
0.591776
0.591779
0.591781
0.591783
0.591785
0.591787
0.590793
0.590876
0.590986
0.591079
0.591155
0.591222
0.591285
0.591343
0.591396
0.591442
0.591485
0.591524
0.591561
0.591593
0.591621
0.591646
0.591669
0.591691
0.59171
0.591728
0.591745
0.591759
0.591772
0.591783
0.591792
0.591799
0.591806
0.591811
0.591815
0.591817
0.59182
0.591821
0.591822
0.591823
0.591823
0.591823
0.591822
0.591822
0.591821
0.591819
0.591818
0.591817
0.591815
0.591813
0.591811
0.591809
0.591807
0.591805
0.591803
0.591801
0.591799
0.591796
0.591794
0.591792
0.591788
0.591785
0.591781
0.591779
0.591777
0.591775
0.591774
0.591773
0.591771
0.59177
0.59177
0.591769
0.591768
0.591768
0.591768
0.591768
0.591768
0.591768
0.591768
0.591768
0.591768
0.591768
0.591769
0.59177
0.59177
0.591771
0.591772
0.591774
0.591775
0.591776
0.591778
0.591779
0.591781
0.591783
0.591784
0.591786
0.591788
0.591789
0.591791
0.591793
0.591794
0.591796
0.591797
0.591798
0.5918
0.591801
0.590923
0.590998
0.591111
0.591209
0.591291
0.591363
0.59143
0.591491
0.591547
0.591597
0.591642
0.591684
0.591722
0.591754
0.591784
0.591811
0.591836
0.591858
0.591878
0.591896
0.591912
0.591926
0.591938
0.591947
0.591955
0.591961
0.591966
0.591968
0.59197
0.59197
0.59197
0.591969
0.591967
0.591964
0.591961
0.591958
0.591954
0.59195
0.591946
0.591941
0.591936
0.591931
0.591925
0.591919
0.591914
0.591909
0.591904
0.591899
0.591894
0.59189
0.591885
0.591881
0.591876
0.591872
0.591867
0.591863
0.591859
0.591857
0.591854
0.591851
0.591848
0.591845
0.591842
0.591839
0.591837
0.591834
0.591832
0.59183
0.591828
0.591826
0.591824
0.591823
0.591822
0.59182
0.591819
0.591818
0.591817
0.591817
0.591816
0.591816
0.591815
0.591815
0.591816
0.591816
0.591816
0.591817
0.591818
0.591818
0.591819
0.59182
0.591821
0.591821
0.591822
0.591823
0.591823
0.591824
0.591824
0.591825
0.591825
0.591825
0.591089
0.591152
0.591254
0.591349
0.591431
0.591503
0.591567
0.591626
0.591679
0.591727
0.591771
0.59181
0.591846
0.591879
0.591909
0.591936
0.59196
0.591982
0.592003
0.592021
0.592038
0.592052
0.592065
0.592075
0.592085
0.592092
0.592098
0.592103
0.592107
0.59211
0.592111
0.592112
0.592112
0.592111
0.592109
0.592107
0.592105
0.592101
0.592098
0.592093
0.592089
0.592084
0.592077
0.592071
0.592064
0.592057
0.59205
0.592044
0.592037
0.59203
0.592023
0.592016
0.592007
0.592002
0.591993
0.591987
0.591984
0.591982
0.591977
0.591972
0.591966
0.59196
0.591954
0.591948
0.591943
0.591938
0.591933
0.591928
0.591923
0.591919
0.591915
0.59191
0.591907
0.591903
0.591899
0.591896
0.591893
0.59189
0.591887
0.591885
0.591882
0.59188
0.591878
0.591876
0.591875
0.591874
0.591874
0.591874
0.591873
0.591873
0.591872
0.591872
0.591871
0.59187
0.59187
0.591869
0.591869
0.591868
0.591867
0.591866
0.59122
0.591267
0.59135
0.591433
0.591509
0.591576
0.591637
0.591694
0.591745
0.591792
0.591834
0.591873
0.591908
0.591941
0.59197
0.591997
0.592021
0.592043
0.592063
0.592081
0.592097
0.592111
0.592123
0.592134
0.592143
0.592151
0.592158
0.592164
0.592168
0.592172
0.592176
0.592179
0.592181
0.592183
0.592183
0.592182
0.592182
0.592182
0.592181
0.59218
0.592179
0.592177
0.592175
0.592172
0.592169
0.592165
0.592162
0.592158
0.592155
0.59215
0.592147
0.592143
0.592138
0.592134
0.592129
0.592124
0.592121
0.592118
0.592114
0.592109
0.592104
0.592098
0.592093
0.592087
0.592081
0.592075
0.59207
0.592064
0.592058
0.592051
0.592045
0.59204
0.592034
0.592028
0.592022
0.592016
0.59201
0.592005
0.591999
0.591994
0.591989
0.591984
0.59198
0.591976
0.591973
0.59197
0.591966
0.591963
0.59196
0.591957
0.591954
0.591952
0.591949
0.591946
0.591944
0.591941
0.591939
0.591936
0.591934
0.59193
0.591315
0.591377
0.591447
0.591519
0.591587
0.59165
0.591707
0.591759
0.591807
0.591851
0.591891
0.591927
0.591961
0.591991
0.592019
0.592044
0.592067
0.592087
0.592106
0.592122
0.592137
0.59215
0.592161
0.592171
0.592179
0.592186
0.592193
0.592198
0.592203
0.592206
0.59221
0.592213
0.592214
0.592215
0.592216
0.592216
0.592217
0.592217
0.592216
0.592216
0.592215
0.592214
0.592212
0.592211
0.592209
0.592207
0.592205
0.592203
0.592202
0.592199
0.592197
0.592195
0.592193
0.592191
0.592188
0.592186
0.592183
0.592181
0.592178
0.592176
0.592173
0.592171
0.592168
0.592166
0.592163
0.59216
0.592157
0.592154
0.592151
0.592148
0.592144
0.592141
0.592138
0.592134
0.59213
0.592126
0.592122
0.592118
0.592115
0.592109
0.592102
0.592098
0.592097
0.592095
0.592091
0.592087
0.592083
0.592078
0.592074
0.59207
0.592065
0.59206
0.592056
0.592051
0.592047
0.592042
0.592038
0.592032
0.592029
0.592022
0.591384
0.591451
0.591521
0.591589
0.591652
0.59171
0.591764
0.591812
0.591857
0.591897
0.591934
0.591968
0.591999
0.592027
0.592052
0.592075
0.592096
0.592115
0.592132
0.592147
0.59216
0.592172
0.592182
0.592191
0.592199
0.592206
0.592211
0.592216
0.59222
0.592223
0.592226
0.592228
0.59223
0.592231
0.592232
0.592232
0.592232
0.592232
0.592231
0.59223
0.59223
0.592228
0.592227
0.592226
0.592224
0.592223
0.592221
0.592219
0.592218
0.592216
0.592215
0.592213
0.592211
0.592209
0.592207
0.592205
0.592204
0.592202
0.5922
0.592199
0.592197
0.592195
0.592194
0.592192
0.592191
0.592189
0.592187
0.592186
0.592184
0.592182
0.59218
0.592179
0.592177
0.592176
0.592174
0.592172
0.592171
0.592169
0.592167
0.592165
0.592163
0.592161
0.59216
0.592158
0.592156
0.592154
0.592152
0.592149
0.592147
0.592146
0.592145
0.592143
0.59214
0.592138
0.592135
0.592132
0.592129
0.592126
0.592123
0.592118
0.59144
0.591501
0.591567
0.59163
0.591687
0.591741
0.591791
0.591837
0.591879
0.591917
0.591953
0.591985
0.592014
0.592041
0.592065
0.592087
0.592107
0.592125
0.592141
0.592155
0.592168
0.592179
0.592189
0.592198
0.592205
0.592212
0.592217
0.592222
0.592226
0.592229
0.592232
0.592234
0.592236
0.592238
0.592239
0.592239
0.59224
0.592239
0.592239
0.592238
0.592237
0.592236
0.592235
0.592234
0.592233
0.592232
0.59223
0.592229
0.592227
0.592225
0.592224
0.592222
0.59222
0.592219
0.592217
0.592215
0.592214
0.592212
0.592211
0.592209
0.592207
0.592206
0.592204
0.592203
0.592202
0.5922
0.592199
0.592197
0.592196
0.592194
0.592193
0.592192
0.592191
0.59219
0.592189
0.592188
0.592187
0.592186
0.592185
0.592184
0.592183
0.592182
0.592181
0.592181
0.59218
0.592179
0.592178
0.592177
0.592176
0.592175
0.592174
0.592173
0.592172
0.592171
0.592169
0.592168
0.592167
0.592166
0.592164
0.592163
0.591492
0.591548
0.591611
0.59167
0.591724
0.591774
0.59182
0.591863
0.591902
0.591939
0.591972
0.592002
0.59203
0.592055
0.592078
0.592098
0.592117
0.592134
0.59215
0.592163
0.592175
0.592186
0.592196
0.592204
0.592211
0.592217
0.592223
0.592227
0.592231
0.592234
0.592237
0.592239
0.592241
0.592242
0.592243
0.592243
0.592244
0.592243
0.592243
0.592243
0.592242
0.592241
0.59224
0.592239
0.592238
0.592236
0.592235
0.592233
0.592232
0.59223
0.592229
0.592227
0.592225
0.592223
0.592222
0.59222
0.592219
0.592217
0.592216
0.592214
0.592213
0.592211
0.59221
0.592208
0.592207
0.592206
0.592205
0.592204
0.592202
0.592201
0.5922
0.592199
0.592198
0.592198
0.592197
0.592196
0.592195
0.592194
0.592194
0.592193
0.592192
0.592191
0.59219
0.59219
0.592189
0.592188
0.592187
0.592187
0.592186
0.592185
0.592185
0.592184
0.592183
0.592182
0.592182
0.592181
0.59218
0.592179
0.592178
0.592178
0.591544
0.591594
0.591653
0.591707
0.591756
0.591802
0.591845
0.591885
0.591922
0.591956
0.591987
0.592016
0.592042
0.592066
0.592087
0.592107
0.592125
0.592141
0.592155
0.592168
0.592179
0.59219
0.592199
0.592206
0.592213
0.592219
0.592225
0.592229
0.592233
0.592236
0.592239
0.592241
0.592242
0.592244
0.592245
0.592245
0.592246
0.592245
0.592245
0.592245
0.592244
0.592244
0.592243
0.592242
0.592241
0.59224
0.592238
0.592237
0.592236
0.592234
0.592233
0.592231
0.59223
0.592228
0.592227
0.592226
0.592224
0.592223
0.592221
0.59222
0.592218
0.592217
0.592215
0.592213
0.592212
0.592211
0.59221
0.592208
0.592207
0.592207
0.592206
0.592205
0.592204
0.592203
0.592202
0.592201
0.5922
0.5922
0.592199
0.592198
0.592197
0.592197
0.592196
0.592195
0.592195
0.592194
0.592193
0.592193
0.592192
0.592192
0.592191
0.59219
0.59219
0.592189
0.592188
0.592188
0.592187
0.592186
0.592185
0.592185
0.591594
0.591639
0.591693
0.591743
0.591788
0.59183
0.59187
0.591907
0.591941
0.591973
0.592002
0.592028
0.592053
0.592075
0.592096
0.592114
0.592131
0.592146
0.59216
0.592172
0.592183
0.592192
0.592201
0.592209
0.592215
0.592221
0.592226
0.59223
0.592234
0.592237
0.592239
0.592241
0.592243
0.592244
0.592245
0.592246
0.592246
0.592246
0.592246
0.592246
0.592245
0.592244
0.592244
0.592243
0.592242
0.592241
0.592239
0.592238
0.592237
0.592235
0.592234
0.592233
0.592231
0.59223
0.592228
0.592227
0.592226
0.592224
0.592223
0.592222
0.59222
0.592219
0.592218
0.592217
0.592215
0.592214
0.592213
0.592212
0.592212
0.592211
0.59221
0.592209
0.592208
0.592208
0.592207
0.592206
0.592205
0.592205
0.592204
0.592204
0.592203
0.592202
0.592202
0.592201
0.592201
0.5922
0.5922
0.592199
0.592198
0.592198
0.592197
0.592197
0.592196
0.592196
0.592195
0.592194
0.592194
0.592193
0.592192
0.592192
0.591643
0.591683
0.591732
0.591778
0.591819
0.591857
0.591893
0.591927
0.591959
0.591989
0.592016
0.592041
0.592064
0.592085
0.592104
0.592121
0.592137
0.592151
0.592164
0.592175
0.592185
0.592195
0.592203
0.59221
0.592216
0.592221
0.592226
0.59223
0.592233
0.592236
0.592239
0.592241
0.592242
0.592244
0.592245
0.592245
0.592246
0.592246
0.592246
0.592245
0.592245
0.592245
0.592244
0.592243
0.592242
0.592241
0.59224
0.592239
0.592238
0.592237
0.592235
0.592234
0.592233
0.592231
0.59223
0.592229
0.592227
0.592226
0.592225
0.592224
0.592222
0.592221
0.59222
0.592219
0.592218
0.592217
0.592216
0.592215
0.592214
0.592214
0.592213
0.592212
0.592211
0.59221
0.59221
0.592209
0.592208
0.592208
0.592207
0.592206
0.592206
0.592205
0.592205
0.592204
0.592204
0.592203
0.592203
0.592202
0.592202
0.592201
0.592201
0.5922
0.5922
0.592199
0.592198
0.592198
0.592197
0.592196
0.592196
0.592195
0.591692
0.591726
0.59177
0.591812
0.591849
0.591884
0.591917
0.591948
0.591977
0.592004
0.592029
0.592053
0.592074
0.592093
0.592111
0.592127
0.592142
0.592155
0.592167
0.592178
0.592188
0.592196
0.592204
0.59221
0.592216
0.592221
0.592226
0.59223
0.592233
0.592236
0.592238
0.59224
0.592241
0.592243
0.592244
0.592244
0.592245
0.592245
0.592245
0.592245
0.592244
0.592244
0.592243
0.592243
0.592242
0.592241
0.59224
0.592239
0.592238
0.592237
0.592235
0.592234
0.592233
0.592232
0.59223
0.592229
0.592228
0.592227
0.592226
0.592225
0.592223
0.592222
0.592221
0.59222
0.592219
0.592219
0.592218
0.592217
0.592216
0.592215
0.592214
0.592214
0.592213
0.592212
0.592211
0.592211
0.59221
0.592209
0.592209
0.592208
0.592208
0.592207
0.592207
0.592206
0.592206
0.592205
0.592205
0.592204
0.592204
0.592203
0.592203
0.592202
0.592202
0.592201
0.592201
0.5922
0.592199
0.592199
0.592198
0.592198
0.591739
0.591769
0.591809
0.591846
0.591879
0.591911
0.591941
0.591969
0.591996
0.59202
0.592043
0.592065
0.592084
0.592102
0.592119
0.592133
0.592147
0.592159
0.592171
0.592181
0.592189
0.592197
0.592204
0.592211
0.592216
0.592221
0.592225
0.592229
0.592232
0.592234
0.592236
0.592238
0.59224
0.592241
0.592242
0.592242
0.592243
0.592243
0.592243
0.592243
0.592243
0.592242
0.592242
0.592241
0.592241
0.59224
0.592239
0.592238
0.592237
0.592236
0.592235
0.592234
0.592233
0.592232
0.592231
0.59223
0.592229
0.592228
0.592226
0.592225
0.592224
0.592224
0.592223
0.592222
0.592221
0.59222
0.592219
0.592218
0.592218
0.592217
0.592216
0.592215
0.592215
0.592214
0.592213
0.592213
0.592212
0.592211
0.592211
0.59221
0.59221
0.592209
0.592209
0.592208
0.592208
0.592207
0.592207
0.592206
0.592206
0.592205
0.592205
0.592204
0.592203
0.592203
0.592202
0.592202
0.592201
0.592201
0.5922
0.5922
0.591786
0.591812
0.591846
0.591879
0.591909
0.591937
0.591964
0.59199
0.592014
0.592036
0.592057
0.592076
0.592094
0.592111
0.592126
0.592139
0.592152
0.592163
0.592173
0.592183
0.592191
0.592198
0.592205
0.592211
0.592216
0.59222
0.592224
0.592227
0.59223
0.592232
0.592234
0.592236
0.592238
0.592239
0.59224
0.59224
0.592241
0.592241
0.592241
0.592241
0.592241
0.59224
0.59224
0.592239
0.592239
0.592238
0.592237
0.592237
0.592236
0.592235
0.592234
0.592233
0.592232
0.592231
0.59223
0.592229
0.592228
0.592227
0.592226
0.592225
0.592224
0.592223
0.592222
0.592222
0.592221
0.59222
0.592219
0.592219
0.592218
0.592217
0.592216
0.592216
0.592215
0.592214
0.592214
0.592213
0.592213
0.592212
0.592211
0.592211
0.59221
0.59221
0.592209
0.592209
0.592208
0.592208
0.592207
0.592207
0.592207
0.592206
0.592206
0.592205
0.592205
0.592204
0.592204
0.592203
0.592203
0.592202
0.592202
0.592201
0.591831
0.591853
0.591883
0.591912
0.591939
0.591964
0.591987
0.59201
0.592032
0.592052
0.592071
0.592088
0.592105
0.592119
0.592133
0.592145
0.592157
0.592167
0.592176
0.592185
0.592192
0.592199
0.592205
0.59221
0.592215
0.592219
0.592222
0.592225
0.592228
0.59223
0.592232
0.592234
0.592235
0.592236
0.592237
0.592237
0.592238
0.592238
0.592238
0.592238
0.592238
0.592238
0.592237
0.592237
0.592237
0.592236
0.592236
0.592235
0.592234
0.592233
0.592233
0.592232
0.592231
0.59223
0.592229
0.592228
0.592227
0.592227
0.592226
0.592225
0.592224
0.592223
0.592222
0.592222
0.592221
0.59222
0.59222
0.592219
0.592218
0.592217
0.592217
0.592216
0.592216
0.592215
0.592214
0.592214
0.592213
0.592213
0.592212
0.592212
0.592211
0.59221
0.59221
0.59221
0.592209
0.592209
0.592208
0.592208
0.592207
0.592207
0.592206
0.592206
0.592205
0.592205
0.592205
0.592204
0.592204
0.592203
0.592203
0.592202
0.591875
0.591894
0.59192
0.591945
0.591968
0.59199
0.592011
0.592031
0.59205
0.592068
0.592085
0.5921
0.592115
0.592128
0.59214
0.592151
0.592162
0.592171
0.592179
0.592187
0.592193
0.592199
0.592205
0.59221
0.592214
0.592217
0.592221
0.592223
0.592226
0.592228
0.592229
0.592231
0.592232
0.592233
0.592234
0.592234
0.592235
0.592235
0.592235
0.592235
0.592235
0.592235
0.592235
0.592234
0.592234
0.592233
0.592233
0.592232
0.592232
0.592231
0.59223
0.59223
0.592229
0.592228
0.592227
0.592226
0.592226
0.592225
0.592224
0.592223
0.592223
0.592222
0.592221
0.592221
0.59222
0.592219
0.592219
0.592218
0.592218
0.592217
0.592216
0.592216
0.592215
0.592215
0.592214
0.592214
0.592213
0.592213
0.592212
0.592212
0.592211
0.592211
0.59221
0.59221
0.592209
0.592209
0.592209
0.592208
0.592208
0.592207
0.592207
0.592207
0.592206
0.592206
0.592205
0.592205
0.592205
0.592204
0.592204
0.592203
0.591918
0.591933
0.591955
0.591977
0.591997
0.592016
0.592034
0.592051
0.592068
0.592084
0.592099
0.592112
0.592125
0.592137
0.592147
0.592157
0.592166
0.592174
0.592182
0.592189
0.592195
0.5922
0.592205
0.592209
0.592213
0.592216
0.592219
0.592221
0.592223
0.592225
0.592227
0.592228
0.592229
0.59223
0.592231
0.592231
0.592232
0.592232
0.592232
0.592232
0.592232
0.592232
0.592231
0.592231
0.592231
0.592231
0.59223
0.59223
0.592229
0.592229
0.592228
0.592228
0.592227
0.592226
0.592226
0.592225
0.592224
0.592224
0.592223
0.592222
0.592222
0.592221
0.59222
0.59222
0.592219
0.592219
0.592218
0.592218
0.592217
0.592216
0.592216
0.592215
0.592215
0.592215
0.592214
0.592214
0.592213
0.592213
0.592212
0.592212
0.592212
0.592211
0.592211
0.59221
0.59221
0.59221
0.592209
0.592209
0.592209
0.592208
0.592208
0.592208
0.592207
0.592207
0.592206
0.592206
0.592206
0.592205
0.592205
0.592205
0.591959
0.591972
0.59199
0.592008
0.592025
0.592041
0.592057
0.592072
0.592086
0.5921
0.592112
0.592124
0.592135
0.592145
0.592155
0.592163
0.592171
0.592178
0.592184
0.59219
0.592196
0.5922
0.592204
0.592208
0.592211
0.592214
0.592217
0.592219
0.592221
0.592222
0.592224
0.592225
0.592226
0.592227
0.592227
0.592228
0.592228
0.592228
0.592228
0.592228
0.592228
0.592228
0.592228
0.592228
0.592227
0.592227
0.592227
0.592227
0.592226
0.592226
0.592225
0.592225
0.592224
0.592224
0.592223
0.592223
0.592222
0.592221
0.592221
0.59222
0.59222
0.592219
0.592219
0.592218
0.592218
0.592217
0.592217
0.592216
0.592216
0.592216
0.592215
0.592215
0.592214
0.592214
0.592214
0.592213
0.592213
0.592212
0.592212
0.592212
0.592211
0.592211
0.592211
0.59221
0.59221
0.59221
0.59221
0.592209
0.592209
0.592209
0.592208
0.592208
0.592208
0.592207
0.592207
0.592207
0.592206
0.592206
0.592206
0.592205
0.591999
0.592009
0.592024
0.592039
0.592053
0.592067
0.59208
0.592092
0.592104
0.592115
0.592126
0.592136
0.592145
0.592154
0.592162
0.592169
0.592176
0.592182
0.592187
0.592192
0.592196
0.5922
0.592204
0.592207
0.59221
0.592212
0.592214
0.592216
0.592218
0.592219
0.592221
0.592222
0.592222
0.592223
0.592223
0.592224
0.592224
0.592224
0.592225
0.592225
0.592225
0.592225
0.592224
0.592224
0.592224
0.592224
0.592224
0.592224
0.592223
0.592223
0.592223
0.592222
0.592222
0.592221
0.592221
0.592221
0.59222
0.59222
0.592219
0.592219
0.592218
0.592218
0.592218
0.592217
0.592217
0.592216
0.592216
0.592215
0.592215
0.592215
0.592214
0.592214
0.592214
0.592213
0.592213
0.592213
0.592212
0.592212
0.592212
0.592211
0.592211
0.592211
0.59221
0.59221
0.59221
0.59221
0.592209
0.592209
0.592209
0.592209
0.592208
0.592208
0.592208
0.592207
0.592207
0.592207
0.592207
0.592206
0.592206
0.592206
0.592038
0.592046
0.592058
0.59207
0.592081
0.592091
0.592102
0.592112
0.592122
0.592131
0.59214
0.592148
0.592155
0.592162
0.592169
0.592175
0.59218
0.592185
0.59219
0.592194
0.592197
0.592201
0.592204
0.592206
0.592209
0.592211
0.592212
0.592214
0.592215
0.592216
0.592217
0.592218
0.592219
0.592219
0.59222
0.59222
0.592221
0.592221
0.592221
0.592221
0.592221
0.592221
0.592221
0.592221
0.592221
0.592221
0.592221
0.59222
0.59222
0.59222
0.59222
0.59222
0.592219
0.592219
0.592219
0.592218
0.592218
0.592218
0.592217
0.592217
0.592217
0.592216
0.592216
0.592216
0.592215
0.592215
0.592215
0.592214
0.592214
0.592214
0.592213
0.592213
0.592213
0.592212
0.592212
0.592212
0.592212
0.592211
0.592211
0.592211
0.592211
0.59221
0.59221
0.59221
0.592209
0.592209
0.592209
0.592209
0.592208
0.592208
0.592208
0.592208
0.592208
0.592207
0.592207
0.592207
0.592207
0.592206
0.592206
0.592206
0.592076
0.592082
0.592091
0.5921
0.592108
0.592116
0.592125
0.592132
0.59214
0.592147
0.592154
0.59216
0.592166
0.592171
0.592176
0.592181
0.592185
0.592189
0.592193
0.592196
0.592199
0.592201
0.592204
0.592206
0.592208
0.592209
0.592211
0.592212
0.592213
0.592214
0.592215
0.592215
0.592216
0.592217
0.592217
0.592217
0.592218
0.592218
0.592218
0.592218
0.592218
0.592218
0.592218
0.592218
0.592218
0.592218
0.592218
0.592218
0.592218
0.592218
0.592218
0.592218
0.592217
0.592217
0.592217
0.592217
0.592217
0.592216
0.592216
0.592216
0.592215
0.592215
0.592215
0.592215
0.592214
0.592214
0.592214
0.592213
0.592213
0.592213
0.592213
0.592212
0.592212
0.592212
0.592212
0.592211
0.592211
0.592211
0.592211
0.59221
0.59221
0.59221
0.59221
0.59221
0.59221
0.592209
0.592209
0.592209
0.592209
0.592209
0.592208
0.592208
0.592208
0.592208
0.592208
0.592207
0.592207
0.592207
0.592207
0.592207
0.592113
0.592117
0.592123
0.592129
0.592135
0.592141
0.592147
0.592152
0.592158
0.592163
0.592168
0.592172
0.592176
0.59218
0.592184
0.592187
0.592191
0.592193
0.592196
0.592198
0.592201
0.592203
0.592204
0.592206
0.592207
0.592208
0.592209
0.59221
0.592211
0.592212
0.592212
0.592213
0.592213
0.592214
0.592214
0.592214
0.592214
0.592215
0.592215
0.592215
0.592215
0.592215
0.592215
0.592215
0.592215
0.592215
0.592215
0.592215
0.592215
0.592215
0.592215
0.592214
0.592214
0.592214
0.592214
0.592214
0.592214
0.592214
0.592213
0.592213
0.592213
0.592213
0.592213
0.592212
0.592212
0.592212
0.592212
0.592211
0.592211
0.592211
0.592211
0.592211
0.59221
0.59221
0.59221
0.59221
0.59221
0.59221
0.592209
0.592209
0.592209
0.592209
0.592209
0.592209
0.592208
0.592208
0.592208
0.592208
0.592208
0.592208
0.592208
0.592207
0.592207
0.592207
0.592207
0.592207
0.592207
0.592206
0.592206
0.592206
0.592149
0.592151
0.592155
0.592158
0.592162
0.592165
0.592169
0.592172
0.592176
0.592179
0.592182
0.592185
0.592188
0.59219
0.592193
0.592195
0.592197
0.592199
0.5922
0.592202
0.592203
0.592205
0.592206
0.592207
0.592208
0.592208
0.592209
0.59221
0.59221
0.59221
0.592211
0.592211
0.592211
0.592211
0.592211
0.592211
0.592212
0.592212
0.592212
0.592212
0.592211
0.592211
0.592211
0.592211
0.592211
0.592211
0.592211
0.592211
0.592211
0.592211
0.59221
0.59221
0.59221
0.59221
0.59221
0.59221
0.59221
0.59221
0.59221
0.59221
0.59221
0.592209
0.592209
0.592209
0.592209
0.592209
0.592209
0.592209
0.592209
0.592209
0.592209
0.592208
0.592208
0.592208
0.592208
0.592208
0.592208
0.592208
0.592208
0.592208
0.592208
0.592207
0.592207
0.592207
0.592207
0.592207
0.592207
0.592207
0.592207
0.592207
0.592206
0.592206
0.592206
0.592206
0.592206
0.592206
0.592206
0.592206
0.592205
0.592205
0.592187
0.592188
0.592189
0.59219
0.592192
0.592193
0.592194
0.592196
0.592197
0.592198
0.592199
0.5922
0.592201
0.592202
0.592203
0.592204
0.592205
0.592205
0.592206
0.592206
0.592206
0.592207
0.592207
0.592207
0.592207
0.592208
0.592208
0.592208
0.592208
0.592208
0.592208
0.592208
0.592208
0.592208
0.592207
0.592207
0.592207
0.592207
0.592207
0.592207
0.592207
0.592207
0.592207
0.592207
0.592207
0.592207
0.592207
0.592206
0.592206
0.592206
0.592206
0.592206
0.592206
0.592206
0.592206
0.592206
0.592206
0.592206
0.592206
0.592206
0.592206
0.592206
0.592206
0.592206
0.592206
0.592206
0.592206
0.592206
0.592206
0.592206
0.592206
0.592206
0.592206
0.592206
0.592206
0.592206
0.592206
0.592206
0.592206
0.592206
0.592206
0.592206
0.592206
0.592206
0.592206
0.592206
0.592205
0.592205
0.592205
0.592205
0.592205
0.592205
0.592205
0.592205
0.592205
0.592205
0.592205
0.592205
0.592205
0.592205
0.591195
0.591184
0.59119
0.591208
0.59123
0.591265
0.591292
0.591317
0.591324
0.591269
0.591298
0.591284
0.591284
0.591293
0.591307
0.591329
0.591349
0.591367
0.591377
0.591341
0.591393
0.591376
0.59137
0.591372
0.59138
0.591391
0.591405
0.591417
0.591427
0.591408
0.591477
0.591459
0.59145
0.591448
0.591451
0.591457
0.591465
0.591472
0.59148
0.591468
0.591552
0.591534
0.591523
0.591518
0.591517
0.591519
0.591523
0.591528
0.591532
0.591527
0.59162
0.591602
0.591591
0.591584
0.591581
0.59158
0.591581
0.591583
0.591585
0.591582
0.591681
0.591664
0.591652
0.591644
0.591639
0.591637
0.591636
0.591637
0.591638
0.591635
0.591737
0.591721
0.591709
0.591701
0.591695
0.591692
0.59169
0.591689
0.591689
0.591687
0.591788
0.591773
0.591762
0.591753
0.591747
0.591743
0.591741
0.591739
0.591739
0.591737
0.591835
0.591821
0.591811
0.591803
0.591797
0.591793
0.59179
0.591788
0.591787
0.591785
0.591878
0.591866
0.591857
0.591849
0.591843
0.591839
0.591836
0.591834
0.591833
0.591831
0.591919
0.591909
0.5919
0.591893
0.591888
0.591884
0.59188
0.591878
0.591877
0.591876
0.591958
0.591949
0.591941
0.591935
0.59193
0.591926
0.591923
0.591921
0.59192
0.591919
0.591994
0.591987
0.59198
0.591975
0.59197
0.591967
0.591964
0.591962
0.591961
0.59196
0.592029
0.592022
0.592017
0.592012
0.592009
0.592006
0.592003
0.592002
0.592001
0.592
0.592062
0.592057
0.592053
0.592049
0.592046
0.592043
0.592041
0.59204
0.592039
0.592039
0.592095
0.592091
0.592087
0.592084
0.592082
0.59208
0.592079
0.592078
0.592077
0.592077
0.592126
0.592123
0.59212
0.592118
0.592117
0.592115
0.592114
0.592114
0.592113
0.592113
0.592157
0.592155
0.592154
0.592152
0.592151
0.59215
0.59215
0.592149
0.592149
0.592149
0.592188
0.592187
0.592187
0.592187
0.592187
0.592187
0.592187
0.592187
0.592187
0.592187
0.592494
0.592462
0.592415
0.592356
0.592274
0.59216
0.592002
0.591733
0.591404
0.59043
0.592286
0.592222
0.592143
0.592052
0.591935
0.591773
0.591562
0.591217
0.59083
0.589634
0.592066
0.59198
0.591878
0.591759
0.591605
0.591404
0.591142
0.590724
0.590288
0.588863
0.591856
0.591753
0.59163
0.591484
0.591301
0.591056
0.590753
0.590266
0.589788
0.588155
0.591668
0.591546
0.591406
0.591236
0.591023
0.590749
0.590408
0.58986
0.589355
0.587533
0.591501
0.591366
0.59121
0.59102
0.590786
0.590481
0.590116
0.589516
0.588991
0.587028
0.591362
0.591214
0.591048
0.590841
0.59059
0.590268
0.589886
0.589249
0.58872
0.586594
0.591246
0.591093
0.590919
0.590703
0.590444
0.590109
0.589723
0.589065
0.588534
0.586296
0.591162
0.591004
0.590826
0.590605
0.590344
0.59001
0.589629
0.588962
0.588449
0.586131
0.591102
0.590947
0.590769
0.590551
0.590297
0.589972
0.589602
0.588944
0.588456
0.586107
0.593924
0.594072
0.594209
0.594359
0.594519
0.594706
0.594902
0.595099
0.595297
0.595508
0.593904
0.594052
0.594191
0.59434
0.594502
0.594685
0.594882
0.595073
0.595262
0.595477
0.593844
0.593989
0.594119
0.594265
0.594414
0.594594
0.594775
0.594947
0.595105
0.595302
0.593754
0.593881
0.594012
0.594131
0.594284
0.59443
0.594604
0.594744
0.594863
0.595002
0.593628
0.593746
0.593856
0.59397
0.594084
0.594223
0.594358
0.594467
0.594534
0.59458
0.593476
0.593573
0.593671
0.59376
0.593859
0.593955
0.594059
0.594124
0.594126
0.594056
0.5933
0.593378
0.593453
0.593517
0.593584
0.593649
0.593706
0.593717
0.593661
0.593445
0.593105
0.593159
0.593215
0.59325
0.593283
0.593305
0.593308
0.593263
0.593132
0.592757
0.592898
0.592926
0.592955
0.592963
0.592959
0.592935
0.59289
0.592772
0.592576
0.59201
0.592677
0.592683
0.592684
0.592662
0.592617
0.59255
0.592444
0.592253
0.591987
0.591232
0.592205
0.592205
0.592205
0.592205
0.592205
0.592205
0.592205
0.592205
0.592205
0.592206
0.592206
0.592206
0.592206
0.592206
0.592206
0.592206
0.592207
0.592207
0.592207
0.592207
0.592208
0.592208
0.592208
0.592209
0.592209
0.59221
0.59221
0.592211
0.592211
0.592212
0.592212
0.592213
0.592214
0.592214
0.592215
0.592216
0.592217
0.592218
0.592219
0.592221
0.592222
0.592223
0.592225
0.592226
0.592228
0.59223
0.592232
0.592234
0.592236
0.592239
0.592241
0.592244
0.592247
0.592251
0.592254
0.592258
0.592262
0.592266
0.592271
0.592275
0.592281
0.592286
0.592293
0.592299
0.592306
0.592313
0.592322
0.59233
0.592339
0.592349
0.59236
0.592372
0.592384
0.592397
0.592411
0.592426
0.592443
0.59246
0.592479
0.5925
0.592521
0.592545
0.59257
0.592599
0.592628
0.592661
0.592696
0.592735
0.592778
0.592823
0.592876
0.59293
0.592997
0.593063
0.593147
0.593231
0.593338
0.59345
0.593589
0.593739
0.592205
0.592205
0.592205
0.592205
0.592205
0.592205
0.592205
0.592205
0.592205
0.592206
0.592206
0.592206
0.592206
0.592206
0.592206
0.592206
0.592207
0.592207
0.592207
0.592207
0.592208
0.592208
0.592208
0.592209
0.592209
0.59221
0.59221
0.592211
0.592211
0.592212
0.592212
0.592213
0.592214
0.592214
0.592215
0.592216
0.592217
0.592218
0.592219
0.592221
0.592222
0.592223
0.592225
0.592226
0.592228
0.59223
0.592232
0.592234
0.592236
0.592239
0.592241
0.592244
0.592247
0.592251
0.592254
0.592258
0.592261
0.592266
0.59227
0.592275
0.592281
0.592286
0.592293
0.592299
0.592306
0.592313
0.592322
0.59233
0.592339
0.592349
0.59236
0.592371
0.592384
0.592397
0.592411
0.592426
0.592442
0.59246
0.592479
0.5925
0.592521
0.592545
0.59257
0.592599
0.592628
0.592661
0.592697
0.592734
0.592778
0.592822
0.592876
0.592928
0.592995
0.59306
0.593143
0.593227
0.593331
0.593442
0.593576
0.593722
0.592205
0.592205
0.592205
0.592205
0.592205
0.592205
0.592205
0.592205
0.592205
0.592206
0.592206
0.592206
0.592206
0.592206
0.592206
0.592206
0.592207
0.592207
0.592207
0.592207
0.592208
0.592208
0.592208
0.592209
0.592209
0.59221
0.59221
0.592211
0.592211
0.592212
0.592212
0.592213
0.592214
0.592214
0.592215
0.592216
0.592217
0.592218
0.592219
0.59222
0.592222
0.592223
0.592225
0.592226
0.592228
0.59223
0.592232
0.592234
0.592236
0.592239
0.592241
0.592244
0.592247
0.59225
0.592254
0.592258
0.592261
0.592266
0.59227
0.592275
0.592281
0.592286
0.592293
0.592298
0.592306
0.592313
0.592322
0.59233
0.592339
0.592349
0.59236
0.592371
0.592383
0.592397
0.592411
0.592426
0.592442
0.59246
0.592479
0.5925
0.592521
0.592545
0.59257
0.592598
0.592627
0.59266
0.592695
0.592733
0.592776
0.59282
0.592873
0.592924
0.59299
0.593053
0.593134
0.593214
0.593315
0.593419
0.593546
0.59368
0.592205
0.592205
0.592205
0.592205
0.592205
0.592205
0.592205
0.592205
0.592205
0.592205
0.592206
0.592206
0.592206
0.592206
0.592206
0.592206
0.592207
0.592207
0.592207
0.592207
0.592208
0.592208
0.592208
0.592209
0.592209
0.59221
0.59221
0.59221
0.592211
0.592212
0.592212
0.592213
0.592214
0.592214
0.592215
0.592216
0.592217
0.592218
0.592219
0.59222
0.592222
0.592223
0.592225
0.592226
0.592228
0.59223
0.592232
0.592234
0.592236
0.592239
0.592241
0.592244
0.592247
0.59225
0.592254
0.592257
0.592261
0.592266
0.59227
0.592275
0.592281
0.592286
0.592292
0.592298
0.592306
0.592313
0.592321
0.59233
0.592339
0.592349
0.59236
0.592371
0.592383
0.592397
0.592411
0.592426
0.592442
0.59246
0.592478
0.592499
0.592521
0.592545
0.592569
0.592597
0.592627
0.592659
0.592694
0.592731
0.592773
0.592817
0.592868
0.592919
0.592981
0.593044
0.593119
0.593197
0.593289
0.593386
0.5935
0.59361
0.592205
0.592205
0.592205
0.592205
0.592205
0.592205
0.592205
0.592205
0.592205
0.592205
0.592206
0.592206
0.592206
0.592206
0.592206
0.592206
0.592207
0.592207
0.592207
0.592207
0.592208
0.592208
0.592208
0.592209
0.592209
0.592209
0.59221
0.59221
0.592211
0.592212
0.592212
0.592213
0.592214
0.592214
0.592215
0.592216
0.592217
0.592218
0.592219
0.59222
0.592222
0.592223
0.592225
0.592226
0.592228
0.592229
0.592232
0.592234
0.592236
0.592238
0.592241
0.592244
0.592247
0.59225
0.592253
0.592257
0.592261
0.592265
0.59227
0.592275
0.59228
0.592286
0.592292
0.592298
0.592306
0.592313
0.592321
0.592329
0.592339
0.592349
0.59236
0.592371
0.592383
0.592396
0.592411
0.592426
0.592442
0.592459
0.592478
0.592499
0.59252
0.592544
0.592569
0.592596
0.592625
0.592657
0.592691
0.592729
0.592769
0.592812
0.592861
0.592912
0.59297
0.59303
0.5931
0.593172
0.593255
0.593339
0.593435
0.593521
0.592205
0.592205
0.592205
0.592205
0.592205
0.592205
0.592205
0.592205
0.592205
0.592205
0.592206
0.592206
0.592206
0.592206
0.592206
0.592206
0.592207
0.592207
0.592207
0.592207
0.592208
0.592208
0.592208
0.592209
0.592209
0.592209
0.59221
0.59221
0.592211
0.592211
0.592212
0.592213
0.592213
0.592214
0.592215
0.592216
0.592217
0.592218
0.592219
0.59222
0.592222
0.592223
0.592224
0.592226
0.592228
0.592229
0.592231
0.592233
0.592236
0.592238
0.592241
0.592243
0.592247
0.59225
0.592253
0.592257
0.592261
0.592265
0.59227
0.592275
0.59228
0.592286
0.592292
0.592298
0.592306
0.592313
0.592321
0.592329
0.592339
0.592349
0.59236
0.592371
0.592383
0.592396
0.592411
0.592426
0.592442
0.592459
0.592478
0.592498
0.59252
0.592543
0.592569
0.592595
0.592625
0.592655
0.59269
0.592725
0.592765
0.592806
0.592854
0.592901
0.592957
0.593012
0.593076
0.593141
0.593211
0.593282
0.593354
0.593409
0.592205
0.592205
0.592205
0.592205
0.592205
0.592205
0.592205
0.592205
0.592205
0.592205
0.592205
0.592206
0.592206
0.592206
0.592206
0.592206
0.592206
0.592207
0.592207
0.592207
0.592207
0.592208
0.592208
0.592208
0.592209
0.592209
0.59221
0.59221
0.592211
0.592211
0.592212
0.592213
0.592213
0.592214
0.592215
0.592216
0.592217
0.592218
0.592219
0.59222
0.592221
0.592223
0.592224
0.592226
0.592227
0.592229
0.592231
0.592233
0.592236
0.592238
0.592241
0.592243
0.592246
0.592249
0.592253
0.592257
0.592261
0.592265
0.59227
0.592274
0.59228
0.592285
0.592292
0.592298
0.592305
0.592312
0.592321
0.592329
0.592339
0.592348
0.592359
0.59237
0.592383
0.592396
0.59241
0.592425
0.592442
0.592459
0.592478
0.592497
0.592519
0.592542
0.592567
0.592593
0.592622
0.592652
0.592686
0.59272
0.592759
0.592799
0.592844
0.592889
0.59294
0.59299
0.593047
0.593101
0.593159
0.593211
0.593258
0.593278
0.592205
0.592205
0.592205
0.592205
0.592205
0.592205
0.592205
0.592205
0.592205
0.592205
0.592205
0.592206
0.592206
0.592206
0.592206
0.592206
0.592206
0.592207
0.592207
0.592207
0.592207
0.592208
0.592208
0.592208
0.592209
0.592209
0.59221
0.59221
0.592211
0.592211
0.592212
0.592212
0.592213
0.592214
0.592215
0.592216
0.592217
0.592218
0.592219
0.59222
0.592221
0.592222
0.592224
0.592225
0.592227
0.592229
0.592231
0.592233
0.592235
0.592238
0.59224
0.592243
0.592246
0.592249
0.592253
0.592256
0.592261
0.592265
0.59227
0.592274
0.59228
0.592285
0.592292
0.592298
0.592305
0.592312
0.592321
0.592329
0.592339
0.592348
0.592359
0.592371
0.592383
0.592396
0.592411
0.592425
0.592442
0.592459
0.592478
0.592498
0.592519
0.592542
0.592567
0.592593
0.592621
0.592651
0.592683
0.592717
0.592754
0.592792
0.592833
0.592875
0.592921
0.592966
0.593013
0.593057
0.593098
0.593131
0.593148
0.59313
0.592205
0.592205
0.592205
0.592205
0.592205
0.592205
0.592205
0.592205
0.592205
0.592205
0.592205
0.592205
0.592206
0.592206
0.592206
0.592206
0.592206
0.592206
0.592207
0.592207
0.592207
0.592208
0.592208
0.592208
0.592209
0.592209
0.59221
0.59221
0.592211
0.592211
0.592212
0.592212
0.592213
0.592214
0.592215
0.592215
0.592216
0.592217
0.592218
0.59222
0.592221
0.592222
0.592224
0.592225
0.592227
0.592229
0.592231
0.592233
0.592235
0.592237
0.59224
0.592243
0.592246
0.592249
0.592252
0.592256
0.59226
0.592264
0.592269
0.592274
0.592279
0.592285
0.592291
0.592297
0.592304
0.592312
0.59232
0.592328
0.592338
0.592348
0.592358
0.59237
0.592382
0.592395
0.592409
0.592424
0.59244
0.592458
0.592476
0.592496
0.592517
0.59254
0.592564
0.592589
0.592617
0.592646
0.592677
0.592709
0.592744
0.59278
0.592818
0.592856
0.592895
0.592934
0.59297
0.593003
0.593027
0.593037
0.593025
0.592967
0.592205
0.592205
0.592205
0.592205
0.592205
0.592205
0.592205
0.592205
0.592205
0.592205
0.592205
0.592205
0.592205
0.592206
0.592206
0.592206
0.592206
0.592206
0.592207
0.592207
0.592207
0.592207
0.592208
0.592208
0.592209
0.592209
0.592209
0.59221
0.59221
0.592211
0.592212
0.592212
0.592213
0.592214
0.592214
0.592215
0.592216
0.592217
0.592218
0.592219
0.592221
0.592222
0.592224
0.592225
0.592227
0.592229
0.592231
0.592233
0.592235
0.592237
0.59224
0.592243
0.592246
0.592249
0.592252
0.592256
0.59226
0.592264
0.592269
0.592274
0.592279
0.592285
0.592291
0.592298
0.592305
0.592313
0.592321
0.592329
0.592339
0.592349
0.59236
0.592371
0.592384
0.592397
0.592411
0.592427
0.592443
0.59246
0.592479
0.592499
0.59252
0.592543
0.592567
0.592592
0.592619
0.592648
0.592678
0.592709
0.592742
0.592775
0.592809
0.592843
0.592876
0.592906
0.592932
0.592949
0.592953
0.592937
0.592891
0.592794
0.592205
0.592205
0.592205
0.592205
0.592205
0.592205
0.592205
0.592205
0.592205
0.592205
0.592205
0.592205
0.592205
0.592206
0.592206
0.592206
0.592206
0.592206
0.592206
0.592207
0.592207
0.592207
0.592208
0.592208
0.592208
0.592209
0.592209
0.59221
0.59221
0.592211
0.592211
0.592212
0.592213
0.592213
0.592214
0.592215
0.592216
0.592217
0.592218
0.592219
0.59222
0.592222
0.592223
0.592225
0.592226
0.592228
0.59223
0.592232
0.592234
0.592237
0.592239
0.592242
0.592245
0.592248
0.592251
0.592255
0.592259
0.592263
0.592268
0.592273
0.592278
0.592284
0.59229
0.592296
0.592303
0.592311
0.592319
0.592327
0.592337
0.592346
0.592357
0.592368
0.592381
0.592394
0.592408
0.592423
0.592438
0.592456
0.592474
0.592493
0.592513
0.592535
0.592558
0.592583
0.592608
0.592635
0.592663
0.592691
0.592721
0.59275
0.592779
0.592807
0.592831
0.592851
0.592864
0.592865
0.59285
0.592811
0.592739
0.59261
0.592205
0.592205
0.592205
0.592205
0.592205
0.592205
0.592205
0.592205
0.592205
0.592205
0.592205
0.592205
0.592205
0.592205
0.592206
0.592206
0.592206
0.592206
0.592206
0.592207
0.592207
0.592207
0.592207
0.592208
0.592208
0.592208
0.592209
0.592209
0.59221
0.59221
0.592211
0.592212
0.592212
0.592213
0.592214
0.592214
0.592215
0.592216
0.592217
0.592218
0.59222
0.592221
0.592222
0.592224
0.592225
0.592227
0.592229
0.592231
0.592233
0.592235
0.592238
0.59224
0.592243
0.592246
0.592249
0.592253
0.592257
0.592261
0.592265
0.59227
0.592275
0.59228
0.592286
0.592292
0.592299
0.592306
0.592314
0.592322
0.592331
0.59234
0.59235
0.592361
0.592373
0.592385
0.592398
0.592412
0.592427
0.592444
0.592461
0.592479
0.592498
0.592518
0.592539
0.592562
0.592585
0.59261
0.592635
0.592661
0.592686
0.592712
0.592736
0.592759
0.592778
0.592791
0.592797
0.592791
0.592769
0.592724
0.59265
0.592532
0.592204
0.592204
0.592204
0.592204
0.592205
0.592205
0.592205
0.592205
0.592205
0.592205
0.592205
0.592205
0.592205
0.592205
0.592205
0.592206
0.592206
0.592206
0.592206
0.592206
0.592207
0.592207
0.592207
0.592208
0.592208
0.592208
0.592209
0.592209
0.59221
0.59221
0.592211
0.592211
0.592212
0.592212
0.592213
0.592214
0.592215
0.592216
0.592217
0.592218
0.592219
0.59222
0.592221
0.592223
0.592224
0.592226
0.592228
0.59223
0.592232
0.592234
0.592236
0.592239
0.592242
0.592245
0.592248
0.592251
0.592255
0.592259
0.592263
0.592267
0.592272
0.592277
0.592283
0.592289
0.592295
0.592302
0.59231
0.592318
0.592326
0.592335
0.592345
0.592355
0.592366
0.592378
0.592391
0.592405
0.592419
0.592434
0.59245
0.592467
0.592485
0.592505
0.592524
0.592545
0.592567
0.592589
0.592612
0.592634
0.592657
0.592679
0.592699
0.592716
0.59273
0.592738
0.592737
0.592726
0.592698
0.592651
0.592578
0.59247
0.592204
0.592204
0.592204
0.592204
0.592204
0.592204
0.592204
0.592205
0.592205
0.592205
0.592205
0.592205
0.592205
0.592205
0.592205
0.592205
0.592206
0.592206
0.592206
0.592206
0.592206
0.592207
0.592207
0.592207
0.592208
0.592208
0.592208
0.592209
0.592209
0.59221
0.59221
0.592211
0.592211
0.592212
0.592213
0.592214
0.592214
0.592215
0.592216
0.592217
0.592218
0.592219
0.592221
0.592222
0.592223
0.592225
0.592227
0.592229
0.59223
0.592233
0.592235
0.592237
0.59224
0.592243
0.592246
0.592249
0.592252
0.592256
0.59226
0.592264
0.592269
0.592274
0.592279
0.592285
0.592291
0.592298
0.592305
0.592312
0.592321
0.592329
0.592339
0.592348
0.592359
0.59237
0.592382
0.592395
0.592409
0.592423
0.592438
0.592454
0.592471
0.592489
0.592507
0.592527
0.592546
0.592567
0.592587
0.592607
0.592627
0.592645
0.592661
0.592675
0.592684
0.592687
0.592681
0.592664
0.592634
0.592584
0.592512
0.592413
0.592204
0.592204
0.592204
0.592204
0.592204
0.592204
0.592204
0.592204
0.592205
0.592205
0.592205
0.592205
0.592205
0.592205
0.592205
0.592205
0.592205
0.592206
0.592206
0.592206
0.592206
0.592207
0.592207
0.592207
0.592207
0.592208
0.592208
0.592208
0.592209
0.592209
0.59221
0.59221
0.592211
0.592212
0.592212
0.592213
0.592214
0.592215
0.592215
0.592216
0.592217
0.592219
0.59222
0.592221
0.592222
0.592224
0.592226
0.592227
0.592229
0.592231
0.592233
0.592236
0.592238
0.592241
0.592244
0.592247
0.59225
0.592254
0.592257
0.592262
0.592266
0.592271
0.592276
0.592281
0.592287
0.592293
0.5923
0.592307
0.592315
0.592323
0.592332
0.592341
0.592351
0.592362
0.592374
0.592386
0.592398
0.592412
0.592426
0.592441
0.592457
0.592473
0.59249
0.592508
0.592526
0.592544
0.592562
0.59258
0.592597
0.592612
0.592625
0.592635
0.59264
0.592639
0.59263
0.59261
0.592577
0.592527
0.592458
0.592366
0.592204
0.592204
0.592204
0.592204
0.592204
0.592204
0.592204
0.592204
0.592204
0.592204
0.592205
0.592205
0.592205
0.592205
0.592205
0.592205
0.592205
0.592205
0.592206
0.592206
0.592206
0.592206
0.592207
0.592207
0.592207
0.592207
0.592208
0.592208
0.592209
0.592209
0.592209
0.59221
0.592211
0.592211
0.592212
0.592212
0.592213
0.592214
0.592215
0.592216
0.592217
0.592218
0.592219
0.59222
0.592221
0.592223
0.592224
0.592226
0.592228
0.59223
0.592232
0.592234
0.592236
0.592239
0.592242
0.592244
0.592248
0.592251
0.592255
0.592259
0.592263
0.592267
0.592272
0.592277
0.592283
0.592289
0.592295
0.592302
0.592309
0.592317
0.592325
0.592334
0.592343
0.592354
0.592364
0.592376
0.592388
0.5924
0.592414
0.592427
0.592442
0.592457
0.592473
0.592489
0.592505
0.592522
0.592538
0.592553
0.592567
0.59258
0.59259
0.592597
0.592599
0.592595
0.592583
0.59256
0.592527
0.592478
0.592412
0.592328
0.592204
0.592204
0.592204
0.592204
0.592204
0.592204
0.592204
0.592204
0.592204
0.592204
0.592204
0.592205
0.592205
0.592205
0.592205
0.592205
0.592205
0.592205
0.592205
0.592206
0.592206
0.592206
0.592206
0.592207
0.592207
0.592207
0.592207
0.592208
0.592208
0.592209
0.592209
0.59221
0.59221
0.592211
0.592211
0.592212
0.592213
0.592213
0.592214
0.592215
0.592216
0.592217
0.592218
0.592219
0.59222
0.592222
0.592223
0.592225
0.592226
0.592228
0.59223
0.592232
0.592234
0.592237
0.592239
0.592242
0.592245
0.592248
0.592252
0.592255
0.592259
0.592263
0.592268
0.592273
0.592278
0.592284
0.59229
0.592296
0.592303
0.59231
0.592318
0.592326
0.592335
0.592345
0.592355
0.592365
0.592376
0.592388
0.5924
0.592413
0.592427
0.592441
0.592455
0.59247
0.592484
0.592499
0.592513
0.592526
0.592538
0.592549
0.592556
0.59256
0.59256
0.592554
0.59254
0.592517
0.592483
0.592436
0.592374
0.592298
0.592204
0.592204
0.592204
0.592204
0.592204
0.592204
0.592204
0.592204
0.592204
0.592204
0.592204
0.592204
0.592204
0.592205
0.592205
0.592205
0.592205
0.592205
0.592205
0.592205
0.592206
0.592206
0.592206
0.592206
0.592207
0.592207
0.592207
0.592207
0.592208
0.592208
0.592209
0.592209
0.59221
0.59221
0.592211
0.592211
0.592212
0.592213
0.592213
0.592214
0.592215
0.592216
0.592217
0.592218
0.592219
0.59222
0.592222
0.592223
0.592225
0.592226
0.592228
0.59223
0.592232
0.592235
0.592237
0.59224
0.592242
0.592245
0.592248
0.592252
0.592256
0.59226
0.592264
0.592268
0.592273
0.592278
0.592284
0.59229
0.592296
0.592303
0.592311
0.592318
0.592327
0.592335
0.592345
0.592354
0.592365
0.592376
0.592387
0.592399
0.592411
0.592424
0.592437
0.59245
0.592463
0.592476
0.592488
0.5925
0.59251
0.592518
0.592524
0.592526
0.592523
0.592515
0.592501
0.592477
0.592444
0.5924
0.592343
0.592274
0.592204
0.592204
0.592204
0.592204
0.592204
0.592204
0.592204
0.592204
0.592204
0.592204
0.592204
0.592204
0.592204
0.592204
0.592205
0.592205
0.592205
0.592205
0.592205
0.592205
0.592205
0.592206
0.592206
0.592206
0.592206
0.592207
0.592207
0.592207
0.592207
0.592208
0.592208
0.592209
0.592209
0.59221
0.59221
0.592211
0.592211
0.592212
0.592213
0.592213
0.592214
0.592215
0.592216
0.592217
0.592218
0.592219
0.59222
0.592222
0.592223
0.592225
0.592226
0.592228
0.59223
0.592232
0.592235
0.592237
0.592239
0.592242
0.592245
0.592248
0.592252
0.592256
0.59226
0.592264
0.592268
0.592273
0.592278
0.592284
0.59229
0.592296
0.592303
0.59231
0.592318
0.592326
0.592334
0.592343
0.592353
0.592363
0.592373
0.592384
0.592395
0.592407
0.592419
0.59243
0.592442
0.592453
0.592464
0.592474
0.592482
0.592489
0.592492
0.592493
0.592489
0.59248
0.592465
0.592442
0.59241
0.592369
0.592317
0.592255
0.592204
0.592204
0.592204
0.592204
0.592204
0.592204
0.592204
0.592204
0.592204
0.592204
0.592204
0.592204
0.592204
0.592204
0.592204
0.592204
0.592205
0.592205
0.592205
0.592205
0.592205
0.592205
0.592205
0.592206
0.592206
0.592206
0.592206
0.592207
0.592207
0.592207
0.592208
0.592208
0.592209
0.592209
0.592209
0.59221
0.592211
0.592211
0.592212
0.592212
0.592213
0.592214
0.592215
0.592216
0.592217
0.592218
0.592219
0.59222
0.592222
0.592223
0.592225
0.592226
0.592228
0.59223
0.592232
0.592234
0.592237
0.592239
0.592242
0.592245
0.592248
0.592251
0.592255
0.592259
0.592263
0.592268
0.592272
0.592277
0.592283
0.592289
0.592295
0.592302
0.592309
0.592316
0.592324
0.592332
0.592341
0.59235
0.592359
0.592369
0.592379
0.59239
0.5924
0.592411
0.592421
0.592431
0.59244
0.592448
0.592455
0.59246
0.592462
0.592462
0.592457
0.592447
0.592432
0.59241
0.592381
0.592342
0.592295
0.592241
0.592204
0.592204
0.592204
0.592204
0.592204
0.592204
0.592204
0.592204
0.592204
0.592204
0.592204
0.592204
0.592204
0.592204
0.592204
0.592204
0.592204
0.592204
0.592205
0.592205
0.592205
0.592205
0.592205
0.592205
0.592206
0.592206
0.592206
0.592206
0.592207
0.592207
0.592207
0.592208
0.592208
0.592208
0.592209
0.592209
0.59221
0.59221
0.592211
0.592212
0.592212
0.592213
0.592214
0.592215
0.592216
0.592216
0.592218
0.592219
0.59222
0.592221
0.592223
0.592224
0.592226
0.592228
0.592229
0.592231
0.592234
0.592236
0.592238
0.592241
0.592244
0.592247
0.59225
0.592254
0.592258
0.592262
0.592266
0.592271
0.592276
0.592281
0.592287
0.592293
0.592299
0.592306
0.592313
0.592321
0.592328
0.592337
0.592345
0.592354
0.592363
0.592372
0.592382
0.592391
0.5924
0.592409
0.592416
0.592423
0.592429
0.592432
0.592434
0.592432
0.592427
0.592417
0.592402
0.592382
0.592354
0.592319
0.592278
0.592229
0.592203
0.592203
0.592203
0.592203
0.592203
0.592203
0.592204
0.592204
0.592204
0.592204
0.592204
0.592204
0.592204
0.592204
0.592204
0.592204
0.592204
0.592204
0.592204
0.592204
0.592205
0.592205
0.592205
0.592205
0.592205
0.592205
0.592206
0.592206
0.592206
0.592206
0.592207
0.592207
0.592207
0.592208
0.592208
0.592209
0.592209
0.59221
0.59221
0.592211
0.592211
0.592212
0.592213
0.592213
0.592214
0.592215
0.592216
0.592217
0.592218
0.592219
0.592221
0.592222
0.592223
0.592225
0.592227
0.592229
0.592231
0.592233
0.592235
0.592237
0.59224
0.592243
0.592246
0.592249
0.592252
0.592256
0.59226
0.592264
0.592269
0.592273
0.592278
0.592284
0.59229
0.592296
0.592302
0.592309
0.592316
0.592323
0.592331
0.592339
0.592347
0.592355
0.592363
0.592371
0.592379
0.592386
0.592393
0.592399
0.592403
0.592406
0.592406
0.592404
0.592399
0.592389
0.592375
0.592356
0.592331
0.5923
0.592263
0.592221
0.592203
0.592203
0.592203
0.592203
0.592203
0.592203
0.592203
0.592203
0.592203
0.592203
0.592204
0.592204
0.592204
0.592204
0.592204
0.592204
0.592204
0.592204
0.592204
0.592204
0.592204
0.592204
0.592205
0.592205
0.592205
0.592205
0.592205
0.592206
0.592206
0.592206
0.592206
0.592207
0.592207
0.592207
0.592207
0.592208
0.592208
0.592209
0.592209
0.59221
0.59221
0.592211
0.592211
0.592212
0.592213
0.592214
0.592214
0.592215
0.592216
0.592217
0.592219
0.59222
0.592221
0.592222
0.592224
0.592226
0.592227
0.592229
0.592231
0.592233
0.592236
0.592238
0.592241
0.592244
0.592247
0.59225
0.592254
0.592257
0.592261
0.592265
0.59227
0.592275
0.59228
0.592285
0.592291
0.592297
0.592303
0.592309
0.592316
0.592323
0.59233
0.592337
0.592344
0.592351
0.592358
0.592364
0.59237
0.592375
0.592378
0.59238
0.59238
0.592377
0.592372
0.592363
0.59235
0.592332
0.59231
0.592283
0.592251
0.592214
0.592203
0.592203
0.592203
0.592203
0.592203
0.592203
0.592203
0.592203
0.592203
0.592203
0.592203
0.592203
0.592203
0.592204
0.592204
0.592204
0.592204
0.592204
0.592204
0.592204
0.592204
0.592204
0.592204
0.592204
0.592205
0.592205
0.592205
0.592205
0.592205
0.592205
0.592206
0.592206
0.592206
0.592207
0.592207
0.592207
0.592208
0.592208
0.592208
0.592209
0.592209
0.59221
0.59221
0.592211
0.592212
0.592212
0.592213
0.592214
0.592215
0.592215
0.592216
0.592218
0.592219
0.59222
0.592221
0.592223
0.592224
0.592226
0.592228
0.592229
0.592231
0.592234
0.592236
0.592238
0.592241
0.592244
0.592247
0.59225
0.592254
0.592257
0.592261
0.592265
0.59227
0.592275
0.592279
0.592285
0.59229
0.592296
0.592301
0.592307
0.592313
0.592319
0.592326
0.592331
0.592337
0.592342
0.592347
0.592351
0.592353
0.592355
0.592354
0.592351
0.592346
0.592338
0.592327
0.592311
0.592292
0.592268
0.59224
0.59221
0.592203
0.592203
0.592203
0.592203
0.592203
0.592203
0.592203
0.592203
0.592203
0.592203
0.592203
0.592203
0.592203
0.592203
0.592203
0.592203
0.592203
0.592204
0.592204
0.592204
0.592204
0.592204
0.592204
0.592204
0.592204
0.592204
0.592205
0.592205
0.592205
0.592205
0.592205
0.592205
0.592206
0.592206
0.592206
0.592206
0.592207
0.592207
0.592207
0.592208
0.592208
0.592209
0.592209
0.59221
0.59221
0.592211
0.592211
0.592212
0.592213
0.592214
0.592214
0.592215
0.592216
0.592217
0.592218
0.59222
0.592221
0.592222
0.592224
0.592225
0.592227
0.592229
0.592231
0.592233
0.592235
0.592238
0.59224
0.592243
0.592246
0.592249
0.592252
0.592256
0.59226
0.592264
0.592268
0.592272
0.592277
0.592281
0.592286
0.592291
0.592296
0.592302
0.592307
0.592312
0.592316
0.592321
0.592324
0.592327
0.592329
0.59233
0.592329
0.592327
0.592322
0.592315
0.592305
0.592292
0.592275
0.592255
0.592232
0.592207
0.592203
0.592203
0.592203
0.592203
0.592203
0.592203
0.592203
0.592203
0.592203
0.592203
0.592203
0.592203
0.592203
0.592203
0.592203
0.592203
0.592203
0.592203
0.592203
0.592203
0.592204
0.592204
0.592204
0.592204
0.592204
0.592204
0.592204
0.592204
0.592204
0.592205
0.592205
0.592205
0.592205
0.592205
0.592205
0.592206
0.592206
0.592206
0.592206
0.592207
0.592207
0.592207
0.592208
0.592208
0.592209
0.592209
0.59221
0.59221
0.592211
0.592212
0.592212
0.592213
0.592214
0.592215
0.592216
0.592217
0.592218
0.592219
0.59222
0.592221
0.592223
0.592224
0.592226
0.592228
0.592229
0.592231
0.592234
0.592236
0.592238
0.592241
0.592244
0.592246
0.592249
0.592253
0.592256
0.59226
0.592263
0.592267
0.592271
0.592275
0.59228
0.592284
0.592288
0.592292
0.592296
0.592299
0.592302
0.592304
0.592306
0.592306
0.592305
0.592303
0.592299
0.592293
0.592285
0.592274
0.59226
0.592244
0.592225
0.592205
0.592203
0.592203
0.592203
0.592203
0.592203
0.592203
0.592203
0.592203
0.592203
0.592203
0.592203
0.592203
0.592203
0.592203
0.592203
0.592203
0.592203
0.592203
0.592203
0.592203
0.592203
0.592203
0.592203
0.592203
0.592204
0.592204
0.592204
0.592204
0.592204
0.592204
0.592204
0.592204
0.592204
0.592205
0.592205
0.592205
0.592205
0.592205
0.592206
0.592206
0.592206
0.592206
0.592207
0.592207
0.592207
0.592208
0.592208
0.592209
0.592209
0.592209
0.59221
0.592211
0.592211
0.592212
0.592213
0.592213
0.592214
0.592215
0.592216
0.592217
0.592218
0.592219
0.592221
0.592222
0.592223
0.592225
0.592227
0.592228
0.59223
0.592232
0.592234
0.592237
0.592239
0.592242
0.592244
0.592247
0.59225
0.592253
0.592256
0.592259
0.592263
0.592266
0.592269
0.592272
0.592275
0.592277
0.59228
0.592281
0.592282
0.592283
0.592282
0.59228
0.592277
0.592272
0.592265
0.592257
0.592246
0.592233
0.592219
0.592203
0.592203
0.592203
0.592203
0.592203
0.592203
0.592203
0.592203
0.592203
0.592203
0.592203
0.592203
0.592203
0.592203
0.592203
0.592203
0.592203
0.592203
0.592203
0.592203
0.592203
0.592203
0.592203
0.592203
0.592203
0.592203
0.592203
0.592203
0.592203
0.592203
0.592204
0.592204
0.592204
0.592204
0.592204
0.592204
0.592204
0.592204
0.592204
0.592205
0.592205
0.592205
0.592205
0.592205
0.592206
0.592206
0.592206
0.592206
0.592207
0.592207
0.592207
0.592208
0.592208
0.592209
0.592209
0.59221
0.59221
0.592211
0.592211
0.592212
0.592213
0.592214
0.592214
0.592215
0.592216
0.592217
0.592219
0.59222
0.592221
0.592222
0.592224
0.592225
0.592227
0.592229
0.59223
0.592232
0.592234
0.592236
0.592239
0.592241
0.592243
0.592245
0.592248
0.59225
0.592252
0.592254
0.592256
0.592257
0.592259
0.592259
0.592259
0.592259
0.592257
0.592255
0.592251
0.592247
0.59224
0.592233
0.592224
0.592213
0.592202
0.592202
0.592202
0.592202
0.592202
0.592202
0.592202
0.592202
0.592202
0.592202
0.592202
0.592202
0.592202
0.592203
0.592203
0.592203
0.592203
0.592203
0.592203
0.592203
0.592203
0.592203
0.592203
0.592203
0.592203
0.592203
0.592203
0.592203
0.592203
0.592203
0.592203
0.592203
0.592203
0.592203
0.592203
0.592203
0.592203
0.592203
0.592204
0.592204
0.592204
0.592204
0.592204
0.592204
0.592204
0.592204
0.592205
0.592205
0.592205
0.592205
0.592205
0.592206
0.592206
0.592206
0.592206
0.592207
0.592207
0.592207
0.592208
0.592208
0.592209
0.592209
0.59221
0.59221
0.592211
0.592211
0.592212
0.592213
0.592213
0.592214
0.592215
0.592216
0.592217
0.592218
0.592219
0.59222
0.592221
0.592223
0.592224
0.592225
0.592227
0.592228
0.592229
0.592231
0.592232
0.592233
0.592234
0.592235
0.592236
0.592236
0.592237
0.592236
0.592235
0.592234
0.592232
0.592229
0.592225
0.592221
0.592215
0.592209
0.592202
0.592202
0.592202
0.592202
0.592202
0.592202
0.592202
0.592202
0.592202
0.592202
0.592202
0.592202
0.592202
0.592202
0.592202
0.592202
0.592202
0.592202
0.592202
0.592202
0.592202
0.592202
0.592202
0.592202
0.592202
0.592202
0.592202
0.592202
0.592202
0.592202
0.592202
0.592202
0.592202
0.592203
0.592203
0.592203
0.592203
0.592203
0.592203
0.592203
0.592203
0.592203
0.592203
0.592203
0.592203
0.592203
0.592203
0.592203
0.592203
0.592203
0.592203
0.592203
0.592203
0.592203
0.592203
0.592204
0.592204
0.592204
0.592204
0.592204
0.592204
0.592204
0.592204
0.592204
0.592205
0.592205
0.592205
0.592205
0.592205
0.592206
0.592206
0.592206
0.592206
0.592207
0.592207
0.592207
0.592208
0.592208
0.592209
0.592209
0.592209
0.59221
0.59221
0.592211
0.592211
0.592211
0.592212
0.592212
0.592212
0.592212
0.592212
0.592212
0.592212
0.592212
0.592211
0.59221
0.592209
0.592207
0.592206
0.592204
0.592202
0.592459
0.592259
0.592054
0.591872
0.591711
0.59157
0.591451
0.591353
0.591278
0.591225
0.592404
0.592209
0.592026
0.591872
0.59174
0.591623
0.591523
0.591439
0.591375
0.591327
0.592344
0.592172
0.592016
0.59189
0.59178
0.591682
0.591595
0.591524
0.591466
0.591423
0.592294
0.592146
0.592015
0.591909
0.591816
0.591731
0.591658
0.591595
0.591545
0.591505
0.592256
0.592129
0.592019
0.591929
0.59185
0.591778
0.591713
0.59166
0.591614
0.591579
0.592227
0.59212
0.592027
0.59195
0.591882
0.591819
0.591764
0.591716
0.591677
0.591644
0.592207
0.592115
0.592036
0.591971
0.591911
0.591858
0.591809
0.591768
0.591732
0.591704
0.592192
0.592114
0.592047
0.59199
0.59194
0.591893
0.591851
0.591814
0.591783
0.591757
0.592182
0.592115
0.592058
0.59201
0.591966
0.591926
0.591889
0.591857
0.591829
0.591806
0.592176
0.592119
0.592071
0.592029
0.591991
0.591956
0.591925
0.591896
0.591872
0.591851
0.592173
0.592124
0.592083
0.592048
0.592015
0.591985
0.591957
0.591933
0.591911
0.591893
0.592172
0.592131
0.592096
0.592065
0.592037
0.592011
0.591988
0.591966
0.591948
0.591932
0.592172
0.592138
0.592108
0.592083
0.592059
0.592037
0.592016
0.591999
0.591983
0.591969
0.592174
0.592145
0.592121
0.592099
0.59208
0.592061
0.592044
0.592028
0.592015
0.592004
0.592177
0.592154
0.592133
0.592116
0.592099
0.592084
0.59207
0.592057
0.592046
0.592037
0.592181
0.592162
0.592146
0.592132
0.592118
0.592106
0.592095
0.592085
0.592076
0.592069
0.592185
0.592171
0.592158
0.592147
0.592137
0.592128
0.592119
0.592112
0.592105
0.592099
0.592189
0.592179
0.59217
0.592162
0.592155
0.592148
0.592142
0.592137
0.592133
0.592129
0.592195
0.592188
0.592183
0.592178
0.592174
0.59217
0.592167
0.592164
0.592161
0.592159
0.592199
0.592197
0.592195
0.592194
0.592193
0.592191
0.59219
0.592189
0.592189
0.592188
)
;

boundaryField
{
    down
    {
        type            symmetryPlane;
    }
    right
    {
        type            calculated;
        value           nonuniform List<scalar> 
30
(
0.591775
0.591775
0.591774
0.591774
0.591777
0.591784
0.591799
0.591824
0.591866
0.59193
0.592022
0.592118
0.592162
0.592177
0.592184
0.592191
0.592194
0.592197
0.592199
0.592201
0.592202
0.592203
0.592204
0.592205
0.592206
0.592206
0.592206
0.592206
0.592205
0.592205
)
;
    }
    up
    {
        type            calculated;
        value           nonuniform List<scalar> 
220
(
0.592208
0.592208
0.592208
0.592208
0.592209
0.592209
0.59221
0.59221
0.59221
0.59221
0.59221
0.59221
0.592209
0.592209
0.592209
0.592209
0.592208
0.592208
0.592208
0.592208
0.592208
0.592208
0.592208
0.592208
0.592208
0.592208
0.592208
0.592208
0.592207
0.592207
0.592207
0.592207
0.592207
0.592207
0.592206
0.592206
0.592206
0.592206
0.592206
0.592206
0.592205
0.592205
0.592205
0.592205
0.592205
0.592205
0.592205
0.592205
0.592205
0.592204
0.592204
0.592204
0.592204
0.592204
0.592204
0.592204
0.592204
0.592204
0.592204
0.592204
0.592204
0.592204
0.592204
0.592204
0.592204
0.592204
0.592204
0.592204
0.592204
0.592204
0.592205
0.592205
0.592205
0.592205
0.592205
0.592205
0.592205
0.592205
0.592205
0.592205
0.592205
0.592205
0.592205
0.592205
0.592205
0.592205
0.592205
0.592205
0.592205
0.592205
0.592205
0.592205
0.592205
0.592205
0.592205
0.592205
0.592205
0.592205
0.592205
0.592205
0.592205
0.592205
0.592205
0.592205
0.592205
0.592205
0.592205
0.592205
0.592205
0.592205
0.592203
0.592204
0.592204
0.592205
0.592205
0.592206
0.592206
0.592206
0.592207
0.592207
0.592202
0.592202
0.592202
0.592202
0.592202
0.592202
0.592202
0.592202
0.592202
0.592202
0.592202
0.592202
0.592202
0.592202
0.592202
0.592202
0.592202
0.592202
0.592202
0.592202
0.592202
0.592202
0.592202
0.592202
0.592202
0.592202
0.592202
0.592202
0.592202
0.592202
0.592202
0.592202
0.592202
0.592202
0.592202
0.592202
0.592202
0.592202
0.592202
0.592202
0.592202
0.592202
0.592202
0.592202
0.592202
0.592202
0.592202
0.592202
0.592202
0.592202
0.592202
0.592202
0.592202
0.592202
0.592202
0.592202
0.592201
0.592201
0.592201
0.592201
0.592201
0.592201
0.592201
0.592201
0.592201
0.592201
0.592201
0.5922
0.5922
0.5922
0.5922
0.5922
0.5922
0.5922
0.592199
0.592199
0.592199
0.592199
0.592199
0.592198
0.592198
0.592198
0.592198
0.592198
0.592198
0.592197
0.592197
0.592197
0.592197
0.592197
0.592197
0.592197
0.592198
0.592198
0.592199
0.592199
0.5922
0.592201
0.592201
0.592203
)
;
    }
    left
    {
        type            calculated;
        value           nonuniform List<scalar> 
30
(
0.592205
0.592205
0.592205
0.592205
0.592205
0.592205
0.592205
0.592205
0.592205
0.592205
0.592205
0.592205
0.592204
0.592204
0.592204
0.592204
0.592204
0.592204
0.592204
0.592204
0.592204
0.592203
0.592203
0.592203
0.592203
0.592203
0.592203
0.592203
0.592202
0.592202
)
;
    }
    cylinder
    {
        type            calculated;
        value           nonuniform List<scalar> 
40
(
0.590164
0.59004
0.5896
0.589046
0.588479
0.587881
0.587335
0.586847
0.586476
0.586217
0.59044
0.590402
0.590333
0.590248
0.590169
0.590121
0.590079
0.590057
0.590029
0.590051
0.59043
0.589634
0.588863
0.588155
0.587533
0.587028
0.586594
0.586296
0.586131
0.586107
0.595508
0.595477
0.595302
0.595002
0.59458
0.594056
0.593445
0.592757
0.59201
0.591232
)
;
    }
    defaultFaces
    {
        type            empty;
    }
}


// ************************************************************************* //
