/*--------------------------------*- C++ -*----------------------------------*\
  =========                 |
  \\      /  F ield         | OpenFOAM: The Open Source CFD Toolbox
   \\    /   O peration     | Website:  https://openfoam.org
    \\  /    A nd           | Version:  8
     \\/     M anipulation  |
\*---------------------------------------------------------------------------*/
FoamFile
{
    version     2.0;
    format      ascii;
    class       volScalarField;
    location    "4.0000146318";
    object      epsilon;
}
// * * * * * * * * * * * * * * * * * * * * * * * * * * * * * * * * * * * * * //

dimensions      [0 2 -3 0 0 0 0];

internalField   nonuniform List<scalar> 
6800
(
453.216
1041.56
984.566
906.829
762.506
546.731
339.696
170.513
84.863
44.154
418.4
901.5
891.78
789.492
585.407
348.109
170.241
81.6406
38.4157
20.3595
535.047
865.314
812.008
672.971
407.108
199.195
92.414
40.5853
18.9496
10.5668
589.154
764.15
709.57
526.772
264.16
113.862
44.101
19.8906
10.6425
6.9331
633.771
713.142
646.669
402.241
165.23
59.1966
24.9425
12.5417
7.60267
5.53059
674.701
687.99
580.784
270.974
92.2116
34.2694
14.8729
8.64884
5.85336
4.57719
705.409
679.223
501.731
179.985
59.5301
21.6802
11.38
7.33646
5.22815
4.2403
742.477
689.367
409.605
121.999
35.0562
15.6171
9.18633
6.02678
4.45934
3.78653
767.002
701.261
332.28
88.2712
27.661
13.8075
8.08019
5.47873
4.24041
3.65588
800.389
713.46
267.843
60.534
18.9712
10.9763
6.81022
4.87026
3.86468
3.40056
2538.84
1247.97
981.577
909.518
907.971
966.149
1044.65
1122.78
1173.26
1196.05
2434.47
1196.96
967.569
923.185
971.314
1090.06
1245.28
1410.19
1555.35
1636.51
2248.15
1127.26
946.522
955.55
1092.95
1316.49
1578.26
1817.49
2010.9
2103.41
2027.32
1054.06
936.707
1043.47
1315.12
1669.6
1976.75
2135.81
2223.05
2189.14
1796.57
1015.34
1006.22
1291.55
1766.57
2146.68
2252.45
2213.31
2162.85
1821.9
1598.94
1065.24
1299.13
1894.49
2341.85
2360.28
2237.05
1924.34
1660.49
1149.88
1427.01
1322.51
2025.77
2528.95
2426.83
2125.28
1658.76
1169.69
932.188
621.778
1346.06
1924.63
2582.96
2330.58
1763.88
1259.06
979.5
729.493
613.504
409.504
1160.39
2154.52
1869.03
1380.69
1102.28
892.487
726.066
554.925
446.145
247.882
828.925
1316.75
1213.49
1037.63
894.037
740.212
554.261
382.858
216.565
100.34
1193.98
1111.99
1029.15
955.444
892.481
838.537
791.453
750.752
715.555
684.702
657.318
632.733
610.452
590.08
571.307
553.957
537.865
522.853
508.779
495.467
482.764
470.53
458.675
447.129
435.858
424.844
414.082
403.576
393.333
383.367
373.682
364.29
355.2
346.419
337.948
329.789
321.933
314.372
307.093
300.08
293.318
286.79
280.48
274.372
268.454
262.712
257.136
251.719
246.453
241.335
236.359
231.523
226.824
222.26
217.827
213.524
209.348
205.296
201.362
197.545
193.839
190.241
186.746
183.35
180.051
176.843
173.725
170.694
167.746
164.879
162.091
159.377
156.735
154.161
151.652
149.204
146.813
144.474
142.185
139.941
137.739
135.576
133.451
131.362
129.31
127.294
125.318
123.377
121.483
119.622
117.82
116.04
114.345
112.634
111.072
109.396
108.016
106.282
105.283
102.998
1651.95
1530.66
1403.58
1290.73
1194.39
1112.91
1043.68
984.643
933.492
888.717
849.033
813.478
781.455
752.317
725.57
700.885
678.006
656.651
636.605
617.617
599.49
582.053
565.201
548.863
533.003
517.605
502.666
488.19
474.18
460.645
447.574
434.974
422.849
411.201
400.021
389.298
379.017
369.157
359.695
350.609
341.874
333.468
325.368
317.553
310.006
302.71
295.651
288.819
282.204
275.797
269.593
263.584
257.767
252.134
246.683
241.409
236.305
231.366
226.585
221.957
217.476
213.135
208.929
204.852
200.9
197.068
193.351
189.746
186.247
182.852
179.554
176.351
173.238
170.209
167.26
164.387
161.584
158.846
156.17
153.549
150.982
148.465
145.996
143.574
141.199
138.871
136.593
134.361
132.186
130.053
127.992
125.958
124.025
122.076
120.298
118.39
116.83
114.868
113.622
111.225
2112.1
1999.88
1841.15
1698.22
1575.16
1469.73
1379.29
1301.18
1232.81
1172.43
1118.49
1069.98
1025.74
985.222
947.923
913.543
881.696
851.975
824.087
797.594
772.206
747.72
724.035
701.092
678.874
657.376
636.602
616.559
597.248
578.658
560.73
543.517
527.028
511.258
496.187
481.787
468.025
454.866
442.273
430.207
418.634
407.517
396.824
386.526
376.599
367.021
357.775
348.846
340.221
331.89
323.843
316.07
308.566
301.317
294.327
287.582
281.071
274.783
268.707
262.835
257.158
251.667
246.355
241.214
236.239
231.423
226.761
222.246
217.873
213.635
209.528
205.545
201.681
197.929
194.284
190.736
187.281
183.909
180.616
177.395
174.24
171.149
168.119
165.148
162.238
159.387
156.602
153.876
151.225
148.627
146.122
143.651
141.308
138.944
136.797
134.489
132.603
130.244
128.724
125.863
2187.83
2117.52
1973.25
1837.34
1717.67
1612.73
1521.07
1440.78
1369.9
1306.86
1250.05
1198.66
1151.72
1108.75
1068.92
1031.91
997.658
965.542
935.243
906.273
878.35
851.29
825.02
799.502
774.741
750.746
727.528
705.107
683.466
662.689
642.834
623.829
605.629
588.208
571.528
555.555
540.25
525.571
511.479
497.933
484.895
472.328
460.199
448.481
437.151
426.19
415.584
405.32
395.388
385.779
376.483
367.494
358.801
350.4
342.268
334.401
326.791
319.431
312.31
305.422
298.756
292.305
286.06
280.015
274.162
268.495
263.007
257.683
252.524
247.522
242.674
237.972
233.409
228.976
224.667
220.47
216.378
212.382
208.474
204.648
200.899
197.222
193.618
190.084
186.625
183.236
179.93
176.694
173.553
170.475
167.513
164.587
161.822
159.023
156.494
153.761
151.545
148.754
146.958
143.587
1747.53
1643.26
1541.49
1452.89
1378.9
1316.26
1262.25
1213.99
1170.51
1131.27
1094.97
1061.73
1030.62
1001.72
974.86
948.947
925.347
903.185
882.38
861.75
841.091
820.405
799.788
779.331
759.142
739.298
719.874
700.897
682.439
664.467
647.023
630.168
613.927
598.306
583.285
568.84
554.935
541.538
528.618
516.137
504.056
492.346
480.974
469.918
459.167
448.709
438.537
428.644
419.028
409.685
400.612
391.806
383.261
374.971
366.929
359.124
351.55
344.197
337.057
330.125
323.391
316.85
310.498
304.329
298.338
292.523
286.878
281.413
276.117
270.976
265.986
261.133
256.412
251.812
247.327
242.943
238.653
234.445
230.31
226.24
222.233
218.287
214.402
210.58
206.83
203.148
199.551
196.026
192.605
189.244
186.016
182.812
179.796
176.719
173.957
170.939
168.515
165.43
163.452
159.741
1027.97
913.772
828.367
764.332
717.164
682.956
657.695
638.002
624.033
614.644
608.059
603.806
602.178
596.842
595.046
593.589
592.379
591.068
593.207
592.555
589.875
585.671
580.35
574.161
567.349
560.059
552.441
544.543
536.489
528.318
520.148
512.031
504.021
496.153
488.426
480.861
473.426
466.115
458.922
451.821
444.784
437.813
430.833
423.876
416.968
410.092
403.259
396.482
389.777
383.154
376.627
370.202
363.887
357.684
351.597
345.623
339.763
334.014
328.377
322.85
317.433
312.125
306.927
301.84
296.861
291.997
287.236
282.578
278.03
273.573
269.219
264.953
260.773
256.676
252.655
248.696
244.791
240.927
237.1
233.303
229.537
225.803
222.108
218.453
214.855
211.309
207.838
204.424
201.11
197.84
194.702
191.567
188.626
185.597
182.903
179.917
177.552
174.493
172.542
168.898
567.386
507.267
456.479
414.43
380.164
351.822
329.122
310.186
295.52
283.63
273.809
266.453
260.907
256.977
254.328
252.461
251.347
250.986
250.675
249.897
250.836
252.613
254.727
257.104
259.694
262.479
265.394
268.323
271.28
274.171
277.025
279.816
282.562
285.258
287.821
290.264
292.47
294.463
296.183
297.59
298.675
299.401
299.385
299.233
298.863
298.098
297.047
295.764
294.297
292.666
290.907
289.029
287.057
284.994
282.854
280.64
278.36
276.018
273.622
271.176
268.692
266.169
263.613
261.028
258.419
255.805
253.168
250.549
247.944
245.294
242.66
240.03
237.397
234.767
232.142
229.531
226.903
224.238
221.531
218.78
215.99
213.173
210.337
207.496
204.666
201.852
199.084
196.345
193.681
191.029
188.478
185.897
183.479
180.943
178.701
176.165
174.185
171.576
169.904
166.811
373.185
332.228
295.718
263.964
236.267
212.125
191.302
173.377
158.177
145.03
133.862
124.086
116.068
109.438
103.767
98.9693
94.955
91.5886
88.8484
86.4284
84.5552
83.044
81.8889
81.274
80.7923
80.9129
81.3106
82.1073
83.2158
84.5075
86.0174
87.7691
89.8213
92.1544
94.7553
97.6191
100.684
103.954
107.331
110.859
114.418
118.098
121.933
125.805
129.75
133.662
137.568
141.388
145.145
148.777
152.299
155.661
158.871
161.894
164.733
167.367
169.794
172.018
174.017
175.814
177.385
178.713
179.824
180.745
181.477
182.101
182.505
182.894
183.147
182.977
183
182.669
182.535
182.292
181.876
181.474
180.917
180.205
179.35
178.366
177.248
176.042
174.733
173.364
171.944
170.477
169.007
167.532
166.072
164.561
163.101
161.587
160.143
158.575
157.167
155.535
154.259
152.576
151.501
149.526
222.938
195.55
170.856
149.301
130.607
114.516
100.746
89.0603
79.1134
70.7242
63.4987
57.4117
52.0692
47.4546
43.5762
40.2896
37.4399
34.9365
32.7392
30.7865
29.0679
27.5481
26.2076
25.0515
24.0489
23.21
22.5086
21.961
21.5159
21.2288
20.9907
20.976
21.013
21.1966
21.388
21.7536
22.2372
22.8429
23.5629
24.3837
25.3421
26.3606
27.54
28.7796
30.1974
31.6978
33.3703
35.1515
37.0826
39.1378
41.3255
43.6313
46.0603
48.581
51.2153
53.9091
56.6939
59.5131
62.3873
65.2882
68.2088
71.2043
74.2158
77.2611
80.2953
83.3211
86.3096
89.2487
92.1256
94.9064
97.5713
100.116
102.498
104.74
106.787
108.671
110.359
111.851
113.144
114.245
115.148
115.923
116.53
117.035
117.447
117.764
117.987
118.336
118.527
118.57
118.77
118.788
118.603
118.268
117.891
117.519
117.196
116.821
116.533
116.147
89.5706
78.3298
68.0226
58.9741
51.1803
44.5542
38.9645
34.2887
30.3884
27.1426
24.4385
22.1757
20.2608
18.6302
17.2294
16.0157
14.9502
14.0015
13.1472
12.3702
11.6579
11.0027
10.3989
9.84401
9.33625
8.87366
8.4552
8.07882
7.74293
7.4401
7.17316
6.94184
6.74324
6.57022
6.42929
6.31387
6.22669
6.18444
6.10851
6.12313
6.1242
6.14799
6.19525
6.26971
6.38023
6.50748
6.66511
6.84242
7.04359
7.28052
7.55168
7.85808
8.22695
8.61333
9.0986
9.57791
10.1855
10.7776
11.5047
12.2439
13.0888
14.0208
15.0059
16.159
17.3538
18.7176
20.1945
21.7567
23.5158
25.2857
27.2308
29.2044
31.2192
33.311
35.3356
37.4127
39.4232
41.3716
43.3436
45.1365
47.0622
48.7559
50.5435
52.1881
53.8148
55.3896
56.8611
58.3736
59.6998
61.1371
62.3302
63.6021
64.5984
65.7534
66.4866
67.5533
68.3469
69.2596
69.7732
71.4403
24.2647
23.0814
21.6777
20.1694
18.643
17.1644
15.7735
14.4936
13.3331
12.2918
11.3632
10.5376
9.80416
9.15102
8.56731
8.04276
7.56856
7.13718
6.74241
6.37962
6.04482
5.73552
5.44926
5.18462
4.94013
4.71454
4.50699
4.31605
4.14113
3.9805
3.83387
3.69919
3.57638
3.46336
3.36005
3.26469
3.17739
3.09651
3.02277
2.95361
2.89167
2.83202
2.77979
2.72915
2.68591
2.64455
2.60989
2.57753
2.55217
2.52809
2.51251
2.50193
2.50014
2.50225
2.50839
2.52154
2.54952
2.57618
2.62692
2.67495
2.74241
2.8276
2.91032
3.03303
3.15258
3.30881
3.50407
3.69887
3.98128
4.24378
4.58256
4.94503
5.32458
5.783
6.23783
6.74491
7.3265
7.83762
8.5748
9.08906
9.96034
10.5515
11.4862
12.2218
13.1836
14.0965
15.0673
16.1283
17.1723
18.2922
19.4632
20.6052
21.7241
23.1013
23.9927
25.4047
26.5596
27.8933
28.8063
30.3284
12.8702
12.1236
11.3704
10.6247
9.89908
9.20644
8.55547
7.95129
7.39772
6.89649
6.44665
6.04493
5.68752
5.36914
5.08504
4.82993
4.59946
4.38939
4.19646
4.01784
3.85139
3.69558
3.54914
3.4114
3.28161
3.15957
3.04476
2.93716
2.83628
2.74214
2.65418
2.57236
2.496
2.42498
2.35864
2.29675
2.23872
2.18432
2.13308
2.08475
2.03907
1.99553
1.95427
1.91459
1.87692
1.84052
1.80602
1.77263
1.7409
1.71049
1.68148
1.6535
1.62724
1.6018
1.57783
1.55421
1.53036
1.50933
1.48298
1.4638
1.43645
1.41342
1.39342
1.3646
1.34474
1.34667
1.34066
1.35166
1.3593
1.35445
1.36759
1.3718
1.40101
1.43078
1.49104
1.53695
1.61506
1.67076
1.76298
1.82408
1.93334
2.01855
2.13368
2.26582
2.4013
2.56945
2.77116
2.96447
3.21209
3.51532
3.78277
4.09625
4.50588
4.80043
5.2045
5.64096
6.11602
6.62259
6.86663
7.6613
7.47344
7.13159
6.77878
6.42513
6.08014
5.74999
5.43885
5.15056
4.88509
4.64025
4.41414
4.20458
4.01005
3.82899
3.66049
3.50349
3.35747
3.22161
3.09551
2.9784
2.86985
2.76907
2.6756
2.58864
2.50771
2.43209
2.36134
2.29483
2.23216
2.17289
2.11667
2.06321
2.01221
1.96356
1.91697
1.87248
1.82978
1.78901
1.74985
1.71251
1.6766
1.6424
1.60948
1.57811
1.54789
1.51901
1.49116
1.46445
1.43862
1.41379
1.38968
1.36646
1.34383
1.32203
1.30072
1.28022
1.26008
1.24084
1.22178
1.20369
1.18576
1.16859
1.15187
1.13558
1.11981
1.10475
1.08981
1.07632
1.06243
1.05051
1.03812
1.02748
1.01738
1.0085
1.00087
0.993843
0.98839
0.982787
0.979423
0.975393
0.97341
0.970242
0.969923
0.971849
0.97799
0.983496
0.997026
1.00794
1.02661
1.04652
1.07577
1.09683
1.13769
1.16618
1.20744
1.24743
1.29063
1.34812
1.37804
1.49732
4.88761
4.74043
4.58354
4.41877
4.24968
4.08003
3.91333
3.75194
3.5979
3.45208
3.31515
3.18676
3.06668
2.95397
2.8481
2.74808
2.65358
2.56386
2.47896
2.3984
2.32247
2.25076
2.18361
2.12051
2.06168
2.00644
1.95494
1.90639
1.86087
1.8176
1.77671
1.73747
1.70011
1.66397
1.6294
1.59581
1.56363
1.53231
1.50235
1.47318
1.44536
1.41827
1.39249
1.36739
1.34353
1.32026
1.29813
1.27648
1.25585
1.23559
1.21625
1.19717
1.1789
1.16086
1.14354
1.12641
1.10996
1.09367
1.07809
1.06259
1.04782
1.03309
1.01903
1.00501
0.991544
0.978134
0.965212
0.952266
0.939901
0.92736
0.915608
0.903613
0.892717
0.881505
0.871575
0.861359
0.852114
0.842836
0.834055
0.825079
0.817018
0.807903
0.799791
0.790802
0.782191
0.773986
0.766512
0.757665
0.752624
0.746523
0.740934
0.737201
0.7322
0.729543
0.724904
0.723278
0.719095
0.718525
0.723681
0.722965
3.58139
3.49564
3.40315
3.3057
3.20609
3.10633
3.00814
2.91228
2.81962
2.73028
2.64472
2.56276
2.48469
2.41021
2.33955
2.27231
2.20868
2.14816
2.09092
2.03636
1.98466
1.9352
1.88818
1.84301
1.79998
1.75852
1.71898
1.68083
1.64447
1.60936
1.57593
1.54361
1.51287
1.48309
1.45478
1.42726
1.4011
1.37558
1.35129
1.3275
1.30484
1.28254
1.26132
1.24034
1.22038
1.20058
1.18178
1.16307
1.14533
1.12762
1.11088
1.0941
1.0783
1.0624
1.04746
1.03237
1.01825
1.0039
0.990515
0.976844
0.96414
0.95108
0.938999
0.926492
0.914983
0.902975
0.891993
0.880436
0.869945
0.858798
0.848771
0.838006
0.828423
0.818022
0.808867
0.798818
0.790076
0.780355
0.772024
0.762587
0.754657
0.745476
0.737912
0.728976
0.721741
0.713026
0.70617
0.697629
0.691154
0.682867
0.676778
0.668721
0.663056
0.655194
0.649983
0.64229
0.637657
0.630194
0.625257
0.617051
2.88931
2.8361
2.77845
2.71684
2.65278
2.58732
2.52162
2.45619
2.39182
2.32875
2.26751
2.20807
2.15082
2.09554
2.04253
1.99149
1.94271
1.89581
1.85109
1.80814
1.76722
1.72789
1.69041
1.65428
1.61981
1.58646
1.55458
1.52362
1.494
1.46517
1.43757
1.41066
1.38493
1.3598
1.33581
1.31233
1.28995
1.26797
1.24703
1.2264
1.20677
1.18734
1.16886
1.15049
1.13305
1.11564
1.09915
1.08262
1.067
1.0513
1.03651
1.02156
1.00755
0.993323
0.980039
0.966469
0.953858
0.940891
0.928899
0.916477
0.905054
0.893126
0.882227
0.870749
0.860336
0.849266
0.839306
0.828611
0.819077
0.808727
0.799597
0.789567
0.780828
0.7711
0.762742
0.7533
0.745318
0.736146
0.728531
0.719612
0.712352
0.703663
0.696748
0.688259
0.681672
0.673362
0.667096
0.658935
0.652986
0.644974
0.639349
0.631486
0.626202
0.618499
0.613555
0.606031
0.601286
0.593927
0.590645
0.579435
2.4942
2.45429
2.41135
2.36554
2.31798
2.2693
2.22032
2.17129
2.1228
2.07492
2.0281
1.98227
1.93779
1.89447
1.85264
1.81202
1.77293
1.73503
1.6986
1.66329
1.62938
1.59648
1.56491
1.53423
1.50482
1.47619
1.44876
1.42202
1.3964
1.37137
1.34741
1.32394
1.30148
1.27942
1.25832
1.23753
1.21767
1.19804
1.1793
1.16073
1.14302
1.12541
1.10866
1.09194
1.07607
1.06016
1.0451
1.02994
1.01565
1.00118
0.987581
0.97375
0.960809
0.947568
0.935237
0.922541
0.910782
0.898592
0.887371
0.875651
0.864936
0.853653
0.843417
0.832539
0.822757
0.812256
0.802906
0.792754
0.783814
0.773987
0.765438
0.75591
0.747737
0.738486
0.730675
0.721682
0.714219
0.705463
0.698339
0.689802
0.683007
0.674671
0.668198
0.660045
0.653887
0.645898
0.64005
0.632209
0.626665
0.618955
0.613714
0.606121
0.601173
0.593665
0.589052
0.581691
0.577367
0.570241
0.565506
0.557449
2.256
2.22309
2.18807
2.15088
2.11234
2.07281
2.03291
1.99276
1.95287
1.91323
1.87427
1.8359
1.79848
1.76183
1.72629
1.6916
1.65807
1.6254
1.5939
1.56322
1.53367
1.50487
1.47716
1.45011
1.4241
1.39868
1.37423
1.3503
1.32731
1.30476
1.28311
1.26182
1.24141
1.2213
1.20203
1.18298
1.16476
1.1467
1.12945
1.11229
1.09593
1.07961
1.06409
1.04854
1.03379
1.01895
1.00492
0.99075
0.977387
0.963824
0.951084
0.938081
0.925923
0.91344
0.901824
0.889823
0.878719
0.867168
0.856549
0.845418
0.835259
0.824524
0.814805
0.804438
0.79514
0.785119
0.776223
0.766526
0.758015
0.748617
0.740474
0.731353
0.723562
0.714698
0.707247
0.69862
0.691496
0.683088
0.676282
0.668075
0.661579
0.653556
0.647362
0.639508
0.63361
0.625909
0.620303
0.612738
0.60742
0.599978
0.594947
0.587614
0.582861
0.575604
0.571173
0.564061
0.559904
0.553014
0.54847
0.540676
2.10333
2.07388
2.04288
2.01023
1.97657
1.94213
1.90745
1.87254
1.83785
1.80332
1.76932
1.73574
1.7029
1.67062
1.6392
1.6084
1.57853
1.5493
1.52101
1.49334
1.46661
1.44046
1.41524
1.39054
1.36674
1.34341
1.32094
1.29888
1.27766
1.25679
1.23673
1.21695
1.19796
1.1792
1.1612
1.14338
1.1263
1.10934
1.09312
1.07695
1.06153
1.04611
1.03142
1.01669
1.0027
0.988601
0.975257
0.961758
0.949024
0.936079
0.923918
0.91149
0.899869
0.887924
0.876812
0.865318
0.854687
0.843615
0.833441
0.822762
0.813021
0.80271
0.793382
0.783416
0.774481
0.764835
0.756277
0.746931
0.738733
0.729666
0.721815
0.713009
0.705492
0.696927
0.689734
0.681393
0.674512
0.666379
0.659802
0.65186
0.645578
0.637813
0.63182
0.624215
0.618505
0.611045
0.605615
0.598286
0.593131
0.585919
0.581036
0.573925
0.56932
0.562297
0.557929
0.551002
0.547026
0.54006
0.537011
0.526954
1.99983
1.97249
1.94397
1.91412
1.8835
1.85225
1.8208
1.78915
1.75767
1.7263
1.69537
1.66475
1.63476
1.60521
1.57641
1.54811
1.52061
1.49364
1.46751
1.44188
1.41709
1.39279
1.3693
1.34626
1.32401
1.30217
1.2811
1.26038
1.24042
1.22075
1.20182
1.18313
1.16516
1.14738
1.1303
1.11336
1.09712
1.08097
1.06551
1.05008
1.03535
1.0206
1.00655
0.992432
0.979017
0.965488
0.952673
0.939694
0.927443
0.914978
0.903261
0.891277
0.880064
0.868531
0.857797
0.846688
0.836408
0.825695
0.815847
0.805507
0.796071
0.78608
0.777036
0.767371
0.758703
0.749343
0.741034
0.731959
0.723996
0.715186
0.707554
0.698991
0.69168
0.683347
0.676346
0.668227
0.661525
0.653604
0.647194
0.639455
0.63333
0.625759
0.619913
0.612495
0.606923
0.599644
0.594343
0.587189
0.582154
0.575112
0.570341
0.563397
0.558894
0.552036
0.547762
0.540997
0.537108
0.530302
0.527322
0.517482
1.92587
1.89984
1.87284
1.84475
1.81607
1.78687
1.75754
1.72804
1.69872
1.66949
1.64066
1.6121
1.5841
1.55648
1.52952
1.50299
1.47718
1.45182
1.42722
1.40305
1.37964
1.35665
1.33441
1.31256
1.29144
1.27067
1.25062
1.23087
1.21182
1.19303
1.17493
1.15703
1.13982
1.12276
1.10637
1.09009
1.07447
1.05892
1.04403
1.02916
1.01495
1.00071
0.987139
0.973495
0.960523
0.947433
0.935027
0.922456
0.910584
0.898499
0.887132
0.875504
0.864616
0.853416
0.842982
0.832184
0.822181
0.81176
0.802167
0.7921
0.782901
0.773166
0.764342
0.754918
0.746454
0.737322
0.729204
0.720345
0.712559
0.703955
0.696489
0.688124
0.680967
0.672823
0.665967
0.658029
0.651463
0.643716
0.637434
0.629863
0.623858
0.616449
0.610715
0.603454
0.597988
0.59086
0.585659
0.57865
0.573711
0.566809
0.562128
0.55532
0.550902
0.544177
0.539981
0.533347
0.529523
0.522855
0.519935
0.51027
1.8709
1.84568
1.8197
1.79281
1.76547
1.7377
1.70985
1.68186
1.65406
1.62634
1.599
1.5719
1.54532
1.51907
1.49345
1.4682
1.44363
1.41945
1.39598
1.3729
1.35053
1.32854
1.30725
1.2863
1.26604
1.2461
1.22683
1.20783
1.1895
1.17139
1.15394
1.13667
1.12004
1.10355
1.08769
1.07193
1.05681
1.04173
1.02729
1.01285
0.999049
0.98521
0.972012
0.958735
0.946107
0.933356
0.921267
0.909009
0.89743
0.885637
0.874541
0.863184
0.852546
0.8416
0.831397
0.820838
0.811049
0.800853
0.791459
0.781605
0.772589
0.763056
0.754402
0.74517
0.736864
0.727915
0.719942
0.711258
0.703606
0.695169
0.687829
0.679623
0.672582
0.664592
0.657843
0.650053
0.643586
0.635982
0.629791
0.622358
0.616438
0.609163
0.603508
0.596376
0.590983
0.583981
0.578847
0.571961
0.567084
0.560301
0.555679
0.548985
0.544622
0.538007
0.533865
0.527332
0.523565
0.516996
0.514103
0.504562
1.82947
1.80477
1.77943
1.75335
1.72691
1.70013
1.67332
1.6464
1.61969
1.59305
1.56681
1.54078
1.51525
1.49003
1.4654
1.44112
1.41747
1.39419
1.37157
1.34931
1.32773
1.30648
1.28591
1.26565
1.24605
1.22673
1.20806
1.18963
1.17184
1.15426
1.1373
1.12051
1.10434
1.08828
1.07285
1.05749
1.04275
1.02804
1.01395
0.999853
0.986376
0.972853
0.959955
0.94697
0.93462
0.922139
0.910307
0.898301
0.886959
0.875401
0.864522
0.853386
0.842947
0.832209
0.82219
0.811827
0.802207
0.792196
0.782957
0.773279
0.764405
0.755039
0.746516
0.737444
0.729257
0.720462
0.712598
0.704063
0.696509
0.688218
0.680963
0.672901
0.665936
0.658088
0.651403
0.643755
0.637343
0.629882
0.623734
0.616448
0.610557
0.603433
0.597795
0.59082
0.585429
0.578592
0.573444
0.566732
0.561824
0.555227
0.550555
0.544064
0.539625
0.533218
0.529021
0.522708
0.518663
0.512476
0.509705
0.500295
1.79732
1.77293
1.74804
1.72252
1.69674
1.67067
1.64463
1.6185
1.5926
1.56678
1.54135
1.51612
1.4914
1.46695
1.44308
1.41953
1.3966
1.37401
1.35206
1.33044
1.30947
1.28882
1.26882
1.24911
1.23004
1.21122
1.19304
1.17507
1.15773
1.14057
1.12402
1.10761
1.09181
1.07612
1.06102
1.04599
1.03156
1.01716
1.00335
0.98953
0.976314
0.963045
0.950387
0.937636
0.925506
0.913241
0.901612
0.889805
0.878651
0.867275
0.856572
0.845604
0.835328
0.824746
0.814877
0.80466
0.795178
0.785305
0.776194
0.766645
0.757889
0.748647
0.740232
0.731277
0.72319
0.714505
0.706734
0.698304
0.690837
0.682645
0.675473
0.667505
0.660617
0.652859
0.646246
0.638684
0.632338
0.62496
0.618875
0.611668
0.605837
0.598788
0.593207
0.586304
0.580967
0.574198
0.569102
0.562456
0.557597
0.551062
0.546438
0.540005
0.535614
0.529256
0.525091
0.518853
0.514999
0.50884
0.504709
0.497799
1.77232
1.74811
1.72348
1.69833
1.67302
1.64747
1.62199
1.59645
1.57117
1.54598
1.52119
1.4966
1.4725
1.44867
1.4254
1.40244
1.38009
1.35805
1.33663
1.31553
1.29505
1.27488
1.25533
1.23605
1.21739
1.19898
1.18117
1.16357
1.14657
1.12974
1.1135
1.09739
1.08188
1.06645
1.05161
1.03683
1.02263
1.00845
0.99486
0.981248
0.968226
0.955147
0.942666
0.93009
0.918122
0.906019
0.894538
0.882881
0.871863
0.860628
0.850049
0.839212
0.829052
0.818591
0.808829
0.798725
0.789344
0.779576
0.770559
0.761109
0.75244
0.743292
0.734958
0.726092
0.71808
0.70948
0.70178
0.693431
0.68603
0.677917
0.670805
0.662913
0.656081
0.648397
0.641837
0.634347
0.628051
0.620743
0.614704
0.607565
0.601777
0.594796
0.589254
0.582418
0.577118
0.570415
0.565354
0.558771
0.553946
0.547473
0.542881
0.536509
0.532147
0.525852
0.521712
0.51554
0.511711
0.505632
0.501505
0.494647
1.75368
1.72949
1.70499
1.68007
1.65505
1.62985
1.60476
1.57965
1.55481
1.53008
1.50574
1.48161
1.45797
1.43459
1.41177
1.38924
1.3673
1.34566
1.32463
1.30389
1.28377
1.26393
1.2447
1.22573
1.20736
1.18921
1.17166
1.1543
1.13754
1.12092
1.10489
1.08898
1.07365
1.0584
1.04373
1.02911
1.01506
1.00103
0.987577
0.974096
0.961206
0.948249
0.935891
0.923428
0.911574
0.899577
0.888203
0.876646
0.865728
0.854587
0.844103
0.833355
0.823286
0.812909
0.803236
0.793211
0.783916
0.774223
0.765291
0.75591
0.747327
0.738242
0.729992
0.721187
0.713257
0.704715
0.697095
0.688801
0.681478
0.673417
0.666382
0.658539
0.651782
0.644145
0.637657
0.630213
0.623987
0.616722
0.610751
0.603654
0.597932
0.590991
0.585513
0.578715
0.573476
0.566812
0.561807
0.555264
0.550492
0.544058
0.539516
0.533184
0.528866
0.522615
0.518527
0.512373
0.508425
0.502389
0.499682
0.490489
1.73984
1.71561
1.69114
1.66632
1.64147
1.61648
1.59164
1.56679
1.54223
1.51779
1.49375
1.46991
1.44656
1.42346
1.4009
1.37862
1.35692
1.3355
1.31467
1.29413
1.27419
1.25452
1.23544
1.2166
1.19836
1.18033
1.1629
1.14564
1.12898
1.11246
1.09653
1.08071
1.06547
1.05032
1.03574
1.02121
1.00727
0.993333
0.979988
0.966606
0.953826
0.940968
0.928712
0.916344
0.904593
0.89269
0.88142
0.869958
0.859146
0.8481
0.837726
0.827073
0.817115
0.806832
0.797271
0.787337
0.778156
0.768549
0.759732
0.750435
0.741965
0.732959
0.724823
0.716091
0.708275
0.6998
0.692293
0.684059
0.67685
0.668842
0.661921
0.654124
0.647483
0.639884
0.633515
0.626099
0.619994
0.61275
0.606903
0.599818
0.594224
0.587284
0.581938
0.575132
0.57003
0.563346
0.558485
0.551911
0.547288
0.540813
0.536426
0.530037
0.525891
0.519578
0.515637
0.509408
0.505809
0.499545
0.496801
0.487696
1.72886
1.70455
1.68005
1.65528
1.6305
1.6056
1.58085
1.5561
1.53161
1.50724
1.48323
1.45942
1.43606
1.41295
1.39036
1.36806
1.34631
1.32488
1.30402
1.28348
1.26352
1.2438
1.22468
1.20581
1.18755
1.16953
1.15213
1.13494
1.11836
1.10196
1.08617
1.07051
1.05545
1.04049
1.02613
1.01182
0.998097
0.984391
0.971275
0.958132
0.94558
0.932965
0.920954
0.908835
0.897327
0.885668
0.874631
0.863401
0.852809
0.841981
0.831808
0.821357
0.811582
0.801486
0.79209
0.782329
0.773296
0.76385
0.755163
0.746014
0.737661
0.728792
0.72076
0.712154
0.70443
0.696073
0.688648
0.680524
0.673387
0.665483
0.658625
0.650926
0.64434
0.636834
0.630512
0.623187
0.617123
0.609964
0.604152
0.597149
0.591585
0.584725
0.579405
0.572675
0.567595
0.560984
0.556143
0.549639
0.545035
0.538625
0.534257
0.527927
0.523802
0.517543
0.513625
0.507436
0.503872
0.497646
0.494905
0.485856
1.72042
1.6957
1.67074
1.64562
1.62038
1.59489
1.56948
1.54402
1.51884
1.49378
1.46918
1.44482
1.42105
1.3976
1.37482
1.3524
1.33069
1.30934
1.28872
1.26842
1.24886
1.22967
1.21116
1.19296
1.17541
1.1581
1.14141
1.1249
1.10899
1.09322
1.07802
1.06293
1.0484
1.03392
1.02
1.00611
0.992768
0.979412
0.966616
0.953766
0.941485
0.929112
0.917317
0.905394
0.894062
0.882563
0.871673
0.860576
0.850105
0.83939
0.829319
0.818965
0.809277
0.799267
0.789945
0.780259
0.771288
0.761911
0.753277
0.744191
0.735882
0.727072
0.719076
0.710526
0.702833
0.694529
0.687128
0.679057
0.671938
0.664086
0.657241
0.649595
0.643016
0.635563
0.629243
0.621972
0.615903
0.608802
0.602979
0.596037
0.590454
0.58366
0.578312
0.571655
0.566539
0.560008
0.555119
0.548704
0.54404
0.537729
0.533287
0.527074
0.522851
0.516715
0.512717
0.506667
0.502808
0.496868
0.494209
0.485215
1.69562
1.66964
1.64396
1.61822
1.5929
1.56783
1.54322
1.51889
1.49506
1.47153
1.44855
1.42588
1.40379
1.38201
1.36081
1.33992
1.31961
1.29959
1.28015
1.26097
1.24237
1.224
1.20619
1.18858
1.17153
1.15465
1.13833
1.12214
1.10649
1.09095
1.07595
1.06103
1.04664
1.0323
1.01849
1.0047
0.991448
0.978171
0.965447
0.952662
0.940438
0.928119
0.916373
0.904494
0.893204
0.881743
0.870888
0.859823
0.849383
0.838695
0.828651
0.818322
0.808658
0.798668
0.789367
0.7797
0.770747
0.761388
0.752769
0.7437
0.735403
0.726609
0.718624
0.710089
0.702404
0.694115
0.686721
0.678663
0.67155
0.663711
0.65687
0.649237
0.642661
0.635221
0.628902
0.621643
0.615575
0.608486
0.602663
0.595733
0.590148
0.583366
0.578016
0.571371
0.566252
0.559732
0.554841
0.548436
0.54377
0.537469
0.533025
0.526822
0.522599
0.516466
0.512459
0.50644
0.50274
0.496815
0.492845
0.486144
2.93574
3.13953
3.23076
3.56816
3.76738
4.25573
4.9569
6.15523
9.30236
24.7927
2.63009
2.74653
2.8247
3.00527
3.23044
3.48048
3.92387
4.53386
5.57199
13.4186
2.44958
2.51264
2.54766
2.66992
2.7643
3.00325
3.19047
3.6745
4.09011
7.71322
2.33408
2.36997
2.38716
2.45985
2.50522
2.65606
2.75899
3.07356
3.29337
4.98605
2.23863
2.25904
2.26884
2.31382
2.33919
2.4289
2.48749
2.67575
2.80314
3.63896
2.16644
2.17536
2.17973
2.20598
2.22054
2.27471
2.30846
2.41863
2.49235
2.92067
2.10945
2.11044
2.11051
2.12371
2.13106
2.16315
2.18247
2.24744
2.28972
2.51673
2.06553
2.06035
2.05737
2.06095
2.06318
2.07992
2.09004
2.12745
2.15121
2.27615
2.03058
2.02169
2.0146
2.01143
2.01047
2.0167
2.02078
2.04026
2.05279
2.12327
2.00255
1.99143
1.98061
1.97433
1.96785
1.96721
1.96715
1.9748
1.9801
2.02039
1.97978
1.96752
1.95343
1.9449
1.93453
1.92979
1.92406
1.92423
1.92474
1.94607
1.96252
1.94766
1.93283
1.92074
1.90906
1.89982
1.8914
1.88577
1.88101
1.89068
1.94831
1.93218
1.91564
1.90237
1.88774
1.87749
1.86439
1.85769
1.84534
1.84907
1.93659
1.92044
1.90154
1.88816
1.87056
1.85982
1.8433
1.83513
1.81746
1.81686
1.92718
1.91148
1.89034
1.87715
1.85708
1.84597
1.82684
1.81748
1.79849
1.79194
1.92011
1.90465
1.88203
1.86856
1.84714
1.83504
1.81472
1.80348
1.78441
1.77347
1.91514
1.89862
1.87624
1.86116
1.84024
1.82595
1.80625
1.79228
1.77369
1.75986
1.91168
1.89341
1.87193
1.85491
1.83482
1.8185
1.79937
1.78338
1.76495
1.74912
1.9098
1.89042
1.86915
1.85097
1.83095
1.81347
1.79423
1.77708
1.75828
1.74126
1.90055
1.87878
1.85669
1.83625
1.81525
1.79574
1.77542
1.75648
1.73653
1.71794
3.00462
3.33957
3.87228
4.71865
6.23952
9.55635
20.8978
100.515
706.304
1177.1
3.00971
3.3379
3.87553
4.74719
6.37421
9.84078
21.3967
102.656
729.482
1125.36
3.01085
3.32922
3.89056
4.8582
6.58633
10.4153
23.407
107.491
740.31
1091.98
3.01509
3.33045
3.87933
4.91066
6.77719
10.9227
24.0342
111.694
764.978
1049.63
3.01067
3.31669
3.93766
4.99215
6.9928
11.3259
26.1821
117.335
774.746
1008.82
3.05865
3.38413
3.95537
5.17554
7.3943
12.4019
28.4563
127.491
757.122
962.389
3.06178
3.39045
4.06998
5.19599
7.5684
13.1832
29.9427
129.69
753.98
921.366
3.15545
3.51491
4.1755
5.58002
8.2729
13.6432
34.2766
147.609
759.224
877.588
3.18082
3.55648
4.33423
5.67605
8.79108
14.7871
37.4453
172.136
750.452
853.479
3.33925
3.77546
4.63149
6.48856
10.4534
16.2051
46.9582
217.216
734.015
819.67
2.96941
3.50642
4.29573
4.56088
9.26396
13.1227
21.306
299.068
1098.46
2637.37
3.23105
3.59783
4.39416
5.20785
7.10983
10.6639
24.4059
244.363
1038.15
2602.43
3.17448
3.62153
4.33282
4.61378
7.3651
9.68153
24.4175
213.9
1028
2545.03
3.18056
3.48045
4.05032
4.73513
6.40376
8.42163
23.8467
178.568
993.627
2358.82
3.16388
3.46922
4.05666
4.58485
5.78299
7.65266
23.238
153.207
942.109
2084.4
3.14904
3.4076
3.913
5.1275
5.69575
7.47096
20.1533
137.635
857.316
1832
3.10451
3.3901
3.94476
4.778
5.63993
7.84406
18.5966
115.095
779.894
1615.7
3.07348
3.37248
3.94842
4.65304
5.78633
8.20984
18.1155
105.254
743.45
1445.47
3.03541
3.34704
3.91666
4.64201
5.90045
8.71562
18.9156
99.9778
725.926
1322.75
3.0172
3.33299
3.89256
4.67043
5.98224
8.92875
19.4645
98.36
708.615
1227.67
790.23
593.251
459.984
366.079
297.66
246.4
207.079
176.303
151.793
131.974
115.734
102.27
90.9883
81.4469
73.308
66.3128
60.2577
54.9838
50.3625
46.2921
42.6883
39.4839
36.6215
34.0554
31.7455
29.66
27.7699
26.0528
24.4873
23.0573
21.7466
20.5434
19.4354
18.4139
17.4691
16.5946
15.7826
15.0284
14.3257
13.6708
13.0586
12.4864
11.95
11.4473
10.9746
10.5306
10.112
9.7179
9.34558
8.99419
8.66153
8.34695
8.04852
7.7658
7.49706
7.24206
6.9992
6.76842
6.5482
6.33868
6.13837
5.94759
5.76484
5.59063
5.42344
5.26395
5.11059
4.9642
4.82317
4.6885
4.55851
4.43438
4.3143
4.19964
4.08853
3.98242
3.87946
3.78109
3.68563
3.59431
3.50578
3.42097
3.33892
3.26026
3.18439
3.11172
3.04181
2.97538
2.91195
2.85243
2.79638
2.74618
2.69898
2.65965
2.62731
2.59919
2.62566
2.62854
2.84421
3.00942
790.14
593.09
459.8
365.895
297.485
246.237
206.929
176.167
151.668
131.861
115.631
102.175
90.9015
81.3671
73.2345
66.2449
60.1949
54.9254
50.3083
46.2416
42.6412
39.4398
36.5802
34.0166
31.709
29.6255
27.7374
26.0221
24.4583
23.0297
21.7205
20.5186
19.4119
18.3914
17.4477
16.5741
15.7631
15.0097
14.3078
13.6537
13.0422
12.4707
11.9349
11.4327
10.9607
10.5171
10.0991
9.70544
9.33359
8.98261
8.65036
8.33615
8.0381
7.75571
7.48732
7.23262
6.99007
6.75956
6.53963
6.33037
6.1303
5.93978
5.75723
5.58329
5.41625
5.25702
5.10379
4.95764
4.81677
4.68227
4.55249
4.42843
4.30863
4.19397
4.08316
3.97704
3.87436
3.776
3.68076
3.5895
3.50113
3.41642
3.33448
3.25595
3.18016
3.10763
3.03782
2.97147
2.90823
2.8487
2.79291
2.74268
2.69573
2.65631
2.6229
2.60591
2.61911
2.66284
2.73999
3.01369
789.959
592.767
459.435
365.529
297.137
245.914
206.632
175.895
151.421
131.635
115.425
101.987
90.7287
81.2083
73.0883
66.1098
60.0699
54.8094
50.2005
46.141
42.5474
39.3519
36.4979
33.9393
31.6364
29.557
27.6729
25.961
24.4006
22.975
21.6686
20.4692
19.365
18.3467
17.4052
16.5335
15.7244
14.9726
14.2724
13.6196
13.0097
12.4394
11.905
11.4038
10.933
10.4904
10.0735
9.68065
9.30977
8.95955
8.62819
8.31466
8.01741
7.73564
7.46798
7.21382
6.97195
6.74194
6.52263
6.31381
6.11433
5.92419
5.7422
5.56859
5.40208
5.24315
5.09042
4.94454
4.80412
4.66989
4.54052
4.41673
4.29728
4.1829
4.07241
3.96657
3.86416
3.76612
3.67106
3.58021
3.49192
3.4077
3.32576
3.24779
3.17194
3.10001
3.03016
2.96443
2.90109
2.84206
2.78638
2.73591
2.69011
2.65176
2.62194
2.59622
2.62342
2.64103
2.78954
2.91817
789.688
592.287
458.89
364.984
296.618
245.432
206.19
175.491
151.053
131.299
115.118
101.706
90.4718
80.9721
72.8708
65.9089
59.8841
54.6369
50.0402
45.9916
42.408
39.2214
36.3757
33.8244
31.5285
29.4552
27.577
25.8702
24.3148
22.8936
21.5915
20.3959
19.2953
18.2802
17.342
16.473
15.6668
14.9174
14.2197
13.569
12.9613
12.3929
11.8604
11.361
10.8919
10.4507
10.0354
9.64384
9.27438
8.92532
8.59525
8.28275
7.98667
7.70583
7.43924
7.18592
6.94503
6.71576
6.49736
6.28922
6.09057
5.90104
5.71982
5.54677
5.38098
5.22255
5.07048
4.92508
4.78525
4.65149
4.52263
4.39931
4.28029
4.16642
4.05626
3.95094
3.84881
3.75127
3.6565
3.56607
3.47809
3.39426
3.31262
3.23504
3.15943
3.08796
3.01827
2.95309
2.88978
2.83159
2.7755
2.72654
2.68014
2.64323
2.612
2.59741
2.61143
2.6326
2.76677
2.88825
789.331
591.652
458.171
364.264
295.934
244.797
205.607
174.959
150.567
130.857
114.715
101.337
90.1333
80.661
72.5844
65.6444
59.6394
54.4099
49.8292
45.7949
42.2245
39.0496
36.2148
33.6732
31.3864
29.3213
27.4507
25.7508
24.2019
22.7865
21.4901
20.2994
19.2037
18.1929
17.2588
16.3936
15.591
14.8449
14.1504
13.5026
12.8977
12.3317
11.8018
11.3046
10.8377
10.3985
9.98525
9.59545
9.22783
8.88033
8.55192
8.24082
7.94625
7.66666
7.40145
7.14926
6.90963
6.68139
6.46415
6.25693
6.05936
5.87067
5.69044
5.51816
5.35328
5.19557
5.04433
4.8996
4.76054
4.62742
4.49925
4.37657
4.25817
4.14491
4.03533
3.9306
3.82901
3.73207
3.63777
3.54798
3.4604
3.37727
3.29595
3.21917
3.1438
3.07324
3.00373
2.93965
2.87634
2.81947
2.76336
2.7156
2.66942
2.63475
2.60434
2.59254
2.60632
2.62518
2.75836
2.88177
788.889
590.867
457.283
363.376
295.09
244.013
204.889
174.303
149.97
130.312
114.217
100.882
89.7167
80.2782
72.232
65.319
59.3384
54.1306
49.5697
45.5531
41.9988
38.8385
36.017
33.4874
31.2117
29.1567
27.2955
25.6041
24.0632
22.655
21.3653
20.1808
19.091
18.0855
17.1566
16.2959
15.4979
14.7557
14.0652
13.4209
12.8195
12.2567
11.7298
11.2353
10.7713
10.3345
9.92366
9.53602
9.17064
8.82506
8.49867
8.1893
7.89657
7.61853
7.355
7.10421
6.86611
6.63914
6.42329
6.21723
6.02093
5.8333
5.65424
5.48293
5.31912
5.1623
5.01206
4.86813
4.72999
4.59762
4.47029
4.3483
4.23068
4.11807
4.00918
3.9051
3.80409
3.70781
3.61399
3.52488
3.43768
3.35524
3.27421
3.19813
3.12297
3.05316
2.98375
2.92049
2.85714
2.80124
2.74494
2.69834
2.65167
2.61867
2.5875
2.57805
2.59187
2.61784
2.73208
2.8651
788.366
589.939
456.233
362.327
294.094
243.089
204.041
173.529
149.265
129.67
113.632
100.347
89.226
79.8275
71.8172
64.936
58.9842
53.802
49.2644
45.2686
41.7333
38.5901
35.7844
33.269
31.0064
28.9632
27.113
25.4316
23.9001
22.5003
21.2188
20.0415
18.9586
17.9594
17.0365
16.1813
15.3884
14.6511
13.9651
13.325
12.7277
12.1685
11.6453
11.154
10.6932
10.2593
9.85133
9.46628
9.10349
8.76022
8.43617
8.12889
7.83828
7.56212
7.30051
7.05143
6.81508
6.58967
6.37543
6.17078
5.97597
5.78963
5.61194
5.44181
5.27928
5.12355
4.9745
4.8316
4.69456
4.56315
4.43686
4.31578
4.19914
4.0874
3.97945
3.87621
3.77613
3.68067
3.58775
3.49948
3.41318
3.33163
3.2515
3.17639
3.10215
3.03343
2.965
2.903
2.84074
2.78635
2.73133
2.68662
2.64107
2.61002
2.5799
2.57226
2.58123
2.61943
2.69917
2.85164
787.764
588.874
455.029
361.125
292.953
242.032
203.072
172.646
148.46
128.936
112.963
99.7354
88.6662
79.3134
71.344
64.4993
58.5803
53.4274
48.9163
44.9444
41.4308
38.3071
35.5193
33.0201
30.7724
28.7428
26.9052
25.2352
23.7143
22.3243
21.0518
19.8829
18.8079
17.8158
16.8997
16.0507
15.2638
14.5319
13.8512
13.2158
12.6231
12.0681
11.549
11.0614
10.6042
10.1736
9.76897
9.38683
9.027
8.68634
8.36497
8.06001
7.77183
7.49777
7.23836
6.99118
6.75684
6.53313
6.32073
6.11763
5.9245
5.73956
5.56341
5.39455
5.23344
5.07886
4.93109
4.78925
4.65338
4.52293
4.39769
4.27751
4.16179
4.05088
3.94373
3.84125
3.74183
3.64708
3.55467
3.46706
3.38107
3.30015
3.22011
3.14561
3.07117
3.00305
2.93406
2.87267
2.80941
2.75567
2.69915
2.65521
2.60826
2.57949
2.54852
2.54622
2.56177
2.59068
2.6889
2.82874
787.088
587.679
453.681
359.781
291.679
240.851
201.99
171.659
147.562
128.119
112.217
99.0541
88.0423
78.7406
70.8169
64.0129
58.1304
53.0104
48.5288
44.5834
41.094
37.9921
35.2243
32.7431
30.5121
28.4975
26.6739
25.0167
23.5077
22.1285
20.8662
19.7065
18.6402
17.6562
16.7476
15.9056
15.1253
14.3994
13.7246
13.0945
12.5069
11.9566
11.442
10.9586
10.5055
10.0786
9.67757
9.29874
8.94216
8.60447
8.28604
7.98376
7.69823
7.4266
7.16961
6.92462
6.6925
6.4708
6.26044
6.05917
5.86792
5.68467
5.51028
5.34299
5.18352
5.03041
4.88421
4.74376
4.60938
4.48029
4.35648
4.23763
4.12333
4.01377
3.90803
3.80697
3.709
3.61575
3.5249
3.43894
3.35466
3.27562
3.1975
3.12519
3.05299
2.98719
2.92051
2.86153
2.80062
2.74931
2.69506
2.65344
2.60813
2.58061
2.54989
2.54734
2.5624
2.58864
2.68767
2.8259
786.343
586.364
452.198
358.303
290.279
239.555
200.803
170.577
146.578
127.223
111.401
98.3084
87.3598
78.1142
70.2406
63.4813
57.6389
52.5548
48.1056
44.1894
40.7264
37.6484
34.9023
32.4409
30.228
28.23
26.4216
24.7783
23.2822
21.9148
20.6635
19.514
18.4572
17.4818
16.5815
15.747
14.9739
14.2546
13.5859
12.9616
12.3795
11.8343
11.3245
10.8456
10.3967
9.97383
9.57661
9.20133
8.84815
8.51364
8.19824
7.8988
7.61599
7.3469
7.09235
6.84964
6.61971
6.40005
6.19165
5.9922
5.80272
5.62109
5.44828
5.28241
5.12435
4.97249
4.82753
4.68816
4.55487
4.42669
4.30385
4.18576
4.07229
3.96332
3.8583
3.75767
3.66031
3.56734
3.477
3.3911
3.30716
3.22795
3.15002
3.07734
3.00521
2.93949
2.87357
2.81544
2.75642
2.70716
2.65662
2.61877
2.57997
2.55744
2.53609
2.53774
2.5586
2.5904
2.68936
2.83831
785.889
585.616
451.372
357.489
289.513
238.85
200.162
169.995
146.05
126.744
110.965
97.9117
86.9974
77.7824
69.9359
63.2008
57.3801
52.3152
47.8835
43.9829
40.534
37.4688
34.7344
32.2836
30.0804
28.0912
26.291
24.6551
23.1659
21.8048
20.5595
19.4153
18.3637
17.393
16.4971
15.6666
14.8974
14.1816
13.5164
12.8952
12.3162
11.7737
11.2667
10.7902
10.3439
9.92314
9.52816
9.15486
8.80372
8.47099
8.15746
7.85966
7.57857
7.31098
7.05802
6.81672
6.58826
6.3699
6.16288
5.96467
5.77648
5.59602
5.42443
5.25968
5.10277
4.95198
4.80811
4.66976
4.53749
4.41029
4.28836
4.17118
4.05852
3.9504
3.84607
3.74618
3.64936
3.55701
3.467
3.38169
3.29798
3.2193
3.14145
3.06914
2.99687
2.93091
2.86425
2.80501
2.74448
2.69298
2.64
2.59855
2.55628
2.53004
2.50733
2.5101
2.52427
2.56127
2.64282
2.79088
785.888
585.616
451.372
357.489
289.513
238.851
200.162
169.995
146.05
126.744
110.965
97.9115
86.9972
77.7822
69.9356
63.2006
57.3797
52.3149
47.8831
43.9825
40.5336
37.4685
34.734
32.2832
30.0799
28.0908
26.2905
24.6546
23.1654
21.8044
20.5589
19.4148
18.3631
17.3924
16.4965
15.6661
14.8968
14.181
13.5157
12.8946
12.3155
11.7731
11.266
10.7895
10.3431
9.92242
9.52733
9.1541
8.80284
8.4702
8.15654
7.85882
7.57761
7.31011
7.05703
6.81581
6.58723
6.36898
6.16184
5.96374
5.77544
5.59511
5.42342
5.25881
5.10183
4.9512
4.80729
4.66914
4.53689
4.40992
4.2881
4.17121
4.05875
3.95099
3.84697
3.74751
3.65114
3.5593
3.46991
3.38511
3.30214
3.22392
3.14695
3.07497
3.00372
2.93779
2.87217
2.81229
2.75256
2.69909
2.6462
2.60026
2.55659
2.521
2.49242
2.47342
2.47664
2.4988
2.53528
2.69707
785.888
585.616
451.372
357.489
289.513
238.851
200.162
169.995
146.05
126.744
110.965
97.9118
86.9974
77.7824
69.9358
63.2009
57.3799
52.3152
47.8833
43.9828
40.5338
37.4688
34.7342
32.2835
30.0801
28.0911
26.2907
24.655
23.1656
21.8048
20.5592
19.4152
18.3633
17.3928
16.4967
15.6665
14.897
14.1815
13.516
12.8951
12.3158
11.7735
11.2663
10.79
10.3434
9.92292
9.52766
9.15462
8.80318
8.47072
8.15688
7.85935
7.57795
7.31064
7.05737
6.81633
6.58756
6.36948
6.16215
5.96421
5.77572
5.59553
5.42366
5.25917
5.10201
4.95148
4.80738
4.6693
4.53687
4.40992
4.28794
4.171
4.05842
3.95052
3.84643
3.74675
3.65038
3.5582
3.46891
3.38365
3.30093
3.22208
3.14559
3.07276
3.00233
2.93523
2.87092
2.80941
2.75163
2.69578
2.64552
2.59584
2.55506
2.51322
2.48444
2.45641
2.44541
2.45338
2.46085
2.57957
785.888
585.616
451.372
357.489
289.513
238.851
200.162
169.995
146.05
126.744
110.965
97.912
86.9975
77.7827
69.936
63.2012
57.3801
52.3156
47.8835
43.9832
40.5341
37.4692
34.7344
32.2839
30.0804
28.0916
26.291
24.6555
23.1659
21.8052
20.5595
19.4158
18.3637
17.3934
16.4971
15.6671
14.8975
14.1821
13.5165
12.8957
12.3163
11.7742
11.2668
10.7907
10.3439
9.92366
9.52824
9.1554
8.8038
8.47154
8.15755
7.86022
7.57867
7.31156
7.05814
6.81731
6.5884
6.37052
6.16307
5.96532
5.77672
5.5967
5.42474
5.26042
5.10319
4.95279
4.80868
4.67068
4.53827
4.41137
4.28945
4.17252
4.06004
3.95211
3.84817
3.7484
3.65222
3.55989
3.47083
3.38533
3.30288
3.22372
3.14746
3.07427
3.00391
2.93652
2.8719
2.81037
2.75149
2.69638
2.64331
2.5956
2.54888
2.51142
2.47174
2.44808
2.42143
2.41705
2.42156
2.47275
785.888
585.616
451.372
357.49
289.513
238.851
200.162
169.996
146.05
126.744
110.966
97.9123
86.9977
77.783
69.9362
63.2015
57.3804
52.3159
47.8838
43.9836
40.5344
37.4695
34.7348
32.2843
30.0808
28.092
26.2914
24.6559
23.1663
21.8057
20.5599
19.4162
18.3642
17.3939
16.4976
15.6676
14.898
14.1827
13.517
12.8963
12.3168
11.7748
11.2674
10.7914
10.3446
9.92435
9.52892
9.15612
8.80452
8.4723
8.15832
7.86102
7.57949
7.3124
7.05901
6.8182
6.58933
6.37145
6.16405
5.9663
5.77776
5.59775
5.42585
5.26152
5.10437
4.95397
4.80993
4.67194
4.5396
4.41272
4.29086
4.17397
4.06153
3.95366
3.84973
3.75004
3.65386
3.56164
3.47252
3.38719
3.30459
3.22565
3.14913
3.07623
3.00546
2.93836
2.87318
2.81176
2.75224
2.69658
2.64312
2.59373
2.54744
2.50451
2.46862
2.43257
2.41096
2.38623
2.38533
2.41126
785.888
585.616
451.372
357.49
289.513
238.851
200.162
169.996
146.05
126.745
110.966
97.9125
86.9979
77.7833
69.9364
63.2018
57.3806
52.3162
47.8841
43.9839
40.5347
37.4699
34.7351
32.2847
30.0812
28.0924
26.2918
24.6564
23.1668
21.8062
20.5604
19.4168
18.3646
17.3945
16.4981
15.6682
14.8985
14.1833
13.5176
12.8969
12.3175
11.7755
11.268
10.7921
10.3453
9.92509
9.52965
9.1569
8.80529
8.47313
8.15914
7.8619
7.58036
7.31333
7.05994
6.81918
6.59032
6.3725
6.16511
5.96742
5.7789
5.59893
5.42708
5.26279
5.10569
4.95532
4.81135
4.67338
4.54113
4.41426
4.29252
4.17561
4.06333
3.95541
3.85169
3.75189
3.65598
3.56358
3.47482
3.38919
3.30705
3.22765
3.15174
3.07813
3.00814
2.93998
2.87578
2.81282
2.75444
2.69654
2.64452
2.59143
2.5466
2.49911
2.4622
2.42356
2.39434
2.36998
2.35012
2.36288
785.888
585.616
451.372
357.49
289.513
238.851
200.162
169.996
146.051
126.745
110.966
97.9128
86.9982
77.7835
69.9367
63.2021
57.3809
52.3166
47.8844
43.9843
40.5351
37.4703
34.7355
32.2852
30.0816
28.0929
26.2922
24.6568
23.1672
21.8067
20.5609
19.4173
18.3652
17.395
16.4987
15.6688
14.8991
14.1839
13.5182
12.8976
12.3181
11.7762
11.2687
10.7928
10.346
9.92585
9.53041
9.1577
8.80611
8.47398
8.16
7.86279
7.58128
7.31427
7.06093
6.82017
6.59138
6.37355
6.16624
5.96852
5.78011
5.6001
5.42838
5.26401
5.10709
4.95661
4.81286
4.67474
4.54277
4.41569
4.29429
4.17711
4.06524
3.95698
3.85375
3.75355
3.65819
3.56531
3.47718
3.39099
3.30953
3.22952
3.15426
3.08005
3.01058
2.9419
2.87787
2.81465
2.75574
2.69813
2.64385
2.5928
2.54246
2.4999
2.45262
2.42055
2.37726
2.35863
2.32161
2.32535
785.888
585.616
451.372
357.49
289.514
238.851
200.162
169.996
146.051
126.745
110.966
97.913
86.9984
77.7838
69.937
63.2024
57.3813
52.3169
47.8848
43.9846
40.5355
37.4707
34.7359
32.2856
30.082
28.0933
26.2927
24.6573
23.1678
21.8072
20.5614
19.4178
18.3657
17.3955
16.4993
15.6693
14.8997
14.1845
13.5189
12.8982
12.3188
11.7768
11.2695
10.7935
10.3468
9.92659
9.53127
9.15848
8.80702
8.4748
8.16097
7.86367
7.5823
7.31521
7.06201
6.82117
6.59252
6.37461
6.16746
5.96966
5.7814
5.60132
5.42975
5.26532
5.10854
4.95802
4.8144
4.67627
4.54439
4.41735
4.29599
4.17893
4.06702
3.95897
3.85559
3.75573
3.66007
3.56772
3.47905
3.39365
3.31133
3.23247
3.15588
3.08329
3.01186
2.94542
2.87856
2.81834
2.75549
2.70178
2.64225
2.59556
2.53905
2.49995
2.44657
2.41589
2.36675
2.3456
2.30128
2.29668
785.888
585.616
451.372
357.49
289.514
238.851
200.162
169.996
146.051
126.745
110.966
97.9132
86.9987
77.7841
69.9374
63.2027
57.3817
52.3172
47.8852
43.985
40.5359
37.4711
34.7364
32.286
30.0825
28.0937
26.2933
24.6577
23.1683
21.8077
20.562
19.4183
18.3664
17.3961
16.4999
15.6699
14.9004
14.1851
13.5196
12.8989
12.3196
11.7775
11.2703
10.7943
10.3476
9.92738
9.53213
9.15933
8.80792
8.47571
8.16191
7.86464
7.5833
7.31625
7.06305
6.82229
6.59361
6.37582
6.1686
5.97097
5.7826
5.60274
5.43099
5.26687
5.10984
4.95971
4.81574
4.67811
4.54577
4.41937
4.29742
4.18114
4.06848
3.9614
3.85707
3.75841
3.66155
3.57066
3.4805
3.39688
3.31272
3.23596
3.15715
3.087
3.01294
2.94923
2.87934
2.822
2.7558
2.70487
2.6419
2.59749
2.53746
2.49961
2.44283
2.41175
2.359
2.33545
2.28699
2.27533
785.888
585.616
451.372
357.49
289.514
238.852
200.162
169.996
146.051
126.746
110.967
97.9135
86.999
77.7844
69.9376
63.203
57.382
52.3176
47.8856
43.9854
40.5363
37.4715
34.7368
32.2865
30.083
28.0942
26.2937
24.6583
23.1688
21.8083
20.5625
19.4189
18.3669
17.3967
16.5005
15.6706
14.901
14.1858
13.5202
12.8996
12.3202
11.7784
11.271
10.7951
10.3484
9.92832
9.5329
9.16033
8.80873
8.47677
8.16276
7.86578
7.58418
7.31747
7.06398
6.8236
6.59458
6.37723
6.16962
5.97249
5.78366
5.60438
5.4321
5.26865
5.11099
4.96164
4.81695
4.68021
4.54703
4.42164
4.29872
4.18361
4.06984
3.96407
3.85848
3.76129
3.66301
3.57376
3.48201
3.40017
3.31426
3.23942
3.15872
3.09055
3.01448
2.95273
2.88078
2.82523
2.75697
2.70734
2.64256
2.59864
2.53718
2.49893
2.44073
2.40792
2.35368
2.3267
2.27774
2.25744
785.888
585.616
451.372
357.49
289.514
238.852
200.162
169.997
146.051
126.746
110.967
97.9138
86.9992
77.7848
69.9379
63.2035
57.3823
52.3181
47.8859
43.9859
40.5366
37.4721
34.7372
32.287
30.0834
28.0948
26.2941
24.6589
23.1693
21.8089
20.563
19.4196
18.3674
17.3975
16.501
15.6714
14.9016
14.1866
13.5208
12.9005
12.3209
11.7793
11.2716
10.7961
10.349
9.92936
9.53362
9.16143
8.80949
8.47795
8.16356
7.86702
7.58503
7.3188
7.06487
6.82502
6.59553
6.37875
6.17061
5.97411
5.78471
5.60612
5.43322
5.27051
5.11218
4.96363
4.8182
4.68234
4.54837
4.42392
4.30015
4.18604
4.07136
3.96667
3.86011
3.76405
3.66476
3.57667
3.48389
3.40321
3.31628
3.24253
3.16086
3.09364
3.01673
2.95567
2.88308
2.82781
2.75919
2.70933
2.64439
2.59946
2.53815
2.49771
2.4402
2.40418
2.35073
2.31885
2.27081
2.24389
785.888
585.617
451.372
357.49
289.514
238.852
200.163
169.997
146.051
126.746
110.967
97.9142
86.9994
77.7852
69.9381
63.2039
57.3825
52.3186
47.8862
43.9864
40.537
37.4726
34.7375
32.2876
30.0837
28.0955
26.2946
24.6596
23.1697
21.8096
20.5635
19.4204
18.3679
17.3983
16.5015
15.6722
14.9021
14.1875
13.5214
12.9014
12.3215
11.7802
11.2723
10.7971
10.3497
9.93042
9.53437
9.16256
8.81028
8.47914
8.1644
7.86828
7.58592
7.32014
7.06582
6.82644
6.59654
6.38025
6.17169
5.9757
5.78587
5.60781
5.43446
5.2723
5.11352
4.96553
4.81965
4.68435
4.54993
4.42606
4.30185
4.1883
4.07321
3.96905
3.86212
3.76653
3.66695
3.57924
3.48628
3.40584
3.31887
3.24518
3.16366
3.09624
3.0197
2.95809
2.88615
2.82988
2.76223
2.71078
2.64719
2.6
2.54028
2.49684
2.44101
2.40082
2.34928
2.31253
2.2657
2.23335
785.888
585.617
451.372
357.49
289.514
238.852
200.163
169.997
146.052
126.746
110.967
97.9146
86.9996
77.7856
69.9384
63.2044
57.3828
52.319
47.8865
43.987
40.5373
37.4732
34.7379
32.2882
30.0842
28.0961
26.295
24.6603
23.1702
21.8103
20.564
19.4211
18.3684
17.399
16.5021
15.673
14.9028
14.1883
13.5221
12.9023
12.3222
11.7812
11.273
10.7981
10.3505
9.93145
9.5352
9.16364
8.81116
8.48027
8.16535
7.86948
7.58693
7.3214
7.06691
6.82777
6.5977
6.38166
6.17295
5.97719
5.78722
5.60937
5.43592
5.27395
5.11509
4.96727
4.82135
4.68619
4.55179
4.42799
4.30386
4.19032
4.0754
3.97116
3.86451
3.76873
3.66955
3.58151
3.48911
3.40816
3.32193
3.24752
3.16694
3.09852
3.02318
2.96024
2.88974
2.83176
2.76576
2.71221
2.65039
2.60075
2.54277
2.49655
2.44231
2.39908
2.34853
2.30841
2.26198
2.22579
785.888
585.617
451.372
357.49
289.514
238.852
200.163
169.997
146.052
126.747
110.967
97.9149
86.9999
77.786
69.9387
63.2048
57.3832
52.3195
47.8869
43.9874
40.5377
37.4737
34.7384
32.2887
30.0847
28.0967
26.2955
24.6609
23.1707
21.8109
20.5646
19.4218
18.3691
17.3997
16.5028
15.6738
14.9035
14.1891
13.5228
12.9031
12.323
11.782
11.2739
10.799
10.3514
9.9324
9.53615
9.16463
8.81218
8.48132
8.16643
7.87059
7.58809
7.32256
7.06814
6.829
6.59903
6.38295
6.17437
5.97855
5.78875
5.61081
5.43757
5.27547
5.11687
4.96887
4.82328
4.68787
4.55387
4.42976
4.30612
4.19218
4.07785
3.97311
3.86716
3.77077
3.67242
3.58364
3.49219
3.41036
3.32523
3.24976
3.17044
3.10078
3.02682
2.96245
2.89343
2.83382
2.76935
2.71398
2.65365
2.60198
2.54538
2.49696
2.44374
2.3983
2.34832
2.30593
2.25929
2.22078
785.888
585.617
451.372
357.491
289.514
238.852
200.163
169.998
146.052
126.747
110.968
97.9152
87.0002
77.7863
69.9391
63.2051
57.3836
52.3199
47.8873
43.9879
40.5382
37.4742
34.7389
32.2892
30.0852
28.0972
26.2961
24.6614
23.1714
21.8115
20.5652
19.4224
18.3698
17.4004
16.5035
15.6745
14.9042
14.1898
13.5236
12.9039
12.3238
11.7828
11.2748
10.7998
10.3524
9.93329
9.5372
9.16557
8.81329
8.48231
8.16761
7.87163
7.58935
7.32366
7.06949
6.83016
6.60047
6.38418
6.17591
5.97985
5.79041
5.61218
5.43934
5.27692
5.11878
4.97041
4.82534
4.6895
4.55608
4.43148
4.3085
4.19401
4.08041
3.97504
3.86991
3.77282
3.67537
3.58579
3.49534
3.41262
3.32858
3.25212
3.17395
3.10322
3.03044
2.96491
2.89707
2.83625
2.77286
2.71624
2.65683
2.60389
2.54796
2.49824
2.44527
2.39861
2.34847
2.30481
2.25765
2.21755
785.888
585.617
451.372
357.491
289.514
238.853
200.163
169.998
146.052
126.747
110.968
97.9154
87.0006
77.7866
69.9395
63.2055
57.384
52.3202
47.8878
43.9883
40.5388
37.4746
34.7395
32.2897
30.0858
28.0977
26.2967
24.6619
23.172
21.8121
20.5659
19.423
18.3705
17.401
16.5043
15.6751
14.9051
14.1905
13.5245
12.9046
12.3248
11.7836
11.2758
10.8007
10.3534
9.93415
9.53829
9.16649
8.81445
8.48328
8.16884
7.87266
7.59066
7.32475
7.07089
6.83131
6.60196
6.3854
6.1775
5.98114
5.7921
5.61356
5.44116
5.27839
5.12072
4.97197
4.82741
4.69117
4.5583
4.43326
4.31088
4.19591
4.08296
3.97707
3.87263
3.77498
3.67827
3.58811
3.49841
3.41509
3.33181
3.25473
3.17732
3.10596
3.03389
2.96774
2.90054
2.83909
2.77624
2.71897
2.65993
2.60636
2.55055
2.50023
2.44715
2.39977
2.34909
2.30474
2.25685
2.21591
785.888
585.617
451.372
357.491
289.514
238.853
200.163
169.998
146.052
126.747
110.968
97.9157
87.001
77.7869
69.9399
63.2058
57.3845
52.3206
47.8883
43.9887
40.5393
37.475
34.74
32.2902
30.0864
28.0982
26.2974
24.6625
23.1727
21.8127
20.5667
19.4236
18.3713
17.4016
16.5051
15.6758
14.9059
14.1913
13.5254
12.9054
12.3257
11.7844
11.2768
10.8015
10.3545
9.93503
9.5394
9.16742
8.81562
8.48427
8.17009
7.8737
7.59198
7.32586
7.07229
6.83249
6.60345
6.38665
6.17909
5.98248
5.79379
5.61499
5.44296
5.27991
5.12264
4.9736
4.82946
4.69291
4.56049
4.43513
4.31322
4.19791
4.08545
3.97922
3.87529
3.77729
3.68109
3.59058
3.5014
3.41773
3.33496
3.25755
3.18061
3.10892
3.03729
2.97083
2.90397
2.84224
2.7796
2.72208
2.66311
2.60926
2.55338
2.50268
2.44944
2.40152
2.35066
2.30542
2.2571
2.21522
785.888
585.617
451.372
357.491
289.514
238.853
200.164
169.998
146.053
126.748
110.969
97.9159
87.0013
77.7872
69.9403
63.2061
57.385
52.321
47.8888
43.9891
40.5398
37.4755
34.7406
32.2907
30.087
28.0987
26.298
24.663
23.1734
21.8132
20.5674
19.4242
18.372
17.4023
16.5059
15.6765
14.9067
14.192
13.5263
12.9061
12.3266
11.7852
11.2777
10.8024
10.3555
9.93595
9.54048
9.16839
8.81676
8.4853
8.17129
7.8748
7.59326
7.32703
7.07365
6.83373
6.60489
6.38798
6.18062
5.9839
5.79542
5.6165
5.44469
5.28153
5.12449
4.97533
4.83142
4.69477
4.56258
4.43712
4.31544
4.20006
4.08782
3.98153
3.87781
3.77977
3.68377
3.59324
3.50424
3.42057
3.33795
3.26057
3.18375
3.11212
3.04056
2.97416
2.90733
2.84564
2.78298
2.72545
2.66641
2.61245
2.55644
2.5055
2.45206
2.40371
2.35261
2.30677
2.25818
2.21526
785.888
585.617
451.372
357.491
289.514
238.853
200.164
169.998
146.053
126.748
110.969
97.9162
87.0017
77.7875
69.9407
63.2065
57.3854
52.3214
47.8893
43.9895
40.5403
37.4759
34.7411
32.2912
30.0876
28.0992
26.2986
24.6636
23.174
21.8138
20.568
19.4248
18.3727
17.403
16.5066
15.6772
14.9075
14.1927
13.5271
12.9069
12.3275
11.7861
11.2786
10.8033
10.3565
9.93689
9.5415
9.16938
8.81784
8.48634
8.17244
7.8759
7.59447
7.3282
7.07492
6.83497
6.60624
6.38929
6.18205
5.98529
5.79694
5.61798
5.4463
5.2831
5.1262
4.977
4.83324
4.69654
4.56452
4.43901
4.3175
4.20207
4.09002
3.98368
3.88018
3.78208
3.68631
3.59571
3.50696
3.42321
3.34086
3.26336
3.18684
3.11506
3.04384
2.97725
2.91079
2.84885
2.78661
2.72875
2.67016
2.61577
2.56025
2.50877
2.45582
2.40681
2.35617
2.3095
2.26132
2.21717
785.888
585.617
451.372
357.491
289.515
238.853
200.164
169.998
146.053
126.748
110.969
97.9165
87.002
77.7878
69.9411
63.2068
57.3858
52.3218
47.8897
43.9899
40.5408
37.4764
34.7416
32.2916
30.0881
28.0997
26.2991
24.6641
23.1746
21.8144
20.5686
19.4254
18.3733
17.4036
16.5073
15.6778
14.9082
14.1934
13.5278
12.9076
12.3282
11.7868
11.2794
10.804
10.3573
9.93766
9.54231
9.17018
8.81869
8.48718
8.17332
7.87677
7.59538
7.32909
7.07586
6.83589
6.6072
6.39022
6.18302
5.98623
5.79791
5.6189
5.44726
5.28399
5.12711
4.97783
4.83408
4.69728
4.56524
4.4396
4.31805
4.20244
4.09032
3.98376
3.88013
3.78176
3.68583
3.59492
3.50599
3.42187
3.33932
3.26141
3.18469
3.11247
3.04107
2.97403
2.90747
2.84512
2.7829
2.72474
2.66635
2.61182
2.55674
2.5053
2.45303
2.40421
2.35442
2.30795
2.26059
2.21656
2.77362
2.75886
2.74537
2.73135
2.72451
2.7262
2.71847
2.76999
2.78001
2.89301
2.66106
2.63491
2.60007
2.57023
2.5454
2.53055
2.52311
2.5437
2.54605
2.60729
2.51867
2.49111
2.46413
2.44074
2.42489
2.41124
2.40646
2.41225
2.4117
2.43946
2.43717
2.41522
2.39309
2.37186
2.35294
2.33776
2.32663
2.32017
2.31642
2.33041
2.37528
2.35377
2.32931
2.30522
2.28302
2.26493
2.25004
2.23985
2.23471
2.23772
2.32869
2.30547
2.27991
2.25556
2.23288
2.21337
2.19669
2.18348
2.17397
2.1682
2.29104
2.2671
2.24045
2.21636
2.19189
2.17206
2.15236
2.1381
2.12418
2.11661
2.26175
2.23659
2.2102
2.18533
2.16078
2.13956
2.11892
2.10236
2.08668
2.0755
2.23886
2.21324
2.18659
2.16119
2.13629
2.11391
2.0924
2.07399
2.05678
2.04294
2.22136
2.19539
2.16809
2.14252
2.11693
2.09387
2.07139
2.05173
2.03297
2.01735
2.20795
2.18142
2.15348
2.12773
2.10121
2.07802
2.05407
2.03424
2.01338
1.99731
2.19764
2.17025
2.14215
2.11568
2.08907
2.06491
2.04079
2.01963
1.99847
1.98051
2.1899
2.16187
2.13345
2.10641
2.07953
2.05469
2.03016
2.00812
1.98634
1.9673
2.18403
2.1559
2.12655
2.09957
2.07183
2.04699
2.02155
1.99939
1.97643
1.95728
2.17995
2.15168
2.12136
2.09457
2.06575
2.04134
2.01455
1.99298
1.96838
1.94983
2.17726
2.14898
2.11758
2.09109
2.0612
2.03722
2.00926
1.98821
1.96229
1.94422
2.17606
2.14731
2.1153
2.08856
2.05812
2.03394
2.00553
1.9842
1.95796
1.93932
2.17607
2.14633
2.11432
2.08661
2.05644
2.03122
2.0033
1.98072
1.95517
1.935
2.17769
2.14708
2.11489
2.08645
2.05631
2.03038
2.00266
1.97927
1.95399
1.93286
2.17742
2.14594
2.11392
2.08428
2.05428
2.02666
1.99882
1.97333
1.94769
1.92421
)
;

boundaryField
{
    down
    {
        type            symmetryPlane;
    }
    right
    {
        type            inletOutlet;
        inletValue      uniform 1;
        value           nonuniform List<scalar> 
30
(
102.998
111.225
125.863
143.587
159.741
168.898
166.811
149.526
116.147
71.4403
30.3284
7.6613
1.49732
0.722965
0.617051
0.579435
0.557449
0.540676
0.526954
0.517482
0.51027
0.504562
0.500295
0.497799
0.494647
0.490489
0.487696
0.485856
0.485215
0.486144
)
;
    }
    up
    {
        type            zeroGradient;
    }
    left
    {
        type            turbulentMixingLengthDissipationRateInlet;
        mixingLength    0.005;
        phi             phi;
        k               k;
        value           uniform 943.341;
    }
    cylinder
    {
        type            epsilonWallFunction;
        value           nonuniform List<scalar> 
40
(
453.216
418.4
535.047
589.154
633.771
674.701
705.409
742.477
767.002
800.389
2538.84
2434.47
2248.15
2027.32
1796.57
1598.94
1427.01
1346.06
1160.39
828.925
1177.1
1125.36
1091.98
1049.63
1008.82
962.389
921.366
877.588
853.479
819.67
2637.37
2602.43
2545.03
2358.82
2084.4
1832
1615.7
1445.47
1322.75
1227.67
)
;
    }
    defaultFaces
    {
        type            empty;
    }
}


// ************************************************************************* //
