/*--------------------------------*- C++ -*----------------------------------*\
  =========                 |
  \\      /  F ield         | OpenFOAM: The Open Source CFD Toolbox
   \\    /   O peration     | Website:  https://openfoam.org
    \\  /    A nd           | Version:  8
     \\/     M anipulation  |
\*---------------------------------------------------------------------------*/
FoamFile
{
    version     2.0;
    format      ascii;
    class       volScalarField;
    location    "4.0000146318";
    object      p;
}
// * * * * * * * * * * * * * * * * * * * * * * * * * * * * * * * * * * * * * //

dimensions      [1 -1 -2 0 0 0 0];

internalField   nonuniform List<scalar> 
6800
(
101071
101084
101095
101102
101108
101115
101122
101129
101136
101142
101040
101074
101077
101083
101092
101100
101109
101118
101128
101136
100969
101042
101044
101054
101068
101080
101093
101105
101117
101129
100869
100987
100995
101016
101037
101056
101073
101089
101105
101120
100750
100917
100934
100971
101002
101028
101051
101072
101092
101109
100621
100837
100866
100922
100964
100998
101028
101054
101078
101099
100494
100755
100798
100875
100927
100970
101007
101038
101065
101089
100378
100679
100736
100831
100894
100946
100988
101024
101055
101082
100281
100613
100685
100797
100867
100927
100975
101015
101049
101078
100209
100562
100648
100773
100850
100916
100968
101011
101047
101078
101157
101139
101129
101127
101129
101134
101142
101153
101165
101180
101151
101134
101125
101123
101125
101129
101137
101148
101162
101178
101138
101125
101118
101116
101117
101121
101129
101142
101158
101177
101122
101114
101110
101108
101110
101114
101123
101138
101156
101177
101108
101106
101104
101104
101106
101112
101123
101138
101156
101178
101097
101100
101103
101105
101109
101116
101127
101141
101157
101177
101090
101099
101106
101111
101116
101123
101133
101145
101158
101174
101084
101101
101111
101117
101122
101128
101137
101147
101157
101170
101078
101099
101112
101119
101123
101129
101136
101145
101154
101165
101076
101090
101105
101113
101118
101124
101131
101139
101148
101158
101198
101217
101233
101247
101259
101270
101280
101289
101297
101304
101310
101315
101320
101325
101329
101332
101335
101338
101341
101343
101344
101346
101347
101348
101349
101350
101350
101351
101351
101351
101351
101351
101350
101350
101350
101350
101349
101349
101348
101348
101347
101347
101346
101345
101345
101344
101344
101343
101343
101342
101341
101341
101340
101340
101339
101339
101338
101338
101337
101337
101336
101336
101335
101335
101335
101334
101334
101333
101333
101333
101332
101332
101332
101331
101331
101331
101331
101330
101330
101330
101330
101329
101329
101329
101329
101328
101328
101328
101328
101328
101327
101327
101327
101327
101327
101326
101326
101326
101326
101326
101196
101216
101232
101246
101258
101269
101279
101288
101296
101303
101309
101315
101320
101324
101328
101332
101335
101338
101340
101342
101344
101346
101347
101348
101349
101350
101350
101350
101351
101351
101351
101351
101350
101350
101350
101349
101349
101349
101348
101348
101347
101346
101346
101345
101345
101344
101344
101343
101342
101342
101341
101341
101340
101340
101339
101339
101338
101338
101337
101337
101336
101336
101335
101335
101335
101334
101334
101333
101333
101333
101332
101332
101332
101331
101331
101331
101331
101330
101330
101330
101330
101329
101329
101329
101329
101328
101328
101328
101328
101328
101327
101327
101327
101327
101327
101326
101326
101326
101326
101326
101194
101213
101230
101244
101256
101268
101278
101287
101295
101302
101308
101314
101319
101324
101328
101331
101335
101337
101340
101342
101344
101345
101347
101348
101349
101349
101350
101350
101350
101351
101351
101350
101350
101350
101350
101349
101349
101348
101348
101347
101347
101346
101346
101345
101345
101344
101344
101343
101342
101342
101341
101341
101340
101340
101339
101339
101338
101338
101337
101337
101336
101336
101335
101335
101335
101334
101334
101333
101333
101333
101332
101332
101332
101331
101331
101331
101331
101330
101330
101330
101330
101329
101329
101329
101329
101328
101328
101328
101328
101328
101327
101327
101327
101327
101327
101326
101326
101326
101326
101326
101191
101209
101226
101241
101254
101265
101275
101285
101293
101300
101307
101313
101318
101323
101327
101330
101334
101337
101339
101341
101343
101345
101346
101347
101348
101349
101349
101350
101350
101350
101350
101350
101350
101350
101349
101349
101349
101348
101348
101347
101347
101346
101346
101345
101345
101344
101343
101343
101342
101342
101341
101341
101340
101340
101339
101339
101338
101338
101337
101337
101336
101336
101335
101335
101335
101334
101334
101333
101333
101333
101332
101332
101332
101331
101331
101331
101331
101330
101330
101330
101330
101329
101329
101329
101329
101328
101328
101328
101328
101328
101327
101327
101327
101327
101327
101326
101326
101326
101326
101326
101185
101203
101222
101237
101250
101262
101272
101282
101290
101298
101305
101311
101316
101321
101325
101329
101333
101336
101338
101340
101342
101344
101345
101347
101348
101348
101349
101349
101350
101350
101350
101350
101350
101349
101349
101349
101348
101348
101348
101347
101347
101346
101346
101345
101344
101344
101343
101343
101342
101342
101341
101341
101340
101339
101339
101338
101338
101338
101337
101337
101336
101336
101335
101335
101334
101334
101334
101333
101333
101333
101332
101332
101332
101331
101331
101331
101331
101330
101330
101330
101329
101329
101329
101329
101329
101328
101328
101328
101328
101328
101327
101327
101327
101327
101326
101326
101326
101326
101326
101326
101178
101195
101215
101232
101245
101258
101269
101279
101287
101295
101302
101309
101314
101319
101324
101328
101331
101334
101337
101339
101341
101343
101345
101346
101347
101348
101348
101349
101349
101349
101349
101349
101349
101349
101349
101348
101348
101348
101347
101347
101346
101346
101345
101345
101344
101344
101343
101343
101342
101341
101341
101340
101340
101339
101339
101338
101338
101337
101337
101336
101336
101336
101335
101335
101334
101334
101334
101333
101333
101333
101332
101332
101332
101331
101331
101331
101330
101330
101330
101330
101329
101329
101329
101329
101329
101328
101328
101328
101328
101327
101327
101327
101327
101327
101326
101326
101326
101326
101326
101325
101170
101187
101208
101226
101240
101252
101264
101274
101283
101292
101299
101306
101311
101317
101321
101326
101329
101332
101335
101338
101340
101342
101343
101345
101346
101347
101347
101348
101348
101349
101349
101349
101349
101348
101348
101348
101348
101347
101347
101346
101346
101345
101345
101344
101344
101343
101343
101342
101342
101341
101341
101340
101340
101339
101339
101338
101338
101337
101337
101336
101336
101335
101335
101335
101334
101334
101334
101333
101333
101332
101332
101332
101332
101331
101331
101331
101330
101330
101330
101330
101329
101329
101329
101329
101328
101328
101328
101328
101328
101327
101327
101327
101327
101327
101326
101326
101326
101326
101326
101325
101164
101179
101201
101219
101234
101247
101258
101269
101279
101287
101295
101302
101308
101313
101318
101323
101326
101330
101333
101336
101338
101340
101342
101343
101344
101345
101346
101347
101347
101347
101348
101348
101348
101348
101348
101347
101347
101347
101346
101346
101346
101345
101345
101344
101344
101343
101343
101342
101342
101341
101341
101340
101339
101339
101339
101338
101338
101337
101337
101336
101336
101335
101335
101335
101334
101334
101333
101333
101333
101332
101332
101332
101331
101331
101331
101331
101330
101330
101330
101330
101329
101329
101329
101329
101328
101328
101328
101328
101328
101327
101327
101327
101327
101327
101326
101326
101326
101326
101325
101325
101161
101174
101194
101212
101228
101241
101253
101264
101274
101283
101291
101298
101304
101310
101315
101320
101324
101327
101331
101333
101336
101338
101340
101341
101342
101344
101344
101345
101346
101346
101346
101347
101347
101347
101347
101346
101346
101346
101346
101345
101345
101344
101344
101344
101343
101343
101342
101342
101341
101341
101340
101340
101339
101339
101338
101338
101337
101337
101336
101336
101336
101335
101335
101334
101334
101334
101333
101333
101333
101332
101332
101332
101331
101331
101331
101331
101330
101330
101330
101330
101329
101329
101329
101329
101328
101328
101328
101328
101328
101327
101327
101327
101327
101327
101326
101326
101326
101326
101325
101325
101158
101170
101187
101204
101219
101233
101246
101257
101267
101277
101285
101293
101299
101305
101311
101316
101320
101324
101327
101330
101333
101335
101337
101339
101340
101341
101342
101343
101344
101345
101345
101345
101345
101345
101345
101345
101345
101345
101345
101344
101344
101344
101343
101343
101342
101342
101342
101341
101341
101340
101340
101339
101339
101338
101338
101337
101337
101337
101336
101336
101335
101335
101335
101334
101334
101333
101333
101333
101332
101332
101332
101332
101331
101331
101331
101330
101330
101330
101330
101329
101329
101329
101329
101329
101328
101328
101328
101328
101328
101327
101327
101327
101327
101327
101326
101326
101326
101326
101325
101325
101158
101172
101188
101204
101218
101232
101244
101255
101266
101275
101283
101291
101297
101303
101309
101314
101318
101322
101325
101328
101331
101333
101335
101337
101339
101340
101341
101342
101343
101343
101344
101344
101344
101344
101344
101344
101344
101344
101344
101343
101343
101343
101342
101342
101342
101341
101341
101340
101340
101340
101339
101339
101338
101338
101337
101337
101337
101336
101336
101335
101335
101335
101334
101334
101333
101333
101333
101333
101332
101332
101332
101331
101331
101331
101331
101330
101330
101330
101330
101329
101329
101329
101329
101328
101328
101328
101328
101328
101327
101327
101327
101327
101327
101326
101326
101326
101326
101326
101325
101325
101165
101180
101195
101210
101224
101236
101248
101258
101268
101277
101284
101291
101298
101304
101309
101313
101318
101321
101325
101328
101330
101332
101334
101336
101338
101339
101340
101341
101341
101342
101342
101343
101343
101343
101343
101343
101343
101343
101343
101342
101342
101342
101342
101341
101341
101340
101340
101340
101339
101339
101338
101338
101338
101337
101337
101336
101336
101336
101335
101335
101334
101334
101334
101333
101333
101333
101332
101332
101332
101332
101331
101331
101331
101331
101330
101330
101330
101330
101329
101329
101329
101329
101328
101328
101328
101328
101328
101328
101327
101327
101327
101327
101327
101326
101326
101326
101326
101326
101325
101325
101173
101187
101201
101215
101227
101239
101250
101259
101269
101277
101284
101291
101297
101303
101308
101313
101317
101320
101323
101326
101329
101331
101333
101335
101336
101337
101338
101339
101340
101341
101341
101341
101342
101342
101342
101342
101342
101342
101342
101341
101341
101341
101341
101340
101340
101340
101339
101339
101338
101338
101338
101337
101337
101337
101336
101336
101335
101335
101335
101334
101334
101334
101333
101333
101333
101332
101332
101332
101332
101331
101331
101331
101330
101330
101330
101330
101330
101329
101329
101329
101329
101329
101328
101328
101328
101328
101328
101327
101327
101327
101327
101327
101327
101326
101326
101326
101326
101326
101325
101325
101181
101194
101207
101220
101232
101243
101253
101262
101271
101278
101286
101292
101298
101303
101308
101312
101316
101320
101323
101325
101328
101330
101332
101334
101335
101336
101337
101338
101339
101340
101340
101340
101341
101341
101341
101341
101341
101341
101341
101340
101340
101340
101340
101339
101339
101339
101338
101338
101338
101337
101337
101337
101336
101336
101336
101335
101335
101334
101334
101334
101333
101333
101333
101333
101332
101332
101332
101331
101331
101331
101331
101330
101330
101330
101330
101330
101329
101329
101329
101329
101329
101328
101328
101328
101328
101328
101327
101327
101327
101327
101327
101327
101326
101326
101326
101326
101326
101326
101325
101325
101190
101201
101214
101226
101237
101247
101256
101265
101272
101280
101287
101293
101298
101303
101308
101312
101316
101319
101322
101325
101327
101329
101331
101333
101334
101335
101336
101337
101338
101338
101339
101339
101339
101340
101340
101340
101340
101340
101340
101339
101339
101339
101339
101338
101338
101338
101338
101337
101337
101337
101336
101336
101336
101335
101335
101335
101334
101334
101334
101333
101333
101333
101332
101332
101332
101332
101331
101331
101331
101331
101330
101330
101330
101330
101329
101329
101329
101329
101329
101329
101328
101328
101328
101328
101328
101327
101327
101327
101327
101327
101327
101327
101326
101326
101326
101326
101326
101325
101325
101325
101199
101209
101221
101232
101242
101251
101259
101267
101275
101282
101288
101294
101299
101304
101308
101312
101316
101319
101322
101324
101326
101328
101330
101332
101333
101334
101335
101336
101337
101337
101338
101338
101338
101339
101339
101339
101339
101339
101339
101338
101338
101338
101338
101338
101337
101337
101337
101336
101336
101336
101336
101335
101335
101335
101334
101334
101334
101333
101333
101333
101333
101332
101332
101332
101331
101331
101331
101331
101330
101330
101330
101330
101330
101329
101329
101329
101329
101329
101328
101328
101328
101328
101328
101328
101327
101327
101327
101327
101327
101327
101327
101326
101326
101326
101326
101326
101326
101325
101325
101325
101208
101217
101228
101238
101247
101255
101263
101271
101277
101284
101290
101295
101300
101304
101308
101312
101315
101318
101321
101324
101326
101328
101329
101331
101332
101333
101334
101335
101336
101336
101337
101337
101337
101337
101338
101338
101338
101338
101338
101337
101337
101337
101337
101337
101336
101336
101336
101336
101335
101335
101335
101335
101334
101334
101334
101333
101333
101333
101333
101332
101332
101332
101332
101331
101331
101331
101331
101330
101330
101330
101330
101329
101329
101329
101329
101329
101329
101328
101328
101328
101328
101328
101328
101327
101327
101327
101327
101327
101327
101327
101326
101326
101326
101326
101326
101326
101326
101325
101325
101325
101217
101225
101235
101244
101252
101260
101267
101274
101280
101286
101291
101296
101301
101305
101309
101312
101316
101318
101321
101323
101325
101327
101329
101330
101331
101332
101333
101334
101335
101335
101336
101336
101336
101336
101337
101337
101337
101337
101337
101336
101336
101336
101336
101336
101336
101335
101335
101335
101335
101334
101334
101334
101334
101333
101333
101333
101333
101332
101332
101332
101332
101331
101331
101331
101331
101330
101330
101330
101330
101330
101329
101329
101329
101329
101329
101328
101328
101328
101328
101328
101328
101328
101327
101327
101327
101327
101327
101327
101327
101326
101326
101326
101326
101326
101326
101326
101326
101325
101325
101325
101227
101234
101243
101251
101258
101265
101271
101277
101283
101289
101294
101298
101302
101306
101310
101313
101316
101318
101321
101323
101325
101326
101328
101329
101330
101331
101332
101333
101334
101334
101335
101335
101335
101335
101336
101336
101336
101336
101336
101335
101335
101335
101335
101335
101335
101335
101334
101334
101334
101334
101333
101333
101333
101333
101332
101332
101332
101332
101331
101331
101331
101331
101331
101330
101330
101330
101330
101330
101329
101329
101329
101329
101329
101329
101328
101328
101328
101328
101328
101328
101327
101327
101327
101327
101327
101327
101327
101327
101326
101326
101326
101326
101326
101326
101326
101326
101325
101325
101325
101325
101236
101242
101250
101257
101264
101270
101276
101281
101286
101291
101296
101300
101304
101307
101311
101313
101316
101319
101321
101323
101324
101326
101327
101329
101330
101331
101331
101332
101333
101333
101334
101334
101334
101334
101335
101335
101335
101335
101335
101335
101334
101334
101334
101334
101334
101334
101333
101333
101333
101333
101333
101332
101332
101332
101332
101332
101331
101331
101331
101331
101330
101330
101330
101330
101330
101330
101329
101329
101329
101329
101329
101329
101328
101328
101328
101328
101328
101328
101328
101327
101327
101327
101327
101327
101327
101327
101327
101326
101326
101326
101326
101326
101326
101326
101326
101326
101325
101325
101325
101325
101245
101251
101257
101264
101269
101275
101280
101285
101290
101294
101298
101302
101305
101309
101312
101314
101317
101319
101321
101323
101324
101326
101327
101328
101329
101330
101331
101331
101332
101332
101333
101333
101333
101333
101334
101334
101334
101334
101334
101334
101334
101333
101333
101333
101333
101333
101333
101332
101332
101332
101332
101332
101332
101331
101331
101331
101331
101331
101330
101330
101330
101330
101330
101329
101329
101329
101329
101329
101329
101328
101328
101328
101328
101328
101328
101328
101328
101327
101327
101327
101327
101327
101327
101327
101327
101327
101326
101326
101326
101326
101326
101326
101326
101326
101326
101326
101325
101325
101325
101325
101255
101259
101265
101270
101275
101280
101285
101289
101293
101297
101301
101304
101307
101310
101313
101315
101317
101319
101321
101323
101324
101325
101327
101328
101328
101329
101330
101331
101331
101331
101332
101332
101332
101332
101333
101333
101333
101333
101333
101333
101333
101333
101332
101332
101332
101332
101332
101332
101332
101331
101331
101331
101331
101331
101330
101330
101330
101330
101330
101330
101329
101329
101329
101329
101329
101329
101329
101328
101328
101328
101328
101328
101328
101328
101328
101327
101327
101327
101327
101327
101327
101327
101327
101327
101326
101326
101326
101326
101326
101326
101326
101326
101326
101326
101326
101325
101325
101325
101325
101325
101263
101267
101272
101277
101281
101285
101289
101293
101297
101300
101303
101306
101309
101312
101314
101316
101318
101320
101321
101323
101324
101325
101326
101327
101328
101329
101329
101330
101330
101331
101331
101331
101331
101332
101332
101332
101332
101332
101332
101332
101332
101332
101332
101331
101331
101331
101331
101331
101331
101331
101330
101330
101330
101330
101330
101330
101330
101329
101329
101329
101329
101329
101329
101329
101328
101328
101328
101328
101328
101328
101328
101328
101327
101327
101327
101327
101327
101327
101327
101327
101327
101327
101326
101326
101326
101326
101326
101326
101326
101326
101326
101326
101326
101326
101325
101325
101325
101325
101325
101325
101272
101275
101279
101283
101287
101291
101294
101297
101300
101303
101306
101309
101311
101313
101315
101317
101319
101320
101322
101323
101324
101325
101326
101327
101327
101328
101329
101329
101329
101330
101330
101330
101330
101331
101331
101331
101331
101331
101331
101331
101331
101331
101331
101331
101330
101330
101330
101330
101330
101330
101330
101330
101329
101329
101329
101329
101329
101329
101329
101329
101328
101328
101328
101328
101328
101328
101328
101328
101328
101327
101327
101327
101327
101327
101327
101327
101327
101327
101327
101327
101326
101326
101326
101326
101326
101326
101326
101326
101326
101326
101326
101326
101326
101325
101325
101325
101325
101325
101325
101325
101281
101283
101287
101290
101293
101296
101299
101301
101304
101307
101309
101311
101313
101315
101317
101318
101320
101321
101322
101323
101324
101325
101326
101326
101327
101328
101328
101328
101329
101329
101329
101329
101330
101330
101330
101330
101330
101330
101330
101330
101330
101330
101330
101330
101330
101330
101329
101329
101329
101329
101329
101329
101329
101329
101329
101328
101328
101328
101328
101328
101328
101328
101328
101328
101327
101327
101327
101327
101327
101327
101327
101327
101327
101327
101327
101327
101326
101326
101326
101326
101326
101326
101326
101326
101326
101326
101326
101326
101326
101326
101326
101326
101325
101325
101325
101325
101325
101325
101325
101325
101289
101291
101294
101296
101299
101301
101304
101306
101308
101310
101312
101313
101315
101317
101318
101319
101320
101322
101323
101323
101324
101325
101326
101326
101327
101327
101327
101328
101328
101328
101328
101329
101329
101329
101329
101329
101329
101329
101329
101329
101329
101329
101329
101329
101329
101329
101329
101329
101328
101328
101328
101328
101328
101328
101328
101328
101328
101328
101328
101327
101327
101327
101327
101327
101327
101327
101327
101327
101327
101327
101327
101327
101326
101326
101326
101326
101326
101326
101326
101326
101326
101326
101326
101326
101326
101326
101326
101326
101326
101326
101325
101325
101325
101325
101325
101325
101325
101325
101325
101325
101297
101299
101301
101303
101305
101307
101308
101310
101312
101313
101315
101316
101317
101318
101320
101321
101321
101322
101323
101324
101324
101325
101325
101326
101326
101327
101327
101327
101327
101328
101328
101328
101328
101328
101328
101328
101328
101328
101328
101328
101328
101328
101328
101328
101328
101328
101328
101328
101328
101328
101328
101327
101327
101327
101327
101327
101327
101327
101327
101327
101327
101327
101327
101327
101327
101327
101326
101326
101326
101326
101326
101326
101326
101326
101326
101326
101326
101326
101326
101326
101326
101326
101326
101326
101326
101326
101326
101325
101325
101325
101325
101325
101325
101325
101325
101325
101325
101325
101325
101325
101305
101306
101308
101309
101311
101312
101313
101314
101315
101317
101318
101319
101319
101320
101321
101322
101322
101323
101324
101324
101324
101325
101325
101326
101326
101326
101326
101326
101327
101327
101327
101327
101327
101327
101327
101327
101327
101327
101327
101327
101327
101327
101327
101327
101327
101327
101327
101327
101327
101327
101327
101327
101327
101327
101327
101327
101327
101326
101326
101326
101326
101326
101326
101326
101326
101326
101326
101326
101326
101326
101326
101326
101326
101326
101326
101326
101326
101326
101326
101326
101326
101326
101325
101325
101325
101325
101325
101325
101325
101325
101325
101325
101325
101325
101325
101325
101325
101325
101325
101325
101313
101314
101315
101316
101316
101317
101318
101319
101319
101320
101321
101321
101322
101322
101323
101323
101323
101324
101324
101324
101325
101325
101325
101325
101325
101326
101326
101326
101326
101326
101326
101326
101326
101326
101326
101326
101326
101326
101326
101326
101326
101326
101326
101326
101326
101326
101326
101326
101326
101326
101326
101326
101326
101326
101326
101326
101326
101326
101326
101326
101326
101326
101326
101326
101326
101326
101326
101326
101326
101326
101326
101326
101325
101325
101325
101325
101325
101325
101325
101325
101325
101325
101325
101325
101325
101325
101325
101325
101325
101325
101325
101325
101325
101325
101325
101325
101325
101325
101325
101325
101321
101321
101322
101322
101322
101322
101323
101323
101323
101323
101324
101324
101324
101324
101324
101324
101324
101325
101325
101325
101325
101325
101325
101325
101325
101325
101325
101325
101325
101325
101325
101325
101325
101325
101325
101325
101325
101325
101325
101325
101325
101325
101325
101325
101325
101325
101325
101325
101325
101325
101325
101325
101325
101325
101325
101325
101325
101325
101325
101325
101325
101325
101325
101325
101325
101325
101325
101325
101325
101325
101325
101325
101325
101325
101325
101325
101325
101325
101325
101325
101325
101325
101325
101325
101325
101325
101325
101325
101325
101325
101325
101325
101325
101325
101325
101325
101325
101325
101325
101325
101105
101104
101106
101112
101119
101127
101135
101143
101148
101146
101128
101126
101126
101129
101134
101140
101146
101151
101156
101155
101148
101145
101145
101146
101149
101152
101156
101161
101164
101165
101166
101163
101162
101162
101163
101165
101168
101171
101174
101175
101182
101179
101177
101176
101177
101178
101180
101182
101184
101185
101197
101194
101191
101190
101190
101191
101192
101193
101194
101195
101210
101207
101205
101203
101202
101202
101203
101204
101205
101205
101222
101219
101217
101215
101214
101214
101214
101214
101215
101215
101234
101230
101228
101227
101225
101225
101225
101225
101225
101225
101244
101241
101239
101237
101236
101235
101235
101235
101235
101235
101253
101251
101249
101247
101246
101245
101245
101245
101245
101245
101262
101260
101258
101257
101256
101255
101254
101254
101254
101254
101271
101269
101267
101266
101265
101264
101264
101263
101263
101263
101279
101277
101276
101275
101274
101273
101272
101272
101272
101272
101287
101285
101284
101283
101282
101282
101281
101281
101281
101281
101294
101293
101292
101291
101290
101290
101289
101289
101289
101289
101301
101300
101300
101299
101298
101298
101298
101297
101297
101297
101308
101308
101307
101307
101306
101306
101306
101305
101305
101305
101315
101315
101314
101314
101314
101314
101313
101313
101313
101313
101322
101322
101321
101321
101321
101321
101321
101321
101321
101321
101386
101380
101369
101355
101336
101308
101270
101210
101137
100964
101338
101325
101309
101288
101261
101224
101174
101098
101013
100802
101289
101272
101250
101224
101190
101144
101083
100992
100895
100648
101244
101222
101196
101164
101123
101069
101000
100895
100789
100508
101203
101177
101147
101110
101064
101003
100926
100808
100696
100386
101167
101138
101105
101064
101013
100947
100864
100736
100620
100287
101137
101106
101070
101027
100972
100902
100816
100681
100565
100213
101113
101081
101044
100998
100942
100869
100783
100645
100531
100167
101096
101062
101025
100979
100922
100850
100765
100627
100520
100150
101084
101051
101014
100969
100914
100844
100762
100628
100531
100164
101711
101743
101774
101807
101844
101884
101925
101964
102008
102067
101706
101738
101769
101802
101838
101877
101917
101956
101998
102054
101692
101723
101752
101783
101816
101853
101891
101926
101962
102014
101671
101699
101726
101753
101784
101816
101849
101878
101905
101945
101643
101667
101691
101715
101740
101767
101793
101814
101829
101851
101608
101629
101649
101668
101687
101707
101725
101736
101738
101736
101569
101585
101600
101613
101626
101637
101646
101645
101632
101603
101525
101536
101546
101553
101558
101561
101558
101544
101516
101455
101479
101484
101489
101489
101486
101479
101465
101436
101392
101296
101430
101431
101429
101422
101411
101394
101368
101323
101265
101131
101325
101325
101325
101325
101326
101326
101326
101326
101326
101326
101326
101326
101326
101326
101326
101326
101326
101326
101326
101326
101326
101326
101326
101326
101326
101327
101327
101327
101327
101327
101327
101327
101327
101328
101328
101328
101328
101328
101329
101329
101329
101330
101330
101330
101331
101331
101331
101332
101332
101333
101334
101334
101335
101336
101336
101337
101338
101339
101340
101341
101342
101344
101345
101346
101348
101350
101351
101353
101355
101358
101360
101363
101365
101368
101371
101375
101379
101382
101387
101391
101396
101401
101407
101413
101420
101427
101435
101444
101454
101464
101475
101488
101502
101518
101536
101556
101580
101606
101637
101673
101325
101325
101325
101325
101326
101326
101326
101326
101326
101326
101326
101326
101326
101326
101326
101326
101326
101326
101326
101326
101326
101326
101326
101326
101326
101326
101327
101327
101327
101327
101327
101327
101327
101328
101328
101328
101328
101328
101329
101329
101329
101330
101330
101330
101331
101331
101331
101332
101332
101333
101334
101334
101335
101336
101336
101337
101338
101339
101340
101341
101342
101344
101345
101346
101348
101350
101351
101353
101355
101358
101360
101363
101365
101368
101371
101375
101379
101382
101387
101391
101396
101401
101407
101413
101420
101427
101435
101444
101453
101464
101475
101488
101502
101518
101535
101555
101578
101604
101634
101668
101325
101325
101325
101325
101325
101326
101326
101326
101326
101326
101326
101326
101326
101326
101326
101326
101326
101326
101326
101326
101326
101326
101326
101326
101326
101326
101327
101327
101327
101327
101327
101327
101327
101328
101328
101328
101328
101328
101329
101329
101329
101330
101330
101330
101331
101331
101331
101332
101332
101333
101334
101334
101335
101336
101336
101337
101338
101339
101340
101341
101342
101344
101345
101346
101348
101350
101351
101353
101355
101358
101360
101363
101365
101368
101371
101375
101378
101382
101387
101391
101396
101401
101407
101413
101420
101427
101435
101444
101453
101463
101474
101487
101501
101516
101533
101552
101574
101599
101627
101658
101325
101325
101325
101325
101325
101326
101326
101326
101326
101326
101326
101326
101326
101326
101326
101326
101326
101326
101326
101326
101326
101326
101326
101326
101326
101326
101327
101327
101327
101327
101327
101327
101327
101328
101328
101328
101328
101328
101329
101329
101329
101330
101330
101330
101331
101331
101331
101332
101332
101333
101334
101334
101335
101336
101336
101337
101338
101339
101340
101341
101342
101344
101345
101346
101348
101350
101351
101353
101355
101358
101360
101363
101365
101368
101371
101375
101378
101382
101387
101391
101396
101401
101407
101413
101420
101427
101435
101443
101452
101462
101473
101486
101499
101514
101530
101548
101568
101590
101615
101642
101325
101325
101325
101325
101325
101326
101326
101326
101326
101326
101326
101326
101326
101326
101326
101326
101326
101326
101326
101326
101326
101326
101326
101326
101326
101326
101327
101327
101327
101327
101327
101327
101327
101328
101328
101328
101328
101328
101329
101329
101329
101329
101330
101330
101331
101331
101331
101332
101332
101333
101334
101334
101335
101336
101336
101337
101338
101339
101340
101341
101342
101344
101345
101346
101348
101350
101351
101353
101355
101358
101360
101363
101365
101368
101371
101375
101378
101382
101387
101391
101396
101401
101407
101413
101419
101426
101434
101442
101451
101461
101472
101484
101496
101510
101525
101542
101560
101579
101600
101621
101325
101325
101325
101325
101325
101325
101326
101326
101326
101326
101326
101326
101326
101326
101326
101326
101326
101326
101326
101326
101326
101326
101326
101326
101326
101326
101327
101327
101327
101327
101327
101327
101327
101328
101328
101328
101328
101328
101329
101329
101329
101329
101330
101330
101331
101331
101331
101332
101332
101333
101333
101334
101335
101335
101336
101337
101338
101339
101340
101341
101342
101344
101345
101346
101348
101350
101351
101353
101355
101358
101360
101363
101365
101368
101371
101375
101378
101382
101386
101391
101396
101401
101407
101413
101419
101426
101434
101442
101450
101460
101470
101481
101493
101506
101520
101535
101550
101566
101581
101594
101325
101325
101325
101325
101325
101325
101325
101326
101326
101326
101326
101326
101326
101326
101326
101326
101326
101326
101326
101326
101326
101326
101326
101326
101326
101326
101327
101327
101327
101327
101327
101327
101327
101328
101328
101328
101328
101328
101329
101329
101329
101329
101330
101330
101330
101331
101331
101332
101332
101333
101333
101334
101335
101335
101336
101337
101338
101339
101340
101341
101342
101343
101345
101346
101348
101349
101351
101353
101355
101358
101360
101362
101365
101368
101371
101375
101378
101382
101386
101391
101396
101401
101406
101412
101419
101425
101433
101441
101449
101458
101468
101478
101489
101501
101513
101525
101538
101549
101559
101564
101325
101325
101325
101325
101325
101325
101325
101326
101326
101326
101326
101326
101326
101326
101326
101326
101326
101326
101326
101326
101326
101326
101326
101326
101326
101326
101327
101327
101327
101327
101327
101327
101327
101327
101328
101328
101328
101328
101329
101329
101329
101329
101330
101330
101330
101331
101331
101332
101332
101333
101333
101334
101335
101335
101336
101337
101338
101339
101340
101341
101342
101343
101345
101346
101348
101349
101351
101353
101355
101358
101360
101362
101365
101368
101371
101375
101378
101382
101386
101391
101396
101401
101406
101412
101418
101425
101432
101440
101448
101456
101465
101475
101485
101495
101505
101515
101524
101530
101533
101529
101325
101325
101325
101325
101325
101325
101325
101325
101326
101326
101326
101326
101326
101326
101326
101326
101326
101326
101326
101326
101326
101326
101326
101326
101326
101326
101326
101327
101327
101327
101327
101327
101327
101327
101328
101328
101328
101328
101328
101329
101329
101329
101330
101330
101330
101331
101331
101332
101332
101333
101333
101334
101335
101335
101336
101337
101338
101339
101340
101341
101342
101343
101345
101346
101348
101349
101351
101353
101355
101357
101360
101362
101365
101368
101371
101374
101378
101382
101386
101390
101395
101400
101406
101411
101417
101424
101431
101438
101446
101454
101462
101471
101479
101488
101496
101502
101507
101509
101505
101492
101325
101325
101325
101325
101325
101325
101325
101325
101325
101326
101326
101326
101326
101326
101326
101326
101326
101326
101326
101326
101326
101326
101326
101326
101326
101326
101326
101327
101327
101327
101327
101327
101327
101327
101328
101328
101328
101328
101328
101329
101329
101329
101330
101330
101330
101331
101331
101332
101332
101333
101333
101334
101335
101335
101336
101337
101338
101339
101340
101341
101342
101343
101345
101346
101348
101349
101351
101353
101355
101358
101360
101363
101365
101368
101371
101375
101379
101382
101387
101391
101396
101401
101406
101412
101418
101424
101431
101438
101445
101452
101460
101467
101474
101481
101486
101489
101490
101485
101474
101453
101325
101325
101325
101325
101325
101325
101325
101325
101325
101326
101326
101326
101326
101326
101326
101326
101326
101326
101326
101326
101326
101326
101326
101326
101326
101326
101326
101327
101327
101327
101327
101327
101327
101327
101328
101328
101328
101328
101328
101329
101329
101329
101330
101330
101330
101331
101331
101332
101332
101333
101333
101334
101334
101335
101336
101337
101338
101338
101340
101341
101342
101343
101344
101346
101347
101349
101351
101353
101355
101357
101359
101362
101365
101368
101371
101374
101378
101381
101385
101390
101394
101399
101404
101410
101415
101421
101427
101434
101440
101446
101453
101459
101464
101468
101471
101470
101466
101457
101440
101411
101325
101325
101325
101325
101325
101325
101325
101325
101325
101325
101326
101326
101326
101326
101326
101326
101326
101326
101326
101326
101326
101326
101326
101326
101326
101326
101326
101326
101327
101327
101327
101327
101327
101327
101327
101328
101328
101328
101328
101328
101329
101329
101329
101330
101330
101330
101331
101331
101332
101332
101333
101333
101334
101335
101335
101336
101337
101338
101339
101340
101341
101342
101344
101345
101346
101348
101350
101352
101354
101356
101358
101360
101363
101366
101369
101372
101375
101379
101383
101387
101391
101395
101400
101405
101410
101416
101421
101427
101433
101438
101443
101448
101452
101455
101456
101454
101448
101438
101420
101393
101325
101325
101325
101325
101325
101325
101325
101325
101325
101325
101325
101326
101326
101326
101326
101326
101326
101326
101326
101326
101326
101326
101326
101326
101326
101326
101326
101326
101327
101327
101327
101327
101327
101327
101327
101328
101328
101328
101328
101328
101329
101329
101329
101330
101330
101330
101331
101331
101331
101332
101333
101333
101334
101334
101335
101336
101337
101337
101338
101339
101341
101342
101343
101344
101346
101347
101349
101351
101353
101355
101357
101359
101362
101364
101367
101370
101373
101377
101380
101384
101388
101392
101397
101401
101406
101411
101416
101421
101426
101431
101435
101439
101442
101443
101442
101439
101433
101421
101404
101379
101325
101325
101325
101325
101325
101325
101325
101325
101325
101325
101325
101325
101326
101326
101326
101326
101326
101326
101326
101326
101326
101326
101326
101326
101326
101326
101326
101326
101326
101327
101327
101327
101327
101327
101327
101327
101328
101328
101328
101328
101328
101329
101329
101329
101330
101330
101330
101331
101331
101332
101332
101333
101333
101334
101335
101335
101336
101337
101338
101339
101340
101341
101342
101343
101345
101346
101348
101350
101351
101353
101355
101358
101360
101362
101365
101368
101371
101374
101378
101381
101385
101389
101393
101397
101402
101406
101410
101415
101419
101423
101427
101429
101431
101432
101430
101426
101418
101407
101390
101367
101325
101325
101325
101325
101325
101325
101325
101325
101325
101325
101325
101325
101325
101326
101326
101326
101326
101326
101326
101326
101326
101326
101326
101326
101326
101326
101326
101326
101326
101326
101327
101327
101327
101327
101327
101327
101327
101328
101328
101328
101328
101329
101329
101329
101329
101330
101330
101331
101331
101331
101332
101332
101333
101334
101334
101335
101336
101336
101337
101338
101339
101340
101341
101343
101344
101345
101347
101348
101350
101352
101354
101356
101358
101361
101363
101366
101369
101372
101375
101378
101382
101385
101389
101393
101397
101401
101405
101409
101412
101416
101419
101421
101421
101421
101419
101414
101406
101394
101378
101356
101325
101325
101325
101325
101325
101325
101325
101325
101325
101325
101325
101325
101325
101325
101326
101326
101326
101326
101326
101326
101326
101326
101326
101326
101326
101326
101326
101326
101326
101326
101327
101327
101327
101327
101327
101327
101327
101328
101328
101328
101328
101328
101329
101329
101329
101330
101330
101330
101331
101331
101331
101332
101333
101333
101334
101334
101335
101336
101337
101337
101338
101339
101340
101342
101343
101344
101346
101347
101349
101350
101352
101354
101356
101359
101361
101364
101366
101369
101372
101375
101378
101382
101385
101389
101392
101396
101399
101403
101406
101409
101411
101412
101412
101411
101408
101403
101395
101383
101368
101348
101325
101325
101325
101325
101325
101325
101325
101325
101325
101325
101325
101325
101325
101325
101325
101326
101326
101326
101326
101326
101326
101326
101326
101326
101326
101326
101326
101326
101326
101326
101326
101327
101327
101327
101327
101327
101327
101327
101328
101328
101328
101328
101328
101329
101329
101329
101330
101330
101330
101331
101331
101332
101332
101333
101333
101334
101334
101335
101336
101337
101338
101339
101340
101341
101342
101343
101344
101346
101347
101349
101351
101353
101355
101357
101359
101361
101364
101366
101369
101372
101375
101378
101381
101384
101388
101391
101394
101397
101399
101402
101403
101404
101404
101402
101399
101393
101385
101374
101360
101342
101325
101325
101325
101325
101325
101325
101325
101325
101325
101325
101325
101325
101325
101325
101325
101325
101326
101326
101326
101326
101326
101326
101326
101326
101326
101326
101326
101326
101326
101326
101326
101326
101327
101327
101327
101327
101327
101327
101327
101328
101328
101328
101328
101328
101329
101329
101329
101330
101330
101330
101331
101331
101332
101332
101333
101333
101334
101335
101335
101336
101337
101338
101339
101340
101341
101342
101343
101345
101346
101347
101349
101351
101353
101355
101357
101359
101361
101364
101366
101369
101372
101374
101377
101380
101383
101386
101388
101391
101393
101395
101396
101396
101395
101393
101390
101384
101377
101366
101353
101337
101325
101325
101325
101325
101325
101325
101325
101325
101325
101325
101325
101325
101325
101325
101325
101325
101325
101326
101326
101326
101326
101326
101326
101326
101326
101326
101326
101326
101326
101326
101326
101326
101326
101327
101327
101327
101327
101327
101327
101327
101328
101328
101328
101328
101328
101329
101329
101329
101330
101330
101330
101331
101331
101332
101332
101333
101333
101334
101335
101335
101336
101337
101338
101339
101340
101341
101342
101343
101344
101346
101347
101349
101351
101352
101354
101356
101359
101361
101363
101365
101368
101371
101373
101376
101378
101381
101383
101385
101387
101388
101389
101389
101388
101386
101382
101377
101369
101360
101348
101333
101325
101325
101325
101325
101325
101325
101325
101325
101325
101325
101325
101325
101325
101325
101325
101325
101325
101325
101326
101326
101326
101326
101326
101326
101326
101326
101326
101326
101326
101326
101326
101326
101326
101326
101327
101327
101327
101327
101327
101327
101327
101328
101328
101328
101328
101328
101329
101329
101329
101330
101330
101330
101331
101331
101332
101332
101333
101333
101334
101334
101335
101336
101337
101338
101339
101340
101341
101342
101343
101344
101346
101347
101349
101350
101352
101354
101356
101358
101360
101362
101364
101367
101369
101371
101374
101376
101378
101379
101381
101382
101382
101382
101381
101378
101375
101370
101363
101354
101343
101330
101325
101325
101325
101325
101325
101325
101325
101325
101325
101325
101325
101325
101325
101325
101325
101325
101325
101325
101325
101325
101326
101326
101326
101326
101326
101326
101326
101326
101326
101326
101326
101326
101326
101326
101326
101327
101327
101327
101327
101327
101327
101327
101328
101328
101328
101328
101328
101329
101329
101329
101329
101330
101330
101331
101331
101331
101332
101332
101333
101334
101334
101335
101336
101336
101337
101338
101339
101340
101341
101343
101344
101345
101347
101348
101350
101351
101353
101355
101357
101359
101361
101363
101365
101367
101369
101371
101372
101374
101375
101376
101376
101375
101374
101372
101368
101363
101357
101349
101339
101328
101325
101325
101325
101325
101325
101325
101325
101325
101325
101325
101325
101325
101325
101325
101325
101325
101325
101325
101325
101325
101325
101326
101326
101326
101326
101326
101326
101326
101326
101326
101326
101326
101326
101326
101326
101326
101326
101327
101327
101327
101327
101327
101327
101327
101328
101328
101328
101328
101328
101329
101329
101329
101330
101330
101330
101331
101331
101332
101332
101333
101333
101334
101335
101335
101336
101337
101338
101339
101340
101341
101342
101343
101344
101346
101347
101349
101350
101352
101354
101355
101357
101359
101361
101362
101364
101366
101367
101368
101369
101370
101370
101369
101368
101366
101362
101358
101352
101345
101336
101327
101325
101325
101325
101325
101325
101325
101325
101325
101325
101325
101325
101325
101325
101325
101325
101325
101325
101325
101325
101325
101325
101325
101325
101326
101326
101326
101326
101326
101326
101326
101326
101326
101326
101326
101326
101326
101326
101326
101327
101327
101327
101327
101327
101327
101327
101327
101328
101328
101328
101328
101329
101329
101329
101329
101330
101330
101331
101331
101331
101332
101332
101333
101334
101334
101335
101336
101336
101337
101338
101339
101340
101341
101342
101343
101345
101346
101347
101349
101350
101352
101353
101355
101357
101358
101360
101361
101362
101363
101364
101364
101364
101363
101362
101360
101357
101353
101348
101341
101334
101326
101325
101325
101325
101325
101325
101325
101325
101325
101325
101325
101325
101325
101325
101325
101325
101325
101325
101325
101325
101325
101325
101325
101325
101325
101325
101326
101326
101326
101326
101326
101326
101326
101326
101326
101326
101326
101326
101326
101326
101326
101327
101327
101327
101327
101327
101327
101327
101328
101328
101328
101328
101328
101329
101329
101329
101330
101330
101330
101331
101331
101331
101332
101332
101333
101334
101334
101335
101336
101336
101337
101338
101339
101340
101341
101342
101343
101345
101346
101347
101348
101350
101351
101352
101354
101355
101356
101357
101358
101358
101359
101358
101358
101356
101354
101352
101348
101344
101338
101332
101325
101325
101325
101325
101325
101325
101325
101325
101325
101325
101325
101325
101325
101325
101325
101325
101325
101325
101325
101325
101325
101325
101325
101325
101325
101325
101325
101325
101326
101326
101326
101326
101326
101326
101326
101326
101326
101326
101326
101326
101326
101326
101326
101326
101327
101327
101327
101327
101327
101327
101327
101328
101328
101328
101328
101329
101329
101329
101329
101330
101330
101331
101331
101331
101332
101332
101333
101333
101334
101335
101335
101336
101337
101338
101339
101340
101341
101342
101343
101344
101345
101346
101347
101348
101349
101350
101351
101352
101353
101353
101353
101353
101352
101351
101349
101347
101344
101340
101336
101330
101325
101325
101325
101325
101325
101325
101325
101325
101325
101325
101325
101325
101325
101325
101325
101325
101325
101325
101325
101325
101325
101325
101325
101325
101325
101325
101325
101325
101325
101325
101325
101326
101326
101326
101326
101326
101326
101326
101326
101326
101326
101326
101326
101326
101326
101326
101327
101327
101327
101327
101327
101327
101327
101328
101328
101328
101328
101328
101329
101329
101329
101330
101330
101330
101331
101331
101331
101332
101332
101333
101334
101334
101335
101336
101336
101337
101338
101339
101339
101340
101341
101342
101343
101344
101345
101346
101346
101347
101348
101348
101348
101348
101347
101346
101345
101343
101340
101337
101333
101329
101324
101325
101325
101325
101325
101325
101325
101325
101325
101325
101325
101325
101325
101325
101325
101325
101325
101325
101325
101325
101325
101325
101325
101325
101325
101325
101325
101325
101325
101325
101325
101325
101325
101325
101325
101326
101326
101326
101326
101326
101326
101326
101326
101326
101326
101326
101326
101326
101326
101326
101327
101327
101327
101327
101327
101327
101327
101328
101328
101328
101328
101329
101329
101329
101329
101330
101330
101330
101331
101331
101332
101332
101333
101333
101334
101334
101335
101336
101336
101337
101338
101338
101339
101340
101340
101341
101342
101342
101343
101343
101343
101343
101342
101341
101340
101339
101337
101334
101331
101328
101324
101325
101325
101325
101325
101325
101325
101325
101325
101325
101325
101325
101325
101325
101325
101325
101325
101325
101325
101325
101325
101325
101325
101325
101325
101325
101325
101325
101325
101325
101325
101325
101325
101325
101325
101325
101325
101325
101325
101326
101326
101326
101326
101326
101326
101326
101326
101326
101326
101326
101326
101326
101326
101326
101327
101327
101327
101327
101327
101327
101327
101328
101328
101328
101328
101328
101329
101329
101329
101329
101330
101330
101331
101331
101331
101332
101332
101333
101333
101334
101334
101335
101335
101336
101336
101337
101337
101337
101338
101338
101338
101337
101337
101337
101336
101335
101333
101331
101329
101327
101324
101325
101325
101325
101325
101325
101325
101325
101325
101325
101325
101325
101325
101325
101325
101325
101325
101325
101325
101325
101325
101325
101325
101325
101325
101325
101325
101325
101325
101325
101325
101325
101325
101325
101325
101325
101325
101325
101325
101325
101325
101325
101325
101325
101325
101325
101326
101326
101326
101326
101326
101326
101326
101326
101326
101326
101326
101326
101326
101326
101326
101327
101327
101327
101327
101327
101327
101327
101328
101328
101328
101328
101328
101329
101329
101329
101329
101330
101330
101330
101330
101331
101331
101331
101332
101332
101332
101332
101333
101333
101333
101332
101332
101332
101331
101331
101330
101329
101328
101326
101325
101325
101325
101325
101325
101325
101325
101325
101325
101325
101325
101325
101325
101325
101325
101325
101325
101325
101325
101325
101325
101325
101325
101325
101325
101325
101325
101325
101325
101325
101325
101325
101325
101325
101325
101325
101325
101325
101325
101325
101325
101325
101325
101325
101325
101325
101325
101325
101325
101325
101325
101325
101325
101325
101325
101325
101325
101325
101325
101325
101325
101326
101326
101326
101326
101326
101326
101326
101326
101326
101326
101326
101326
101326
101326
101326
101326
101327
101327
101327
101327
101327
101327
101327
101327
101327
101327
101328
101328
101328
101328
101328
101327
101327
101327
101327
101327
101326
101326
101325
101325
101377
101333
101288
101249
101214
101184
101158
101138
101122
101111
101364
101322
101283
101250
101221
101196
101175
101157
101143
101134
101351
101314
101281
101254
101230
101209
101190
101175
101163
101154
101341
101309
101281
101258
101238
101220
101204
101191
101180
101172
101333
101306
101282
101263
101245
101230
101216
101205
101195
101188
101327
101304
101284
101267
101253
101239
101227
101217
101209
101202
101323
101303
101286
101272
101259
101248
101237
101228
101221
101215
101320
101303
101289
101277
101266
101255
101247
101239
101232
101227
101318
101304
101291
101281
101271
101263
101255
101248
101242
101237
101317
101305
101294
101285
101277
101270
101263
101257
101252
101247
101316
101306
101297
101290
101282
101276
101270
101265
101260
101257
101316
101308
101300
101294
101288
101282
101277
101273
101269
101265
101317
101309
101303
101298
101292
101288
101283
101280
101276
101273
101318
101311
101306
101301
101297
101293
101290
101286
101284
101281
101318
101313
101309
101305
101302
101298
101295
101293
101290
101288
101319
101315
101312
101309
101306
101303
101301
101299
101297
101296
101321
101317
101315
101313
101310
101308
101307
101305
101304
101302
101322
101320
101318
101316
101315
101313
101312
101311
101310
101309
101323
101322
101321
101320
101319
101318
101317
101317
101316
101315
101324
101324
101323
101323
101323
101323
101322
101322
101322
101322
)
;

boundaryField
{
    down
    {
        type            symmetryPlane;
    }
    right
    {
        type            fixedValue;
        value           uniform 101325;
    }
    up
    {
        type            fixedValue;
        value           uniform 101325;
    }
    left
    {
        type            zeroGradient;
    }
    cylinder
    {
        type            zeroGradient;
    }
    defaultFaces
    {
        type            empty;
    }
}


// ************************************************************************* //
