/*--------------------------------*- C++ -*----------------------------------*\
  =========                 |
  \\      /  F ield         | OpenFOAM: The Open Source CFD Toolbox
   \\    /   O peration     | Website:  https://openfoam.org
    \\  /    A nd           | Version:  8
     \\/     M anipulation  |
\*---------------------------------------------------------------------------*/
FoamFile
{
    version     2.0;
    format      ascii;
    class       volScalarField;
    location    "1";
    object      T;
}
// * * * * * * * * * * * * * * * * * * * * * * * * * * * * * * * * * * * * * //

dimensions      [0 0 0 1 0 0 0];

internalField   nonuniform List<scalar> 
800
(
291.37735
291.3958
291.38625
291.38711
291.38646
291.38661
291.38651
291.38654
291.38653
291.38653
291.38653
291.38653
291.38654
291.38651
291.38661
291.38646
291.38711
291.38625
291.3958
291.37735
302.9446
302.94703
302.94584
302.94601
302.94592
302.94596
302.94594
302.94594
302.94593
302.94594
302.94594
302.94593
302.94594
302.94594
302.94596
302.94592
302.94601
302.94584
302.94703
302.9446
302.99487
302.99483
302.99482
302.99482
302.99482
302.99482
302.99482
302.99482
302.99482
302.99482
302.99482
302.99482
302.99482
302.99482
302.99482
302.99482
302.99482
302.99482
302.99483
302.99487
302.99261
302.99253
302.99253
302.99253
302.99253
302.99253
302.99253
302.99253
302.99253
302.99253
302.99253
302.99253
302.99253
302.99253
302.99253
302.99253
302.99253
302.99253
302.99253
302.99261
302.99002
302.98993
302.98993
302.98993
302.98993
302.98992
302.98992
302.98992
302.98992
302.98992
302.98992
302.98992
302.98992
302.98992
302.98992
302.98993
302.98993
302.98993
302.98993
302.99002
302.98476
302.98461
302.98461
302.98461
302.98461
302.98461
302.98461
302.98461
302.98461
302.98461
302.98461
302.98461
302.98461
302.98461
302.98461
302.98461
302.98461
302.98461
302.98461
302.98476
302.98219
302.98197
302.98198
302.98197
302.98198
302.98197
302.98197
302.98197
302.98197
302.98197
302.98197
302.98197
302.98197
302.98197
302.98197
302.98198
302.98197
302.98198
302.98197
302.98219
302.97322
302.97292
302.97295
302.97293
302.97294
302.97293
302.97294
302.97293
302.97293
302.97293
302.97293
302.97293
302.97293
302.97294
302.97293
302.97294
302.97293
302.97295
302.97292
302.97322
302.97116
302.97074
302.97076
302.97074
302.97076
302.97075
302.97076
302.97075
302.97076
302.97076
302.97076
302.97076
302.97075
302.97076
302.97075
302.97076
302.97074
302.97076
302.97074
302.97116
302.94655
302.94597
302.94603
302.94598
302.94602
302.94599
302.94601
302.946
302.94601
302.946
302.946
302.94601
302.946
302.94601
302.94599
302.94602
302.94598
302.94603
302.94597
302.94655
291.43881
291.46412
291.45129
291.45242
291.45159
291.45181
291.45166
291.45171
291.45168
291.45169
291.45169
291.45168
291.45171
291.45166
291.45181
291.45159
291.45242
291.45129
291.46412
291.43881
302.94959
302.94852
302.9492
302.94917
302.9492
302.9492
302.9492
302.9492
302.9492
302.9492
302.9492
302.9492
302.9492
302.9492
302.9492
302.9492
302.94917
302.9492
302.94852
302.94959
302.99467
302.99463
302.99462
302.99463
302.99462
302.99462
302.99463
302.99462
302.99462
302.99462
302.99462
302.99462
302.99462
302.99463
302.99462
302.99462
302.99463
302.99462
302.99463
302.99467
302.99231
302.99221
302.99222
302.99222
302.99222
302.99222
302.99222
302.99222
302.99222
302.99222
302.99222
302.99222
302.99222
302.99222
302.99222
302.99222
302.99222
302.99222
302.99221
302.99231
302.98959
302.98949
302.98949
302.98949
302.98949
302.98949
302.98949
302.98949
302.98949
302.98949
302.98949
302.98949
302.98949
302.98949
302.98949
302.98949
302.98949
302.98949
302.98949
302.98959
302.98418
302.98402
302.98402
302.98403
302.98403
302.98403
302.98403
302.98402
302.98402
302.98402
302.98402
302.98402
302.98402
302.98403
302.98403
302.98403
302.98403
302.98402
302.98402
302.98418
302.98136
302.98113
302.98114
302.98113
302.98113
302.98113
302.98113
302.98113
302.98113
302.98113
302.98113
302.98113
302.98113
302.98113
302.98113
302.98113
302.98113
302.98114
302.98113
302.98136
302.97212
302.9718
302.97182
302.97181
302.97182
302.97181
302.97181
302.97181
302.97181
302.97181
302.97181
302.97181
302.97181
302.97181
302.97181
302.97182
302.97181
302.97182
302.9718
302.97212
302.96957
302.96913
302.96916
302.96913
302.96915
302.96914
302.96915
302.96914
302.96915
302.96915
302.96915
302.96915
302.96914
302.96915
302.96914
302.96915
302.96913
302.96916
302.96913
302.96957
302.94445
302.94383
302.94389
302.94384
302.94388
302.94385
302.94387
302.94386
302.94387
302.94386
302.94386
302.94387
302.94386
302.94387
302.94385
302.94388
302.94384
302.94389
302.94383
302.94445
291.43881
291.46412
291.45129
291.45242
291.45159
291.45181
291.45166
291.45171
291.45168
291.45169
291.45169
291.45168
291.45171
291.45166
291.45181
291.45159
291.45242
291.45129
291.46412
291.43881
302.94959
302.94852
302.9492
302.94917
302.9492
302.9492
302.9492
302.9492
302.9492
302.9492
302.9492
302.9492
302.9492
302.9492
302.9492
302.9492
302.94917
302.9492
302.94852
302.94959
302.99467
302.99463
302.99462
302.99463
302.99462
302.99462
302.99463
302.99462
302.99462
302.99462
302.99462
302.99462
302.99462
302.99463
302.99462
302.99462
302.99463
302.99462
302.99463
302.99467
302.99231
302.99221
302.99222
302.99222
302.99222
302.99222
302.99222
302.99222
302.99222
302.99222
302.99222
302.99222
302.99222
302.99222
302.99222
302.99222
302.99222
302.99222
302.99221
302.99231
302.98959
302.98949
302.98949
302.98949
302.98949
302.98949
302.98949
302.98949
302.98949
302.98949
302.98949
302.98949
302.98949
302.98949
302.98949
302.98949
302.98949
302.98949
302.98949
302.98959
302.98418
302.98402
302.98402
302.98403
302.98403
302.98403
302.98403
302.98402
302.98402
302.98402
302.98402
302.98402
302.98402
302.98403
302.98403
302.98403
302.98403
302.98402
302.98402
302.98418
302.98136
302.98113
302.98114
302.98113
302.98113
302.98113
302.98113
302.98113
302.98113
302.98113
302.98113
302.98113
302.98113
302.98113
302.98113
302.98113
302.98113
302.98114
302.98113
302.98136
302.97212
302.9718
302.97182
302.97181
302.97182
302.97181
302.97181
302.97181
302.97181
302.97181
302.97181
302.97181
302.97181
302.97181
302.97181
302.97182
302.97181
302.97182
302.9718
302.97212
302.96957
302.96913
302.96916
302.96913
302.96915
302.96914
302.96915
302.96914
302.96915
302.96915
302.96915
302.96915
302.96914
302.96915
302.96914
302.96915
302.96913
302.96916
302.96913
302.96957
302.94445
302.94383
302.94389
302.94384
302.94388
302.94385
302.94387
302.94386
302.94387
302.94386
302.94386
302.94387
302.94386
302.94387
302.94385
302.94388
302.94384
302.94389
302.94383
302.94445
291.37735
291.3958
291.38625
291.38711
291.38646
291.38661
291.38651
291.38654
291.38653
291.38653
291.38653
291.38653
291.38654
291.38651
291.38661
291.38646
291.38711
291.38625
291.3958
291.37735
302.9446
302.94703
302.94584
302.94601
302.94592
302.94596
302.94594
302.94594
302.94593
302.94594
302.94594
302.94593
302.94594
302.94594
302.94596
302.94592
302.94601
302.94584
302.94703
302.9446
302.99487
302.99483
302.99482
302.99482
302.99482
302.99482
302.99482
302.99482
302.99482
302.99482
302.99482
302.99482
302.99482
302.99482
302.99482
302.99482
302.99482
302.99482
302.99483
302.99487
302.99261
302.99253
302.99253
302.99253
302.99253
302.99253
302.99253
302.99253
302.99253
302.99253
302.99253
302.99253
302.99253
302.99253
302.99253
302.99253
302.99253
302.99253
302.99253
302.99261
302.99002
302.98993
302.98993
302.98993
302.98993
302.98992
302.98992
302.98992
302.98992
302.98992
302.98992
302.98992
302.98992
302.98992
302.98992
302.98993
302.98993
302.98993
302.98993
302.99002
302.98476
302.98461
302.98461
302.98461
302.98461
302.98461
302.98461
302.98461
302.98461
302.98461
302.98461
302.98461
302.98461
302.98461
302.98461
302.98461
302.98461
302.98461
302.98461
302.98476
302.98219
302.98197
302.98198
302.98197
302.98198
302.98197
302.98197
302.98197
302.98197
302.98197
302.98197
302.98197
302.98197
302.98197
302.98197
302.98198
302.98197
302.98198
302.98197
302.98219
302.97322
302.97292
302.97295
302.97293
302.97294
302.97293
302.97294
302.97293
302.97293
302.97293
302.97293
302.97293
302.97293
302.97294
302.97293
302.97294
302.97293
302.97295
302.97292
302.97322
302.97116
302.97074
302.97076
302.97074
302.97076
302.97075
302.97076
302.97075
302.97076
302.97076
302.97076
302.97076
302.97075
302.97076
302.97075
302.97076
302.97074
302.97076
302.97074
302.97116
302.94655
302.94597
302.94603
302.94598
302.94602
302.94599
302.94601
302.946
302.94601
302.946
302.946
302.94601
302.946
302.94601
302.94599
302.94602
302.94598
302.94603
302.94597
302.94655
)
;

boundaryField
{
    left
    {
        type            zeroGradient;
    }
    right
    {
        type            zeroGradient;
    }
    walls
    {
        type            fixedValue;
        value           uniform 293;
    }
    centreline
    {
        type            fixedValue;
        value           uniform 303;
    }
    frontAndBack
    {
        type            zeroGradient;
    }
}


// ************************************************************************* //
