/*--------------------------------*- C++ -*----------------------------------*\
  =========                 |
  \\      /  F ield         | OpenFOAM: The Open Source CFD Toolbox
   \\    /   O peration     | Website:  https://openfoam.org
    \\  /    A nd           | Version:  8
     \\/     M anipulation  |
\*---------------------------------------------------------------------------*/
FoamFile
{
    version     2.0;
    format      ascii;
    class       volScalarField;
    location    "19.5000376192658642";
    object      N;
}
// * * * * * * * * * * * * * * * * * * * * * * * * * * * * * * * * * * * * * //

dimensions      [0 -3 0 0 0 0 0];

internalField   nonuniform List<scalar> 
6800
(
6.97774e+06
6.75966e+06
6.76209e+06
6.92645e+06
7.1813e+06
7.16319e+06
7.02768e+06
6.61148e+06
5.57893e+06
4.40874e+06
6.97172e+06
6.64041e+06
6.7773e+06
7.22134e+06
7.22784e+06
7.06784e+06
6.45394e+06
5.11703e+06
3.25258e+06
2.51315e+06
6.99151e+06
6.59901e+06
7.03773e+06
7.34713e+06
7.20669e+06
6.46815e+06
4.61502e+06
2.97989e+06
2.26794e+06
1.94934e+06
6.84948e+06
6.52022e+06
7.36102e+06
7.38167e+06
6.69978e+06
4.61029e+06
2.90466e+06
2.23832e+06
1.89917e+06
1.72684e+06
4.97372e+06
6.49087e+06
7.74692e+06
7.33473e+06
5.16374e+06
3.0501e+06
2.29384e+06
1.94333e+06
1.70091e+06
1.5982e+06
4.95262e+06
7.95817e+06
7.88694e+06
6.34406e+06
3.42616e+06
2.4686e+06
2.01529e+06
1.69856e+06
1.56238e+06
1.53928e+06
4.96839e+06
8.47372e+06
7.72653e+06
4.63709e+06
2.84989e+06
2.15273e+06
1.73428e+06
1.56848e+06
1.51082e+06
1.51227e+06
4.94793e+06
8.99274e+06
6.81984e+06
3.82245e+06
2.26733e+06
1.84625e+06
1.61957e+06
1.48938e+06
1.45358e+06
1.457e+06
4.91993e+06
9.33207e+06
5.82136e+06
3.19513e+06
2.08392e+06
1.74167e+06
1.48548e+06
1.40747e+06
1.40408e+06
1.41289e+06
4.88871e+06
9.40056e+06
4.76692e+06
2.74252e+06
1.80839e+06
1.56287e+06
1.40698e+06
1.37267e+06
1.36285e+06
1.36269e+06
7.03638e+06
7.03215e+06
7.02815e+06
7.02644e+06
7.02568e+06
7.02534e+06
7.02526e+06
7.02558e+06
7.02628e+06
7.02715e+06
7.03725e+06
7.03315e+06
7.02872e+06
7.02778e+06
7.0282e+06
7.03035e+06
7.0334e+06
7.03801e+06
7.04342e+06
7.04823e+06
7.03689e+06
7.03368e+06
7.03052e+06
7.03067e+06
7.03505e+06
7.0429e+06
7.04986e+06
7.0541e+06
7.0565e+06
7.05882e+06
7.03408e+06
7.03538e+06
7.03265e+06
7.03522e+06
7.04316e+06
7.05204e+06
7.05554e+06
7.05713e+06
7.05778e+06
7.0595e+06
7.03414e+06
7.03507e+06
7.03661e+06
7.03955e+06
7.049e+06
7.05438e+06
7.05632e+06
7.05716e+06
7.05913e+06
7.0547e+06
7.03375e+06
7.03549e+06
7.03835e+06
7.03992e+06
7.04814e+06
7.05402e+06
7.05305e+06
7.04505e+06
7.048e+06
7.04137e+06
7.03296e+06
7.03618e+06
7.04172e+06
7.04175e+06
7.04402e+06
7.03495e+06
7.01751e+06
7.02305e+06
7.04375e+06
7.02236e+06
7.03153e+06
7.03674e+06
7.04355e+06
7.03276e+06
6.97363e+06
6.97945e+06
7.00546e+06
7.05461e+06
7.05678e+06
6.9618e+06
7.0299e+06
7.03611e+06
7.01419e+06
6.89606e+06
6.92053e+06
6.99826e+06
7.08818e+06
7.07935e+06
7.03801e+06
6.7022e+06
7.02452e+06
7.03436e+06
6.81066e+06
6.84372e+06
6.99851e+06
7.13056e+06
7.11658e+06
7.03344e+06
6.77036e+06
5.86442e+06
7.0288e+06
7.03164e+06
7.03541e+06
7.03996e+06
7.04507e+06
7.05012e+06
7.05612e+06
7.0616e+06
7.0682e+06
7.0737e+06
7.08018e+06
7.08586e+06
7.09138e+06
7.09657e+06
7.10128e+06
7.10612e+06
7.11061e+06
7.1148e+06
7.11656e+06
7.11744e+06
7.11799e+06
7.11784e+06
7.11918e+06
7.11883e+06
7.11875e+06
7.11903e+06
7.11921e+06
7.11891e+06
7.11858e+06
7.11819e+06
7.1172e+06
7.1172e+06
7.11652e+06
7.11551e+06
7.11429e+06
7.11348e+06
7.11199e+06
7.11103e+06
7.10957e+06
7.10772e+06
7.10632e+06
7.10449e+06
7.10336e+06
7.10226e+06
7.10137e+06
7.10102e+06
7.09894e+06
7.09855e+06
7.09882e+06
7.09948e+06
7.09797e+06
7.09821e+06
7.10031e+06
7.10368e+06
7.10458e+06
7.10689e+06
7.10887e+06
7.11069e+06
7.11036e+06
7.1104e+06
7.11173e+06
7.11158e+06
7.1133e+06
7.11422e+06
7.11425e+06
7.11483e+06
7.11485e+06
7.1142e+06
7.11352e+06
7.11264e+06
7.11196e+06
7.11121e+06
7.11065e+06
7.11005e+06
7.10991e+06
7.10981e+06
7.10974e+06
7.10972e+06
7.10973e+06
7.10977e+06
7.10985e+06
7.10992e+06
7.11006e+06
7.11017e+06
7.11013e+06
7.11058e+06
7.11062e+06
7.11115e+06
7.11118e+06
7.11147e+06
7.11179e+06
7.1123e+06
7.11261e+06
7.11337e+06
7.11361e+06
7.11362e+06
7.11403e+06
7.11455e+06
7.11517e+06
7.11594e+06
7.05365e+06
7.05537e+06
7.06073e+06
7.06306e+06
7.06772e+06
7.07011e+06
7.07513e+06
7.07762e+06
7.08247e+06
7.08531e+06
7.08931e+06
7.09247e+06
7.09616e+06
7.09937e+06
7.10175e+06
7.10551e+06
7.10873e+06
7.10941e+06
7.10751e+06
7.10468e+06
7.09958e+06
7.09587e+06
7.08985e+06
7.08601e+06
7.08023e+06
7.07566e+06
7.06997e+06
7.06454e+06
7.05815e+06
7.05191e+06
7.04485e+06
7.03787e+06
7.03144e+06
7.02444e+06
7.01918e+06
7.01327e+06
7.00801e+06
7.00259e+06
6.99652e+06
6.99137e+06
6.98477e+06
6.97991e+06
6.97385e+06
6.96944e+06
6.96507e+06
6.9614e+06
6.95792e+06
6.95435e+06
6.95092e+06
6.9486e+06
6.94516e+06
6.94322e+06
6.94041e+06
6.93783e+06
6.93476e+06
6.93117e+06
6.92885e+06
6.92471e+06
6.92342e+06
6.91844e+06
6.91745e+06
6.91607e+06
6.92013e+06
6.91722e+06
6.91987e+06
6.92069e+06
6.91981e+06
6.91877e+06
6.91713e+06
6.91589e+06
6.91417e+06
6.91286e+06
6.91115e+06
6.90969e+06
6.90798e+06
6.90634e+06
6.90466e+06
6.90287e+06
6.90123e+06
6.89942e+06
6.89781e+06
6.89612e+06
6.89456e+06
6.89312e+06
6.89166e+06
6.89055e+06
6.88933e+06
6.8885e+06
6.88759e+06
6.88695e+06
6.88632e+06
6.88582e+06
6.88549e+06
6.88502e+06
6.88492e+06
6.88455e+06
6.88449e+06
6.88416e+06
6.88415e+06
6.88387e+06
7.05983e+06
7.06095e+06
7.06461e+06
7.06628e+06
7.07061e+06
7.07335e+06
7.07813e+06
7.08165e+06
7.08517e+06
7.08836e+06
7.09163e+06
7.09433e+06
7.09678e+06
7.09964e+06
7.0999e+06
7.09965e+06
7.09874e+06
7.09645e+06
7.09028e+06
7.08179e+06
7.07297e+06
7.06121e+06
7.05052e+06
7.03785e+06
7.02602e+06
7.01138e+06
6.99869e+06
6.9824e+06
6.96925e+06
6.95245e+06
6.93885e+06
6.92357e+06
6.91127e+06
6.89749e+06
6.8878e+06
6.8765e+06
6.86671e+06
6.85608e+06
6.84334e+06
6.83061e+06
6.81814e+06
6.80539e+06
6.79372e+06
6.78317e+06
6.77322e+06
6.76233e+06
6.74962e+06
6.73464e+06
6.71783e+06
6.69983e+06
6.68164e+06
6.67555e+06
6.67708e+06
6.67138e+06
6.66121e+06
6.64939e+06
6.63661e+06
6.62455e+06
6.61303e+06
6.60283e+06
6.59376e+06
6.5858e+06
6.57911e+06
6.57307e+06
6.56815e+06
6.56342e+06
6.55956e+06
6.55543e+06
6.55207e+06
6.54792e+06
6.5446e+06
6.54014e+06
6.5365e+06
6.53169e+06
6.52749e+06
6.52241e+06
6.5176e+06
6.5123e+06
6.50703e+06
6.50153e+06
6.49597e+06
6.49042e+06
6.48474e+06
6.47933e+06
6.47378e+06
6.46874e+06
6.46364e+06
6.45917e+06
6.45486e+06
6.45098e+06
6.44776e+06
6.44433e+06
6.44204e+06
6.43901e+06
6.43728e+06
6.43454e+06
6.43319e+06
6.43085e+06
6.43003e+06
6.42712e+06
7.05959e+06
7.06106e+06
7.06507e+06
7.06704e+06
7.07009e+06
7.07414e+06
7.07767e+06
7.08216e+06
7.08543e+06
7.08859e+06
7.09077e+06
7.09127e+06
7.09029e+06
7.08874e+06
7.08499e+06
7.08187e+06
7.07627e+06
7.06927e+06
7.0568e+06
7.04199e+06
7.02459e+06
7.00315e+06
6.98269e+06
6.95673e+06
6.93274e+06
6.90272e+06
6.87686e+06
6.84515e+06
6.81818e+06
6.78735e+06
6.75906e+06
6.73049e+06
6.70335e+06
6.67752e+06
6.65265e+06
6.63018e+06
6.60758e+06
6.58186e+06
6.55769e+06
6.53302e+06
6.50948e+06
6.4871e+06
6.46782e+06
6.449e+06
6.43075e+06
6.40952e+06
6.38655e+06
6.35941e+06
6.33065e+06
6.29859e+06
6.26631e+06
6.23244e+06
6.20008e+06
6.1682e+06
6.13899e+06
6.11123e+06
6.08641e+06
6.06361e+06
6.04367e+06
6.02589e+06
6.01062e+06
5.99718e+06
5.98587e+06
5.97557e+06
5.96714e+06
5.95861e+06
5.95187e+06
5.944e+06
5.93771e+06
5.92986e+06
5.92294e+06
5.91478e+06
5.90668e+06
5.89778e+06
5.88859e+06
5.87848e+06
5.86851e+06
5.85708e+06
5.84631e+06
5.83406e+06
5.8223e+06
5.80979e+06
5.79733e+06
5.78475e+06
5.77243e+06
5.75997e+06
5.7486e+06
5.73701e+06
5.72708e+06
5.71718e+06
5.70886e+06
5.70067e+06
5.69425e+06
5.68742e+06
5.6828e+06
5.67709e+06
5.67365e+06
5.66896e+06
5.66633e+06
5.6614e+06
7.05618e+06
7.05942e+06
7.06328e+06
7.06584e+06
7.06859e+06
7.07084e+06
7.07297e+06
7.07489e+06
7.07516e+06
7.07466e+06
7.07307e+06
7.0708e+06
7.06647e+06
7.05916e+06
7.05133e+06
7.04357e+06
7.03162e+06
7.01605e+06
6.99327e+06
6.96646e+06
6.93363e+06
6.89757e+06
6.85609e+06
6.81204e+06
6.76299e+06
6.71396e+06
6.66082e+06
6.6089e+06
6.55463e+06
6.5009e+06
6.44758e+06
6.39467e+06
6.34355e+06
6.29356e+06
6.2469e+06
6.20226e+06
6.16027e+06
6.12137e+06
6.08374e+06
6.04649e+06
6.00795e+06
5.96814e+06
5.92502e+06
5.87993e+06
5.83146e+06
5.78156e+06
5.72949e+06
5.67711e+06
5.62419e+06
5.57173e+06
5.52002e+06
5.46932e+06
5.42067e+06
5.37373e+06
5.33004e+06
5.2886e+06
5.25134e+06
5.217e+06
5.18715e+06
5.16031e+06
5.13748e+06
5.11726e+06
5.1001e+06
5.0848e+06
5.07148e+06
5.05904e+06
5.04772e+06
5.03627e+06
5.02544e+06
5.01359e+06
5.00209e+06
4.98909e+06
4.97604e+06
4.96173e+06
4.94658e+06
4.93103e+06
4.91376e+06
4.89692e+06
4.87805e+06
4.85988e+06
4.84005e+06
4.82097e+06
4.80066e+06
4.78146e+06
4.76147e+06
4.7428e+06
4.72437e+06
4.70693e+06
4.69139e+06
4.67594e+06
4.66421e+06
4.65174e+06
4.64344e+06
4.63418e+06
4.62836e+06
4.6215e+06
4.61723e+06
4.61165e+06
4.60906e+06
4.59843e+06
7.04329e+06
7.04647e+06
7.04976e+06
7.05131e+06
7.0529e+06
7.05363e+06
7.05355e+06
7.05258e+06
7.0506e+06
7.04574e+06
7.04113e+06
7.03217e+06
7.02073e+06
7.00542e+06
6.99135e+06
6.9698e+06
6.94435e+06
6.90775e+06
6.86565e+06
6.8129e+06
6.7538e+06
6.68594e+06
6.61124e+06
6.53067e+06
6.44551e+06
6.35703e+06
6.26649e+06
6.17386e+06
6.08101e+06
5.9876e+06
5.89504e+06
5.80454e+06
5.71531e+06
5.63002e+06
5.54795e+06
5.47157e+06
5.39656e+06
5.32639e+06
5.25699e+06
5.19139e+06
5.12539e+06
5.06344e+06
4.99916e+06
4.93808e+06
4.87237e+06
4.8088e+06
4.74044e+06
4.67415e+06
4.60627e+06
4.5384e+06
4.46832e+06
4.4009e+06
4.33396e+06
4.27175e+06
4.21218e+06
4.15795e+06
4.1081e+06
4.06397e+06
4.02519e+06
3.99131e+06
3.96249e+06
3.93728e+06
3.91609e+06
3.8971e+06
3.8808e+06
3.86538e+06
3.85144e+06
3.83732e+06
3.82376e+06
3.80926e+06
3.79471e+06
3.77882e+06
3.7625e+06
3.74482e+06
3.72652e+06
3.70702e+06
3.68693e+06
3.66584e+06
3.6444e+06
3.62218e+06
3.59999e+06
3.57725e+06
3.55506e+06
3.53244e+06
3.51126e+06
3.48942e+06
3.47036e+06
3.45027e+06
3.43374e+06
3.41742e+06
3.40276e+06
3.39182e+06
3.38e+06
3.37247e+06
3.36288e+06
3.35638e+06
3.35096e+06
3.34558e+06
3.33895e+06
3.3333e+06
7.02572e+06
7.02546e+06
7.02585e+06
7.02581e+06
7.02633e+06
7.02465e+06
7.02119e+06
7.01263e+06
7.00386e+06
6.98828e+06
6.97455e+06
6.95019e+06
6.92677e+06
6.89277e+06
6.8582e+06
6.80606e+06
6.75098e+06
6.67382e+06
6.59358e+06
6.49096e+06
6.38459e+06
6.26048e+06
6.13228e+06
5.99459e+06
5.85342e+06
5.70982e+06
5.5644e+06
5.41673e+06
5.27238e+06
5.12768e+06
4.99017e+06
4.85759e+06
4.73142e+06
4.61547e+06
4.50485e+06
4.40099e+06
4.30076e+06
4.2077e+06
4.11932e+06
4.03513e+06
3.95454e+06
3.87782e+06
3.80333e+06
3.73066e+06
3.65966e+06
3.58867e+06
3.51985e+06
3.45303e+06
3.38814e+06
3.32854e+06
3.27407e+06
3.22441e+06
3.17932e+06
3.13896e+06
3.10303e+06
3.0711e+06
3.04333e+06
3.01941e+06
2.9992e+06
2.982e+06
2.96778e+06
2.95561e+06
2.94568e+06
2.93693e+06
2.92963e+06
2.92296e+06
2.91716e+06
2.91148e+06
2.9062e+06
2.90079e+06
2.8954e+06
2.88972e+06
2.88392e+06
2.87779e+06
2.8715e+06
2.86503e+06
2.85832e+06
2.8516e+06
2.84464e+06
2.8378e+06
2.83076e+06
2.82396e+06
2.81704e+06
2.81048e+06
2.80386e+06
2.79776e+06
2.79165e+06
2.78626e+06
2.78102e+06
2.77641e+06
2.77219e+06
2.76862e+06
2.76533e+06
2.76298e+06
2.76061e+06
2.75893e+06
2.75775e+06
2.75606e+06
2.75533e+06
2.75371e+06
6.96621e+06
6.96398e+06
6.96511e+06
6.96143e+06
6.95844e+06
6.94739e+06
6.93305e+06
6.91049e+06
6.88586e+06
6.85208e+06
6.81328e+06
6.76371e+06
6.70581e+06
6.63221e+06
6.54427e+06
6.43561e+06
6.31188e+06
6.16686e+06
6.00961e+06
5.82874e+06
5.64447e+06
5.44049e+06
5.24398e+06
5.0331e+06
4.8395e+06
4.63511e+06
4.42856e+06
4.22917e+06
4.04288e+06
3.87113e+06
3.71691e+06
3.57965e+06
3.45837e+06
3.35115e+06
3.26104e+06
3.18967e+06
3.12867e+06
3.07892e+06
3.03545e+06
2.99857e+06
2.96592e+06
2.93804e+06
2.91288e+06
2.89018e+06
2.8693e+06
2.84943e+06
2.83049e+06
2.81271e+06
2.79566e+06
2.7795e+06
2.76445e+06
2.75074e+06
2.73802e+06
2.72687e+06
2.71716e+06
2.70855e+06
2.70148e+06
2.69518e+06
2.69027e+06
2.68566e+06
2.68204e+06
2.67858e+06
2.67572e+06
2.67312e+06
2.671e+06
2.66896e+06
2.66702e+06
2.66517e+06
2.66313e+06
2.66121e+06
2.6591e+06
2.65728e+06
2.65527e+06
2.65358e+06
2.65172e+06
2.65033e+06
2.648e+06
2.64763e+06
2.64706e+06
2.64562e+06
2.64577e+06
2.64562e+06
2.64446e+06
2.64402e+06
2.64256e+06
2.64274e+06
2.6413e+06
2.64186e+06
2.64049e+06
2.64085e+06
2.64007e+06
2.63948e+06
2.64027e+06
2.64037e+06
2.63982e+06
2.64055e+06
2.64032e+06
2.64056e+06
2.63996e+06
2.64083e+06
6.71434e+06
6.73104e+06
6.73086e+06
6.72695e+06
6.71677e+06
6.69693e+06
6.66428e+06
6.61956e+06
6.55962e+06
6.48237e+06
6.38645e+06
6.26901e+06
6.1287e+06
5.96372e+06
5.77625e+06
5.56662e+06
5.34397e+06
5.10479e+06
4.83095e+06
4.56914e+06
4.29678e+06
4.05739e+06
3.81831e+06
3.61913e+06
3.42468e+06
3.26866e+06
3.14577e+06
3.04459e+06
2.96547e+06
2.89852e+06
2.84558e+06
2.80193e+06
2.76535e+06
2.73741e+06
2.71291e+06
2.69534e+06
2.68004e+06
2.66808e+06
2.65758e+06
2.6504e+06
2.64471e+06
2.64149e+06
2.63946e+06
2.63868e+06
2.63852e+06
2.64028e+06
2.63726e+06
2.63727e+06
2.63764e+06
2.63936e+06
2.64138e+06
2.64302e+06
2.64484e+06
2.64601e+06
2.64718e+06
2.64818e+06
2.64978e+06
2.65138e+06
2.65375e+06
2.6547e+06
2.65786e+06
2.65664e+06
2.65893e+06
2.65725e+06
2.65878e+06
2.6587e+06
2.65676e+06
2.65818e+06
2.65658e+06
2.65689e+06
2.6554e+06
2.65215e+06
2.65306e+06
2.6532e+06
2.65271e+06
2.65242e+06
2.64962e+06
2.64928e+06
2.64626e+06
2.64745e+06
2.64588e+06
2.64724e+06
2.64757e+06
2.64746e+06
2.64757e+06
2.64574e+06
2.64571e+06
2.6445e+06
2.64416e+06
2.64276e+06
2.64269e+06
2.64267e+06
2.64263e+06
2.64203e+06
2.64177e+06
2.63829e+06
2.6393e+06
2.63796e+06
2.6373e+06
2.63904e+06
5.91233e+06
5.96785e+06
6.02725e+06
6.03817e+06
6.02176e+06
5.98026e+06
5.88895e+06
5.76333e+06
5.58785e+06
5.39442e+06
5.16251e+06
4.92467e+06
4.65977e+06
4.40214e+06
4.13158e+06
3.88547e+06
3.63898e+06
3.43247e+06
3.26695e+06
3.13387e+06
3.02538e+06
2.93682e+06
2.86283e+06
2.8012e+06
2.74888e+06
2.70515e+06
2.66843e+06
2.63757e+06
2.61221e+06
2.59112e+06
2.57345e+06
2.55988e+06
2.54764e+06
2.54006e+06
2.53279e+06
2.5298e+06
2.52772e+06
2.52469e+06
2.5251e+06
2.52796e+06
2.53328e+06
2.54038e+06
2.54838e+06
2.55787e+06
2.5678e+06
2.57881e+06
2.58925e+06
2.60024e+06
2.61024e+06
2.61933e+06
2.62917e+06
2.63625e+06
2.64527e+06
2.65069e+06
2.65827e+06
2.66594e+06
2.6726e+06
2.67946e+06
2.68618e+06
2.69502e+06
2.69961e+06
2.70124e+06
2.70757e+06
2.70752e+06
2.70296e+06
2.70833e+06
2.7059e+06
2.70559e+06
2.70697e+06
2.70893e+06
2.70994e+06
2.71182e+06
2.71372e+06
2.71597e+06
2.71799e+06
2.72041e+06
2.72063e+06
2.7215e+06
2.71646e+06
2.7194e+06
2.71726e+06
2.72105e+06
2.72208e+06
2.72358e+06
2.7245e+06
2.72524e+06
2.72426e+06
2.72484e+06
2.72536e+06
2.72165e+06
2.72387e+06
2.72312e+06
2.72287e+06
2.71617e+06
2.71808e+06
2.71519e+06
2.71444e+06
2.71624e+06
2.71762e+06
2.72135e+06
3.15867e+06
3.25839e+06
3.34198e+06
3.38228e+06
3.40871e+06
3.40495e+06
3.38818e+06
3.34976e+06
3.29295e+06
3.22859e+06
3.15822e+06
3.0865e+06
3.01341e+06
2.94377e+06
2.87634e+06
2.81559e+06
2.75958e+06
2.7107e+06
2.66687e+06
2.6289e+06
2.5951e+06
2.56619e+06
2.54056e+06
2.51925e+06
2.50145e+06
2.48716e+06
2.47442e+06
2.46559e+06
2.45719e+06
2.45233e+06
2.44683e+06
2.44417e+06
2.44122e+06
2.44085e+06
2.44101e+06
2.44136e+06
2.44291e+06
2.44677e+06
2.45408e+06
2.46147e+06
2.47168e+06
2.48116e+06
2.49299e+06
2.50384e+06
2.51577e+06
2.52729e+06
2.53765e+06
2.55006e+06
2.55898e+06
2.57081e+06
2.57824e+06
2.58822e+06
2.59515e+06
2.60357e+06
2.61241e+06
2.62134e+06
2.6313e+06
2.64301e+06
2.65316e+06
2.6655e+06
2.67631e+06
2.68479e+06
2.69871e+06
2.70718e+06
2.71881e+06
2.73054e+06
2.73682e+06
2.75048e+06
2.75712e+06
2.76366e+06
2.75835e+06
2.76937e+06
2.76547e+06
2.76601e+06
2.77115e+06
2.77646e+06
2.78321e+06
2.78882e+06
2.79585e+06
2.80105e+06
2.80832e+06
2.81292e+06
2.81905e+06
2.82271e+06
2.82755e+06
2.83095e+06
2.83459e+06
2.8379e+06
2.84581e+06
2.84838e+06
2.8505e+06
2.84983e+06
2.85011e+06
2.83948e+06
2.84322e+06
2.83794e+06
2.8368e+06
2.83891e+06
2.84113e+06
2.84673e+06
2.34717e+06
2.4031e+06
2.46115e+06
2.49801e+06
2.53209e+06
2.5469e+06
2.5631e+06
2.56308e+06
2.5587e+06
2.54854e+06
2.53271e+06
2.51384e+06
2.49317e+06
2.47294e+06
2.45249e+06
2.43493e+06
2.41807e+06
2.4045e+06
2.39184e+06
2.38221e+06
2.37374e+06
2.36788e+06
2.36346e+06
2.36058e+06
2.35956e+06
2.35822e+06
2.35867e+06
2.35967e+06
2.36119e+06
2.36291e+06
2.36404e+06
2.36613e+06
2.36898e+06
2.3711e+06
2.37326e+06
2.37827e+06
2.38427e+06
2.39324e+06
2.40241e+06
2.41278e+06
2.42342e+06
2.4346e+06
2.44651e+06
2.4581e+06
2.47032e+06
2.48036e+06
2.49222e+06
2.50092e+06
2.51225e+06
2.51986e+06
2.52986e+06
2.53632e+06
2.54466e+06
2.5506e+06
2.55781e+06
2.56373e+06
2.57051e+06
2.57742e+06
2.58389e+06
2.59181e+06
2.59881e+06
2.60689e+06
2.61523e+06
2.62258e+06
2.63181e+06
2.6394e+06
2.64986e+06
2.65935e+06
2.67008e+06
2.68327e+06
2.69295e+06
2.70999e+06
2.72069e+06
2.73609e+06
2.74907e+06
2.76143e+06
2.77744e+06
2.7877e+06
2.80613e+06
2.81701e+06
2.83285e+06
2.84424e+06
2.85661e+06
2.87023e+06
2.87887e+06
2.89097e+06
2.89823e+06
2.91095e+06
2.9171e+06
2.9168e+06
2.92984e+06
2.92015e+06
2.93048e+06
2.92627e+06
2.92576e+06
2.93248e+06
2.93656e+06
2.94574e+06
2.95091e+06
2.96074e+06
1.97782e+06
2.02527e+06
2.06845e+06
2.10628e+06
2.14009e+06
2.17095e+06
2.19614e+06
2.21632e+06
2.23095e+06
2.24116e+06
2.24817e+06
2.25238e+06
2.25535e+06
2.2569e+06
2.25797e+06
2.25879e+06
2.25944e+06
2.2609e+06
2.26226e+06
2.2653e+06
2.26833e+06
2.27371e+06
2.27889e+06
2.28542e+06
2.2919e+06
2.2982e+06
2.30424e+06
2.30999e+06
2.31414e+06
2.3189e+06
2.32198e+06
2.32584e+06
2.32876e+06
2.33357e+06
2.33736e+06
2.34409e+06
2.34949e+06
2.35855e+06
2.36601e+06
2.37684e+06
2.3857e+06
2.39819e+06
2.40833e+06
2.42209e+06
2.43244e+06
2.44577e+06
2.45489e+06
2.46662e+06
2.4744e+06
2.48479e+06
2.49123e+06
2.50054e+06
2.50584e+06
2.51422e+06
2.51881e+06
2.52649e+06
2.53064e+06
2.53809e+06
2.54191e+06
2.54933e+06
2.5533e+06
2.56103e+06
2.56512e+06
2.57334e+06
2.5779e+06
2.58682e+06
2.59184e+06
2.60186e+06
2.60737e+06
2.61869e+06
2.62497e+06
2.63789e+06
2.64485e+06
2.65943e+06
2.66742e+06
2.68321e+06
2.69213e+06
2.70835e+06
2.71778e+06
2.73396e+06
2.74373e+06
2.7596e+06
2.76935e+06
2.78489e+06
2.79443e+06
2.80971e+06
2.8189e+06
2.83406e+06
2.84282e+06
2.85816e+06
2.86656e+06
2.88217e+06
2.89031e+06
2.90624e+06
2.91447e+06
2.93074e+06
2.93907e+06
2.95525e+06
2.96453e+06
2.9819e+06
1.81928e+06
1.86273e+06
1.90324e+06
1.94014e+06
1.97471e+06
2.00832e+06
2.03756e+06
2.06348e+06
2.08412e+06
2.10168e+06
2.11648e+06
2.12925e+06
2.14168e+06
2.15192e+06
2.16237e+06
2.17075e+06
2.17924e+06
2.18699e+06
2.19512e+06
2.20353e+06
2.21246e+06
2.2221e+06
2.231e+06
2.24033e+06
2.24802e+06
2.25458e+06
2.26043e+06
2.26352e+06
2.26685e+06
2.26816e+06
2.26972e+06
2.27038e+06
2.27173e+06
2.27287e+06
2.27515e+06
2.27846e+06
2.28284e+06
2.28908e+06
2.29595e+06
2.30437e+06
2.31305e+06
2.32353e+06
2.33303e+06
2.34504e+06
2.35492e+06
2.36699e+06
2.37541e+06
2.38594e+06
2.39262e+06
2.40186e+06
2.40749e+06
2.4161e+06
2.42105e+06
2.42958e+06
2.43418e+06
2.44292e+06
2.44766e+06
2.45689e+06
2.46177e+06
2.47154e+06
2.4766e+06
2.48664e+06
2.49194e+06
2.50207e+06
2.50749e+06
2.51804e+06
2.52365e+06
2.53489e+06
2.5411e+06
2.5535e+06
2.56023e+06
2.57321e+06
2.58058e+06
2.59376e+06
2.60129e+06
2.61462e+06
2.62231e+06
2.63586e+06
2.64379e+06
2.65757e+06
2.66544e+06
2.67931e+06
2.6872e+06
2.70107e+06
2.7088e+06
2.7228e+06
2.73026e+06
2.74454e+06
2.75191e+06
2.7665e+06
2.77401e+06
2.78897e+06
2.79674e+06
2.8122e+06
2.82018e+06
2.83634e+06
2.84476e+06
2.86208e+06
2.86959e+06
2.89332e+06
1.72577e+06
1.76648e+06
1.80744e+06
1.8431e+06
1.87764e+06
1.91039e+06
1.94295e+06
1.97135e+06
1.99571e+06
2.01626e+06
2.03361e+06
2.05015e+06
2.06464e+06
2.0792e+06
2.09187e+06
2.10443e+06
2.11549e+06
2.12664e+06
2.13669e+06
2.14713e+06
2.15644e+06
2.16567e+06
2.1734e+06
2.18031e+06
2.18534e+06
2.1891e+06
2.1916e+06
2.19213e+06
2.19542e+06
2.19728e+06
2.19851e+06
2.19655e+06
2.19668e+06
2.19764e+06
2.2008e+06
2.20353e+06
2.20917e+06
2.21448e+06
2.22189e+06
2.22882e+06
2.23779e+06
2.24576e+06
2.2552e+06
2.26375e+06
2.27336e+06
2.2822e+06
2.29147e+06
2.2994e+06
2.30758e+06
2.31442e+06
2.32213e+06
2.32813e+06
2.33573e+06
2.34134e+06
2.34865e+06
2.35476e+06
2.36121e+06
2.36864e+06
2.37417e+06
2.38246e+06
2.38877e+06
2.39618e+06
2.40503e+06
2.41108e+06
2.42222e+06
2.42843e+06
2.44112e+06
2.44838e+06
2.46166e+06
2.4715e+06
2.48481e+06
2.49781e+06
2.51214e+06
2.52739e+06
2.54335e+06
2.55758e+06
2.57484e+06
2.58785e+06
2.60376e+06
2.6171e+06
2.62934e+06
2.64268e+06
2.65413e+06
2.66488e+06
2.67704e+06
2.68645e+06
2.69854e+06
2.7074e+06
2.71996e+06
2.72916e+06
2.74206e+06
2.75238e+06
2.76186e+06
2.78252e+06
2.77866e+06
2.79232e+06
2.7897e+06
2.79158e+06
2.79382e+06
2.81635e+06
1.65223e+06
1.69062e+06
1.73168e+06
1.76866e+06
1.80501e+06
1.83602e+06
1.86701e+06
1.89396e+06
1.91925e+06
1.9429e+06
1.96302e+06
1.98262e+06
1.99794e+06
2.01416e+06
2.02732e+06
2.04164e+06
2.05417e+06
2.06662e+06
2.07752e+06
2.08752e+06
2.09574e+06
2.10303e+06
2.10847e+06
2.11318e+06
2.11613e+06
2.1191e+06
2.12055e+06
2.12295e+06
2.12433e+06
2.12673e+06
2.1291e+06
2.13189e+06
2.13549e+06
2.1388e+06
2.14245e+06
2.1472e+06
2.15082e+06
2.15705e+06
2.16099e+06
2.16821e+06
2.17292e+06
2.18074e+06
2.18639e+06
2.19471e+06
2.20115e+06
2.21021e+06
2.21739e+06
2.22665e+06
2.2332e+06
2.24229e+06
2.2477e+06
2.25656e+06
2.2612e+06
2.26981e+06
2.27441e+06
2.28289e+06
2.28807e+06
2.29613e+06
2.303e+06
2.31048e+06
2.31863e+06
2.32686e+06
2.33513e+06
2.34585e+06
2.35348e+06
2.36715e+06
2.37494e+06
2.39052e+06
2.39987e+06
2.41589e+06
2.42689e+06
2.44315e+06
2.45599e+06
2.47086e+06
2.48595e+06
2.49783e+06
2.51405e+06
2.52389e+06
2.53913e+06
2.55026e+06
2.5634e+06
2.57614e+06
2.58741e+06
2.60246e+06
2.61374e+06
2.62719e+06
2.63926e+06
2.65122e+06
2.66258e+06
2.67386e+06
2.68252e+06
2.69166e+06
2.7045e+06
2.71318e+06
2.72031e+06
2.73451e+06
2.7382e+06
2.75779e+06
2.76319e+06
2.77003e+06
1.59576e+06
1.63245e+06
1.67137e+06
1.70694e+06
1.74292e+06
1.77256e+06
1.80026e+06
1.82534e+06
1.85088e+06
1.87449e+06
1.89322e+06
1.91185e+06
1.92721e+06
1.94534e+06
1.96048e+06
1.97683e+06
1.98917e+06
2.00064e+06
2.0087e+06
2.01592e+06
2.02058e+06
2.02646e+06
2.02978e+06
2.03578e+06
2.03982e+06
2.04642e+06
2.05124e+06
2.05798e+06
2.06269e+06
2.0686e+06
2.07272e+06
2.07687e+06
2.08003e+06
2.08244e+06
2.08377e+06
2.08525e+06
2.08606e+06
2.08712e+06
2.08779e+06
2.09008e+06
2.09157e+06
2.09501e+06
2.09794e+06
2.10349e+06
2.10836e+06
2.11637e+06
2.12367e+06
2.13338e+06
2.14207e+06
2.15174e+06
2.16057e+06
2.16972e+06
2.17836e+06
2.18729e+06
2.19575e+06
2.20485e+06
2.21341e+06
2.22307e+06
2.2319e+06
2.24217e+06
2.25163e+06
2.26253e+06
2.273e+06
2.28466e+06
2.29646e+06
2.30921e+06
2.32251e+06
2.33668e+06
2.35154e+06
2.36732e+06
2.38379e+06
2.40113e+06
2.41909e+06
2.43778e+06
2.45697e+06
2.47672e+06
2.48335e+06
2.4785e+06
2.48248e+06
2.48562e+06
2.49053e+06
2.50207e+06
2.50969e+06
2.52293e+06
2.53062e+06
2.54408e+06
2.55122e+06
2.56447e+06
2.5712e+06
2.5842e+06
2.59072e+06
2.60375e+06
2.61033e+06
2.62356e+06
2.63037e+06
2.64388e+06
2.65119e+06
2.66481e+06
2.6743e+06
2.69146e+06
1.54863e+06
1.58067e+06
1.61472e+06
1.64659e+06
1.67979e+06
1.70711e+06
1.73423e+06
1.7575e+06
1.7808e+06
1.80188e+06
1.82233e+06
1.84227e+06
1.86002e+06
1.87725e+06
1.8909e+06
1.90342e+06
1.91287e+06
1.92081e+06
1.92778e+06
1.93321e+06
1.93928e+06
1.94537e+06
1.95101e+06
1.95875e+06
1.965e+06
1.97266e+06
1.97833e+06
1.98427e+06
1.9887e+06
1.99353e+06
1.99598e+06
2.00007e+06
2.00374e+06
2.00575e+06
2.00775e+06
2.01145e+06
2.01249e+06
2.01311e+06
2.01351e+06
2.01789e+06
2.01829e+06
2.02352e+06
2.02522e+06
2.02403e+06
2.02566e+06
2.03194e+06
2.03716e+06
2.04879e+06
2.05623e+06
2.06937e+06
2.07798e+06
2.09194e+06
2.10122e+06
2.11586e+06
2.12549e+06
2.14056e+06
2.1502e+06
2.16519e+06
2.1747e+06
2.18932e+06
2.19879e+06
2.21306e+06
2.22274e+06
2.2368e+06
2.24688e+06
2.26093e+06
2.27143e+06
2.28558e+06
2.29636e+06
2.3106e+06
2.32159e+06
2.3358e+06
2.34705e+06
2.3612e+06
2.37274e+06
2.38695e+06
2.39881e+06
2.41345e+06
2.42556e+06
2.44018e+06
2.45202e+06
2.46656e+06
2.47776e+06
2.4924e+06
2.50268e+06
2.51731e+06
2.52651e+06
2.54077e+06
2.54896e+06
2.56258e+06
2.57001e+06
2.58303e+06
2.59e+06
2.60253e+06
2.60936e+06
2.6214e+06
2.62856e+06
2.64074e+06
2.64623e+06
2.66998e+06
1.51065e+06
1.54246e+06
1.56986e+06
1.59581e+06
1.6237e+06
1.65068e+06
1.67636e+06
1.69895e+06
1.71805e+06
1.73565e+06
1.75454e+06
1.77323e+06
1.79044e+06
1.80663e+06
1.81873e+06
1.83099e+06
1.83889e+06
1.84904e+06
1.85523e+06
1.86414e+06
1.87041e+06
1.87801e+06
1.88356e+06
1.8904e+06
1.89448e+06
1.90058e+06
1.90384e+06
1.90955e+06
1.91273e+06
1.91785e+06
1.92074e+06
1.92519e+06
1.92751e+06
1.93178e+06
1.93449e+06
1.9389e+06
1.94131e+06
1.94577e+06
1.94863e+06
1.95373e+06
1.95673e+06
1.96316e+06
1.96766e+06
1.97566e+06
1.98144e+06
1.99065e+06
1.99765e+06
2.0081e+06
2.01616e+06
2.02791e+06
2.03729e+06
2.05066e+06
2.06147e+06
2.07649e+06
2.08849e+06
2.1044e+06
2.11683e+06
2.13253e+06
2.14469e+06
2.15959e+06
2.17124e+06
2.18539e+06
2.19668e+06
2.21039e+06
2.22162e+06
2.23515e+06
2.24643e+06
2.25991e+06
2.27135e+06
2.28462e+06
2.29614e+06
2.30893e+06
2.32039e+06
2.33258e+06
2.34384e+06
2.3556e+06
2.36656e+06
2.37819e+06
2.38881e+06
2.40059e+06
2.41084e+06
2.42299e+06
2.43271e+06
2.44528e+06
2.4542e+06
2.4672e+06
2.47514e+06
2.48854e+06
2.49565e+06
2.50924e+06
2.51607e+06
2.52973e+06
2.53664e+06
2.55063e+06
2.55776e+06
2.57209e+06
2.5797e+06
2.59411e+06
2.60372e+06
2.62119e+06
1.48397e+06
1.51263e+06
1.53847e+06
1.56133e+06
1.58664e+06
1.60964e+06
1.63339e+06
1.6545e+06
1.67415e+06
1.6932e+06
1.71043e+06
1.72809e+06
1.7421e+06
1.75652e+06
1.76741e+06
1.7791e+06
1.78861e+06
1.79938e+06
1.80742e+06
1.81742e+06
1.82407e+06
1.83167e+06
1.83612e+06
1.84202e+06
1.8451e+06
1.85081e+06
1.85448e+06
1.86098e+06
1.86566e+06
1.87253e+06
1.87758e+06
1.88463e+06
1.88965e+06
1.89645e+06
1.90132e+06
1.9074e+06
1.91141e+06
1.91703e+06
1.92042e+06
1.92442e+06
1.9267e+06
1.93124e+06
1.93405e+06
1.93992e+06
1.94403e+06
1.95177e+06
1.95828e+06
1.96823e+06
1.97712e+06
1.98893e+06
1.99983e+06
2.01317e+06
2.02539e+06
2.03971e+06
2.05237e+06
2.06683e+06
2.07921e+06
2.0932e+06
2.10503e+06
2.11839e+06
2.12989e+06
2.14278e+06
2.15433e+06
2.16712e+06
2.17907e+06
2.19226e+06
2.20496e+06
2.21872e+06
2.23216e+06
2.24632e+06
2.26018e+06
2.27439e+06
2.28822e+06
2.30212e+06
2.31545e+06
2.3288e+06
2.34139e+06
2.35414e+06
2.36589e+06
2.37812e+06
2.389e+06
2.40095e+06
2.41093e+06
2.42289e+06
2.43181e+06
2.44414e+06
2.45187e+06
2.46471e+06
2.47154e+06
2.48459e+06
2.4912e+06
2.50425e+06
2.5109e+06
2.52438e+06
2.53138e+06
2.54544e+06
2.55295e+06
2.5682e+06
2.57478e+06
2.5983e+06
1.46215e+06
1.49027e+06
1.51301e+06
1.53605e+06
1.55467e+06
1.57703e+06
1.59524e+06
1.61824e+06
1.63342e+06
1.65237e+06
1.66476e+06
1.68142e+06
1.6915e+06
1.70538e+06
1.71541e+06
1.73008e+06
1.74226e+06
1.75576e+06
1.76572e+06
1.77656e+06
1.78366e+06
1.79142e+06
1.7957e+06
1.80211e+06
1.80544e+06
1.81199e+06
1.81632e+06
1.82396e+06
1.8289e+06
1.83712e+06
1.84253e+06
1.8512e+06
1.85709e+06
1.86588e+06
1.87177e+06
1.8803e+06
1.88546e+06
1.89304e+06
1.89677e+06
1.90376e+06
1.90774e+06
1.91527e+06
1.91921e+06
1.92727e+06
1.93162e+06
1.9404e+06
1.94564e+06
1.95592e+06
1.96265e+06
1.97399e+06
1.982e+06
1.99431e+06
2.00357e+06
2.01666e+06
2.02672e+06
2.04013e+06
2.05073e+06
2.06437e+06
2.0757e+06
2.08978e+06
2.10194e+06
2.11655e+06
2.1293e+06
2.14424e+06
2.15739e+06
2.17245e+06
2.18593e+06
2.201e+06
2.21476e+06
2.22966e+06
2.2435e+06
2.25802e+06
2.27163e+06
2.2856e+06
2.29867e+06
2.31198e+06
2.32433e+06
2.33702e+06
2.3486e+06
2.36093e+06
2.3717e+06
2.38409e+06
2.39398e+06
2.40683e+06
2.41582e+06
2.42928e+06
2.43743e+06
2.45141e+06
2.45891e+06
2.47316e+06
2.48034e+06
2.49462e+06
2.50181e+06
2.51615e+06
2.52346e+06
2.53788e+06
2.54556e+06
2.56001e+06
2.56978e+06
2.58753e+06
1.445e+06
1.47015e+06
1.49268e+06
1.5146e+06
1.53275e+06
1.55455e+06
1.57075e+06
1.592e+06
1.60645e+06
1.62641e+06
1.63735e+06
1.65437e+06
1.66226e+06
1.67725e+06
1.68591e+06
1.7006e+06
1.70997e+06
1.72193e+06
1.72929e+06
1.73888e+06
1.7449e+06
1.75379e+06
1.75925e+06
1.76789e+06
1.77265e+06
1.78034e+06
1.78467e+06
1.7923e+06
1.79674e+06
1.80561e+06
1.81136e+06
1.82151e+06
1.8279e+06
1.83891e+06
1.84563e+06
1.8568e+06
1.86349e+06
1.87496e+06
1.88207e+06
1.89347e+06
1.89994e+06
1.91008e+06
1.91565e+06
1.92537e+06
1.93038e+06
1.94037e+06
1.94564e+06
1.95603e+06
1.96185e+06
1.97315e+06
1.9801e+06
1.99259e+06
2.00091e+06
2.0145e+06
2.02406e+06
2.03848e+06
2.04887e+06
2.0639e+06
2.07482e+06
2.09042e+06
2.10182e+06
2.11828e+06
2.13055e+06
2.14704e+06
2.1595e+06
2.17535e+06
2.18766e+06
2.20277e+06
2.21522e+06
2.22975e+06
2.24211e+06
2.25625e+06
2.26855e+06
2.28239e+06
2.29424e+06
2.30761e+06
2.31877e+06
2.3317e+06
2.34216e+06
2.3549e+06
2.3648e+06
2.37772e+06
2.38715e+06
2.4005e+06
2.40947e+06
2.42334e+06
2.43188e+06
2.44625e+06
2.45443e+06
2.46924e+06
2.4772e+06
2.49235e+06
2.50028e+06
2.51569e+06
2.52376e+06
2.53942e+06
2.54765e+06
2.56379e+06
2.57073e+06
2.59489e+06
1.43099e+06
1.45472e+06
1.47495e+06
1.49729e+06
1.51337e+06
1.53322e+06
1.54749e+06
1.56624e+06
1.57975e+06
1.59749e+06
1.60947e+06
1.62554e+06
1.63472e+06
1.6494e+06
1.6582e+06
1.67071e+06
1.6786e+06
1.68874e+06
1.69586e+06
1.70586e+06
1.7131e+06
1.72329e+06
1.73012e+06
1.73917e+06
1.74433e+06
1.75127e+06
1.75488e+06
1.76087e+06
1.76461e+06
1.77278e+06
1.77834e+06
1.78969e+06
1.79799e+06
1.81192e+06
1.82239e+06
1.83791e+06
1.84917e+06
1.8651e+06
1.87532e+06
1.88936e+06
1.89757e+06
1.90919e+06
1.91569e+06
1.92595e+06
1.93119e+06
1.94135e+06
1.94672e+06
1.95734e+06
1.96311e+06
1.97497e+06
1.98147e+06
1.99479e+06
2.00289e+06
2.01796e+06
2.02751e+06
2.04375e+06
2.05424e+06
2.07119e+06
2.08219e+06
2.09985e+06
2.11146e+06
2.12977e+06
2.14183e+06
2.15994e+06
2.17149e+06
2.18854e+06
2.19923e+06
2.21498e+06
2.22495e+06
2.23973e+06
2.24937e+06
2.26356e+06
2.27309e+06
2.28697e+06
2.29645e+06
2.31016e+06
2.31953e+06
2.33306e+06
2.34229e+06
2.35587e+06
2.36475e+06
2.37864e+06
2.38719e+06
2.40146e+06
2.40982e+06
2.42443e+06
2.43264e+06
2.44757e+06
2.45562e+06
2.47082e+06
2.47878e+06
2.49423e+06
2.50221e+06
2.51789e+06
2.52601e+06
2.54191e+06
2.55031e+06
2.56614e+06
2.57632e+06
2.59499e+06
1.42343e+06
1.4446e+06
1.46229e+06
1.4835e+06
1.49936e+06
1.51769e+06
1.53077e+06
1.54829e+06
1.5609e+06
1.57735e+06
1.59029e+06
1.60587e+06
1.61655e+06
1.62941e+06
1.63783e+06
1.65002e+06
1.6586e+06
1.67125e+06
1.67935e+06
1.69087e+06
1.69846e+06
1.70925e+06
1.71591e+06
1.72594e+06
1.73115e+06
1.74009e+06
1.7446e+06
1.75378e+06
1.75861e+06
1.76795e+06
1.77369e+06
1.78531e+06
1.79404e+06
1.8084e+06
1.81938e+06
1.8353e+06
1.84694e+06
1.86358e+06
1.87412e+06
1.88924e+06
1.898e+06
1.91086e+06
1.91788e+06
1.92935e+06
1.93511e+06
1.94644e+06
1.95247e+06
1.96445e+06
1.97104e+06
1.98475e+06
1.9921e+06
2.00755e+06
2.01628e+06
2.03282e+06
2.04232e+06
2.05991e+06
2.06997e+06
2.08834e+06
2.09904e+06
2.11746e+06
2.12803e+06
2.14633e+06
2.15684e+06
2.1751e+06
2.18546e+06
2.20327e+06
2.21279e+06
2.22959e+06
2.23819e+06
2.25422e+06
2.26228e+06
2.27793e+06
2.28574e+06
2.30128e+06
2.30908e+06
2.32466e+06
2.33249e+06
2.34816e+06
2.35603e+06
2.3719e+06
2.37989e+06
2.39604e+06
2.4042e+06
2.42046e+06
2.42864e+06
2.4448e+06
2.45294e+06
2.46896e+06
2.47704e+06
2.49293e+06
2.50088e+06
2.51668e+06
2.52463e+06
2.54042e+06
2.54839e+06
2.56439e+06
2.57281e+06
2.5887e+06
2.59924e+06
2.61853e+06
1.41712e+06
1.43812e+06
1.45374e+06
1.47485e+06
1.48931e+06
1.50739e+06
1.51822e+06
1.53349e+06
1.54336e+06
1.5586e+06
1.57051e+06
1.5857e+06
1.59636e+06
1.61059e+06
1.61909e+06
1.63419e+06
1.64311e+06
1.65705e+06
1.66419e+06
1.67561e+06
1.68118e+06
1.69152e+06
1.6972e+06
1.70941e+06
1.71629e+06
1.73007e+06
1.73772e+06
1.75154e+06
1.75865e+06
1.77232e+06
1.77984e+06
1.79458e+06
1.80333e+06
1.81894e+06
1.82843e+06
1.84403e+06
1.85281e+06
1.86814e+06
1.87645e+06
1.89141e+06
1.89921e+06
1.91389e+06
1.9211e+06
1.93508e+06
1.94221e+06
1.95639e+06
1.96396e+06
1.97912e+06
1.98796e+06
2.0043e+06
2.01344e+06
2.03043e+06
2.03996e+06
2.0571e+06
2.06698e+06
2.0843e+06
2.09403e+06
2.11181e+06
2.12119e+06
2.13872e+06
2.14813e+06
2.16493e+06
2.17388e+06
2.19044e+06
2.19916e+06
2.21576e+06
2.22435e+06
2.24087e+06
2.24944e+06
2.26586e+06
2.2743e+06
2.29053e+06
2.29884e+06
2.31505e+06
2.32331e+06
2.33966e+06
2.34792e+06
2.36462e+06
2.37318e+06
2.3904e+06
2.3994e+06
2.41723e+06
2.42667e+06
2.44482e+06
2.45445e+06
2.47266e+06
2.4823e+06
2.50043e+06
2.50988e+06
2.52775e+06
2.53688e+06
2.55452e+06
2.56341e+06
2.58088e+06
2.58975e+06
2.60722e+06
2.61612e+06
2.63418e+06
2.64189e+06
2.66837e+06
1.41385e+06
1.43366e+06
1.44668e+06
1.46757e+06
1.48015e+06
1.49838e+06
1.50955e+06
1.52617e+06
1.53611e+06
1.55272e+06
1.56265e+06
1.57825e+06
1.58607e+06
1.59887e+06
1.60577e+06
1.61976e+06
1.62882e+06
1.64458e+06
1.65412e+06
1.66806e+06
1.67552e+06
1.68744e+06
1.69366e+06
1.70638e+06
1.71332e+06
1.72823e+06
1.73633e+06
1.75253e+06
1.7613e+06
1.77769e+06
1.78613e+06
1.80174e+06
1.80958e+06
1.82515e+06
1.83313e+06
1.84925e+06
1.85788e+06
1.87396e+06
1.88249e+06
1.89901e+06
1.90748e+06
1.92436e+06
1.93322e+06
1.95029e+06
1.95972e+06
1.97718e+06
1.98713e+06
2.00495e+06
2.01506e+06
2.03301e+06
2.04258e+06
2.06045e+06
2.06989e+06
2.08736e+06
2.09717e+06
2.11446e+06
2.12426e+06
2.14164e+06
2.1506e+06
2.16776e+06
2.17657e+06
2.1931e+06
2.20141e+06
2.21761e+06
2.22577e+06
2.24207e+06
2.25052e+06
2.26708e+06
2.27598e+06
2.29292e+06
2.3021e+06
2.31915e+06
2.32846e+06
2.34548e+06
2.35481e+06
2.37193e+06
2.38123e+06
2.39849e+06
2.40767e+06
2.42506e+06
2.43425e+06
2.45201e+06
2.46141e+06
2.47945e+06
2.48887e+06
2.5069e+06
2.51623e+06
2.53419e+06
2.54334e+06
2.56111e+06
2.57003e+06
2.58762e+06
2.59647e+06
2.61394e+06
2.62279e+06
2.64023e+06
2.64931e+06
2.66659e+06
2.67746e+06
2.69746e+06
1.4128e+06
1.43149e+06
1.445e+06
1.46322e+06
1.4769e+06
1.49544e+06
1.50806e+06
1.52439e+06
1.53438e+06
1.54814e+06
1.55752e+06
1.57177e+06
1.57934e+06
1.59274e+06
1.60009e+06
1.61433e+06
1.6234e+06
1.63962e+06
1.64953e+06
1.66486e+06
1.67303e+06
1.68695e+06
1.69387e+06
1.70731e+06
1.71488e+06
1.73115e+06
1.7406e+06
1.75809e+06
1.76758e+06
1.7849e+06
1.79375e+06
1.81067e+06
1.81949e+06
1.83647e+06
1.84546e+06
1.86277e+06
1.87209e+06
1.8892e+06
1.89906e+06
1.91619e+06
1.92618e+06
1.94389e+06
1.95367e+06
1.97089e+06
1.98013e+06
1.9971e+06
2.00604e+06
2.02285e+06
2.0316e+06
2.04841e+06
2.05725e+06
2.07407e+06
2.08285e+06
2.0997e+06
2.10861e+06
2.12547e+06
2.1348e+06
2.1517e+06
2.16095e+06
2.17808e+06
2.18746e+06
2.20485e+06
2.21413e+06
2.23139e+06
2.24068e+06
2.25784e+06
2.26728e+06
2.2846e+06
2.29411e+06
2.31132e+06
2.32075e+06
2.33781e+06
2.34704e+06
2.36395e+06
2.37316e+06
2.39004e+06
2.39915e+06
2.41584e+06
2.42464e+06
2.44122e+06
2.44976e+06
2.4665e+06
2.4751e+06
2.4921e+06
2.50095e+06
2.51823e+06
2.52724e+06
2.54468e+06
2.55362e+06
2.57101e+06
2.57983e+06
2.59699e+06
2.60571e+06
2.62258e+06
2.63119e+06
2.64794e+06
2.6566e+06
2.6736e+06
2.68081e+06
2.7065e+06
1.41158e+06
1.42972e+06
1.44105e+06
1.45873e+06
1.47003e+06
1.48891e+06
1.50003e+06
1.51714e+06
1.52754e+06
1.54315e+06
1.55166e+06
1.56739e+06
1.57674e+06
1.59204e+06
1.60011e+06
1.61526e+06
1.62358e+06
1.63905e+06
1.64779e+06
1.66335e+06
1.67174e+06
1.68679e+06
1.69499e+06
1.71109e+06
1.72089e+06
1.73833e+06
1.74867e+06
1.76655e+06
1.77664e+06
1.79441e+06
1.80408e+06
1.82143e+06
1.83098e+06
1.84792e+06
1.85759e+06
1.87449e+06
1.88394e+06
1.90085e+06
1.91027e+06
1.92684e+06
1.93618e+06
1.95275e+06
1.96181e+06
1.97809e+06
1.98686e+06
2.00301e+06
2.01163e+06
2.0278e+06
2.03605e+06
2.05246e+06
2.06094e+06
2.07732e+06
2.08577e+06
2.10248e+06
2.11106e+06
2.12769e+06
2.13665e+06
2.15322e+06
2.16232e+06
2.17914e+06
2.18832e+06
2.20562e+06
2.21502e+06
2.23223e+06
2.24151e+06
2.25857e+06
2.26785e+06
2.28484e+06
2.2941e+06
2.31103e+06
2.32048e+06
2.33743e+06
2.34668e+06
2.36359e+06
2.37278e+06
2.38957e+06
2.39854e+06
2.41511e+06
2.42388e+06
2.44029e+06
2.44888e+06
2.46512e+06
2.47348e+06
2.48973e+06
2.49811e+06
2.5144e+06
2.52291e+06
2.53937e+06
2.54802e+06
2.56454e+06
2.57336e+06
2.58976e+06
2.59857e+06
2.61477e+06
2.62346e+06
2.63948e+06
2.64814e+06
2.66384e+06
2.6741e+06
2.69278e+06
1.41256e+06
1.43093e+06
1.4403e+06
1.45943e+06
1.46887e+06
1.48754e+06
1.49848e+06
1.51567e+06
1.52693e+06
1.54326e+06
1.55265e+06
1.56848e+06
1.57711e+06
1.59233e+06
1.60033e+06
1.61479e+06
1.62218e+06
1.6371e+06
1.64539e+06
1.6614e+06
1.67069e+06
1.68711e+06
1.69672e+06
1.71363e+06
1.72366e+06
1.74118e+06
1.75136e+06
1.7691e+06
1.77907e+06
1.79662e+06
1.80639e+06
1.8236e+06
1.83326e+06
1.8501e+06
1.85993e+06
1.87664e+06
1.88629e+06
1.903e+06
1.91241e+06
1.92886e+06
1.93804e+06
1.95417e+06
1.96302e+06
1.97901e+06
1.98771e+06
2.00351e+06
2.01197e+06
2.02801e+06
2.03616e+06
2.05231e+06
2.06062e+06
2.07689e+06
2.08546e+06
2.1019e+06
2.11055e+06
2.12722e+06
2.13606e+06
2.15267e+06
2.16167e+06
2.17854e+06
2.18755e+06
2.20473e+06
2.21393e+06
2.23089e+06
2.24006e+06
2.25683e+06
2.26594e+06
2.28263e+06
2.29161e+06
2.30816e+06
2.31719e+06
2.33361e+06
2.3424e+06
2.35869e+06
2.36734e+06
2.38342e+06
2.39192e+06
2.40793e+06
2.41632e+06
2.43235e+06
2.44068e+06
2.45656e+06
2.4648e+06
2.48067e+06
2.48887e+06
2.5047e+06
2.51299e+06
2.52887e+06
2.53726e+06
2.55321e+06
2.56175e+06
2.57784e+06
2.5865e+06
2.60256e+06
2.61126e+06
2.62728e+06
2.63587e+06
2.65213e+06
2.65908e+06
2.68345e+06
1.41684e+06
1.43343e+06
1.44253e+06
1.45947e+06
1.46848e+06
1.48578e+06
1.49527e+06
1.5118e+06
1.52162e+06
1.53758e+06
1.54712e+06
1.56331e+06
1.57224e+06
1.58791e+06
1.59639e+06
1.61129e+06
1.61894e+06
1.63424e+06
1.64297e+06
1.65921e+06
1.66889e+06
1.6858e+06
1.69591e+06
1.71329e+06
1.72363e+06
1.74139e+06
1.75165e+06
1.7694e+06
1.77943e+06
1.79691e+06
1.80678e+06
1.82386e+06
1.83366e+06
1.85048e+06
1.86018e+06
1.87693e+06
1.88654e+06
1.90322e+06
1.9126e+06
1.92902e+06
1.93818e+06
1.95417e+06
1.96283e+06
1.97874e+06
1.98721e+06
2.00294e+06
2.01106e+06
2.027e+06
2.03505e+06
2.05107e+06
2.05936e+06
2.07562e+06
2.08418e+06
2.10066e+06
2.10936e+06
2.12605e+06
2.13486e+06
2.15156e+06
2.16045e+06
2.17724e+06
2.18622e+06
2.20315e+06
2.21234e+06
2.2291e+06
2.23823e+06
2.25493e+06
2.26398e+06
2.28062e+06
2.28958e+06
2.30609e+06
2.31508e+06
2.33149e+06
2.34029e+06
2.35657e+06
2.36518e+06
2.38129e+06
2.38977e+06
2.40573e+06
2.414e+06
2.42991e+06
2.43803e+06
2.45384e+06
2.46192e+06
2.47769e+06
2.48574e+06
2.50151e+06
2.50973e+06
2.52558e+06
2.5339e+06
2.54977e+06
2.55822e+06
2.57418e+06
2.58276e+06
2.59873e+06
2.60734e+06
2.62332e+06
2.63184e+06
2.64815e+06
2.65509e+06
2.67926e+06
1.29333e+06
1.36782e+06
1.43132e+06
1.49179e+06
1.53554e+06
1.5636e+06
1.62644e+06
1.71414e+06
1.91519e+06
3.05979e+06
1.2637e+06
1.33499e+06
1.37266e+06
1.4345e+06
1.51482e+06
1.54983e+06
1.603e+06
1.65225e+06
1.7242e+06
2.30506e+06
1.26631e+06
1.30755e+06
1.35586e+06
1.38548e+06
1.46159e+06
1.51482e+06
1.57401e+06
1.63606e+06
1.67179e+06
1.93763e+06
1.26679e+06
1.29599e+06
1.33492e+06
1.36769e+06
1.41083e+06
1.4768e+06
1.51488e+06
1.6014e+06
1.63618e+06
1.78406e+06
1.26107e+06
1.28676e+06
1.31096e+06
1.35518e+06
1.38089e+06
1.43838e+06
1.46903e+06
1.54385e+06
1.5808e+06
1.69354e+06
1.25605e+06
1.28389e+06
1.30078e+06
1.34297e+06
1.3639e+06
1.41057e+06
1.43573e+06
1.49627e+06
1.5292e+06
1.62118e+06
1.25385e+06
1.28143e+06
1.29691e+06
1.33198e+06
1.35058e+06
1.39051e+06
1.41216e+06
1.46257e+06
1.49049e+06
1.56561e+06
1.25496e+06
1.28039e+06
1.29454e+06
1.32511e+06
1.3412e+06
1.37582e+06
1.39469e+06
1.43734e+06
1.46049e+06
1.52002e+06
1.25644e+06
1.28e+06
1.29275e+06
1.31986e+06
1.33417e+06
1.36505e+06
1.3821e+06
1.42025e+06
1.43976e+06
1.48673e+06
1.25861e+06
1.28045e+06
1.29231e+06
1.3165e+06
1.32916e+06
1.35602e+06
1.37112e+06
1.40501e+06
1.42254e+06
1.4628e+06
1.2642e+06
1.28506e+06
1.29548e+06
1.31693e+06
1.32832e+06
1.35176e+06
1.36474e+06
1.39325e+06
1.40837e+06
1.44242e+06
1.2674e+06
1.28719e+06
1.29743e+06
1.31821e+06
1.32881e+06
1.34987e+06
1.36108e+06
1.3855e+06
1.39855e+06
1.42667e+06
1.27175e+06
1.28973e+06
1.29949e+06
1.31932e+06
1.3295e+06
1.3499e+06
1.35997e+06
1.38105e+06
1.39219e+06
1.41538e+06
1.2772e+06
1.29378e+06
1.30272e+06
1.32104e+06
1.33062e+06
1.35017e+06
1.3599e+06
1.37929e+06
1.38906e+06
1.40852e+06
1.28459e+06
1.29959e+06
1.30753e+06
1.32371e+06
1.33238e+06
1.3501e+06
1.3596e+06
1.37786e+06
1.38691e+06
1.40453e+06
1.2888e+06
1.30432e+06
1.31232e+06
1.32879e+06
1.33689e+06
1.35281e+06
1.36137e+06
1.37829e+06
1.38667e+06
1.40313e+06
1.29155e+06
1.30611e+06
1.31408e+06
1.32911e+06
1.33843e+06
1.35365e+06
1.3623e+06
1.3782e+06
1.38626e+06
1.4023e+06
1.30497e+06
1.31719e+06
1.32395e+06
1.33658e+06
1.34469e+06
1.35767e+06
1.36486e+06
1.37904e+06
1.38664e+06
1.4018e+06
1.31226e+06
1.32475e+06
1.3314e+06
1.34373e+06
1.35098e+06
1.36375e+06
1.3704e+06
1.3834e+06
1.39024e+06
1.40433e+06
1.32184e+06
1.33346e+06
1.3392e+06
1.35134e+06
1.3575e+06
1.37015e+06
1.37662e+06
1.3893e+06
1.39626e+06
1.40903e+06
1.0366e+06
1.02737e+06
1.02312e+06
1.01943e+06
1.01691e+06
1.01432e+06
1.00995e+06
1.01021e+06
1.03176e+06
1.01244e+06
1.04456e+06
1.03847e+06
1.03094e+06
1.02664e+06
1.02315e+06
1.01955e+06
1.02282e+06
1.02328e+06
1.07506e+06
1.13134e+06
1.05513e+06
1.04872e+06
1.03912e+06
1.03497e+06
1.03517e+06
1.03962e+06
1.04896e+06
1.08246e+06
1.27377e+06
1.22757e+06
1.06938e+06
1.06629e+06
1.05762e+06
1.05299e+06
1.05771e+06
1.05922e+06
1.085e+06
1.14065e+06
1.56071e+06
1.74526e+06
1.09212e+06
1.08704e+06
1.07519e+06
1.07103e+06
1.08187e+06
1.11295e+06
1.20123e+06
1.3815e+06
2.34129e+06
2.11326e+06
1.12159e+06
1.11431e+06
1.10774e+06
1.11417e+06
1.14626e+06
1.16192e+06
1.28739e+06
1.58668e+06
3.29479e+06
3.14194e+06
1.15196e+06
1.15972e+06
1.14341e+06
1.14339e+06
1.19453e+06
1.25993e+06
1.46785e+06
1.91824e+06
5.57367e+06
3.71153e+06
1.19063e+06
1.20466e+06
1.2001e+06
1.21836e+06
1.31411e+06
1.44098e+06
1.77485e+06
2.40738e+06
6.42744e+06
4.33089e+06
1.23585e+06
1.23552e+06
1.25131e+06
1.26709e+06
1.36954e+06
1.51574e+06
2.11326e+06
3.08472e+06
8.06366e+06
4.7531e+06
1.30505e+06
1.29904e+06
1.29253e+06
1.33068e+06
1.50047e+06
1.70422e+06
2.30818e+06
3.8249e+06
8.79211e+06
4.83916e+06
1.01066e+06
1.01236e+06
1.01434e+06
1.01625e+06
1.01844e+06
1.0206e+06
1.023e+06
1.02518e+06
1.02708e+06
1.02907e+06
1.01102e+06
1.01271e+06
1.0146e+06
1.01639e+06
1.01837e+06
1.0203e+06
1.02246e+06
1.02442e+06
1.02614e+06
1.02803e+06
1.01133e+06
1.01262e+06
1.01432e+06
1.01577e+06
1.01763e+06
1.01942e+06
1.02115e+06
1.02289e+06
1.02375e+06
1.02485e+06
1.01214e+06
1.01317e+06
1.0142e+06
1.01535e+06
1.01646e+06
1.01785e+06
1.01921e+06
1.02002e+06
1.02132e+06
1.02188e+06
1.01282e+06
1.01346e+06
1.01426e+06
1.01465e+06
1.01534e+06
1.01585e+06
1.01728e+06
1.01727e+06
1.01681e+06
1.01535e+06
1.01477e+06
1.0148e+06
1.01478e+06
1.01457e+06
1.01439e+06
1.01386e+06
1.01331e+06
1.01351e+06
1.01301e+06
1.01115e+06
1.01582e+06
1.01553e+06
1.01517e+06
1.01437e+06
1.01342e+06
1.01262e+06
1.01125e+06
1.0088e+06
1.00743e+06
1.00341e+06
1.01884e+06
1.01758e+06
1.01638e+06
1.01468e+06
1.01257e+06
1.01006e+06
1.00814e+06
1.00597e+06
1.00281e+06
998377
1.02104e+06
1.01895e+06
1.01765e+06
1.01529e+06
1.01291e+06
1.00946e+06
1.00596e+06
1.00163e+06
999965
989331
1.02686e+06
1.02186e+06
1.0197e+06
1.01678e+06
1.01421e+06
1.01026e+06
1.00663e+06
1.00177e+06
999587
1.00423e+06
8182.94
16358.6
32704.6
40875.8
57228.3
65395.3
81743.1
89911.6
106255
114423
130763
138927
155259
163418
179742
187893
204209
212353
228660
236799
253093
261225
277506
285628
301895
310009
326255
334357
350581
358668
374865
382936
399101
407155
423282
431316
447401
455410
471450
479430
495416
503363
519286
527192
543043
550908
566670
574483
590150
597903
613457
621153
636562
644192
659444
666998
682070
689533
704408
711756
726418
733627
748054
755109
769260
776156
789980
796709
810152
816699
829716
836049
848617
854707
866772
872593
884117
889632
900569
905748
916046
920879
930471
934957
943796
947894
955991
959647
967005
970230
976805
979651
985324
987985
992758
995307
999329
1.00187e+06
1.00537e+06
1.00806e+06
8188.59
16369
32727.7
40904.6
57267.4
65440.1
81800.4
89971.7
106329
114498
130854
139020
155367
163529
179866
188022
204349
212504
228816
236966
253267
261408
277698
285830
302103
310224
326479
334587
350819
358913
375119
383194
399371
407432
423568
431612
447706
455725
471773
479764
495755
503718
519641
527569
543417
551296
567071
574891
590575
598337
613902
621596
637034
644652
659939
667485
682579
690034
704936
712285
726955
734185
748597
755675
769825
776724
790563
797275
810756
817264
830344
836628
849255
855297
867417
873181
884777
890220
901244
906353
916730
921483
931171
935574
944483
948547
956650
960344
967641
970925
977439
980308
985996
988624
993404
995936
999911
1.00246e+06
1.00583e+06
1.00854e+06
8199.35
16390.2
32772.1
40959.6
57344.7
65528.2
81910.8
90093.6
106473
114653
131031
139209
155578
163752
180110
188279
204626
212790
229127
237285
253612
261762
278079
286220
302521
310653
326933
335054
351310
359416
375647
383738
399936
408007
424172
432220
448343
456367
472442
480438
496458
504421
520378
528305
544188
552070
567869
575699
591401
599173
614760
622464
637925
645550
660864
668402
683540
690992
705920
713283
727966
735215
749643
756747
770899
777829
791676
798410
811907
818431
831529
837824
850473
856519
868666
874444
886033
891513
902513
907640
918027
922798
932488
936886
945844
949870
957990
961689
968932
972360
978655
981849
987200
990187
994617
997430
1.00105e+06
1.00374e+06
1.00673e+06
1.00937e+06
8215.85
16422.6
32838.5
41043.5
57460.7
65663
82075.1
90276.3
106685
114885
131293
139490
155892
164083
180476
188661
205042
213220
229591
237762
254123
262290
278637
286797
303128
311281
327590
335734
352018
360149
376406
384519
400744
408839
425026
433100
449244
457296
473390
481413
497454
505443
521423
529373
545280
553186
569006
576861
592584
600379
615988
623720
639193
646857
662169
669758
684892
692386
707330
714710
729436
736688
751166
758272
772467
779410
793285
800047
813559
820101
833242
839537
852224
858302
870359
876385
887638
893613
904033
909886
919489
925129
933932
939299
947259
952375
959384
964272
970320
974938
980048
984351
988605
992558
996067
999635
1.00249e+06
1.00569e+06
1.00798e+06
1.01084e+06
8237.89
16464.5
32926
41152.7
57612.2
65837.9
82295.2
90518.4
106972
115195
131646
139864
156310
164524
180961
189172
205599
213801
230216
238411
254814
263003
279390
287572
303946
312119
328475
336637
352969
361119
377423
385559
401828
409946
426178
434275
450466
458539
474680
482724
498814
506826
522850
530829
546774
554711
570570
578457
594215
602039
617688
625441
640959
648633
664002
671593
686782
694285
709268
716664
731432
738698
753214
760343
774571
781532
795463
802229
815797
822371
835518
841869
854568
860645
872876
878647
890347
895814
906895
912053
922458
927281
936975
941423
950380
954420
962574
966257
973467
976939
983115
986420
991539
994707
998752
1.00181e+06
1.00477e+06
1.00772e+06
1.00954e+06
1.01237e+06
8260.81
16520.1
33030.8
41287.3
57799.1
66053.8
82563.1
90814.3
107322
115572
132074
140323
156823
165069
181564
189801
206280
214510
230973
239195
255648
263864
280303
288514
304941
313145
329552
337745
354131
362309
378667
386827
403153
411293
427583
435700
451948
460041
476242
484308
500459
508491
524580
532575
548591
556543
572470
580371
596196
604040
619745
627525
643091
650799
666205
673833
689060
696595
711627
719052
733863
741164
755723
762883
777157
784156
798105
804925
818504
825125
838291
844685
857394
863537
875726
881594
893232
898788
909839
915054
925457
930313
940008
944480
953385
957550
965526
969518
976445
980284
986099
989823
994481
998174
1.00164e+06
1.00522e+06
1.00762e+06
1.0109e+06
1.01228e+06
1.015e+06
8283.2
16590.3
33144.7
41461.6
58004.8
66325
82864.1
91182.4
107719
116036
132562
140885
157406
165722
182244
190543
207060
215343
231857
240122
256635
264888
281393
289638
306130
314366
330840
339066
355518
363730
380153
388348
404737
412914
429265
437420
453729
461857
478120
486219
502427
510496
526638
534669
550741
558727
574713
582650
598536
606415
622185
629996
645635
653370
668856
676502
691821
699360
714493
721920
736826
744121
758777
765941
780292
787299
801326
808142
821810
828426
841664
848050
860791
867035
879096
885249
896554
902593
913096
919001
928644
934396
943091
948744
956376
961961
968461
973926
979398
984560
989080
993873
997452
1.0018e+06
1.00451e+06
1.00822e+06
1.01011e+06
1.01309e+06
1.01412e+06
1.01655e+06
8009.32
16979.2
32898.2
42061.2
57780.8
67135.4
82656.2
92215
107517
117277
132391
142295
157309
167265
182249
192193
207220
217061
232215
241872
257191
266646
282165
291378
307120
316095
332039
340790
356923
365466
381747
390125
406500
414761
431169
439365
455748
463914
480246
488382
504657
512762
528965
537037
553163
561191
577237
585211
601168
609084
624929
632782
648497
656276
671843
679537
694931
702527
717721
725205
740168
747525
762229
769435
783852
790883
804979
811816
825544
832174
845464
851916
864591
871032
882944
889353
900448
906786
917057
923247
932699
938684
947258
953101
960627
966430
972755
978582
983746
989385
993723
998755
1.00256e+06
1.00682e+06
1.00999e+06
1.01356e+06
1.01589e+06
1.01842e+06
1.01941e+06
1.02071e+06
7710.54
17402.5
32742.3
42590.2
57752.8
67793.5
82738.4
93007.5
107717
118211
132705
143380
157711
168513
182730
193607
207777
218650
232840
243645
257892
268586
282949
293484
307997
318348
333037
343175
358060
367968
383042
392725
407968
417441
432816
442119
457575
466753
482236
491332
506794
515837
531246
540248
555588
564546
579805
588705
603878
612703
627782
636517
651486
660118
674954
683479
698156
706564
721048
729338
743590
751761
765737
773785
787429
795369
808604
816457
829188
836984
849110
856874
868317
876031
886763
894332
904382
911689
921091
928033
936788
943308
951355
957473
964684
970481
976700
982232
987408
992630
996990
1.00167e+06
1.0054e+06
1.00947e+06
1.01248e+06
1.01597e+06
1.01825e+06
1.02101e+06
1.02186e+06
1.02471e+06
8303.31
16934.4
33540.5
42172.5
58767.8
67420.9
83976
92673.6
109186
117918
134393
143159
159578
168381
184751
193587
209926
218770
235082
243931
260231
269055
285370
294157
310490
319231
335600
344275
360687
369283
385735
394244
410733
419158
435671
444022
460539
468827
485326
493567
510022
518225
534617
542784
559101
567225
583454
591529
607657
615677
631686
639642
655520
663403
679132
686929
702490
710187
725555
733138
748282
755740
770623
777940
792527
799681
813933
820900
834763
841558
854935
861581
874408
880870
893106
899358
910941
916982
927817
933667
943668
949335
958444
963931
972068
977390
984452
989622
995553
1.00049e+06
1.00523e+06
1.00983e+06
1.0133e+06
1.01752e+06
1.01965e+06
1.02324e+06
1.02451e+06
1.02686e+06
1.02755e+06
1.03166e+06
7686.24
17628.5
33032.9
42896.4
58384.3
68161.1
83728.7
93416.3
109062
118669
134390
143929
159690
169193
184963
194469
210205
219759
235419
245048
260597
270310
285740
295544
310873
320746
336001
345907
361116
371016
386211
396069
411268
421067
436267
446008
461192
470887
486034
495694
510790
520409
535458
545011
560024
569484
584465
593818
608750
618012
632822
642086
656622
666028
680118
689794
703308
713290
726214
736415
748854
759072
771208
781207
793196
802817
814692
823920
835557
844511
855689
864525
875039
883844
893596
902308
911366
919804
928294
936302
944234
951802
959040
966279
972695
979642
985235
991776
996677
1.00257e+06
1.00695e+06
1.01193e+06
1.01594e+06
1.01979e+06
1.0236e+06
1.02578e+06
1.02985e+06
1.03095e+06
1.03317e+06
1.03318e+06
4538.08
20778.3
29845.4
46080
55158.7
71377.8
80472
96670.2
105778
121959
131076
147238
156365
172506
181636
197762
206892
223013
232135
248257
257360
273484
282558
298694
307741
323885
332900
349041
358025
374153
383114
399222
408165
424241
433167
449203
458112
474101
482991
498925
507791
523668
532499
548314
557099
572845
581572
597242
605904
621484
630073
645550
654051
669420
677805
693070
701299
716464
724504
739555
747391
762288
769927
784602
792060
806449
813724
827778
834839
848533
855334
868639
875135
888008
894177
906523
912378
924127
929644
940752
945897
956330
961089
970710
975207
983790
988244
995603
1.00007e+06
1.00615e+06
1.01064e+06
1.01546e+06
1.02e+06
1.02339e+06
1.02791e+06
1.03004e+06
1.03445e+06
1.03613e+06
1.04018e+06
1.03847e+06
4225.33
21092.4
29527.9
46397.5
54829.4
71703.4
80137.7
96998.2
105436
122287
130726
147576
156004
172848
181273
198111
206525
223353
231763
248585
256990
273799
282197
298999
307394
324188
332577
349358
357734
374489
382849
399572
407916
424602
432924
449573
457873
474480
482757
499318
507569
524077
532300
548749
556938
573312
581462
597741
605871
621999
630130
646078
654189
669977
678003
693677
701549
717132
724826
740262
747842
763030
770482
785417
792730
807349
814509
828715
835868
849447
856621
869558
876674
888975
895968
907630
914467
925365
932203
941989
949133
957522
964981
972121
979523
985774
992681
998317
1.00467e+06
1.00937e+06
1.01555e+06
1.01907e+06
1.02503e+06
1.02765e+06
1.03306e+06
1.03537e+06
1.03952e+06
1.0415e+06
1.04663e+06
1.04511e+06
5849.39
19457.4
31201.5
44715.6
56547.6
69974.7
81900
95215
107245
120433
132592
145645
157938
170846
183259
196056
208531
221288
233760
246562
258940
271864
284067
297194
309146
322531
334190
347848
359210
373123
384211
398333
409190
423464
434145
448503
459069
473445
483953
498295
508781
523059
533536
547732
558218
572271
582860
596596
607500
620647
632101
644480
656495
668215
680531
691953
704053
715726
727080
739330
749815
762469
772436
784953
794985
806683
817367
827810
839116
848696
859884
869332
879772
889345
899041
908358
917820
926189
936080
942951
953295
959049
969130
974329
983765
988556
997193
1.00161e+06
1.0095e+06
1.01335e+06
1.02062e+06
1.02388e+06
1.0305e+06
1.03325e+06
1.03898e+06
1.04132e+06
1.04594e+06
1.04817e+06
1.05409e+06
1.0527e+06
8259.02
17052.1
33563.6
42357.4
58867.5
67661
84157.7
92954.8
109446
118234
134740
143516
160026
168798
185292
194069
210545
219336
235779
244596
260993
269859
286190
295112
311355
320346
336484
345552
361582
370729
386645
395867
411670
420958
436650
445995
461578
470971
486448
495881
511252
520723
535983
545481
560639
570123
585227
594610
609742
618910
634159
643014
658422
666946
682450
690735
706167
714386
729530
737847
752561
760985
775321
783665
797830
805825
819986
827494
841632
848702
862632
869446
882906
889545
902500
908892
921347
927380
939355
945023
956394
961729
972441
977435
987431
992059
1.00131e+06
1.00554e+06
1.01402e+06
1.01787e+06
1.02555e+06
1.02897e+06
1.0359e+06
1.039e+06
1.04551e+06
1.04818e+06
1.05373e+06
1.05627e+06
1.0631e+06
1.06173e+06
8413.51
16895.2
33712.3
42198.9
59016.2
67494.5
84310.5
92771.3
109612
118045
134900
143329
160174
168604
185435
193870
210701
219131
235954
244369
261193
269605
286421
294827
311627
320024
336805
345189
361953
370330
387068
395439
412141
420512
437159
445544
462114
470531
487002
495465
511825
520332
536586
545110
561283
569778
585902
594324
610401
618759
634717
643109
658780
667381
682557
691520
706101
715388
729514
738835
752840
761809
775984
784370
798756
806646
820938
828703
842425
850419
863290
871525
883709
891764
903727
911061
923132
929626
941577
947531
959000
964659
975406
980802
990868
995815
1.00525e+06
1.00989e+06
1.01836e+06
1.02272e+06
1.0307e+06
1.0343e+06
1.04168e+06
1.0451e+06
1.05196e+06
1.05496e+06
1.06117e+06
1.0642e+06
1.07226e+06
1.07144e+06
8124.13
17180
33452.4
42450.7
58781
67717.5
84097.4
92990.5
109388
118299
134640
143620
159847
168964
185025
194345
210167
219740
235269
245130
260353
270507
285434
295844
310515
321134
335604
346381
360695
371586
385775
396741
410835
421831
435883
446835
460940
471727
486012
496497
511083
521164
536110
545742
561063
570231
585904
594636
610591
618966
635070
643244
659283
667480
683192
691656
706791
715691
730165
739391
753465
762578
776689
785325
799564
807811
821827
830186
843272
852433
863989
874106
884389
894770
904483
914506
924113
933249
943232
950912
961597
967905
978527
984537
994067
1.00032e+06
1.00876e+06
1.01471e+06
1.02262e+06
1.02789e+06
1.0354e+06
1.04002e+06
1.04741e+06
1.0511e+06
1.0585e+06
1.06183e+06
1.06878e+06
1.07232e+06
1.08188e+06
1.08194e+06
7063.46
18238.9
32393
43479.7
57753.3
68694.1
83116.9
93918.6
108464
119163
133764
144443
158991
169777
184164
195168
209281
220581
234354
245988
259418
271375
284496
296724
309590
322031
334692
347305
359783
372548
384843
397757
409866
422919
434862
448011
459855
473000
484867
497851
509917
522532
535016
547025
560143
571358
585199
595644
610043
619944
634628
644249
658947
668502
683041
692618
706944
716538
730628
740272
753995
763859
776938
787267
799455
810351
821644
832960
843491
855026
864938
876430
886004
897012
906725
916638
927029
935415
946483
953784
964644
971785
981598
988978
997838
1.00479e+06
1.0134e+06
1.01951e+06
1.02777e+06
1.03336e+06
1.0411e+06
1.04614e+06
1.05356e+06
1.05781e+06
1.06542e+06
1.06905e+06
1.07655e+06
1.08046e+06
1.09065e+06
1.0927e+06
6510.73
18792.5
31794.2
44058.7
57125
69276.5
82494.4
94465.7
107892
119642
133264
144835
158585
170088
183844
195396
209036
220756
234187
246127
259323
271476
284457
296791
309596
322065
334730
347307
359840
372533
384911
397752
409933
422958
434912
448125
459867
473212
484829
498170
509826
522957
534884
547538
560000
571929
585089
596236
609990
620580
634591
645027
658820
669548
682779
693921
706662
717975
730534
741602
754395
764837
778040
787842
801146
810828
823562
833694
845405
856108
866987
877725
888343
898479
909480
918235
930242
937301
949950
956216
968400
974564
985946
991990
1.00283e+06
1.0083e+06
1.01869e+06
1.02384e+06
1.03345e+06
1.03827e+06
1.04731e+06
1.05194e+06
1.06028e+06
1.06436e+06
1.07242e+06
1.07648e+06
1.08506e+06
1.0894e+06
1.09955e+06
1.10256e+06
6927.31
18376.2
32181.7
43658.9
57489.6
68892.5
82843.3
94096.3
108222
119287
133581
144491
158881
169754
184120
195079
209318
220458
234482
245828
259644
271140
284838
296378
310075
321540
335344
346657
360595
371775
385771
396938
410841
422143
435823
447343
460772
472458
485750
497424
510787
522216
535874
546849
560967
571360
585993
595819
610853
620304
635445
644864
659725
669448
683781
693877
707788
717953
731848
741597
755871
764954
779599
788182
802832
811367
825439
834443
847542
857023
869465
878759
891253
899646
912679
919976
933213
940055
952794
959511
971765
978064
990030
995954
1.00713e+06
1.01319e+06
1.02342e+06
1.02902e+06
1.03921e+06
1.04395e+06
1.05341e+06
1.05805e+06
1.06712e+06
1.07179e+06
1.08047e+06
1.08481e+06
1.09351e+06
1.09836e+06
1.10901e+06
1.1141e+06
7470.5
17825.3
32764.9
43071.9
58093.7
68293.4
83440
93515
108774
118752
134069
144022
159306
169350
184503
194707
209680
220058
234865
245365
260091
270590
285389
295721
310756
320775
336157
345793
361528
370829
386806
395920
411977
421051
437060
446187
462091
471281
487094
496296
512084
521212
537059
546031
561992
570781
586834
595504
611530
620222
636065
644890
660468
669431
684793
693763
709074
717850
733269
741725
757262
765429
780956
788995
804231
812437
827056
835661
849465
858458
871638
880514
893625
901869
915131
922772
935915
943139
956094
962806
975571
981960
994044
1.00062e+06
1.01164e+06
1.01821e+06
1.02891e+06
1.03449e+06
1.04526e+06
1.05015e+06
1.06019e+06
1.06502e+06
1.07456e+06
1.07926e+06
1.08872e+06
1.09336e+06
1.10264e+06
1.10771e+06
1.11787e+06
1.12507e+06
7676.42
17617.3
32964.7
42885.2
58265.9
68145.6
83559.2
93423.7
108819
118734
134030
144080
159210
169465
184368
194843
209532
220187
234734
245465
259995
270656
285331
295759
310718
320800
336111
345826
361460
370882
386730
395978
411938
421095
437085
446210
462184
471306
487230
496363
512224
521368
537168
546303
562065
571164
586902
595966
611635
620745
636209
645517
660620
670207
684947
694702
709273
718913
733610
742861
757799
766646
781721
790308
805238
813898
828292
837297
851016
860184
873641
882313
896086
903892
917886
925278
938803
946373
958922
966901
978599
986480
997857
1.00524e+06
1.01646e+06
1.02316e+06
1.03433e+06
1.04039e+06
1.05108e+06
1.05674e+06
1.06712e+06
1.07218e+06
1.0823e+06
1.08719e+06
1.09742e+06
1.10239e+06
1.11215e+06
1.11776e+06
1.12677e+06
1.13509e+06
7603.16
17688.9
32879.6
42974.8
58157.7
68267.5
83411.4
93586.6
108631
118934
133805
144318
158956
169715
184108
195094
209282
220419
234502
245678
259778
270865
285102
295995
310442
321102
335762
346220
361029
371366
386247
396494
411474
421563
436723
446571
461979
471537
487199
496476
512354
521404
537416
546323
562375
571241
587208
596173
611890
621138
636400
646098
660795
670930
685168
695528
709630
719773
734198
743697
758667
767512
782797
791315
806429
815182
829561
838932
852413
862132
875302
884530
898056
906399
920234
928149
941515
949642
962178
970504
982448
990652
1.00206e+06
1.01023e+06
1.02102e+06
1.02896e+06
1.03937e+06
1.04668e+06
1.05738e+06
1.06329e+06
1.07397e+06
1.0792e+06
1.08976e+06
1.09497e+06
1.10508e+06
1.11149e+06
1.1201e+06
1.12758e+06
1.13676e+06
1.14474e+06
7330.66
17961.6
32571.2
43287.7
57804.8
68621.8
83023.9
93974.7
108226
119324
133416
144688
158622
170026
183850
195319
209113
220553
234413
245734
259744
270877
285085
296012
310405
321163
335680
346350
360890
371565
386075
396758
411275
421874
436545
446873
461878
471776
487212
496653
512449
521572
537542
546562
562457
571633
587191
596778
611776
621918
636298
646962
660783
671825
685305
696442
709907
720767
734594
744800
759218
768729
783547
792643
807465
816574
830973
840372
854234
863794
877273
886771
900036
909294
922270
931591
943902
953412
965149
974562
985998
995120
1.0063e+06
1.01519e+06
1.02602e+06
1.03451e+06
1.0454e+06
1.05283e+06
1.06405e+06
1.07043e+06
1.08174e+06
1.08769e+06
1.09813e+06
1.10485e+06
1.11456e+06
1.12168e+06
1.13127e+06
1.13768e+06
1.14796e+06
1.15704e+06
7341.76
17946.1
32589.9
43277.2
57813.1
68624.2
83015.8
93987.4
108207
119353
133400
144709
158617
170024
183863
195290
209150
220505
234471
245679
259808
270831
285133
295990
310419
321184
335642
346425
360805
371692
385944
396945
411103
422133
436323
447214
461598
472209
486871
497191
512060
522224
537109
547345
562008
572515
586806
597676
611550
622785
636270
647775
660981
672583
685720
697176
710510
721580
735263
745863
759835
770115
784172
794316
808184
818456
831956
842431
855528
866117
878802
889527
901642
912612
924129
935223
946433
957157
968531
978454
990197
999403
1.01124e+06
1.01977e+06
1.03182e+06
1.03956e+06
1.05144e+06
1.0587e+06
1.07025e+06
1.07761e+06
1.0879e+06
1.09529e+06
1.10498e+06
1.11198e+06
1.12203e+06
1.12862e+06
1.13935e+06
1.14665e+06
1.1558e+06
1.16647e+06
7087.48
18194.9
32365.4
43489.4
57618.7
68801.3
82854.8
94125.5
108071
119456
133293
144773
158537
170059
183809
195303
209110
220507
234439
245681
259775
270845
285097
296023
310381
321227
335614
346458
360802
371702
385971
396938
411148
422143
436357
447277
461597
472350
486821
497431
511962
522573
536996
547781
561927
572990
586819
598158
611697
623255
636568
648234
661422
673056
686270
697722
711158
722244
736045
746606
760800
770999
785298
795403
809444
819870
833336
844209
857152
868256
880751
892004
904073
915373
926987
938226
949797
960532
972381
982476
994357
1.00423e+06
1.01595e+06
1.02547e+06
1.03738e+06
1.04603e+06
1.05832e+06
1.06645e+06
1.07731e+06
1.08669e+06
1.09618e+06
1.10518e+06
1.11505e+06
1.12275e+06
1.13275e+06
1.13972e+06
1.14893e+06
1.15815e+06
1.16626e+06
1.17724e+06
6700.57
18578.5
31986.8
43863.5
57245.5
69164.8
82492.8
94465.4
107731
119759
132991
145031
158281
170267
183606
195457
208961
220613
234333
245754
259697
270901
285030
296079
310315
321286
335554
346512
360754
371752
385943
396974
411127
422195
436360
447379
461600
472534
486785
497713
511889
522944
536909
548204
561894
573423
586880
598603
611859
623718
636862
648719
661835
673544
686739
698231
711764
722834
736810
747337
761707
771963
786305
796670
810402
821208
834440
845521
858619
869430
882826
893230
906829
916839
930318
940113
953783
963175
976393
986050
998629
1.00837e+06
1.02074e+06
1.03024e+06
1.04294e+06
1.05185e+06
1.06384e+06
1.07302e+06
1.08413e+06
1.09406e+06
1.10406e+06
1.11311e+06
1.12329e+06
1.13154e+06
1.14311e+06
1.15248e+06
1.16163e+06
1.17139e+06
1.17887e+06
1.1891e+06
6411.88
18865.3
31684.3
44156.5
56939
69455.6
82189.6
94749.2
107452
120021
132748
145261
158075
170458
183431
195613
208808
220760
234178
245908
259521
271078
284830
296285
310083
321525
335294
346766
360487
372026
385680
397258
410881
422467
436103
447679
461301
472936
486408
498245
511432
523589
536432
548912
561427
574147
586497
599285
611580
624333
636716
649256
661848
673982
686849
698676
712028
723394
737018
748100
761713
773086
786236
797964
810683
822579
835051
846727
859531
870599
883989
894415
908296
918205
932030
941842
955374
965378
977951
988355
1.00017e+06
1.01082e+06
1.0229e+06
1.03342e+06
1.04517e+06
1.05588e+06
1.0676e+06
1.07788e+06
1.08974e+06
1.09946e+06
1.11013e+06
1.11988e+06
1.13007e+06
1.13928e+06
1.15006e+06
1.16199e+06
1.17205e+06
1.18418e+06
1.19271e+06
1.20474e+06
6288.91
18983.1
31585.5
44234.5
56877.2
69480.3
82172.9
94717.2
107486
119944
132824
145154
158170
170343
183512
195532
208841
220740
234131
245977
259381
271247
284587
296539
309766
321834
334950
347113
360166
372376
385393
397610
410643
422839
435856
448113
460988
473479
486020
498890
511035
524263
536119
549529
561278
574682
586492
599740
611763
624699
637069
649559
662329
674313
687446
699178
712599
724212
737421
749256
762022
774310
786707
799011
811533
823488
836376
847858
861325
872091
885891
896314
910151
920446
933973
944387
957232
968384
980033
991365
1.00304e+06
1.01466e+06
1.02543e+06
1.03708e+06
1.0482e+06
1.05941e+06
1.07129e+06
1.08176e+06
1.09337e+06
1.10315e+06
1.1134e+06
1.1237e+06
1.13368e+06
1.14402e+06
1.15354e+06
1.16571e+06
1.17536e+06
1.18864e+06
1.19731e+06
1.21067e+06
6257.01
19011.9
31555.8
44252.7
56848.9
69493.8
82137.6
94739.8
107426
119994
132707
145255
157979
170529
183231
195821
208464
221128
233671
246456
258858
271797
284036
297137
309226
322452
334436
347752
359673
373021
384927
398281
410182
423549
435411
448846
460583
474163
485723
499488
510893
524767
536119
549983
561389
575137
586699
600230
612050
625283
637412
650326
662716
675354
687959
700440
713083
725630
738090
750833
763083
775935
788233
800796
813426
825678
838642
850728
863827
875664
888619
900722
913069
925612
937607
950429
961617
975115
985741
999310
1.00995e+06
1.02376e+06
1.03348e+06
1.04739e+06
1.05784e+06
1.07075e+06
1.08161e+06
1.09373e+06
1.10413e+06
1.11625e+06
1.12495e+06
1.13733e+06
1.14587e+06
1.1589e+06
1.16641e+06
1.17933e+06
1.18755e+06
1.20128e+06
1.21008e+06
1.22399e+06
1.03982e+06
1.04587e+06
1.05533e+06
1.06782e+06
1.08603e+06
1.10533e+06
1.12942e+06
1.15488e+06
1.1957e+06
1.25257e+06
1.04661e+06
1.05463e+06
1.06809e+06
1.08247e+06
1.10123e+06
1.11962e+06
1.1423e+06
1.17124e+06
1.20629e+06
1.24191e+06
1.055e+06
1.06306e+06
1.07807e+06
1.08933e+06
1.1086e+06
1.12507e+06
1.14714e+06
1.17444e+06
1.20396e+06
1.22449e+06
1.06223e+06
1.07361e+06
1.08587e+06
1.10036e+06
1.11827e+06
1.13286e+06
1.15817e+06
1.17914e+06
1.20695e+06
1.22442e+06
1.07181e+06
1.08427e+06
1.09545e+06
1.11301e+06
1.12542e+06
1.14461e+06
1.16532e+06
1.18775e+06
1.20607e+06
1.23259e+06
1.0815e+06
1.09526e+06
1.10591e+06
1.12297e+06
1.13434e+06
1.15566e+06
1.17069e+06
1.1937e+06
1.20816e+06
1.23658e+06
1.09191e+06
1.1062e+06
1.116e+06
1.13368e+06
1.14425e+06
1.1647e+06
1.17647e+06
1.19952e+06
1.21237e+06
1.23832e+06
1.10227e+06
1.11687e+06
1.1259e+06
1.1433e+06
1.15338e+06
1.17287e+06
1.18393e+06
1.20585e+06
1.21775e+06
1.24184e+06
1.11233e+06
1.12778e+06
1.1365e+06
1.15302e+06
1.16235e+06
1.18034e+06
1.19062e+06
1.21096e+06
1.22208e+06
1.24443e+06
1.12387e+06
1.13804e+06
1.14596e+06
1.16106e+06
1.16985e+06
1.18683e+06
1.19674e+06
1.2159e+06
1.22661e+06
1.2474e+06
1.13397e+06
1.14745e+06
1.15516e+06
1.1698e+06
1.17856e+06
1.19478e+06
1.20518e+06
1.22259e+06
1.23406e+06
1.25338e+06
1.14404e+06
1.15785e+06
1.16572e+06
1.18032e+06
1.18901e+06
1.20414e+06
1.21367e+06
1.22991e+06
1.23931e+06
1.25772e+06
1.15334e+06
1.16684e+06
1.17463e+06
1.1893e+06
1.19762e+06
1.21314e+06
1.22152e+06
1.23761e+06
1.24609e+06
1.26278e+06
1.16543e+06
1.17875e+06
1.18607e+06
1.20013e+06
1.2077e+06
1.22227e+06
1.23011e+06
1.24514e+06
1.25321e+06
1.2688e+06
1.1747e+06
1.18856e+06
1.19611e+06
1.21072e+06
1.21872e+06
1.2332e+06
1.24121e+06
1.25516e+06
1.26281e+06
1.27701e+06
1.18488e+06
1.19749e+06
1.20421e+06
1.21739e+06
1.22484e+06
1.23798e+06
1.24575e+06
1.25932e+06
1.26663e+06
1.28118e+06
1.19659e+06
1.20864e+06
1.21556e+06
1.22743e+06
1.23398e+06
1.24575e+06
1.25223e+06
1.26452e+06
1.27113e+06
1.28437e+06
1.21277e+06
1.22467e+06
1.23206e+06
1.24411e+06
1.25142e+06
1.26325e+06
1.26963e+06
1.28128e+06
1.28727e+06
1.29885e+06
1.21833e+06
1.22981e+06
1.23681e+06
1.24855e+06
1.25568e+06
1.26797e+06
1.27464e+06
1.28721e+06
1.29341e+06
1.30576e+06
1.23206e+06
1.24318e+06
1.24997e+06
1.26105e+06
1.26776e+06
1.27937e+06
1.28612e+06
1.29746e+06
1.30414e+06
1.31574e+06
)
;

boundaryField
{
    down
    {
        type            symmetryPlane;
    }
    right
    {
        type            zeroGradient;
    }
    up
    {
        type            zeroGradient;
    }
    left
    {
        type            fixedValue;
        value           uniform 1;
    }
    cylinder
    {
        type            zeroGradient;
    }
    defaultFaces
    {
        type            empty;
    }
}


// ************************************************************************* //
