/*--------------------------------*- C++ -*----------------------------------*\
  =========                 |
  \\      /  F ield         | OpenFOAM: The Open Source CFD Toolbox
   \\    /   O peration     | Website:  https://openfoam.org
    \\  /    A nd           | Version:  8
     \\/     M anipulation  |
\*---------------------------------------------------------------------------*/
FoamFile
{
    version     2.0;
    format      ascii;
    class       volScalarField;
    location    "0.4";
    object      N;
}
// * * * * * * * * * * * * * * * * * * * * * * * * * * * * * * * * * * * * * //

dimensions      [0 -3 0 0 0 0 0];

internalField   nonuniform List<scalar> 
800
(
791347.32
791343.11
791345.14
791344.89
791345.09
791345.06
791345.08
791345.09
791345.09
791345.09
791345.09
791345.09
791345.09
791345.08
791345.06
791345.09
791344.89
791345.14
791343.11
791347.32
0.099998929
0.099998929
0.099998929
0.099998929
0.099998929
0.099998929
0.099998929
0.099998929
0.099998929
0.099998929
0.099998929
0.099998929
0.099998929
0.099998929
0.099998929
0.099998929
0.099998929
0.099998929
0.099998929
0.099998929
0.099999384
0.099999383
0.099999384
0.099999383
0.099999384
0.099999383
0.099999384
0.099999383
0.099999383
0.099999383
0.099999383
0.099999383
0.099999383
0.099999384
0.099999383
0.099999384
0.099999383
0.099999384
0.099999383
0.099999384
0.099998307
0.099998307
0.099998307
0.099998307
0.099998307
0.099998307
0.099998307
0.099998307
0.099998307
0.099998307
0.099998307
0.099998307
0.099998307
0.099998307
0.099998307
0.099998307
0.099998307
0.099998307
0.099998307
0.099998307
0.10000012
0.10000012
0.10000012
0.10000012
0.10000012
0.10000012
0.10000012
0.10000012
0.10000012
0.10000012
0.10000012
0.10000012
0.10000012
0.10000012
0.10000012
0.10000012
0.10000012
0.10000012
0.10000012
0.10000012
0.099997217
0.099997217
0.099997217
0.099997217
0.099997217
0.099997217
0.099997217
0.099997217
0.099997217
0.099997217
0.099997217
0.099997217
0.099997217
0.099997217
0.099997217
0.099997217
0.099997217
0.099997217
0.099997217
0.099997217
0.10000167
0.10000167
0.10000167
0.10000167
0.10000167
0.10000167
0.10000167
0.10000167
0.10000167
0.10000167
0.10000167
0.10000167
0.10000167
0.10000167
0.10000167
0.10000167
0.10000167
0.10000167
0.10000167
0.10000167
0.099995014
0.099995014
0.099995014
0.099995014
0.099995014
0.099995014
0.099995014
0.099995014
0.099995014
0.099995014
0.099995014
0.099995014
0.099995014
0.099995014
0.099995014
0.099995014
0.099995014
0.099995014
0.099995014
0.099995014
0.10000482
0.10000482
0.10000482
0.10000482
0.10000482
0.10000482
0.10000482
0.10000482
0.10000482
0.10000482
0.10000482
0.10000482
0.10000482
0.10000482
0.10000482
0.10000482
0.10000482
0.10000482
0.10000482
0.10000482
0.099990666
0.099990664
0.099990665
0.099990664
0.099990665
0.099990665
0.099990665
0.099990665
0.099990665
0.099990665
0.099990665
0.099990665
0.099990665
0.099990665
0.099990665
0.099990665
0.099990664
0.099990665
0.099990664
0.099990666
791336.01
791331.74
791333.78
791333.53
791333.73
791333.7
791333.73
791333.73
791333.73
791333.73
791333.73
791333.73
791333.73
791333.73
791333.7
791333.73
791333.53
791333.78
791331.74
791336.01
0.09999893
0.09999893
0.09999893
0.09999893
0.09999893
0.09999893
0.09999893
0.09999893
0.09999893
0.09999893
0.09999893
0.09999893
0.09999893
0.09999893
0.09999893
0.09999893
0.09999893
0.09999893
0.09999893
0.09999893
0.099999383
0.099999383
0.099999383
0.099999383
0.099999383
0.099999383
0.099999383
0.099999383
0.099999383
0.099999383
0.099999383
0.099999383
0.099999383
0.099999383
0.099999383
0.099999383
0.099999383
0.099999383
0.099999383
0.099999383
0.099998307
0.099998307
0.099998307
0.099998307
0.099998307
0.099998307
0.099998307
0.099998307
0.099998307
0.099998307
0.099998307
0.099998307
0.099998307
0.099998307
0.099998307
0.099998307
0.099998307
0.099998307
0.099998307
0.099998307
0.10000012
0.10000012
0.10000012
0.10000012
0.10000012
0.10000012
0.10000012
0.10000012
0.10000012
0.10000012
0.10000012
0.10000012
0.10000012
0.10000012
0.10000012
0.10000012
0.10000012
0.10000012
0.10000012
0.10000012
0.099997217
0.099997217
0.099997217
0.099997217
0.099997217
0.099997217
0.099997217
0.099997217
0.099997217
0.099997217
0.099997217
0.099997217
0.099997217
0.099997217
0.099997217
0.099997217
0.099997217
0.099997217
0.099997217
0.099997217
0.10000167
0.10000167
0.10000167
0.10000167
0.10000167
0.10000167
0.10000167
0.10000167
0.10000167
0.10000167
0.10000167
0.10000167
0.10000167
0.10000167
0.10000167
0.10000167
0.10000167
0.10000167
0.10000167
0.10000167
0.099995014
0.099995014
0.099995014
0.099995014
0.099995014
0.099995014
0.099995014
0.099995014
0.099995014
0.099995014
0.099995014
0.099995014
0.099995014
0.099995014
0.099995014
0.099995014
0.099995014
0.099995014
0.099995014
0.099995014
0.10000482
0.10000482
0.10000482
0.10000482
0.10000482
0.10000482
0.10000482
0.10000482
0.10000482
0.10000482
0.10000482
0.10000482
0.10000482
0.10000482
0.10000482
0.10000482
0.10000482
0.10000482
0.10000482
0.10000482
0.099990665
0.099990663
0.099990665
0.099990664
0.099990665
0.099990664
0.099990664
0.099990664
0.099990664
0.099990664
0.099990664
0.099990664
0.099990664
0.099990664
0.099990664
0.099990665
0.099990664
0.099990665
0.099990663
0.099990665
791336.01
791331.74
791333.78
791333.53
791333.73
791333.7
791333.73
791333.73
791333.73
791333.73
791333.73
791333.73
791333.73
791333.73
791333.7
791333.73
791333.53
791333.78
791331.74
791336.01
0.09999893
0.09999893
0.09999893
0.09999893
0.09999893
0.09999893
0.09999893
0.09999893
0.09999893
0.09999893
0.09999893
0.09999893
0.09999893
0.09999893
0.09999893
0.09999893
0.09999893
0.09999893
0.09999893
0.09999893
0.099999383
0.099999383
0.099999383
0.099999383
0.099999383
0.099999383
0.099999383
0.099999383
0.099999383
0.099999383
0.099999383
0.099999383
0.099999383
0.099999383
0.099999383
0.099999383
0.099999383
0.099999383
0.099999383
0.099999383
0.099998307
0.099998307
0.099998307
0.099998307
0.099998307
0.099998307
0.099998307
0.099998307
0.099998307
0.099998307
0.099998307
0.099998307
0.099998307
0.099998307
0.099998307
0.099998307
0.099998307
0.099998307
0.099998307
0.099998307
0.10000012
0.10000012
0.10000012
0.10000012
0.10000012
0.10000012
0.10000012
0.10000012
0.10000012
0.10000012
0.10000012
0.10000012
0.10000012
0.10000012
0.10000012
0.10000012
0.10000012
0.10000012
0.10000012
0.10000012
0.099997217
0.099997217
0.099997217
0.099997217
0.099997217
0.099997217
0.099997217
0.099997217
0.099997217
0.099997217
0.099997217
0.099997217
0.099997217
0.099997217
0.099997217
0.099997217
0.099997217
0.099997217
0.099997217
0.099997217
0.10000167
0.10000167
0.10000167
0.10000167
0.10000167
0.10000167
0.10000167
0.10000167
0.10000167
0.10000167
0.10000167
0.10000167
0.10000167
0.10000167
0.10000167
0.10000167
0.10000167
0.10000167
0.10000167
0.10000167
0.099995014
0.099995014
0.099995014
0.099995014
0.099995014
0.099995014
0.099995014
0.099995014
0.099995014
0.099995014
0.099995014
0.099995014
0.099995014
0.099995014
0.099995014
0.099995014
0.099995014
0.099995014
0.099995014
0.099995014
0.10000482
0.10000482
0.10000482
0.10000482
0.10000482
0.10000482
0.10000482
0.10000482
0.10000482
0.10000482
0.10000482
0.10000482
0.10000482
0.10000482
0.10000482
0.10000482
0.10000482
0.10000482
0.10000482
0.10000482
0.099990665
0.099990663
0.099990665
0.099990664
0.099990665
0.099990664
0.099990664
0.099990664
0.099990664
0.099990664
0.099990664
0.099990664
0.099990664
0.099990664
0.099990664
0.099990665
0.099990664
0.099990665
0.099990663
0.099990665
791347.32
791343.11
791345.14
791344.89
791345.09
791345.06
791345.08
791345.09
791345.09
791345.09
791345.09
791345.09
791345.09
791345.08
791345.06
791345.09
791344.89
791345.14
791343.11
791347.32
0.099998929
0.099998929
0.099998929
0.099998929
0.099998929
0.099998929
0.099998929
0.099998929
0.099998929
0.099998929
0.099998929
0.099998929
0.099998929
0.099998929
0.099998929
0.099998929
0.099998929
0.099998929
0.099998929
0.099998929
0.099999384
0.099999383
0.099999384
0.099999383
0.099999384
0.099999383
0.099999384
0.099999383
0.099999383
0.099999383
0.099999383
0.099999383
0.099999383
0.099999384
0.099999383
0.099999384
0.099999383
0.099999384
0.099999383
0.099999384
0.099998307
0.099998307
0.099998307
0.099998307
0.099998307
0.099998307
0.099998307
0.099998307
0.099998307
0.099998307
0.099998307
0.099998307
0.099998307
0.099998307
0.099998307
0.099998307
0.099998307
0.099998307
0.099998307
0.099998307
0.10000012
0.10000012
0.10000012
0.10000012
0.10000012
0.10000012
0.10000012
0.10000012
0.10000012
0.10000012
0.10000012
0.10000012
0.10000012
0.10000012
0.10000012
0.10000012
0.10000012
0.10000012
0.10000012
0.10000012
0.099997217
0.099997217
0.099997217
0.099997217
0.099997217
0.099997217
0.099997217
0.099997217
0.099997217
0.099997217
0.099997217
0.099997217
0.099997217
0.099997217
0.099997217
0.099997217
0.099997217
0.099997217
0.099997217
0.099997217
0.10000167
0.10000167
0.10000167
0.10000167
0.10000167
0.10000167
0.10000167
0.10000167
0.10000167
0.10000167
0.10000167
0.10000167
0.10000167
0.10000167
0.10000167
0.10000167
0.10000167
0.10000167
0.10000167
0.10000167
0.099995014
0.099995014
0.099995014
0.099995014
0.099995014
0.099995014
0.099995014
0.099995014
0.099995014
0.099995014
0.099995014
0.099995014
0.099995014
0.099995014
0.099995014
0.099995014
0.099995014
0.099995014
0.099995014
0.099995014
0.10000482
0.10000482
0.10000482
0.10000482
0.10000482
0.10000482
0.10000482
0.10000482
0.10000482
0.10000482
0.10000482
0.10000482
0.10000482
0.10000482
0.10000482
0.10000482
0.10000482
0.10000482
0.10000482
0.10000482
0.099990666
0.099990664
0.099990665
0.099990664
0.099990665
0.099990665
0.099990665
0.099990665
0.099990665
0.099990665
0.099990665
0.099990665
0.099990665
0.099990665
0.099990665
0.099990665
0.099990664
0.099990665
0.099990664
0.099990666
)
;

boundaryField
{
    left
    {
        type            zeroGradient;
    }
    right
    {
        type            zeroGradient;
    }
    walls
    {
        type            zeroGradient;
    }
    centreline
    {
        type            zeroGradient;
    }
    frontAndBack
    {
        type            zeroGradient;
    }
}


// ************************************************************************* //
