/*--------------------------------*- C++ -*----------------------------------*\
  =========                 |
  \\      /  F ield         | OpenFOAM: The Open Source CFD Toolbox
   \\    /   O peration     | Website:  https://openfoam.org
    \\  /    A nd           | Version:  8
     \\/     M anipulation  |
\*---------------------------------------------------------------------------*/
FoamFile
{
    version     2.0;
    format      ascii;
    class       volScalarField;
    location    "2.50002999";
    object      T;
}
// * * * * * * * * * * * * * * * * * * * * * * * * * * * * * * * * * * * * * //

dimensions      [0 0 0 1 0 0 0];

internalField   nonuniform List<scalar> 
6800
(
373.363
373.332
373.328
373.288
373.196
373.095
373.028
372.983
372.96
372.95
373.318
373.332
373.294
373.182
373.063
373
372.96
372.937
372.923
372.908
373.329
373.315
373.196
373.053
372.983
372.937
372.906
372.891
372.881
372.882
373.306
373.228
373.056
372.967
372.904
372.87
372.858
372.859
372.862
372.869
373.225
373.094
372.96
372.87
372.832
372.827
372.831
372.838
372.844
372.852
373.126
372.967
372.835
372.788
372.78
372.787
372.8
372.812
372.825
372.838
373.002
372.821
372.745
372.72
372.731
372.754
372.778
372.797
372.813
372.827
372.879
372.704
372.649
372.658
372.691
372.729
372.756
372.778
372.798
372.816
372.755
372.585
372.583
372.611
372.666
372.707
372.741
372.767
372.789
372.81
372.649
372.506
372.52
372.58
372.643
372.692
372.73
372.76
372.784
372.807
373.437
373.437
373.437
373.435
373.434
373.434
373.434
373.438
373.442
373.447
373.434
373.435
373.434
373.432
373.43
373.429
373.429
373.431
373.436
373.442
373.429
373.43
373.428
373.425
373.421
373.418
373.417
373.419
373.424
373.431
373.423
373.424
373.422
373.417
373.41
373.404
373.4
373.4
373.403
373.413
373.419
373.42
373.416
373.408
373.397
373.385
373.375
373.374
373.375
373.388
373.417
373.418
373.411
373.396
373.374
373.356
373.347
373.345
373.342
373.355
373.417
373.416
373.402
373.371
373.34
373.327
373.322
373.319
373.311
373.307
373.417
373.41
373.381
373.335
373.321
373.314
373.304
373.283
373.261
373.212
373.418
373.404
373.339
373.325
373.316
373.296
373.256
373.202
373.151
373.085
373.41
373.363
373.329
373.32
373.289
373.224
373.142
373.079
373.022
372.993
373.454
373.463
373.47
373.477
373.482
373.485
373.488
373.489
373.489
373.489
373.488
373.486
373.484
373.481
373.478
373.475
373.472
373.468
373.465
373.461
373.457
373.454
373.45
373.447
373.443
373.44
373.436
373.433
373.43
373.427
373.424
373.421
373.418
373.415
373.412
373.409
373.407
373.404
373.402
373.4
373.398
373.396
373.394
373.392
373.39
373.389
373.387
373.385
373.383
373.381
373.379
373.377
373.374
373.372
373.369
373.366
373.363
373.36
373.357
373.354
373.35
373.347
373.344
373.341
373.338
373.335
373.332
373.33
373.327
373.325
373.322
373.32
373.318
373.317
373.315
373.313
373.312
373.311
373.31
373.309
373.307
373.306
373.305
373.304
373.303
373.302
373.3
373.299
373.297
373.295
373.293
373.291
373.289
373.287
373.284
373.281
373.278
373.276
373.272
373.27
373.45
373.46
373.468
373.475
373.481
373.485
373.488
373.49
373.49
373.49
373.489
373.488
373.486
373.483
373.48
373.477
373.473
373.47
373.466
373.462
373.459
373.455
373.452
373.448
373.445
373.441
373.438
373.435
373.432
373.428
373.425
373.422
373.419
373.416
373.414
373.411
373.408
373.406
373.404
373.402
373.399
373.397
373.395
373.394
373.392
373.39
373.388
373.386
373.384
373.382
373.38
373.377
373.375
373.372
373.369
373.366
373.363
373.36
373.357
373.354
373.35
373.347
373.344
373.341
373.338
373.335
373.333
373.33
373.328
373.325
373.323
373.321
373.319
373.317
373.316
373.314
373.313
373.312
373.311
373.309
373.308
373.307
373.306
373.305
373.303
373.302
373.301
373.299
373.297
373.295
373.293
373.291
373.289
373.287
373.284
373.281
373.278
373.276
373.272
373.27
373.44
373.451
373.461
373.47
373.477
373.483
373.487
373.49
373.491
373.491
373.491
373.489
373.487
373.485
373.482
373.479
373.475
373.472
373.468
373.464
373.461
373.457
373.454
373.45
373.447
373.443
373.44
373.437
373.433
373.43
373.427
373.424
373.421
373.418
373.415
373.412
373.41
373.407
373.405
373.403
373.401
373.399
373.396
373.394
373.392
373.39
373.388
373.386
373.384
373.382
373.379
373.377
373.374
373.371
373.368
373.365
373.362
373.359
373.356
373.353
373.35
373.347
373.344
373.341
373.338
373.336
373.333
373.331
373.328
373.326
373.324
373.322
373.32
373.318
373.317
373.315
373.314
373.313
373.311
373.31
373.309
373.308
373.306
373.305
373.304
373.302
373.301
373.299
373.297
373.295
373.293
373.291
373.289
373.286
373.284
373.281
373.278
373.276
373.272
373.27
373.423
373.438
373.451
373.461
373.47
373.477
373.482
373.485
373.487
373.488
373.488
373.487
373.485
373.483
373.48
373.477
373.474
373.47
373.467
373.463
373.459
373.456
373.452
373.449
373.445
373.442
373.438
373.435
373.431
373.428
373.425
373.422
373.419
373.416
373.413
373.41
373.408
373.405
373.403
373.401
373.398
373.396
373.394
373.392
373.39
373.388
373.385
373.383
373.381
373.378
373.376
373.373
373.371
373.368
373.365
373.362
373.359
373.356
373.354
373.351
373.348
373.345
373.342
373.34
373.337
373.334
373.332
373.33
373.327
373.325
373.323
373.321
373.32
373.318
373.316
373.315
373.314
373.312
373.311
373.31
373.308
373.307
373.306
373.304
373.303
373.301
373.3
373.298
373.296
373.294
373.292
373.29
373.288
373.285
373.283
373.28
373.278
373.275
373.272
373.27
373.4
373.418
373.434
373.446
373.455
373.463
373.468
373.471
373.473
373.475
373.474
373.474
373.472
373.47
373.467
373.464
373.461
373.457
373.454
373.451
373.447
373.444
373.44
373.437
373.433
373.43
373.427
373.423
373.42
373.417
373.414
373.411
373.408
373.405
373.403
373.4
373.398
373.395
373.393
373.391
373.388
373.386
373.384
373.382
373.38
373.378
373.376
373.374
373.371
373.369
373.367
373.364
373.362
373.359
373.356
373.354
373.351
373.349
373.346
373.344
373.341
373.339
373.336
373.334
373.331
373.329
373.327
373.325
373.323
373.321
373.319
373.317
373.316
373.314
373.313
373.311
373.31
373.309
373.308
373.306
373.305
373.304
373.302
373.301
373.3
373.298
373.296
373.295
373.293
373.291
373.289
373.287
373.285
373.282
373.28
373.277
373.275
373.273
373.27
373.267
373.362
373.379
373.395
373.406
373.415
373.421
373.426
373.429
373.431
373.431
373.431
373.431
373.43
373.428
373.426
373.424
373.421
373.419
373.416
373.414
373.411
373.408
373.405
373.403
373.4
373.397
373.394
373.392
373.389
373.387
373.384
373.382
373.38
373.378
373.376
373.374
373.372
373.37
373.368
373.366
373.365
373.363
373.361
373.359
373.357
373.356
373.354
373.352
373.351
373.349
373.347
373.345
373.343
373.341
373.339
373.337
373.335
373.333
373.331
373.329
373.327
373.325
373.323
373.321
373.319
373.317
373.316
373.314
373.312
373.311
373.309
373.308
373.306
373.305
373.304
373.302
373.301
373.3
373.299
373.298
373.297
373.295
373.294
373.293
373.291
373.29
373.289
373.287
373.285
373.284
373.282
373.28
373.278
373.276
373.274
373.272
373.269
373.267
373.265
373.263
373.305
373.314
373.325
373.331
373.335
373.338
373.339
373.34
373.34
373.34
373.34
373.339
373.338
373.337
373.336
373.336
373.335
373.334
373.334
373.333
373.332
373.331
373.33
373.33
373.329
373.328
373.327
373.326
373.325
373.325
373.324
373.323
373.323
373.322
373.322
373.321
373.321
373.32
373.32
373.319
373.319
373.318
373.317
373.316
373.315
373.314
373.314
373.314
373.313
373.312
373.311
373.31
373.309
373.308
373.307
373.306
373.305
373.304
373.303
373.302
373.301
373.3
373.299
373.297
373.296
373.295
373.294
373.293
373.292
373.291
373.29
373.289
373.288
373.287
373.286
373.285
373.284
373.283
373.282
373.282
373.281
373.28
373.279
373.278
373.277
373.275
373.274
373.273
373.272
373.27
373.269
373.267
373.266
373.264
373.262
373.26
373.259
373.257
373.255
373.253
373.206
373.213
373.221
373.225
373.227
373.228
373.229
373.229
373.229
373.228
373.228
373.227
373.226
373.225
373.225
373.224
373.224
373.223
373.223
373.223
373.223
373.222
373.222
373.222
373.222
373.223
373.223
373.223
373.223
373.224
373.225
373.226
373.227
373.229
373.23
373.232
373.233
373.235
373.236
373.238
373.239
373.241
373.242
373.243
373.244
373.246
373.247
373.248
373.249
373.25
373.251
373.252
373.253
373.254
373.254
373.255
373.256
373.256
373.256
373.257
373.257
373.257
373.257
373.257
373.257
373.257
373.257
373.257
373.257
373.257
373.256
373.256
373.256
373.256
373.255
373.255
373.255
373.255
373.254
373.254
373.254
373.253
373.253
373.253
373.252
373.251
373.251
373.25
373.249
373.248
373.247
373.247
373.246
373.245
373.244
373.242
373.241
373.24
373.238
373.237
373.082
373.091
373.1
373.108
373.114
373.118
373.122
373.125
373.128
373.13
373.132
373.134
373.135
373.136
373.137
373.138
373.139
373.139
373.139
373.139
373.139
373.139
373.138
373.138
373.137
373.136
373.136
373.136
373.135
373.135
373.135
373.135
373.135
373.135
373.135
373.136
373.137
373.137
373.138
373.139
373.14
373.141
373.143
373.145
373.147
373.149
373.151
373.153
373.155
373.158
373.16
373.163
373.166
373.169
373.171
373.174
373.177
373.179
373.182
373.184
373.186
373.188
373.19
373.192
373.194
373.195
373.197
373.198
373.2
373.201
373.202
373.203
373.204
373.205
373.206
373.207
373.208
373.209
373.21
373.21
373.211
373.212
373.212
373.213
373.213
373.213
373.214
373.214
373.214
373.214
373.214
373.214
373.214
373.214
373.214
373.214
373.213
373.213
373.212
373.211
372.996
373.004
373.015
373.026
373.035
373.043
373.05
373.057
373.062
373.067
373.071
373.075
373.078
373.081
373.084
373.086
373.088
373.089
373.09
373.091
373.092
373.092
373.092
373.092
373.092
373.091
373.091
373.091
373.09
373.09
373.089
373.089
373.088
373.087
373.087
373.086
373.086
373.085
373.084
373.084
373.083
373.083
373.083
373.083
373.083
373.083
373.084
373.084
373.085
373.085
373.086
373.087
373.088
373.089
373.09
373.092
373.093
373.094
373.096
373.098
373.1
373.102
373.104
373.106
373.108
373.11
373.112
373.115
373.117
373.119
373.122
373.124
373.127
373.129
373.132
373.134
373.137
373.139
373.142
373.144
373.146
373.148
373.151
373.153
373.155
373.156
373.158
373.16
373.161
373.162
373.164
373.165
373.166
373.167
373.168
373.169
373.17
373.17
373.171
373.171
372.937
372.95
372.963
372.975
372.986
372.996
373.005
373.013
373.02
373.026
373.032
373.036
373.041
373.045
373.048
373.051
373.054
373.056
373.058
373.06
373.061
373.062
373.063
373.063
373.064
373.064
373.064
373.064
373.064
373.064
373.064
373.063
373.063
373.062
373.062
373.062
373.061
373.061
373.06
373.059
373.059
373.058
373.058
373.057
373.057
373.056
373.056
373.056
373.055
373.055
373.055
373.054
373.054
373.054
373.054
373.054
373.054
373.054
373.054
373.054
373.054
373.054
373.055
373.055
373.055
373.056
373.057
373.057
373.058
373.059
373.06
373.061
373.062
373.063
373.064
373.065
373.066
373.068
373.069
373.071
373.073
373.075
373.077
373.079
373.081
373.083
373.085
373.088
373.09
373.092
373.094
373.097
373.099
373.101
373.103
373.106
373.108
373.11
373.111
373.114
372.923
372.935
372.946
372.957
372.967
372.976
372.985
372.992
372.999
373.005
373.011
373.016
373.02
373.025
373.028
373.031
373.034
373.037
373.039
373.041
373.043
373.044
373.045
373.046
373.047
373.048
373.048
373.048
373.049
373.049
373.049
373.049
373.049
373.048
373.048
373.048
373.048
373.047
373.047
373.046
373.046
373.045
373.045
373.044
373.044
373.044
373.043
373.043
373.042
373.042
373.041
373.041
373.04
373.04
373.039
373.039
373.039
373.039
373.038
373.038
373.037
373.037
373.037
373.037
373.036
373.036
373.036
373.036
373.036
373.036
373.037
373.036
373.036
373.036
373.036
373.036
373.037
373.037
373.037
373.037
373.037
373.038
373.038
373.038
373.039
373.039
373.04
373.041
373.041
373.042
373.043
373.044
373.045
373.046
373.047
373.048
373.049
373.051
373.052
373.054
372.916
372.927
372.939
372.949
372.959
372.967
372.975
372.983
372.989
372.996
373.001
373.006
373.011
373.015
373.018
373.022
373.024
373.027
373.029
373.031
373.033
373.034
373.036
373.037
373.038
373.038
373.039
373.039
373.04
373.04
373.04
373.04
373.04
373.04
373.04
373.039
373.039
373.039
373.038
373.038
373.037
373.037
373.037
373.036
373.036
373.035
373.035
373.035
373.034
373.034
373.033
373.033
373.032
373.032
373.032
373.031
373.031
373.03
373.03
373.03
373.029
373.029
373.028
373.028
373.028
373.028
373.028
373.028
373.028
373.028
373.027
373.027
373.027
373.026
373.026
373.026
373.026
373.025
373.025
373.025
373.025
373.025
373.025
373.025
373.025
373.025
373.025
373.025
373.025
373.025
373.025
373.025
373.025
373.025
373.025
373.025
373.025
373.025
373.025
373.025
372.914
372.924
372.935
372.945
372.954
372.962
372.97
372.977
372.983
372.989
372.994
372.999
373.003
373.007
373.011
373.014
373.017
373.019
373.022
373.024
373.025
373.027
373.028
373.029
373.03
373.031
373.032
373.032
373.033
373.033
373.033
373.033
373.033
373.033
373.033
373.033
373.032
373.032
373.032
373.031
373.031
373.031
373.03
373.03
373.03
373.029
373.029
373.028
373.028
373.028
373.027
373.027
373.026
373.026
373.025
373.025
373.024
373.024
373.024
373.023
373.023
373.024
373.024
373.024
373.023
373.023
373.023
373.023
373.022
373.022
373.022
373.021
373.021
373.021
373.021
373.02
373.02
373.02
373.02
373.02
373.019
373.019
373.019
373.019
373.019
373.019
373.019
373.019
373.018
373.018
373.018
373.018
373.018
373.017
373.017
373.017
373.017
373.016
373.016
373.016
372.913
372.923
372.934
372.943
372.951
372.959
372.966
372.973
372.979
372.984
372.989
372.994
372.998
373.002
373.005
373.008
373.011
373.014
373.016
373.018
373.019
373.021
373.022
373.023
373.024
373.025
373.026
373.027
373.027
373.027
373.028
373.028
373.028
373.028
373.028
373.027
373.027
373.027
373.027
373.026
373.026
373.026
373.025
373.025
373.024
373.024
373.024
373.023
373.023
373.023
373.023
373.022
373.022
373.021
373.021
373.02
373.02
373.02
373.019
373.019
373.019
373.019
373.018
373.018
373.018
373.018
373.018
373.018
373.018
373.018
373.017
373.017
373.017
373.016
373.016
373.016
373.016
373.015
373.015
373.015
373.015
373.015
373.015
373.014
373.014
373.014
373.014
373.014
373.014
373.014
373.013
373.013
373.013
373.013
373.013
373.013
373.012
373.012
373.012
373.012
372.915
372.924
372.934
372.942
372.95
372.957
372.964
372.97
372.976
372.981
372.986
372.99
372.994
372.998
373.001
373.004
373.007
373.009
373.011
373.013
373.015
373.016
373.018
373.019
373.02
373.021
373.021
373.022
373.022
373.023
373.023
373.023
373.023
373.023
373.023
373.023
373.023
373.023
373.022
373.022
373.022
373.022
373.021
373.021
373.021
373.02
373.02
373.02
373.019
373.019
373.019
373.019
373.018
373.018
373.017
373.017
373.017
373.016
373.016
373.016
373.016
373.016
373.016
373.016
373.015
373.015
373.015
373.015
373.014
373.014
373.014
373.014
373.013
373.013
373.013
373.012
373.012
373.012
373.012
373.012
373.012
373.011
373.011
373.011
373.011
373.011
373.011
373.011
373.011
373.011
373.01
373.01
373.01
373.01
373.01
373.01
373.009
373.009
373.009
373.009
372.918
372.927
372.935
372.943
372.95
372.957
372.963
372.969
372.974
372.979
372.984
372.988
372.992
372.995
372.998
373.001
373.004
373.006
373.008
373.01
373.011
373.013
373.014
373.015
373.016
373.017
373.017
373.018
373.019
373.019
373.019
373.019
373.019
373.019
373.019
373.019
373.019
373.019
373.019
373.019
373.018
373.018
373.018
373.017
373.017
373.017
373.017
373.016
373.016
373.016
373.016
373.015
373.015
373.015
373.014
373.014
373.014
373.013
373.013
373.013
373.012
373.012
373.012
373.012
373.012
373.012
373.012
373.012
373.011
373.011
373.011
373.011
373.01
373.01
373.01
373.01
373.009
373.009
373.009
373.009
373.009
373.009
373.008
373.008
373.008
373.008
373.008
373.008
373.007
373.007
373.007
373.007
373.007
373.007
373.006
373.006
373.006
373.006
373.006
373.006
372.922
372.93
372.937
372.945
372.951
372.957
372.963
372.969
372.974
372.978
372.982
372.986
372.99
372.993
372.996
372.999
373.001
373.003
373.005
373.007
373.008
373.01
373.011
373.012
373.013
373.014
373.014
373.015
373.015
373.016
373.016
373.016
373.016
373.016
373.016
373.016
373.016
373.016
373.016
373.016
373.015
373.015
373.015
373.015
373.014
373.014
373.014
373.014
373.013
373.013
373.013
373.013
373.012
373.012
373.012
373.011
373.011
373.011
373.011
373.01
373.01
373.01
373.01
373.01
373.01
373.01
373.01
373.009
373.009
373.009
373.009
373.008
373.008
373.008
373.008
373.007
373.007
373.007
373.007
373.007
373.006
373.006
373.006
373.006
373.006
373.006
373.006
373.005
373.005
373.005
373.005
373.005
373.005
373.005
373.004
373.004
373.004
373.004
373.004
373.004
372.927
372.934
372.941
372.947
372.953
372.959
372.964
372.969
372.973
372.978
372.982
372.985
372.989
372.992
372.994
372.997
372.999
373.001
373.003
373.005
373.006
373.007
373.008
373.009
373.01
373.011
373.012
373.012
373.013
373.013
373.013
373.013
373.014
373.014
373.014
373.014
373.014
373.013
373.013
373.013
373.013
373.013
373.012
373.012
373.012
373.012
373.011
373.011
373.011
373.011
373.011
373.01
373.01
373.01
373.01
373.009
373.009
373.008
373.008
373.009
373.009
373.008
373.008
373.008
373.008
373.008
373.007
373.007
373.007
373.007
373.006
373.006
373.006
373.006
373.006
373.005
373.005
373.005
373.005
373.005
373.004
373.004
373.004
373.004
373.004
373.004
373.004
373.003
373.003
373.003
373.003
373.003
373.003
373.003
373.003
373.003
373.003
373.002
373.002
373.002
372.932
372.938
372.944
372.95
372.955
372.96
372.965
372.97
372.974
372.978
372.981
372.985
372.988
372.991
372.993
372.996
372.998
373
373.001
373.003
373.004
373.005
373.006
373.007
373.008
373.009
373.009
373.01
373.01
373.011
373.011
373.011
373.011
373.011
373.011
373.011
373.011
373.011
373.011
373.011
373.011
373.01
373.01
373.01
373.01
373.01
373.009
373.009
373.009
373.009
373.009
373.009
373.008
373.008
373.008
373.007
373.007
373.007
373.007
373.006
373.006
373.006
373.006
373.006
373.006
373.006
373.006
373.006
373.006
373.005
373.005
373.005
373.005
373.005
373.004
373.004
373.004
373.004
373.004
373.004
373.003
373.003
373.003
373.003
373.003
373.003
373.003
373.003
373.002
373.002
373.002
373.002
373.002
373.002
373.002
373.002
373.002
373.001
373.001
373.001
372.938
372.943
372.949
372.954
372.958
372.963
372.967
372.971
372.975
372.979
372.982
372.985
372.988
372.99
372.993
372.995
372.997
372.998
373
373.001
373.003
373.004
373.005
373.006
373.006
373.007
373.008
373.008
373.008
373.009
373.009
373.009
373.009
373.009
373.009
373.009
373.009
373.009
373.009
373.009
373.009
373.009
373.008
373.008
373.008
373.008
373.008
373.008
373.007
373.007
373.007
373.007
373.007
373.006
373.006
373.006
373.006
373.005
373.005
373.005
373.005
373.005
373.005
373.005
373.005
373.005
373.004
373.004
373.004
373.004
373.004
373.003
373.003
373.003
373.003
373.003
373.003
373.003
373.002
373.002
373.002
373.002
373.002
373.002
373.002
373.002
373.002
373.001
373.001
373.001
373.001
373.001
373.001
373.001
373.001
373
373
373
373
373
372.944
372.948
372.953
372.958
372.962
372.966
372.97
372.973
372.977
372.98
372.983
372.985
372.988
372.99
372.992
372.994
372.996
372.998
372.999
373
373.002
373.003
373.003
373.004
373.005
373.006
373.006
373.007
373.007
373.007
373.007
373.008
373.008
373.008
373.008
373.008
373.008
373.008
373.008
373.007
373.007
373.007
373.007
373.007
373.007
373.006
373.006
373.006
373.006
373.006
373.006
373.006
373.005
373.005
373.005
373.005
373.005
373.004
373.004
373.004
373.004
373.004
373.004
373.004
373.004
373.004
373.003
373.003
373.003
373.003
373.003
373.003
373.002
373.002
373.002
373.002
373.002
373.002
373.002
373.001
373.001
373.001
373.001
373.001
373.001
373.001
373.001
373.001
373.001
373
373
373
373
373
373
373
373
373
372.999
372.999
372.951
372.954
372.958
372.962
372.966
372.969
372.973
372.976
372.979
372.981
372.984
372.986
372.989
372.991
372.993
372.994
372.996
372.997
372.999
373
373.001
373.002
373.003
373.003
373.004
373.004
373.005
373.005
373.006
373.006
373.006
373.006
373.006
373.006
373.006
373.006
373.006
373.006
373.006
373.006
373.006
373.006
373.006
373.005
373.005
373.005
373.005
373.005
373.005
373.005
373.004
373.004
373.004
373.004
373.004
373.004
373.003
373.003
373.003
373.003
373.003
373.003
373.003
373.003
373.003
373.003
373.002
373.002
373.002
373.002
373.002
373.002
373.002
373.001
373.001
373.001
373.001
373.001
373.001
373.001
373.001
373.001
373
373
373
373
373
373
373
373
373
373
373
372.999
372.999
372.999
372.999
372.999
372.999
372.999
372.957
372.96
372.964
372.967
372.97
372.973
372.976
372.978
372.981
372.983
372.986
372.988
372.99
372.991
372.993
372.995
372.996
372.997
372.998
372.999
373
373.001
373.002
373.002
373.003
373.003
373.004
373.004
373.004
373.005
373.005
373.005
373.005
373.005
373.005
373.005
373.005
373.005
373.005
373.005
373.005
373.005
373.005
373.004
373.004
373.004
373.004
373.004
373.004
373.004
373.004
373.003
373.003
373.003
373.003
373.003
373.003
373.003
373.003
373.003
373.002
373.002
373.002
373.002
373.002
373.002
373.002
373.002
373.001
373.001
373.001
373.001
373.001
373.001
373.001
373
373
373
373
373
373
373
373
373
373
373
372.999
372.999
372.999
372.999
372.999
372.999
372.999
372.999
372.999
372.999
372.999
372.999
372.998
372.998
372.964
372.966
372.969
372.972
372.974
372.977
372.979
372.981
372.984
372.986
372.987
372.989
372.991
372.992
372.994
372.995
372.996
372.997
372.998
372.999
373
373.001
373.001
373.002
373.002
373.003
373.003
373.003
373.003
373.004
373.004
373.004
373.004
373.004
373.004
373.004
373.004
373.004
373.004
373.004
373.004
373.004
373.004
373.003
373.003
373.003
373.003
373.003
373.003
373.003
373.003
373.002
373.002
373.002
373.002
373.002
373.002
373.002
373.002
373.002
373.002
373.001
373.001
373.001
373.001
373.001
373.001
373.001
373.001
373
373
373
373
373
373
373
373
373
372.999
372.999
372.999
372.999
372.999
372.999
372.999
372.999
372.999
372.999
372.999
372.999
372.999
372.999
372.998
372.998
372.998
372.998
372.998
372.998
372.998
372.998
372.97
372.972
372.975
372.977
372.979
372.981
372.983
372.985
372.986
372.988
372.99
372.991
372.992
372.994
372.995
372.996
372.997
372.998
372.998
372.999
373
373
373.001
373.001
373.002
373.002
373.002
373.003
373.003
373.003
373.003
373.003
373.003
373.003
373.003
373.003
373.003
373.003
373.003
373.003
373.003
373.003
373.003
373.002
373.002
373.002
373.002
373.002
373.002
373.002
373.002
373.001
373.001
373.001
373.001
373.001
373.001
373.001
373.001
373.001
373.001
373.001
373
373
373
373
373
373
373
373
373
372.999
372.999
372.999
372.999
372.999
372.999
372.999
372.999
372.999
372.999
372.999
372.999
372.999
372.998
372.998
372.998
372.998
372.998
372.998
372.998
372.998
372.998
372.998
372.998
372.998
372.998
372.998
372.998
372.998
372.977
372.978
372.98
372.982
372.983
372.985
372.986
372.988
372.989
372.991
372.992
372.993
372.994
372.995
372.996
372.997
372.997
372.998
372.999
372.999
373
373
373
373.001
373.001
373.001
373.001
373.002
373.002
373.002
373.002
373.002
373.002
373.002
373.002
373.002
373.002
373.002
373.002
373.001
373.001
373.001
373.001
373.001
373.001
373.001
373.001
373.001
373
373
373
373
373
373
373
373
373
373
373
373
373
372.999
372.999
372.999
372.999
372.999
372.999
372.999
372.999
372.999
372.999
372.999
372.999
372.999
372.998
372.998
372.998
372.998
372.998
372.998
372.998
372.998
372.998
372.998
372.998
372.998
372.998
372.998
372.998
372.998
372.998
372.998
372.998
372.998
372.998
372.998
372.998
372.998
372.998
372.998
372.983
372.984
372.986
372.987
372.988
372.989
372.99
372.991
372.992
372.993
372.994
372.995
372.996
372.996
372.997
372.997
372.998
372.998
372.999
372.999
372.999
373
373
373
373
373
373
373
373
373
373
373
373
373
373
373
373
373
373
373
373
373
373
373
373
373
373
373
372.999
372.999
372.999
372.999
372.999
372.999
372.999
372.999
372.999
372.999
372.999
372.999
372.999
372.999
372.999
372.999
372.999
372.999
372.999
372.999
372.999
372.999
372.999
372.998
372.998
372.998
372.998
372.998
372.998
372.998
372.998
372.998
372.998
372.998
372.998
372.998
372.998
372.998
372.998
372.998
372.998
372.998
372.998
372.998
372.998
372.998
372.998
372.998
372.998
372.998
372.998
372.998
372.99
372.991
372.991
372.992
372.993
372.993
372.994
372.995
372.995
372.996
372.996
372.996
372.997
372.997
372.997
372.997
372.998
372.998
372.998
372.998
372.998
372.998
372.998
372.998
372.999
372.999
372.999
372.999
372.999
372.999
372.999
372.999
372.999
372.999
372.999
372.999
372.999
372.999
372.999
372.999
372.999
372.999
372.999
372.999
372.999
372.999
372.999
372.999
372.999
372.999
372.999
372.999
372.999
372.999
372.999
372.999
372.999
372.999
372.999
372.999
372.999
372.999
372.999
372.999
372.999
372.999
372.999
372.999
372.999
372.999
372.998
372.998
372.998
372.998
372.998
372.998
372.998
372.998
372.998
372.998
372.998
372.998
372.998
372.998
372.998
372.998
372.998
372.998
372.998
372.998
372.998
372.998
372.998
372.998
372.998
372.998
372.998
372.998
372.998
372.998
372.995
372.995
372.995
372.995
372.996
372.996
372.996
372.996
372.996
372.996
372.996
372.996
372.996
372.997
372.997
372.997
372.997
372.997
372.997
372.997
372.997
372.997
372.997
372.998
372.998
372.998
372.998
372.998
372.998
372.998
372.998
372.998
372.998
372.998
372.998
372.998
372.998
372.998
372.998
372.998
372.999
372.999
372.999
372.999
372.999
372.999
372.999
372.999
372.999
372.999
372.999
372.999
372.999
372.999
372.999
372.999
372.999
372.999
372.999
372.999
372.999
372.999
372.999
372.999
372.999
372.999
372.999
372.999
372.999
372.999
372.999
372.998
372.998
372.998
372.998
372.998
372.998
372.998
372.998
372.998
372.998
372.998
372.998
372.998
372.998
372.998
372.998
372.998
372.998
372.998
372.998
372.998
372.998
372.998
372.998
372.998
372.998
372.998
372.998
372.998
372.827
372.828
372.832
372.839
372.849
372.857
372.872
372.884
372.897
372.925
372.845
372.845
372.847
372.851
372.858
372.864
372.874
372.884
372.894
372.912
372.86
372.859
372.86
372.862
372.866
372.872
372.877
372.886
372.894
372.906
372.873
372.872
372.872
372.873
372.876
372.88
372.884
372.889
372.896
372.905
372.885
372.883
372.882
372.883
372.885
372.887
372.891
372.894
372.899
372.906
372.896
372.894
372.893
372.893
372.894
372.895
372.898
372.9
372.903
372.909
372.906
372.904
372.902
372.902
372.902
372.903
372.905
372.906
372.909
372.913
372.916
372.913
372.912
372.911
372.91
372.911
372.912
372.913
372.915
372.918
372.924
372.922
372.92
372.919
372.919
372.919
372.919
372.92
372.921
372.923
372.933
372.93
372.929
372.928
372.927
372.927
372.927
372.927
372.928
372.929
372.94
372.938
372.937
372.936
372.935
372.934
372.934
372.934
372.935
372.936
372.948
372.946
372.944
372.943
372.942
372.942
372.941
372.941
372.942
372.942
372.955
372.953
372.952
372.951
372.95
372.949
372.949
372.949
372.949
372.949
372.961
372.96
372.959
372.958
372.957
372.956
372.956
372.956
372.956
372.956
372.968
372.967
372.966
372.965
372.964
372.964
372.963
372.963
372.962
372.962
372.974
372.973
372.972
372.972
372.971
372.971
372.97
372.97
372.969
372.969
372.98
372.979
372.979
372.978
372.978
372.977
372.977
372.977
372.976
372.976
372.986
372.986
372.985
372.985
372.984
372.984
372.984
372.983
372.983
372.983
372.992
372.992
372.991
372.991
372.991
372.991
372.99
372.99
372.99
372.99
372.997
372.997
372.996
372.996
372.996
372.996
372.996
372.995
372.995
372.995
373.049
373.047
373.038
373.025
373.006
372.98
372.943
372.881
372.818
372.774
373.004
372.998
372.986
372.969
372.944
372.911
372.864
372.791
372.721
372.687
372.962
372.951
372.937
372.916
372.886
372.846
372.791
372.707
372.629
372.613
372.925
372.91
372.892
372.867
372.833
372.787
372.725
372.631
372.55
372.547
372.893
372.874
372.853
372.824
372.786
372.736
372.667
372.568
372.481
372.488
372.866
372.844
372.82
372.788
372.748
372.694
372.621
372.517
372.431
372.434
372.844
372.819
372.793
372.761
372.718
372.662
372.587
372.483
372.394
372.435
372.826
372.801
372.775
372.741
372.698
372.641
372.565
372.464
372.387
372.45
372.815
372.79
372.763
372.73
372.687
372.631
372.556
372.464
372.4
372.49
372.808
372.784
372.758
372.726
372.685
372.631
372.561
372.483
372.435
372.556
373.336
373.363
373.388
373.417
373.447
373.482
373.514
373.554
373.573
373.569
373.331
373.357
373.381
373.41
373.439
373.472
373.502
373.539
373.557
373.555
373.319
373.343
373.366
373.393
373.419
373.45
373.475
373.507
373.522
373.512
373.301
373.323
373.343
373.366
373.39
373.415
373.438
373.46
373.473
373.467
373.276
373.296
373.312
373.332
373.35
373.372
373.387
373.403
373.404
373.393
373.247
373.262
373.276
373.29
373.304
373.318
373.328
373.331
373.323
373.296
373.213
373.224
373.234
373.244
373.25
373.259
373.259
373.25
373.232
373.193
373.176
373.183
373.188
373.193
373.193
373.192
373.184
373.164
373.132
373.081
373.136
373.14
373.14
373.137
373.132
373.122
373.105
373.071
373.028
372.978
373.096
373.095
373.09
373.083
373.068
373.051
373.023
372.976
372.922
372.872
373
373
373
373
373
373
373
373
373
373
373
373
373
373
373
373
373
373
373
373
373.001
373.001
373.001
373.001
373.001
373.001
373.001
373.001
373.001
373.001
373.001
373.002
373.002
373.002
373.002
373.002
373.002
373.003
373.003
373.003
373.003
373.004
373.004
373.004
373.004
373.005
373.005
373.006
373.006
373.007
373.007
373.008
373.008
373.009
373.009
373.01
373.011
373.012
373.013
373.014
373.015
373.016
373.017
373.018
373.02
373.021
373.023
373.024
373.027
373.028
373.031
373.032
373.035
373.037
373.04
373.043
373.046
373.05
373.053
373.058
373.062
373.067
373.071
373.077
373.082
373.09
373.095
373.105
373.112
373.122
373.131
373.143
373.156
373.169
373.187
373.203
373.226
373.248
373.277
373.312
373
373
373
373
373
373
373
373
373
373
373
373
373
373
373
373
373
373
373
373
373.001
373.001
373.001
373.001
373.001
373.001
373.001
373.001
373.001
373.001
373.001
373.002
373.002
373.002
373.002
373.002
373.002
373.003
373.003
373.003
373.003
373.004
373.004
373.004
373.004
373.005
373.005
373.006
373.006
373.007
373.007
373.008
373.008
373.009
373.009
373.01
373.011
373.012
373.013
373.014
373.015
373.016
373.017
373.018
373.02
373.021
373.023
373.024
373.026
373.028
373.031
373.032
373.035
373.037
373.04
373.043
373.046
373.05
373.053
373.058
373.061
373.067
373.071
373.078
373.082
373.09
373.095
373.104
373.112
373.122
373.131
373.143
373.156
373.169
373.186
373.202
373.224
373.246
373.274
373.307
373
373
373
373
373
373
373
373
373
373
373
373
373
373
373
373
373
373
373
373
373.001
373.001
373.001
373.001
373.001
373.001
373.001
373.001
373.001
373.001
373.001
373.002
373.002
373.002
373.002
373.002
373.002
373.003
373.003
373.003
373.003
373.004
373.004
373.004
373.004
373.005
373.005
373.006
373.006
373.007
373.007
373.008
373.008
373.009
373.009
373.01
373.011
373.012
373.013
373.014
373.015
373.016
373.017
373.018
373.02
373.021
373.023
373.024
373.026
373.028
373.031
373.032
373.035
373.037
373.04
373.043
373.046
373.05
373.053
373.058
373.061
373.067
373.071
373.077
373.082
373.09
373.095
373.104
373.111
373.121
373.131
373.142
373.154
373.167
373.184
373.199
373.221
373.24
373.267
373.296
373
373
373
373
373
373
373
373
373
373
373
373
373
373
373
373
373
373
373
373
373.001
373.001
373.001
373.001
373.001
373.001
373.001
373.001
373.001
373.001
373.001
373.002
373.002
373.002
373.002
373.002
373.002
373.003
373.003
373.003
373.003
373.004
373.004
373.004
373.004
373.005
373.005
373.006
373.006
373.007
373.007
373.008
373.008
373.009
373.009
373.01
373.011
373.012
373.013
373.014
373.015
373.016
373.017
373.018
373.02
373.021
373.023
373.024
373.026
373.028
373.03
373.032
373.035
373.037
373.04
373.043
373.046
373.05
373.053
373.058
373.061
373.067
373.071
373.077
373.082
373.089
373.095
373.104
373.111
373.12
373.129
373.141
373.152
373.165
373.18
373.196
373.214
373.233
373.255
373.282
373
373
373
373
373
373
373
373
373
373
373
373
373
373
373
373
373
373
373
373
373.001
373.001
373.001
373.001
373.001
373.001
373.001
373.001
373.001
373.001
373.001
373.002
373.002
373.002
373.002
373.002
373.002
373.003
373.003
373.003
373.003
373.004
373.004
373.004
373.004
373.005
373.005
373.006
373.006
373.007
373.007
373.008
373.008
373.009
373.009
373.01
373.011
373.012
373.013
373.014
373.015
373.016
373.017
373.018
373.02
373.021
373.023
373.024
373.026
373.028
373.03
373.032
373.035
373.037
373.04
373.043
373.046
373.05
373.053
373.057
373.061
373.066
373.071
373.077
373.082
373.089
373.095
373.103
373.11
373.119
373.128
373.139
373.149
373.162
373.175
373.19
373.205
373.223
373.24
373.261
373
373
373
373
373
373
373
373
373
373
373
373
373
373
373
373
373
373
373
373
373.001
373.001
373.001
373.001
373.001
373.001
373.001
373.001
373.001
373.001
373.001
373.002
373.002
373.002
373.002
373.002
373.002
373.003
373.003
373.003
373.003
373.004
373.004
373.004
373.004
373.005
373.005
373.006
373.006
373.007
373.007
373.008
373.008
373.009
373.009
373.01
373.011
373.012
373.013
373.014
373.015
373.016
373.017
373.018
373.019
373.021
373.023
373.024
373.026
373.028
373.03
373.032
373.035
373.037
373.04
373.043
373.046
373.05
373.053
373.057
373.061
373.066
373.071
373.076
373.081
373.088
373.094
373.102
373.109
373.118
373.126
373.136
373.146
373.158
373.17
373.183
373.195
373.21
373.221
373.236
373
373
373
373
373
373
373
373
373
373
373
373
373
373
373
373
373
373
373
373
373.001
373.001
373.001
373.001
373.001
373.001
373.001
373.001
373.001
373.001
373.001
373.002
373.002
373.002
373.002
373.002
373.002
373.003
373.003
373.003
373.003
373.004
373.004
373.004
373.004
373.005
373.005
373.006
373.006
373.007
373.007
373.008
373.008
373.009
373.009
373.01
373.011
373.012
373.012
373.014
373.014
373.016
373.017
373.018
373.019
373.021
373.022
373.024
373.026
373.028
373.03
373.032
373.035
373.037
373.04
373.043
373.046
373.05
373.053
373.057
373.061
373.066
373.07
373.076
373.081
373.088
373.093
373.101
373.108
373.116
373.124
373.134
373.143
373.153
373.163
373.174
373.184
373.194
373.2
373.206
373
373
373
373
373
373
373
373
373
373
373
373
373
373
373
373
373
373
373
373
373.001
373.001
373.001
373.001
373.001
373.001
373.001
373.001
373.001
373.001
373.001
373.002
373.002
373.002
373.002
373.002
373.002
373.003
373.003
373.003
373.003
373.004
373.004
373.004
373.004
373.005
373.005
373.006
373.006
373.007
373.007
373.008
373.008
373.009
373.009
373.01
373.011
373.012
373.012
373.014
373.014
373.016
373.017
373.018
373.019
373.021
373.022
373.024
373.026
373.028
373.03
373.032
373.035
373.037
373.04
373.043
373.046
373.05
373.053
373.057
373.061
373.066
373.07
373.076
373.081
373.087
373.093
373.1
373.106
373.114
373.122
373.13
373.139
373.147
373.156
373.164
373.17
373.175
373.176
373.174
373
373
373
373
373
373
373
373
373
373
373
373
373
373
373
373
373
373
373
373
373.001
373.001
373.001
373.001
373.001
373.001
373.001
373.001
373.001
373.001
373.001
373.002
373.002
373.002
373.002
373.002
373.002
373.003
373.003
373.003
373.003
373.003
373.004
373.004
373.004
373.005
373.005
373.006
373.006
373.006
373.007
373.007
373.008
373.009
373.009
373.01
373.011
373.012
373.012
373.014
373.014
373.016
373.017
373.018
373.019
373.021
373.022
373.024
373.026
373.028
373.03
373.032
373.035
373.037
373.04
373.043
373.046
373.049
373.053
373.057
373.061
373.065
373.07
373.075
373.08
373.086
373.092
373.098
373.105
373.112
373.119
373.126
373.134
373.141
373.147
373.152
373.155
373.155
373.149
373.14
373
373
373
373
373
373
373
373
373
373
373
373
373
373
373
373
373
373
373
373
373
373.001
373.001
373.001
373.001
373.001
373.001
373.001
373.001
373.001
373.001
373.001
373.002
373.002
373.002
373.002
373.002
373.002
373.003
373.003
373.003
373.003
373.004
373.004
373.004
373.005
373.005
373.005
373.006
373.006
373.007
373.007
373.008
373.009
373.009
373.01
373.011
373.012
373.013
373.014
373.015
373.016
373.017
373.018
373.019
373.021
373.023
373.024
373.026
373.028
373.03
373.032
373.035
373.037
373.04
373.043
373.046
373.05
373.053
373.057
373.061
373.065
373.07
373.075
373.08
373.085
373.091
373.097
373.103
373.109
373.115
373.121
373.127
373.132
373.136
373.138
373.137
373.132
373.12
373.104
373
373
373
373
373
373
373
373
373
373
373
373
373
373
373
373
373
373
373
373
373
373.001
373.001
373.001
373.001
373.001
373.001
373.001
373.001
373.001
373.001
373.001
373.002
373.002
373.002
373.002
373.002
373.002
373.003
373.003
373.003
373.003
373.004
373.004
373.004
373.005
373.005
373.005
373.006
373.006
373.007
373.007
373.008
373.008
373.009
373.01
373.011
373.011
373.012
373.013
373.014
373.015
373.017
373.018
373.019
373.021
373.022
373.024
373.026
373.028
373.03
373.032
373.034
373.037
373.039
373.042
373.045
373.049
373.052
373.056
373.06
373.064
373.068
373.073
373.078
373.083
373.088
373.093
373.099
373.104
373.109
373.114
373.118
373.121
373.122
373.121
373.117
373.108
373.091
373.067
373
373
373
373
373
373
373
373
373
373
373
373
373
373
373
373
373
373
373
373
373
373.001
373.001
373.001
373.001
373.001
373.001
373.001
373.001
373.001
373.001
373.001
373.002
373.002
373.002
373.002
373.002
373.002
373.003
373.003
373.003
373.003
373.003
373.004
373.004
373.004
373.005
373.005
373.006
373.006
373.006
373.007
373.008
373.008
373.009
373.009
373.01
373.011
373.012
373.013
373.014
373.015
373.016
373.017
373.018
373.02
373.021
373.023
373.025
373.027
373.028
373.031
373.033
373.035
373.038
373.041
373.043
373.047
373.05
373.053
373.057
373.061
373.065
373.069
373.074
373.079
373.083
373.088
373.093
373.097
373.102
373.105
373.108
373.11
373.11
373.107
373.101
373.091
373.073
373.05
373
373
373
373
373
373
373
373
373
373
373
373
373
373
373
373
373
373
373
373
373
373.001
373.001
373.001
373.001
373.001
373.001
373.001
373.001
373.001
373.001
373.001
373.001
373.002
373.002
373.002
373.002
373.002
373.002
373.003
373.003
373.003
373.003
373.004
373.004
373.004
373.005
373.005
373.005
373.006
373.006
373.007
373.007
373.008
373.008
373.009
373.01
373.011
373.011
373.012
373.013
373.014
373.015
373.016
373.018
373.019
373.021
373.022
373.024
373.025
373.027
373.029
373.032
373.034
373.036
373.039
373.042
373.045
373.048
373.051
373.055
373.058
373.062
373.066
373.07
373.074
373.079
373.083
373.087
373.091
373.094
373.097
373.099
373.1
373.099
373.095
373.087
373.077
373.059
373.036
373
373
373
373
373
373
373
373
373
373
373
373
373
373
373
373
373
373
373
373
373
373
373.001
373.001
373.001
373.001
373.001
373.001
373.001
373.001
373.001
373.001
373.001
373.002
373.002
373.002
373.002
373.002
373.002
373.003
373.003
373.003
373.003
373.003
373.004
373.004
373.004
373.005
373.005
373.006
373.006
373.006
373.007
373.008
373.008
373.009
373.009
373.01
373.011
373.012
373.013
373.014
373.015
373.016
373.017
373.018
373.02
373.021
373.023
373.024
373.026
373.028
373.03
373.032
373.035
373.037
373.04
373.043
373.045
373.049
373.052
373.055
373.059
373.062
373.066
373.07
373.074
373.077
373.081
373.084
373.087
373.089
373.09
373.09
373.088
373.083
373.076
373.064
373.048
373.026
373
373
373
373
373
373
373
373
373
373
373
373
373
373
373
373
373
373
373
373
373
373
373.001
373.001
373.001
373.001
373.001
373.001
373.001
373.001
373.001
373.001
373.001
373.001
373.002
373.002
373.002
373.002
373.002
373.002
373.003
373.003
373.003
373.003
373.004
373.004
373.004
373.005
373.005
373.005
373.006
373.006
373.007
373.007
373.008
373.008
373.009
373.01
373.01
373.011
373.012
373.013
373.014
373.015
373.016
373.017
373.019
373.02
373.022
373.023
373.025
373.027
373.029
373.031
373.033
373.035
373.038
373.04
373.043
373.046
373.049
373.052
373.055
373.059
373.062
373.066
373.069
373.072
373.075
373.078
373.08
373.081
373.082
373.081
373.078
373.073
373.065
373.054
373.038
373.018
373
373
373
373
373
373
373
373
373
373
373
373
373
373
373
373
373
373
373
373
373
373
373
373.001
373.001
373.001
373.001
373.001
373.001
373.001
373.001
373.001
373.001
373.001
373.002
373.002
373.002
373.002
373.002
373.002
373.002
373.003
373.003
373.003
373.003
373.004
373.004
373.004
373.005
373.005
373.005
373.006
373.006
373.007
373.007
373.008
373.008
373.009
373.01
373.011
373.011
373.012
373.013
373.014
373.015
373.016
373.018
373.019
373.02
373.022
373.024
373.025
373.027
373.029
373.031
373.033
373.036
373.038
373.041
373.043
373.046
373.049
373.052
373.055
373.058
373.061
373.064
373.067
373.069
373.071
373.073
373.074
373.074
373.072
373.069
373.063
373.056
373.045
373.03
373.012
373
373
373
373
373
373
373
373
373
373
373
373
373
373
373
373
373
373
373
373
373
373
373
373.001
373.001
373.001
373.001
373.001
373.001
373.001
373.001
373.001
373.001
373.001
373.001
373.002
373.002
373.002
373.002
373.002
373.002
373.003
373.003
373.003
373.003
373.003
373.004
373.004
373.004
373.005
373.005
373.005
373.006
373.006
373.007
373.007
373.008
373.009
373.009
373.01
373.011
373.012
373.013
373.013
373.014
373.016
373.017
373.018
373.019
373.021
373.022
373.024
373.026
373.027
373.029
373.031
373.034
373.036
373.038
373.041
373.043
373.046
373.049
373.051
373.054
373.057
373.059
373.062
373.064
373.065
373.066
373.067
373.066
373.064
373.06
373.055
373.047
373.037
373.024
373.007
373
373
373
373
373
373
373
373
373
373
373
373
373
373
373
373
373
373
373
373
373
373
373
373
373.001
373.001
373.001
373.001
373.001
373.001
373.001
373.001
373.001
373.001
373.001
373.001
373.002
373.002
373.002
373.002
373.002
373.002
373.003
373.003
373.003
373.003
373.004
373.004
373.004
373.004
373.005
373.005
373.006
373.006
373.006
373.007
373.008
373.008
373.009
373.009
373.01
373.011
373.012
373.013
373.014
373.015
373.016
373.017
373.018
373.019
373.021
373.022
373.024
373.026
373.027
373.029
373.031
373.033
373.036
373.038
373.04
373.043
373.045
373.047
373.05
373.052
373.054
373.056
373.058
373.059
373.06
373.06
373.059
373.057
373.053
373.048
373.041
373.031
373.019
373.003
373
373
373
373
373
373
373
373
373
373
373
373
373
373
373
373
373
373
373
373
373
373
373
373
373
373.001
373.001
373.001
373.001
373.001
373.001
373.001
373.001
373.001
373.001
373.001
373.001
373.002
373.002
373.002
373.002
373.002
373.002
373.003
373.003
373.003
373.003
373.004
373.004
373.004
373.004
373.005
373.005
373.006
373.006
373.006
373.007
373.008
373.008
373.009
373.009
373.01
373.011
373.012
373.013
373.014
373.015
373.016
373.017
373.018
373.019
373.021
373.022
373.024
373.025
373.027
373.029
373.031
373.033
373.035
373.037
373.039
373.041
373.044
373.046
373.048
373.05
373.051
373.053
373.054
373.054
373.054
373.052
373.05
373.046
373.041
373.034
373.026
373.014
373.001
373
373
373
373
373
373
373
373
373
373
373
373
373
373
373
373
373
373
373
373
373
373
373
373
373
373
373.001
373.001
373.001
373.001
373.001
373.001
373.001
373.001
373.001
373.001
373.001
373.001
373.002
373.002
373.002
373.002
373.002
373.002
373.003
373.003
373.003
373.003
373.004
373.004
373.004
373.004
373.005
373.005
373.006
373.006
373.006
373.007
373.007
373.008
373.009
373.009
373.01
373.011
373.012
373.012
373.013
373.014
373.015
373.017
373.018
373.019
373.02
373.022
373.023
373.025
373.027
373.028
373.03
373.032
373.034
373.036
373.038
373.04
373.042
373.044
373.045
373.047
373.048
373.048
373.048
373.048
373.046
373.044
373.041
373.036
373.029
373.021
373.011
372.999
373
373
373
373
373
373
373
373
373
373
373
373
373
373
373
373
373
373
373
373
373
373
373
373
373
373
373.001
373.001
373.001
373.001
373.001
373.001
373.001
373.001
373.001
373.001
373.001
373.001
373.001
373.002
373.002
373.002
373.002
373.002
373.002
373.003
373.003
373.003
373.003
373.003
373.004
373.004
373.004
373.005
373.005
373.005
373.006
373.006
373.007
373.007
373.008
373.009
373.009
373.01
373.011
373.011
373.012
373.013
373.014
373.015
373.016
373.017
373.019
373.02
373.021
373.023
373.024
373.026
373.027
373.029
373.031
373.033
373.034
373.036
373.038
373.039
373.041
373.042
373.043
373.043
373.043
373.042
373.041
373.039
373.035
373.031
373.024
373.017
373.009
372.998
373
373
373
373
373
373
373
373
373
373
373
373
373
373
373
373
373
373
373
373
373
373
373
373
373
373
373
373
373.001
373.001
373.001
373.001
373.001
373.001
373.001
373.001
373.001
373.001
373.001
373.001
373.002
373.002
373.002
373.002
373.002
373.002
373.002
373.003
373.003
373.003
373.003
373.004
373.004
373.004
373.005
373.005
373.005
373.006
373.006
373.007
373.007
373.008
373.008
373.009
373.01
373.01
373.011
373.012
373.013
373.014
373.015
373.016
373.017
373.018
373.019
373.02
373.022
373.023
373.025
373.026
373.028
373.029
373.031
373.032
373.034
373.035
373.036
373.037
373.038
373.038
373.038
373.037
373.036
373.033
373.03
373.026
373.021
373.014
373.006
372.997
373
373
373
373
373
373
373
373
373
373
373
373
373
373
373
373
373
373
373
373
373
373
373
373
373
373
373
373
373
373.001
373.001
373.001
373.001
373.001
373.001
373.001
373.001
373.001
373.001
373.001
373.001
373.001
373.002
373.002
373.002
373.002
373.002
373.002
373.003
373.003
373.003
373.003
373.003
373.004
373.004
373.004
373.005
373.005
373.005
373.006
373.006
373.007
373.007
373.008
373.008
373.009
373.01
373.011
373.011
373.012
373.013
373.014
373.015
373.016
373.017
373.018
373.019
373.021
373.022
373.023
373.025
373.026
373.027
373.028
373.03
373.031
373.032
373.032
373.033
373.033
373.033
373.032
373.031
373.029
373.026
373.022
373.017
373.011
373.005
372.997
373
373
373
373
373
373
373
373
373
373
373
373
373
373
373
373
373
373
373
373
373
373
373
373
373
373
373
373
373
373
373.001
373.001
373.001
373.001
373.001
373.001
373.001
373.001
373.001
373.001
373.001
373.001
373.001
373.002
373.002
373.002
373.002
373.002
373.002
373.002
373.003
373.003
373.003
373.003
373.004
373.004
373.004
373.004
373.005
373.005
373.006
373.006
373.006
373.007
373.007
373.008
373.009
373.009
373.01
373.011
373.011
373.012
373.013
373.014
373.015
373.016
373.017
373.018
373.019
373.02
373.021
373.022
373.024
373.025
373.026
373.027
373.027
373.028
373.028
373.028
373.028
373.027
373.026
373.024
373.022
373.018
373.014
373.009
373.003
372.997
373
373
373
373
373
373
373
373
373
373
373
373
373
373
373
373
373
373
373
373
373
373
373
373
373
373
373
373
373
373
373
373
373.001
373.001
373.001
373.001
373.001
373.001
373.001
373.001
373.001
373.001
373.001
373.001
373.001
373.002
373.002
373.002
373.002
373.002
373.002
373.002
373.003
373.003
373.003
373.003
373.004
373.004
373.004
373.004
373.005
373.005
373.005
373.006
373.006
373.007
373.007
373.008
373.008
373.009
373.01
373.01
373.011
373.012
373.013
373.013
373.014
373.015
373.016
373.017
373.018
373.019
373.02
373.021
373.022
373.023
373.023
373.024
373.024
373.024
373.024
373.023
373.022
373.02
373.018
373.015
373.011
373.007
373.003
372.997
373
373
373
373
373
373
373
373
373
373
373
373
373
373
373
373
373
373
373
373
373
373
373
373
373
373
373
373
373
373
373
373
373
373
373.001
373.001
373.001
373.001
373.001
373.001
373.001
373.001
373.001
373.001
373.001
373.001
373.001
373.001
373.002
373.002
373.002
373.002
373.002
373.002
373.002
373.003
373.003
373.003
373.003
373.004
373.004
373.004
373.004
373.005
373.005
373.006
373.006
373.006
373.007
373.007
373.008
373.009
373.009
373.01
373.01
373.011
373.012
373.013
373.013
373.014
373.015
373.016
373.016
373.017
373.018
373.018
373.019
373.019
373.019
373.019
373.019
373.018
373.017
373.016
373.014
373.012
373.009
373.006
373.002
372.997
373
373
373
373
373
373
373
373
373
373
373
373
373
373
373
373
373
373
373
373
373
373
373
373
373
373
373
373
373
373
373
373
373
373
373
373
373
373.001
373.001
373.001
373.001
373.001
373.001
373.001
373.001
373.001
373.001
373.001
373.001
373.001
373.001
373.002
373.002
373.002
373.002
373.002
373.002
373.002
373.003
373.003
373.003
373.003
373.004
373.004
373.004
373.004
373.005
373.005
373.005
373.006
373.006
373.007
373.007
373.008
373.008
373.009
373.009
373.01
373.01
373.011
373.012
373.012
373.013
373.013
373.014
373.014
373.015
373.015
373.015
373.015
373.015
373.014
373.013
373.012
373.011
373.009
373.007
373.004
373.001
372.998
373
373
373
373
373
373
373
373
373
373
373
373
373
373
373
373
373
373
373
373
373
373
373
373
373
373
373
373
373
373
373
373
373
373
373
373
373
373
373
373
373
373.001
373.001
373.001
373.001
373.001
373.001
373.001
373.001
373.001
373.001
373.001
373.001
373.001
373.001
373.001
373.002
373.002
373.002
373.002
373.002
373.002
373.003
373.003
373.003
373.003
373.003
373.004
373.004
373.004
373.004
373.005
373.005
373.005
373.006
373.006
373.007
373.007
373.007
373.008
373.008
373.009
373.009
373.01
373.01
373.01
373.011
373.011
373.011
373.011
373.011
373.01
373.01
373.009
373.008
373.006
373.005
373.003
373.001
372.998
373
373
373
373
373
373
373
373
373
373
373
373
373
373
373
373
373
373
373
373
373
373
373
373
373
373
373
373
373
373
373
373
373
373
373
373
373
373
373
373
373
373
373
373
373
373
373
373
373.001
373.001
373.001
373.001
373.001
373.001
373.001
373.001
373.001
373.001
373.001
373.001
373.001
373.001
373.002
373.002
373.002
373.002
373.002
373.002
373.002
373.003
373.003
373.003
373.003
373.003
373.004
373.004
373.004
373.004
373.005
373.005
373.005
373.005
373.006
373.006
373.006
373.006
373.006
373.007
373.007
373.006
373.006
373.006
373.006
373.005
373.004
373.004
373.003
373.001
373
372.999
373
373
373
373
373
373
373
373
373
373
373
373
373
373
373
373
373
373
373
373
373
373
373
373
373
373
373
373
373
373
373
373
373
373
373
373
373
373
373
373
373
373
373
373
373
373
373
373
373
373
373
373
373
373
373
373
373
373.001
373.001
373.001
373.001
373.001
373.001
373.001
373.001
373.001
373.001
373.001
373.001
373.001
373.001
373.001
373.002
373.002
373.002
373.002
373.002
373.002
373.002
373.002
373.002
373.003
373.003
373.003
373.003
373.003
373.003
373.003
373.003
373.003
373.003
373.003
373.003
373.003
373.002
373.002
373.001
373.001
373
373
373.037
373
372.965
372.934
372.907
372.883
372.864
372.848
372.838
372.83
373.024
372.992
372.962
372.937
372.914
372.895
372.878
372.865
372.855
372.849
373.014
372.986
372.961
372.94
372.921
372.904
372.89
372.878
372.869
372.864
373.006
372.982
372.961
372.943
372.927
372.912
372.9
372.89
372.882
372.877
373
372.98
372.962
372.947
372.933
372.92
372.91
372.901
372.894
372.889
372.996
372.979
372.963
372.95
372.938
372.928
372.919
372.91
372.905
372.899
372.993
372.978
372.965
372.954
372.944
372.935
372.926
372.92
372.914
372.909
372.991
372.979
372.967
372.958
372.949
372.941
372.934
372.928
372.923
372.919
372.99
372.979
372.97
372.962
372.954
372.947
372.941
372.936
372.931
372.927
372.99
372.981
372.972
372.965
372.959
372.953
372.947
372.942
372.939
372.935
372.99
372.982
372.975
372.969
372.963
372.958
372.953
372.949
372.946
372.943
372.99
372.984
372.978
372.972
372.967
372.963
372.959
372.955
372.952
372.95
372.991
372.985
372.98
372.976
372.972
372.968
372.964
372.961
372.959
372.957
372.992
372.987
372.983
372.979
372.976
372.972
372.97
372.967
372.965
372.963
372.993
372.989
372.986
372.982
372.98
372.977
372.975
372.973
372.971
372.969
372.994
372.991
372.988
372.986
372.983
372.981
372.98
372.978
372.976
372.975
372.995
372.993
372.991
372.989
372.987
372.986
372.984
372.983
372.982
372.981
372.997
372.995
372.993
372.992
372.991
372.99
372.989
372.988
372.987
372.987
372.998
372.997
372.996
372.995
372.994
372.994
372.993
372.993
372.992
372.992
372.999
372.999
372.999
372.998
372.998
372.998
372.998
372.997
372.997
372.997
)
;

boundaryField
{
    down
    {
        type            symmetryPlane;
    }
    right
    {
        type            zeroGradient;
    }
    up
    {
        type            zeroGradient;
    }
    left
    {
        type            fixedValue;
        value           uniform 373;
    }
    cylinder
    {
        type            zeroGradient;
    }
    defaultFaces
    {
        type            empty;
    }
}


// ************************************************************************* //
