/*--------------------------------*- C++ -*----------------------------------*\
  =========                 |
  \\      /  F ield         | OpenFOAM: The Open Source CFD Toolbox
   \\    /   O peration     | Website:  https://openfoam.org
    \\  /    A nd           | Version:  8
     \\/     M anipulation  |
\*---------------------------------------------------------------------------*/
FoamFile
{
    version     2.0;
    format      ascii;
    class       volScalarField;
    location    "0.4";
    object      T;
}
// * * * * * * * * * * * * * * * * * * * * * * * * * * * * * * * * * * * * * //

dimensions      [0 0 0 1 0 0 0];

internalField   nonuniform List<scalar> 
2000
(
301.54673
301.54673
301.54673
301.54673
301.54673
301.54673
301.54673
301.54673
301.54673
301.54673
302.8627
302.8627
302.8627
302.8627
302.8627
302.8627
302.8627
302.8627
302.8627
302.8627
302.99079
302.99079
302.99079
302.99079
302.99079
302.99079
302.99079
302.99079
302.99079
302.99079
302.99952
302.99952
302.99952
302.99952
302.99952
302.99952
302.99952
302.99952
302.99952
302.99952
302.99998
302.99998
302.99998
302.99998
302.99998
302.99998
302.99998
302.99998
302.99998
302.99998
303
303
303
303
303
303
303
303
303
303
303
303
303
303
303
303
303
303
303
303
303
303
303
303
303
303
303
303
303
303
303
303
303
303
303
303
303
303
303
303
303
303
303
303
303
303
303
303
303
303
303
303
303
303
303
303
303
303
303
303
303
303
303
303
303
303
303
303
303
303
303
303
303
303
303
303
303
303
303
303
303
303
303
303
303
303
303
303
303
303
303
303
303
303
303
303
303
303
303
303
303
303
303
303
303
303
303
303
303
303
303
303
303
303
303
303
303
303
303
303
303
303
303
303
303
303
303
303
303
303
303
303
303
303
303
303
303
303
303
303
303
303
303
303
303
303
303
303
303
303
303
303
303
303
303
303
303
303
303
303
303
303
303
303
303
303
303
303
303
303
303
303
303
303
303
303
303
303
303
303
303
303
303
303
303
303
303
303
303
303
303
303
303
303
303
303
303
303
303
303
303
303
303
303
303
303
303
303
303
303
303
303
303
303
303
303
303
303
303
303
303
303
303
303
303
303
303
303
303
303
303
303
303
303
303
303
303
303
303
303
303
303
303
303
303
303
303
303
303
303
303
303
303
303
303
303
303
303
303
303
303
303
303
303
303
303
303
303
303
303
303
303
303
303
303
303
303
303
303
303
303
303
303
303
303
303
303
303
303
303
303
303
303
303
303
303
303
303
303
303
303
303
303
303
303
303
303
303
303
303
303
303
303
303
303
303
303
303
303
303
303
303
303
303
303
303
303
303
303
303
303
303
303
303
303
303
303
303
303
303
303
303
303
303
303
303
303
303
303
303
303
303
303
303
303
303
303
303
303
303
303
303
303
303
303
303
303
303
303
303
303
303
303
303
303
303
303
303
303
303
303
303
303
303
303
303
303
303
303
303
303
303
303
303
303
303
303
303
303
303
303
303
303
303
303
303
303
303
303
303
303
303
303
303
303
303
303
303
303
303
303
303
303
303
303
303
303
303
303
303
303
303
303
303
303
303
303
303
303
303
303
303
303
303
303
303
303
303
303
303
303
303
303
303
303
303
303
303
303
303
303
303
303
303
303
303
303
303
303
303
303
303
303
303
303
303
303
303
303
303
303
303
303
303
303
303
303
303
303
303
303
303
303
303
303
303
303
303
303
303
303
303
303
303
303
303
303
303
303
303
303
303
303
303
303
303
303
303
303
303
303
303
303
303
303
303
303
303
303
303
303
303
303
303
303
303
303
303
303
303
303
303
303
303
303
303
303
303
303
303
303
303
303
303
303
303
303
303
303
303
303
303
303
303
303
303
303
303
303
303
303
303
303
303
303
303
303
303
303
303
303
303
303
303
303
303
303
303
303
303
303
303
303
303
303
303
303
303
303
303
303
303
303
303
303
303
303
303
303
303
303
303
303
303
303
303
303
303
303
303
303
303
303
303
303
303
303
303
303
303
303
303
303
303
303
303
303
303
303
303
303
303
303
303
303
303
303
303
303
303
303
303
303
303
303
303
303
303
303
303
302.99999
302.99999
302.99999
302.99999
302.99999
302.99999
302.99999
302.99999
302.99999
302.99999
303
303
303
303
303
303
303
303
303
303
302.99999
302.99999
302.99999
302.99999
302.99999
302.99999
302.99999
302.99999
302.99999
302.99999
303
303
303
303
303
303
303
303
303
303
302.99999
302.99999
302.99999
302.99999
302.99999
302.99999
302.99999
302.99999
302.99999
302.99999
303.00001
303.00001
303.00001
303.00001
303.00001
303.00001
303.00001
303.00001
303.00001
303.00001
302.99999
302.99999
302.99999
302.99999
302.99999
302.99999
302.99999
302.99999
302.99999
302.99999
303.00001
303.00001
303.00001
303.00001
303.00001
303.00001
303.00001
303.00001
303.00001
303.00001
302.99999
302.99999
302.99999
302.99999
302.99999
302.99999
302.99999
302.99999
302.99999
302.99999
303.00001
303.00001
303.00001
303.00001
303.00001
303.00001
303.00001
303.00001
303.00001
303.00001
302.99999
302.99999
302.99999
302.99999
302.99999
302.99999
302.99999
302.99999
302.99999
302.99999
303.00001
303.00001
303.00001
303.00001
303.00001
303.00001
303.00001
303.00001
303.00001
303.00001
302.99999
302.99999
302.99999
302.99999
302.99999
302.99999
302.99999
302.99999
302.99999
302.99999
303.00001
303.00001
303.00001
303.00001
303.00001
303.00001
303.00001
303.00001
303.00001
303.00001
302.99999
302.99999
302.99999
302.99999
302.99999
302.99999
302.99999
302.99999
302.99999
302.99999
303.00001
303.00001
303.00001
303.00001
303.00001
303.00001
303.00001
303.00001
303.00001
303.00001
302.99999
302.99999
302.99999
302.99999
302.99999
302.99999
302.99999
302.99999
302.99999
302.99999
303.00001
303.00001
303.00001
303.00001
303.00001
303.00001
303.00001
303.00001
303.00001
303.00001
302.99998
302.99998
302.99998
302.99998
302.99998
302.99998
302.99998
302.99998
302.99998
302.99998
303.00001
303.00001
303.00001
303.00001
303.00001
303.00001
303.00001
303.00001
303.00001
303.00001
302.99998
302.99998
302.99998
302.99998
302.99998
302.99998
302.99998
302.99998
302.99998
302.99998
303.00002
303.00002
303.00002
303.00002
303.00002
303.00002
303.00002
303.00002
303.00002
303.00002
302.99998
302.99998
302.99998
302.99998
302.99998
302.99998
302.99998
302.99998
302.99998
302.99998
303.00002
303.00002
303.00002
303.00002
303.00002
303.00002
303.00002
303.00002
303.00002
303.00002
302.99998
302.99998
302.99998
302.99998
302.99998
302.99998
302.99998
302.99998
302.99998
302.99998
303.00002
303.00002
303.00002
303.00002
303.00002
303.00002
303.00002
303.00002
303.00002
303.00002
302.99998
302.99998
302.99998
302.99998
302.99998
302.99998
302.99998
302.99998
302.99998
302.99998
303.00002
303.00002
303.00002
303.00002
303.00002
303.00002
303.00002
303.00002
303.00002
303.00002
302.99997
302.99997
302.99997
302.99997
302.99997
302.99997
302.99997
302.99997
302.99997
302.99997
301.54673
301.54673
301.54673
301.54673
301.54673
301.54673
301.54673
301.54673
301.54673
301.54673
302.8627
302.8627
302.8627
302.8627
302.8627
302.8627
302.8627
302.8627
302.8627
302.8627
302.99079
302.99079
302.99079
302.99079
302.99079
302.99079
302.99079
302.99079
302.99079
302.99079
302.99952
302.99952
302.99952
302.99952
302.99952
302.99952
302.99952
302.99952
302.99952
302.99952
302.99998
302.99998
302.99998
302.99998
302.99998
302.99998
302.99998
302.99998
302.99998
302.99998
303
303
303
303
303
303
303
303
303
303
303
303
303
303
303
303
303
303
303
303
303
303
303
303
303
303
303
303
303
303
303
303
303
303
303
303
303
303
303
303
303
303
303
303
303
303
303
303
303
303
303
303
303
303
303
303
303
303
303
303
303
303
303
303
303
303
303
303
303
303
303
303
303
303
303
303
303
303
303
303
303
303
303
303
303
303
303
303
303
303
303
303
303
303
303
303
303
303
303
303
303
303
303
303
303
303
303
303
303
303
303
303
303
303
303
303
303
303
303
303
303
303
303
303
303
303
303
303
303
303
303
303
303
303
303
303
303
303
303
303
303
303
303
303
303
303
303
303
303
303
303
303
303
303
303
303
303
303
303
303
303
303
303
303
303
303
303
303
303
303
303
303
303
303
303
303
303
303
303
303
303
303
303
303
303
303
303
303
303
303
303
303
303
303
303
303
303
303
303
303
303
303
303
303
303
303
303
303
303
303
303
303
303
303
303
303
303
303
303
303
303
303
303
303
303
303
303
303
303
303
303
303
303
303
303
303
303
303
303
303
303
303
303
303
303
303
303
303
303
303
303
303
303
303
303
303
303
303
303
303
303
303
303
303
303
303
303
303
303
303
303
303
303
303
303
303
303
303
303
303
303
303
303
303
303
303
303
303
303
303
303
303
303
303
303
303
303
303
303
303
303
303
303
303
303
303
303
303
303
303
303
303
303
303
303
303
303
303
303
303
303
303
303
303
303
303
303
303
303
303
303
303
303
303
303
303
303
303
303
303
303
303
303
303
303
303
303
303
303
303
303
303
303
303
303
303
303
303
303
303
303
303
303
303
303
303
303
303
303
303
303
303
303
303
303
303
303
303
303
303
303
303
303
303
303
303
303
303
303
303
303
303
303
303
303
303
303
303
303
303
303
303
303
303
303
303
303
303
303
303
303
303
303
303
303
303
303
303
303
303
303
303
303
303
303
303
303
303
303
303
303
303
303
303
303
303
303
303
303
303
303
303
303
303
303
303
303
303
303
303
303
303
303
303
303
303
303
303
303
303
303
303
303
303
303
303
303
303
303
303
303
303
303
303
303
303
303
303
303
303
303
303
303
303
303
303
303
303
303
303
303
303
303
303
303
303
303
303
303
303
303
303
303
303
303
303
303
303
303
303
303
303
303
303
303
303
303
303
303
303
303
303
303
303
303
303
303
303
303
303
303
303
303
303
303
303
303
303
303
303
303
303
303
303
303
303
303
303
303
303
303
303
303
303
303
303
303
303
303
303
303
303
303
303
303
303
303
303
303
303
303
303
303
303
303
303
303
303
303
303
303
303
303
303
303
303
303
303
303
303
303
303
303
303
303
303
303
303
303
303
303
303
303
303
303
303
303
303
303
303
303
303
303
303
303
303
303
303
303
303
303
303
303
303
303
303
303
303
303
303
303
303
303
303
303
303
303
303
303
303
303
303
303
303
303
303
303
303
303
303
303
303
303
303
303
303
303
303
303
303
302.99999
302.99999
302.99999
302.99999
302.99999
302.99999
302.99999
302.99999
302.99999
302.99999
303
303
303
303
303
303
303
303
303
303
302.99999
302.99999
302.99999
302.99999
302.99999
302.99999
302.99999
302.99999
302.99999
302.99999
303
303
303
303
303
303
303
303
303
303
302.99999
302.99999
302.99999
302.99999
302.99999
302.99999
302.99999
302.99999
302.99999
302.99999
303.00001
303.00001
303.00001
303.00001
303.00001
303.00001
303.00001
303.00001
303.00001
303.00001
302.99999
302.99999
302.99999
302.99999
302.99999
302.99999
302.99999
302.99999
302.99999
302.99999
303.00001
303.00001
303.00001
303.00001
303.00001
303.00001
303.00001
303.00001
303.00001
303.00001
302.99999
302.99999
302.99999
302.99999
302.99999
302.99999
302.99999
302.99999
302.99999
302.99999
303.00001
303.00001
303.00001
303.00001
303.00001
303.00001
303.00001
303.00001
303.00001
303.00001
302.99999
302.99999
302.99999
302.99999
302.99999
302.99999
302.99999
302.99999
302.99999
302.99999
303.00001
303.00001
303.00001
303.00001
303.00001
303.00001
303.00001
303.00001
303.00001
303.00001
302.99999
302.99999
302.99999
302.99999
302.99999
302.99999
302.99999
302.99999
302.99999
302.99999
303.00001
303.00001
303.00001
303.00001
303.00001
303.00001
303.00001
303.00001
303.00001
303.00001
302.99999
302.99999
302.99999
302.99999
302.99999
302.99999
302.99999
302.99999
302.99999
302.99999
303.00001
303.00001
303.00001
303.00001
303.00001
303.00001
303.00001
303.00001
303.00001
303.00001
302.99999
302.99999
302.99999
302.99999
302.99999
302.99999
302.99999
302.99999
302.99999
302.99999
303.00001
303.00001
303.00001
303.00001
303.00001
303.00001
303.00001
303.00001
303.00001
303.00001
302.99998
302.99998
302.99998
302.99998
302.99998
302.99998
302.99998
302.99998
302.99998
302.99998
303.00001
303.00001
303.00001
303.00001
303.00001
303.00001
303.00001
303.00001
303.00001
303.00001
302.99998
302.99998
302.99998
302.99998
302.99998
302.99998
302.99998
302.99998
302.99998
302.99998
303.00002
303.00002
303.00002
303.00002
303.00002
303.00002
303.00002
303.00002
303.00002
303.00002
302.99998
302.99998
302.99998
302.99998
302.99998
302.99998
302.99998
302.99998
302.99998
302.99998
303.00002
303.00002
303.00002
303.00002
303.00002
303.00002
303.00002
303.00002
303.00002
303.00002
302.99998
302.99998
302.99998
302.99998
302.99998
302.99998
302.99998
302.99998
302.99998
302.99998
303.00002
303.00002
303.00002
303.00002
303.00002
303.00002
303.00002
303.00002
303.00002
303.00002
302.99998
302.99998
302.99998
302.99998
302.99998
302.99998
302.99998
302.99998
302.99998
302.99998
303.00002
303.00002
303.00002
303.00002
303.00002
303.00002
303.00002
303.00002
303.00002
303.00002
302.99997
302.99997
302.99997
302.99997
302.99997
302.99997
302.99997
302.99997
302.99997
302.99997
)
;

boundaryField
{
    left
    {
        type            zeroGradient;
    }
    right
    {
        type            zeroGradient;
    }
    walls
    {
        type            fixedValue;
        value           uniform 302;
    }
    centreline
    {
        type            fixedValue;
        value           uniform 303;
    }
    frontAndBack
    {
        type            zeroGradient;
    }
}


// ************************************************************************* //
