/*--------------------------------*- C++ -*----------------------------------*\
  =========                 |
  \\      /  F ield         | OpenFOAM: The Open Source CFD Toolbox
   \\    /   O peration     | Website:  https://openfoam.org
    \\  /    A nd           | Version:  8
     \\/     M anipulation  |
\*---------------------------------------------------------------------------*/
FoamFile
{
    version     2.0;
    format      ascii;
    class       labelList;
    note        "nPoints: 3333 nCells: 2000 nFaces: 7220 nInternalFaces: 4780";
    location    "constant/polyMesh";
    object      neighbour;
}
// * * * * * * * * * * * * * * * * * * * * * * * * * * * * * * * * * * * * * //


4780
(
1
10
1000
2
11
1001
3
12
1002
4
13
1003
5
14
1004
6
15
1005
7
16
1006
8
17
1007
9
18
1008
19
1009
11
20
1010
12
21
1011
13
22
1012
14
23
1013
15
24
1014
16
25
1015
17
26
1016
18
27
1017
19
28
1018
29
1019
21
30
1020
22
31
1021
23
32
1022
24
33
1023
25
34
1024
26
35
1025
27
36
1026
28
37
1027
29
38
1028
39
1029
31
40
1030
32
41
1031
33
42
1032
34
43
1033
35
44
1034
36
45
1035
37
46
1036
38
47
1037
39
48
1038
49
1039
41
50
1040
42
51
1041
43
52
1042
44
53
1043
45
54
1044
46
55
1045
47
56
1046
48
57
1047
49
58
1048
59
1049
51
60
1050
52
61
1051
53
62
1052
54
63
1053
55
64
1054
56
65
1055
57
66
1056
58
67
1057
59
68
1058
69
1059
61
70
1060
62
71
1061
63
72
1062
64
73
1063
65
74
1064
66
75
1065
67
76
1066
68
77
1067
69
78
1068
79
1069
71
80
1070
72
81
1071
73
82
1072
74
83
1073
75
84
1074
76
85
1075
77
86
1076
78
87
1077
79
88
1078
89
1079
81
90
1080
82
91
1081
83
92
1082
84
93
1083
85
94
1084
86
95
1085
87
96
1086
88
97
1087
89
98
1088
99
1089
91
100
1090
92
101
1091
93
102
1092
94
103
1093
95
104
1094
96
105
1095
97
106
1096
98
107
1097
99
108
1098
109
1099
101
110
1100
102
111
1101
103
112
1102
104
113
1103
105
114
1104
106
115
1105
107
116
1106
108
117
1107
109
118
1108
119
1109
111
120
1110
112
121
1111
113
122
1112
114
123
1113
115
124
1114
116
125
1115
117
126
1116
118
127
1117
119
128
1118
129
1119
121
130
1120
122
131
1121
123
132
1122
124
133
1123
125
134
1124
126
135
1125
127
136
1126
128
137
1127
129
138
1128
139
1129
131
140
1130
132
141
1131
133
142
1132
134
143
1133
135
144
1134
136
145
1135
137
146
1136
138
147
1137
139
148
1138
149
1139
141
150
1140
142
151
1141
143
152
1142
144
153
1143
145
154
1144
146
155
1145
147
156
1146
148
157
1147
149
158
1148
159
1149
151
160
1150
152
161
1151
153
162
1152
154
163
1153
155
164
1154
156
165
1155
157
166
1156
158
167
1157
159
168
1158
169
1159
161
170
1160
162
171
1161
163
172
1162
164
173
1163
165
174
1164
166
175
1165
167
176
1166
168
177
1167
169
178
1168
179
1169
171
180
1170
172
181
1171
173
182
1172
174
183
1173
175
184
1174
176
185
1175
177
186
1176
178
187
1177
179
188
1178
189
1179
181
190
1180
182
191
1181
183
192
1182
184
193
1183
185
194
1184
186
195
1185
187
196
1186
188
197
1187
189
198
1188
199
1189
191
200
1190
192
201
1191
193
202
1192
194
203
1193
195
204
1194
196
205
1195
197
206
1196
198
207
1197
199
208
1198
209
1199
201
210
1200
202
211
1201
203
212
1202
204
213
1203
205
214
1204
206
215
1205
207
216
1206
208
217
1207
209
218
1208
219
1209
211
220
1210
212
221
1211
213
222
1212
214
223
1213
215
224
1214
216
225
1215
217
226
1216
218
227
1217
219
228
1218
229
1219
221
230
1220
222
231
1221
223
232
1222
224
233
1223
225
234
1224
226
235
1225
227
236
1226
228
237
1227
229
238
1228
239
1229
231
240
1230
232
241
1231
233
242
1232
234
243
1233
235
244
1234
236
245
1235
237
246
1236
238
247
1237
239
248
1238
249
1239
241
250
1240
242
251
1241
243
252
1242
244
253
1243
245
254
1244
246
255
1245
247
256
1246
248
257
1247
249
258
1248
259
1249
251
260
1250
252
261
1251
253
262
1252
254
263
1253
255
264
1254
256
265
1255
257
266
1256
258
267
1257
259
268
1258
269
1259
261
270
1260
262
271
1261
263
272
1262
264
273
1263
265
274
1264
266
275
1265
267
276
1266
268
277
1267
269
278
1268
279
1269
271
280
1270
272
281
1271
273
282
1272
274
283
1273
275
284
1274
276
285
1275
277
286
1276
278
287
1277
279
288
1278
289
1279
281
290
1280
282
291
1281
283
292
1282
284
293
1283
285
294
1284
286
295
1285
287
296
1286
288
297
1287
289
298
1288
299
1289
291
300
1290
292
301
1291
293
302
1292
294
303
1293
295
304
1294
296
305
1295
297
306
1296
298
307
1297
299
308
1298
309
1299
301
310
1300
302
311
1301
303
312
1302
304
313
1303
305
314
1304
306
315
1305
307
316
1306
308
317
1307
309
318
1308
319
1309
311
320
1310
312
321
1311
313
322
1312
314
323
1313
315
324
1314
316
325
1315
317
326
1316
318
327
1317
319
328
1318
329
1319
321
330
1320
322
331
1321
323
332
1322
324
333
1323
325
334
1324
326
335
1325
327
336
1326
328
337
1327
329
338
1328
339
1329
331
340
1330
332
341
1331
333
342
1332
334
343
1333
335
344
1334
336
345
1335
337
346
1336
338
347
1337
339
348
1338
349
1339
341
350
1340
342
351
1341
343
352
1342
344
353
1343
345
354
1344
346
355
1345
347
356
1346
348
357
1347
349
358
1348
359
1349
351
360
1350
352
361
1351
353
362
1352
354
363
1353
355
364
1354
356
365
1355
357
366
1356
358
367
1357
359
368
1358
369
1359
361
370
1360
362
371
1361
363
372
1362
364
373
1363
365
374
1364
366
375
1365
367
376
1366
368
377
1367
369
378
1368
379
1369
371
380
1370
372
381
1371
373
382
1372
374
383
1373
375
384
1374
376
385
1375
377
386
1376
378
387
1377
379
388
1378
389
1379
381
390
1380
382
391
1381
383
392
1382
384
393
1383
385
394
1384
386
395
1385
387
396
1386
388
397
1387
389
398
1388
399
1389
391
400
1390
392
401
1391
393
402
1392
394
403
1393
395
404
1394
396
405
1395
397
406
1396
398
407
1397
399
408
1398
409
1399
401
410
1400
402
411
1401
403
412
1402
404
413
1403
405
414
1404
406
415
1405
407
416
1406
408
417
1407
409
418
1408
419
1409
411
420
1410
412
421
1411
413
422
1412
414
423
1413
415
424
1414
416
425
1415
417
426
1416
418
427
1417
419
428
1418
429
1419
421
430
1420
422
431
1421
423
432
1422
424
433
1423
425
434
1424
426
435
1425
427
436
1426
428
437
1427
429
438
1428
439
1429
431
440
1430
432
441
1431
433
442
1432
434
443
1433
435
444
1434
436
445
1435
437
446
1436
438
447
1437
439
448
1438
449
1439
441
450
1440
442
451
1441
443
452
1442
444
453
1443
445
454
1444
446
455
1445
447
456
1446
448
457
1447
449
458
1448
459
1449
451
460
1450
452
461
1451
453
462
1452
454
463
1453
455
464
1454
456
465
1455
457
466
1456
458
467
1457
459
468
1458
469
1459
461
470
1460
462
471
1461
463
472
1462
464
473
1463
465
474
1464
466
475
1465
467
476
1466
468
477
1467
469
478
1468
479
1469
471
480
1470
472
481
1471
473
482
1472
474
483
1473
475
484
1474
476
485
1475
477
486
1476
478
487
1477
479
488
1478
489
1479
481
490
1480
482
491
1481
483
492
1482
484
493
1483
485
494
1484
486
495
1485
487
496
1486
488
497
1487
489
498
1488
499
1489
491
500
1490
492
501
1491
493
502
1492
494
503
1493
495
504
1494
496
505
1495
497
506
1496
498
507
1497
499
508
1498
509
1499
501
510
1500
502
511
1501
503
512
1502
504
513
1503
505
514
1504
506
515
1505
507
516
1506
508
517
1507
509
518
1508
519
1509
511
520
1510
512
521
1511
513
522
1512
514
523
1513
515
524
1514
516
525
1515
517
526
1516
518
527
1517
519
528
1518
529
1519
521
530
1520
522
531
1521
523
532
1522
524
533
1523
525
534
1524
526
535
1525
527
536
1526
528
537
1527
529
538
1528
539
1529
531
540
1530
532
541
1531
533
542
1532
534
543
1533
535
544
1534
536
545
1535
537
546
1536
538
547
1537
539
548
1538
549
1539
541
550
1540
542
551
1541
543
552
1542
544
553
1543
545
554
1544
546
555
1545
547
556
1546
548
557
1547
549
558
1548
559
1549
551
560
1550
552
561
1551
553
562
1552
554
563
1553
555
564
1554
556
565
1555
557
566
1556
558
567
1557
559
568
1558
569
1559
561
570
1560
562
571
1561
563
572
1562
564
573
1563
565
574
1564
566
575
1565
567
576
1566
568
577
1567
569
578
1568
579
1569
571
580
1570
572
581
1571
573
582
1572
574
583
1573
575
584
1574
576
585
1575
577
586
1576
578
587
1577
579
588
1578
589
1579
581
590
1580
582
591
1581
583
592
1582
584
593
1583
585
594
1584
586
595
1585
587
596
1586
588
597
1587
589
598
1588
599
1589
591
600
1590
592
601
1591
593
602
1592
594
603
1593
595
604
1594
596
605
1595
597
606
1596
598
607
1597
599
608
1598
609
1599
601
610
1600
602
611
1601
603
612
1602
604
613
1603
605
614
1604
606
615
1605
607
616
1606
608
617
1607
609
618
1608
619
1609
611
620
1610
612
621
1611
613
622
1612
614
623
1613
615
624
1614
616
625
1615
617
626
1616
618
627
1617
619
628
1618
629
1619
621
630
1620
622
631
1621
623
632
1622
624
633
1623
625
634
1624
626
635
1625
627
636
1626
628
637
1627
629
638
1628
639
1629
631
640
1630
632
641
1631
633
642
1632
634
643
1633
635
644
1634
636
645
1635
637
646
1636
638
647
1637
639
648
1638
649
1639
641
650
1640
642
651
1641
643
652
1642
644
653
1643
645
654
1644
646
655
1645
647
656
1646
648
657
1647
649
658
1648
659
1649
651
660
1650
652
661
1651
653
662
1652
654
663
1653
655
664
1654
656
665
1655
657
666
1656
658
667
1657
659
668
1658
669
1659
661
670
1660
662
671
1661
663
672
1662
664
673
1663
665
674
1664
666
675
1665
667
676
1666
668
677
1667
669
678
1668
679
1669
671
680
1670
672
681
1671
673
682
1672
674
683
1673
675
684
1674
676
685
1675
677
686
1676
678
687
1677
679
688
1678
689
1679
681
690
1680
682
691
1681
683
692
1682
684
693
1683
685
694
1684
686
695
1685
687
696
1686
688
697
1687
689
698
1688
699
1689
691
700
1690
692
701
1691
693
702
1692
694
703
1693
695
704
1694
696
705
1695
697
706
1696
698
707
1697
699
708
1698
709
1699
701
710
1700
702
711
1701
703
712
1702
704
713
1703
705
714
1704
706
715
1705
707
716
1706
708
717
1707
709
718
1708
719
1709
711
720
1710
712
721
1711
713
722
1712
714
723
1713
715
724
1714
716
725
1715
717
726
1716
718
727
1717
719
728
1718
729
1719
721
730
1720
722
731
1721
723
732
1722
724
733
1723
725
734
1724
726
735
1725
727
736
1726
728
737
1727
729
738
1728
739
1729
731
740
1730
732
741
1731
733
742
1732
734
743
1733
735
744
1734
736
745
1735
737
746
1736
738
747
1737
739
748
1738
749
1739
741
750
1740
742
751
1741
743
752
1742
744
753
1743
745
754
1744
746
755
1745
747
756
1746
748
757
1747
749
758
1748
759
1749
751
760
1750
752
761
1751
753
762
1752
754
763
1753
755
764
1754
756
765
1755
757
766
1756
758
767
1757
759
768
1758
769
1759
761
770
1760
762
771
1761
763
772
1762
764
773
1763
765
774
1764
766
775
1765
767
776
1766
768
777
1767
769
778
1768
779
1769
771
780
1770
772
781
1771
773
782
1772
774
783
1773
775
784
1774
776
785
1775
777
786
1776
778
787
1777
779
788
1778
789
1779
781
790
1780
782
791
1781
783
792
1782
784
793
1783
785
794
1784
786
795
1785
787
796
1786
788
797
1787
789
798
1788
799
1789
791
800
1790
792
801
1791
793
802
1792
794
803
1793
795
804
1794
796
805
1795
797
806
1796
798
807
1797
799
808
1798
809
1799
801
810
1800
802
811
1801
803
812
1802
804
813
1803
805
814
1804
806
815
1805
807
816
1806
808
817
1807
809
818
1808
819
1809
811
820
1810
812
821
1811
813
822
1812
814
823
1813
815
824
1814
816
825
1815
817
826
1816
818
827
1817
819
828
1818
829
1819
821
830
1820
822
831
1821
823
832
1822
824
833
1823
825
834
1824
826
835
1825
827
836
1826
828
837
1827
829
838
1828
839
1829
831
840
1830
832
841
1831
833
842
1832
834
843
1833
835
844
1834
836
845
1835
837
846
1836
838
847
1837
839
848
1838
849
1839
841
850
1840
842
851
1841
843
852
1842
844
853
1843
845
854
1844
846
855
1845
847
856
1846
848
857
1847
849
858
1848
859
1849
851
860
1850
852
861
1851
853
862
1852
854
863
1853
855
864
1854
856
865
1855
857
866
1856
858
867
1857
859
868
1858
869
1859
861
870
1860
862
871
1861
863
872
1862
864
873
1863
865
874
1864
866
875
1865
867
876
1866
868
877
1867
869
878
1868
879
1869
871
880
1870
872
881
1871
873
882
1872
874
883
1873
875
884
1874
876
885
1875
877
886
1876
878
887
1877
879
888
1878
889
1879
881
890
1880
882
891
1881
883
892
1882
884
893
1883
885
894
1884
886
895
1885
887
896
1886
888
897
1887
889
898
1888
899
1889
891
900
1890
892
901
1891
893
902
1892
894
903
1893
895
904
1894
896
905
1895
897
906
1896
898
907
1897
899
908
1898
909
1899
901
910
1900
902
911
1901
903
912
1902
904
913
1903
905
914
1904
906
915
1905
907
916
1906
908
917
1907
909
918
1908
919
1909
911
920
1910
912
921
1911
913
922
1912
914
923
1913
915
924
1914
916
925
1915
917
926
1916
918
927
1917
919
928
1918
929
1919
921
930
1920
922
931
1921
923
932
1922
924
933
1923
925
934
1924
926
935
1925
927
936
1926
928
937
1927
929
938
1928
939
1929
931
940
1930
932
941
1931
933
942
1932
934
943
1933
935
944
1934
936
945
1935
937
946
1936
938
947
1937
939
948
1938
949
1939
941
950
1940
942
951
1941
943
952
1942
944
953
1943
945
954
1944
946
955
1945
947
956
1946
948
957
1947
949
958
1948
959
1949
951
960
1950
952
961
1951
953
962
1952
954
963
1953
955
964
1954
956
965
1955
957
966
1956
958
967
1957
959
968
1958
969
1959
961
970
1960
962
971
1961
963
972
1962
964
973
1963
965
974
1964
966
975
1965
967
976
1966
968
977
1967
969
978
1968
979
1969
971
980
1970
972
981
1971
973
982
1972
974
983
1973
975
984
1974
976
985
1975
977
986
1976
978
987
1977
979
988
1978
989
1979
981
990
1980
982
991
1981
983
992
1982
984
993
1983
985
994
1984
986
995
1985
987
996
1986
988
997
1987
989
998
1988
999
1989
991
1990
992
1991
993
1992
994
1993
995
1994
996
1995
997
1996
998
1997
999
1998
1999
1001
1010
1002
1011
1003
1012
1004
1013
1005
1014
1006
1015
1007
1016
1008
1017
1009
1018
1019
1011
1020
1012
1021
1013
1022
1014
1023
1015
1024
1016
1025
1017
1026
1018
1027
1019
1028
1029
1021
1030
1022
1031
1023
1032
1024
1033
1025
1034
1026
1035
1027
1036
1028
1037
1029
1038
1039
1031
1040
1032
1041
1033
1042
1034
1043
1035
1044
1036
1045
1037
1046
1038
1047
1039
1048
1049
1041
1050
1042
1051
1043
1052
1044
1053
1045
1054
1046
1055
1047
1056
1048
1057
1049
1058
1059
1051
1060
1052
1061
1053
1062
1054
1063
1055
1064
1056
1065
1057
1066
1058
1067
1059
1068
1069
1061
1070
1062
1071
1063
1072
1064
1073
1065
1074
1066
1075
1067
1076
1068
1077
1069
1078
1079
1071
1080
1072
1081
1073
1082
1074
1083
1075
1084
1076
1085
1077
1086
1078
1087
1079
1088
1089
1081
1090
1082
1091
1083
1092
1084
1093
1085
1094
1086
1095
1087
1096
1088
1097
1089
1098
1099
1091
1100
1092
1101
1093
1102
1094
1103
1095
1104
1096
1105
1097
1106
1098
1107
1099
1108
1109
1101
1110
1102
1111
1103
1112
1104
1113
1105
1114
1106
1115
1107
1116
1108
1117
1109
1118
1119
1111
1120
1112
1121
1113
1122
1114
1123
1115
1124
1116
1125
1117
1126
1118
1127
1119
1128
1129
1121
1130
1122
1131
1123
1132
1124
1133
1125
1134
1126
1135
1127
1136
1128
1137
1129
1138
1139
1131
1140
1132
1141
1133
1142
1134
1143
1135
1144
1136
1145
1137
1146
1138
1147
1139
1148
1149
1141
1150
1142
1151
1143
1152
1144
1153
1145
1154
1146
1155
1147
1156
1148
1157
1149
1158
1159
1151
1160
1152
1161
1153
1162
1154
1163
1155
1164
1156
1165
1157
1166
1158
1167
1159
1168
1169
1161
1170
1162
1171
1163
1172
1164
1173
1165
1174
1166
1175
1167
1176
1168
1177
1169
1178
1179
1171
1180
1172
1181
1173
1182
1174
1183
1175
1184
1176
1185
1177
1186
1178
1187
1179
1188
1189
1181
1190
1182
1191
1183
1192
1184
1193
1185
1194
1186
1195
1187
1196
1188
1197
1189
1198
1199
1191
1200
1192
1201
1193
1202
1194
1203
1195
1204
1196
1205
1197
1206
1198
1207
1199
1208
1209
1201
1210
1202
1211
1203
1212
1204
1213
1205
1214
1206
1215
1207
1216
1208
1217
1209
1218
1219
1211
1220
1212
1221
1213
1222
1214
1223
1215
1224
1216
1225
1217
1226
1218
1227
1219
1228
1229
1221
1230
1222
1231
1223
1232
1224
1233
1225
1234
1226
1235
1227
1236
1228
1237
1229
1238
1239
1231
1240
1232
1241
1233
1242
1234
1243
1235
1244
1236
1245
1237
1246
1238
1247
1239
1248
1249
1241
1250
1242
1251
1243
1252
1244
1253
1245
1254
1246
1255
1247
1256
1248
1257
1249
1258
1259
1251
1260
1252
1261
1253
1262
1254
1263
1255
1264
1256
1265
1257
1266
1258
1267
1259
1268
1269
1261
1270
1262
1271
1263
1272
1264
1273
1265
1274
1266
1275
1267
1276
1268
1277
1269
1278
1279
1271
1280
1272
1281
1273
1282
1274
1283
1275
1284
1276
1285
1277
1286
1278
1287
1279
1288
1289
1281
1290
1282
1291
1283
1292
1284
1293
1285
1294
1286
1295
1287
1296
1288
1297
1289
1298
1299
1291
1300
1292
1301
1293
1302
1294
1303
1295
1304
1296
1305
1297
1306
1298
1307
1299
1308
1309
1301
1310
1302
1311
1303
1312
1304
1313
1305
1314
1306
1315
1307
1316
1308
1317
1309
1318
1319
1311
1320
1312
1321
1313
1322
1314
1323
1315
1324
1316
1325
1317
1326
1318
1327
1319
1328
1329
1321
1330
1322
1331
1323
1332
1324
1333
1325
1334
1326
1335
1327
1336
1328
1337
1329
1338
1339
1331
1340
1332
1341
1333
1342
1334
1343
1335
1344
1336
1345
1337
1346
1338
1347
1339
1348
1349
1341
1350
1342
1351
1343
1352
1344
1353
1345
1354
1346
1355
1347
1356
1348
1357
1349
1358
1359
1351
1360
1352
1361
1353
1362
1354
1363
1355
1364
1356
1365
1357
1366
1358
1367
1359
1368
1369
1361
1370
1362
1371
1363
1372
1364
1373
1365
1374
1366
1375
1367
1376
1368
1377
1369
1378
1379
1371
1380
1372
1381
1373
1382
1374
1383
1375
1384
1376
1385
1377
1386
1378
1387
1379
1388
1389
1381
1390
1382
1391
1383
1392
1384
1393
1385
1394
1386
1395
1387
1396
1388
1397
1389
1398
1399
1391
1400
1392
1401
1393
1402
1394
1403
1395
1404
1396
1405
1397
1406
1398
1407
1399
1408
1409
1401
1410
1402
1411
1403
1412
1404
1413
1405
1414
1406
1415
1407
1416
1408
1417
1409
1418
1419
1411
1420
1412
1421
1413
1422
1414
1423
1415
1424
1416
1425
1417
1426
1418
1427
1419
1428
1429
1421
1430
1422
1431
1423
1432
1424
1433
1425
1434
1426
1435
1427
1436
1428
1437
1429
1438
1439
1431
1440
1432
1441
1433
1442
1434
1443
1435
1444
1436
1445
1437
1446
1438
1447
1439
1448
1449
1441
1450
1442
1451
1443
1452
1444
1453
1445
1454
1446
1455
1447
1456
1448
1457
1449
1458
1459
1451
1460
1452
1461
1453
1462
1454
1463
1455
1464
1456
1465
1457
1466
1458
1467
1459
1468
1469
1461
1470
1462
1471
1463
1472
1464
1473
1465
1474
1466
1475
1467
1476
1468
1477
1469
1478
1479
1471
1480
1472
1481
1473
1482
1474
1483
1475
1484
1476
1485
1477
1486
1478
1487
1479
1488
1489
1481
1490
1482
1491
1483
1492
1484
1493
1485
1494
1486
1495
1487
1496
1488
1497
1489
1498
1499
1491
1500
1492
1501
1493
1502
1494
1503
1495
1504
1496
1505
1497
1506
1498
1507
1499
1508
1509
1501
1510
1502
1511
1503
1512
1504
1513
1505
1514
1506
1515
1507
1516
1508
1517
1509
1518
1519
1511
1520
1512
1521
1513
1522
1514
1523
1515
1524
1516
1525
1517
1526
1518
1527
1519
1528
1529
1521
1530
1522
1531
1523
1532
1524
1533
1525
1534
1526
1535
1527
1536
1528
1537
1529
1538
1539
1531
1540
1532
1541
1533
1542
1534
1543
1535
1544
1536
1545
1537
1546
1538
1547
1539
1548
1549
1541
1550
1542
1551
1543
1552
1544
1553
1545
1554
1546
1555
1547
1556
1548
1557
1549
1558
1559
1551
1560
1552
1561
1553
1562
1554
1563
1555
1564
1556
1565
1557
1566
1558
1567
1559
1568
1569
1561
1570
1562
1571
1563
1572
1564
1573
1565
1574
1566
1575
1567
1576
1568
1577
1569
1578
1579
1571
1580
1572
1581
1573
1582
1574
1583
1575
1584
1576
1585
1577
1586
1578
1587
1579
1588
1589
1581
1590
1582
1591
1583
1592
1584
1593
1585
1594
1586
1595
1587
1596
1588
1597
1589
1598
1599
1591
1600
1592
1601
1593
1602
1594
1603
1595
1604
1596
1605
1597
1606
1598
1607
1599
1608
1609
1601
1610
1602
1611
1603
1612
1604
1613
1605
1614
1606
1615
1607
1616
1608
1617
1609
1618
1619
1611
1620
1612
1621
1613
1622
1614
1623
1615
1624
1616
1625
1617
1626
1618
1627
1619
1628
1629
1621
1630
1622
1631
1623
1632
1624
1633
1625
1634
1626
1635
1627
1636
1628
1637
1629
1638
1639
1631
1640
1632
1641
1633
1642
1634
1643
1635
1644
1636
1645
1637
1646
1638
1647
1639
1648
1649
1641
1650
1642
1651
1643
1652
1644
1653
1645
1654
1646
1655
1647
1656
1648
1657
1649
1658
1659
1651
1660
1652
1661
1653
1662
1654
1663
1655
1664
1656
1665
1657
1666
1658
1667
1659
1668
1669
1661
1670
1662
1671
1663
1672
1664
1673
1665
1674
1666
1675
1667
1676
1668
1677
1669
1678
1679
1671
1680
1672
1681
1673
1682
1674
1683
1675
1684
1676
1685
1677
1686
1678
1687
1679
1688
1689
1681
1690
1682
1691
1683
1692
1684
1693
1685
1694
1686
1695
1687
1696
1688
1697
1689
1698
1699
1691
1700
1692
1701
1693
1702
1694
1703
1695
1704
1696
1705
1697
1706
1698
1707
1699
1708
1709
1701
1710
1702
1711
1703
1712
1704
1713
1705
1714
1706
1715
1707
1716
1708
1717
1709
1718
1719
1711
1720
1712
1721
1713
1722
1714
1723
1715
1724
1716
1725
1717
1726
1718
1727
1719
1728
1729
1721
1730
1722
1731
1723
1732
1724
1733
1725
1734
1726
1735
1727
1736
1728
1737
1729
1738
1739
1731
1740
1732
1741
1733
1742
1734
1743
1735
1744
1736
1745
1737
1746
1738
1747
1739
1748
1749
1741
1750
1742
1751
1743
1752
1744
1753
1745
1754
1746
1755
1747
1756
1748
1757
1749
1758
1759
1751
1760
1752
1761
1753
1762
1754
1763
1755
1764
1756
1765
1757
1766
1758
1767
1759
1768
1769
1761
1770
1762
1771
1763
1772
1764
1773
1765
1774
1766
1775
1767
1776
1768
1777
1769
1778
1779
1771
1780
1772
1781
1773
1782
1774
1783
1775
1784
1776
1785
1777
1786
1778
1787
1779
1788
1789
1781
1790
1782
1791
1783
1792
1784
1793
1785
1794
1786
1795
1787
1796
1788
1797
1789
1798
1799
1791
1800
1792
1801
1793
1802
1794
1803
1795
1804
1796
1805
1797
1806
1798
1807
1799
1808
1809
1801
1810
1802
1811
1803
1812
1804
1813
1805
1814
1806
1815
1807
1816
1808
1817
1809
1818
1819
1811
1820
1812
1821
1813
1822
1814
1823
1815
1824
1816
1825
1817
1826
1818
1827
1819
1828
1829
1821
1830
1822
1831
1823
1832
1824
1833
1825
1834
1826
1835
1827
1836
1828
1837
1829
1838
1839
1831
1840
1832
1841
1833
1842
1834
1843
1835
1844
1836
1845
1837
1846
1838
1847
1839
1848
1849
1841
1850
1842
1851
1843
1852
1844
1853
1845
1854
1846
1855
1847
1856
1848
1857
1849
1858
1859
1851
1860
1852
1861
1853
1862
1854
1863
1855
1864
1856
1865
1857
1866
1858
1867
1859
1868
1869
1861
1870
1862
1871
1863
1872
1864
1873
1865
1874
1866
1875
1867
1876
1868
1877
1869
1878
1879
1871
1880
1872
1881
1873
1882
1874
1883
1875
1884
1876
1885
1877
1886
1878
1887
1879
1888
1889
1881
1890
1882
1891
1883
1892
1884
1893
1885
1894
1886
1895
1887
1896
1888
1897
1889
1898
1899
1891
1900
1892
1901
1893
1902
1894
1903
1895
1904
1896
1905
1897
1906
1898
1907
1899
1908
1909
1901
1910
1902
1911
1903
1912
1904
1913
1905
1914
1906
1915
1907
1916
1908
1917
1909
1918
1919
1911
1920
1912
1921
1913
1922
1914
1923
1915
1924
1916
1925
1917
1926
1918
1927
1919
1928
1929
1921
1930
1922
1931
1923
1932
1924
1933
1925
1934
1926
1935
1927
1936
1928
1937
1929
1938
1939
1931
1940
1932
1941
1933
1942
1934
1943
1935
1944
1936
1945
1937
1946
1938
1947
1939
1948
1949
1941
1950
1942
1951
1943
1952
1944
1953
1945
1954
1946
1955
1947
1956
1948
1957
1949
1958
1959
1951
1960
1952
1961
1953
1962
1954
1963
1955
1964
1956
1965
1957
1966
1958
1967
1959
1968
1969
1961
1970
1962
1971
1963
1972
1964
1973
1965
1974
1966
1975
1967
1976
1968
1977
1969
1978
1979
1971
1980
1972
1981
1973
1982
1974
1983
1975
1984
1976
1985
1977
1986
1978
1987
1979
1988
1989
1981
1990
1982
1991
1983
1992
1984
1993
1985
1994
1986
1995
1987
1996
1988
1997
1989
1998
1999
1991
1992
1993
1994
1995
1996
1997
1998
1999
)


// ************************************************************************* //
