/*--------------------------------*- C++ -*----------------------------------*\
  =========                 |
  \\      /  F ield         | OpenFOAM: The Open Source CFD Toolbox
   \\    /   O peration     | Website:  https://openfoam.org
    \\  /    A nd           | Version:  8
     \\/     M anipulation  |
\*---------------------------------------------------------------------------*/
FoamFile
{
    version     2.0;
    format      ascii;
    class       vectorField;
    location    "constant/polyMesh";
    object      points;
}
// * * * * * * * * * * * * * * * * * * * * * * * * * * * * * * * * * * * * * //


3333
(
(-10 0 -1)
(-8 0 -1)
(-6 0 -1)
(-4 0 -1)
(-2 0 -1)
(0 0 -1)
(2 0 -1)
(4 0 -1)
(6 0 -1)
(8 0 -1)
(10 0 -1)
(-10 0.04613743947 -1)
(-8 0.04613743947 -1)
(-6 0.04613743947 -1)
(-4 0.04613743947 -1)
(-2 0.04613743947 -1)
(0 0.04613743947 -1)
(2 0.04613743947 -1)
(4 0.04613743947 -1)
(6 0.04613743947 -1)
(8 0.04613743947 -1)
(10 0.04613743947 -1)
(-10 0.09292548486 -1)
(-8 0.09292548486 -1)
(-6 0.09292548486 -1)
(-4 0.09292548486 -1)
(-2 0.09292548486 -1)
(0 0.09292548486 -1)
(2 0.09292548486 -1)
(4 0.09292548486 -1)
(6 0.09292548486 -1)
(8 0.09292548486 -1)
(10 0.09292548486 -1)
(-10 0.1403733107 -1)
(-8 0.1403733107 -1)
(-6 0.1403733107 -1)
(-4 0.1403733107 -1)
(-2 0.1403733107 -1)
(0 0.1403733107 -1)
(2 0.1403733107 -1)
(4 0.1403733107 -1)
(6 0.1403733107 -1)
(8 0.1403733107 -1)
(10 0.1403733107 -1)
(-10 0.1884902208 -1)
(-8 0.1884902208 -1)
(-6 0.1884902208 -1)
(-4 0.1884902208 -1)
(-2 0.1884902208 -1)
(0 0.1884902208 -1)
(2 0.1884902208 -1)
(4 0.1884902208 -1)
(6 0.1884902208 -1)
(8 0.1884902208 -1)
(10 0.1884902208 -1)
(-10 0.2372856502 -1)
(-8 0.2372856502 -1)
(-6 0.2372856502 -1)
(-4 0.2372856502 -1)
(-2 0.2372856502 -1)
(0 0.2372856502 -1)
(2 0.2372856502 -1)
(4 0.2372856502 -1)
(6 0.2372856502 -1)
(8 0.2372856502 -1)
(10 0.2372856502 -1)
(-10 0.2867691672 -1)
(-8 0.2867691672 -1)
(-6 0.2867691672 -1)
(-4 0.2867691672 -1)
(-2 0.2867691672 -1)
(0 0.2867691672 -1)
(2 0.2867691672 -1)
(4 0.2867691672 -1)
(6 0.2867691672 -1)
(8 0.2867691672 -1)
(10 0.2867691672 -1)
(-10 0.3369504747 -1)
(-8 0.3369504747 -1)
(-6 0.3369504747 -1)
(-4 0.3369504747 -1)
(-2 0.3369504747 -1)
(0 0.3369504747 -1)
(2 0.3369504747 -1)
(4 0.3369504747 -1)
(6 0.3369504747 -1)
(8 0.3369504747 -1)
(10 0.3369504747 -1)
(-10 0.3878394126 -1)
(-8 0.3878394126 -1)
(-6 0.3878394126 -1)
(-4 0.3878394126 -1)
(-2 0.3878394126 -1)
(0 0.3878394126 -1)
(2 0.3878394126 -1)
(4 0.3878394126 -1)
(6 0.3878394126 -1)
(8 0.3878394126 -1)
(10 0.3878394126 -1)
(-10 0.4394459595 -1)
(-8 0.4394459595 -1)
(-6 0.4394459595 -1)
(-4 0.4394459595 -1)
(-2 0.4394459595 -1)
(0 0.4394459595 -1)
(2 0.4394459595 -1)
(4 0.4394459595 -1)
(6 0.4394459595 -1)
(8 0.4394459595 -1)
(10 0.4394459595 -1)
(-10 0.4917802348 -1)
(-8 0.4917802348 -1)
(-6 0.4917802348 -1)
(-4 0.4917802348 -1)
(-2 0.4917802348 -1)
(0 0.4917802348 -1)
(2 0.4917802348 -1)
(4 0.4917802348 -1)
(6 0.4917802348 -1)
(8 0.4917802348 -1)
(10 0.4917802348 -1)
(-10 0.5448525006 -1)
(-8 0.5448525006 -1)
(-6 0.5448525006 -1)
(-4 0.5448525006 -1)
(-2 0.5448525006 -1)
(0 0.5448525006 -1)
(2 0.5448525006 -1)
(4 0.5448525006 -1)
(6 0.5448525006 -1)
(8 0.5448525006 -1)
(10 0.5448525006 -1)
(-10 0.5986731636 -1)
(-8 0.5986731636 -1)
(-6 0.5986731636 -1)
(-4 0.5986731636 -1)
(-2 0.5986731636 -1)
(0 0.5986731636 -1)
(2 0.5986731636 -1)
(4 0.5986731636 -1)
(6 0.5986731636 -1)
(8 0.5986731636 -1)
(10 0.5986731636 -1)
(-10 0.6532527772 -1)
(-8 0.6532527772 -1)
(-6 0.6532527772 -1)
(-4 0.6532527772 -1)
(-2 0.6532527772 -1)
(0 0.6532527772 -1)
(2 0.6532527772 -1)
(4 0.6532527772 -1)
(6 0.6532527772 -1)
(8 0.6532527772 -1)
(10 0.6532527772 -1)
(-10 0.7086020439 -1)
(-8 0.7086020439 -1)
(-6 0.7086020439 -1)
(-4 0.7086020439 -1)
(-2 0.7086020439 -1)
(0 0.7086020439 -1)
(2 0.7086020439 -1)
(4 0.7086020439 -1)
(6 0.7086020439 -1)
(8 0.7086020439 -1)
(10 0.7086020439 -1)
(-10 0.7647318168 -1)
(-8 0.7647318168 -1)
(-6 0.7647318168 -1)
(-4 0.7647318168 -1)
(-2 0.7647318168 -1)
(0 0.7647318168 -1)
(2 0.7647318168 -1)
(4 0.7647318168 -1)
(6 0.7647318168 -1)
(8 0.7647318168 -1)
(10 0.7647318168 -1)
(-10 0.8216531023 -1)
(-8 0.8216531023 -1)
(-6 0.8216531023 -1)
(-4 0.8216531023 -1)
(-2 0.8216531023 -1)
(0 0.8216531023 -1)
(2 0.8216531023 -1)
(4 0.8216531023 -1)
(6 0.8216531023 -1)
(8 0.8216531023 -1)
(10 0.8216531023 -1)
(-10 0.8793770618 -1)
(-8 0.8793770618 -1)
(-6 0.8793770618 -1)
(-4 0.8793770618 -1)
(-2 0.8793770618 -1)
(0 0.8793770618 -1)
(2 0.8793770618 -1)
(4 0.8793770618 -1)
(6 0.8793770618 -1)
(8 0.8793770618 -1)
(10 0.8793770618 -1)
(-10 0.9379150142 -1)
(-8 0.9379150142 -1)
(-6 0.9379150142 -1)
(-4 0.9379150142 -1)
(-2 0.9379150142 -1)
(0 0.9379150142 -1)
(2 0.9379150142 -1)
(4 0.9379150142 -1)
(6 0.9379150142 -1)
(8 0.9379150142 -1)
(10 0.9379150142 -1)
(-10 0.997278438 -1)
(-8 0.997278438 -1)
(-6 0.997278438 -1)
(-4 0.997278438 -1)
(-2 0.997278438 -1)
(0 0.997278438 -1)
(2 0.997278438 -1)
(4 0.997278438 -1)
(6 0.997278438 -1)
(8 0.997278438 -1)
(10 0.997278438 -1)
(-10 1.057478974 -1)
(-8 1.057478974 -1)
(-6 1.057478974 -1)
(-4 1.057478974 -1)
(-2 1.057478974 -1)
(0 1.057478974 -1)
(2 1.057478974 -1)
(4 1.057478974 -1)
(6 1.057478974 -1)
(8 1.057478974 -1)
(10 1.057478974 -1)
(-10 1.118528426 -1)
(-8 1.118528426 -1)
(-6 1.118528426 -1)
(-4 1.118528426 -1)
(-2 1.118528426 -1)
(0 1.118528426 -1)
(2 1.118528426 -1)
(4 1.118528426 -1)
(6 1.118528426 -1)
(8 1.118528426 -1)
(10 1.118528426 -1)
(-10 1.180438765 -1)
(-8 1.180438765 -1)
(-6 1.180438765 -1)
(-4 1.180438765 -1)
(-2 1.180438765 -1)
(0 1.180438765 -1)
(2 1.180438765 -1)
(4 1.180438765 -1)
(6 1.180438765 -1)
(8 1.180438765 -1)
(10 1.180438765 -1)
(-10 1.243222131 -1)
(-8 1.243222131 -1)
(-6 1.243222131 -1)
(-4 1.243222131 -1)
(-2 1.243222131 -1)
(0 1.243222131 -1)
(2 1.243222131 -1)
(4 1.243222131 -1)
(6 1.243222131 -1)
(8 1.243222131 -1)
(10 1.243222131 -1)
(-10 1.306890835 -1)
(-8 1.306890835 -1)
(-6 1.306890835 -1)
(-4 1.306890835 -1)
(-2 1.306890835 -1)
(0 1.306890835 -1)
(2 1.306890835 -1)
(4 1.306890835 -1)
(6 1.306890835 -1)
(8 1.306890835 -1)
(10 1.306890835 -1)
(-10 1.371457362 -1)
(-8 1.371457362 -1)
(-6 1.371457362 -1)
(-4 1.371457362 -1)
(-2 1.371457362 -1)
(0 1.371457362 -1)
(2 1.371457362 -1)
(4 1.371457362 -1)
(6 1.371457362 -1)
(8 1.371457362 -1)
(10 1.371457362 -1)
(-10 1.436934372 -1)
(-8 1.436934372 -1)
(-6 1.436934372 -1)
(-4 1.436934372 -1)
(-2 1.436934372 -1)
(0 1.436934372 -1)
(2 1.436934372 -1)
(4 1.436934372 -1)
(6 1.436934372 -1)
(8 1.436934372 -1)
(10 1.436934372 -1)
(-10 1.503334705 -1)
(-8 1.503334705 -1)
(-6 1.503334705 -1)
(-4 1.503334705 -1)
(-2 1.503334705 -1)
(0 1.503334705 -1)
(2 1.503334705 -1)
(4 1.503334705 -1)
(6 1.503334705 -1)
(8 1.503334705 -1)
(10 1.503334705 -1)
(-10 1.57067138 -1)
(-8 1.57067138 -1)
(-6 1.57067138 -1)
(-4 1.57067138 -1)
(-2 1.57067138 -1)
(0 1.57067138 -1)
(2 1.57067138 -1)
(4 1.57067138 -1)
(6 1.57067138 -1)
(8 1.57067138 -1)
(10 1.57067138 -1)
(-10 1.638957601 -1)
(-8 1.638957601 -1)
(-6 1.638957601 -1)
(-4 1.638957601 -1)
(-2 1.638957601 -1)
(0 1.638957601 -1)
(2 1.638957601 -1)
(4 1.638957601 -1)
(6 1.638957601 -1)
(8 1.638957601 -1)
(10 1.638957601 -1)
(-10 1.708206759 -1)
(-8 1.708206759 -1)
(-6 1.708206759 -1)
(-4 1.708206759 -1)
(-2 1.708206759 -1)
(0 1.708206759 -1)
(2 1.708206759 -1)
(4 1.708206759 -1)
(6 1.708206759 -1)
(8 1.708206759 -1)
(10 1.708206759 -1)
(-10 1.778432432 -1)
(-8 1.778432432 -1)
(-6 1.778432432 -1)
(-4 1.778432432 -1)
(-2 1.778432432 -1)
(0 1.778432432 -1)
(2 1.778432432 -1)
(4 1.778432432 -1)
(6 1.778432432 -1)
(8 1.778432432 -1)
(10 1.778432432 -1)
(-10 1.849648391 -1)
(-8 1.849648391 -1)
(-6 1.849648391 -1)
(-4 1.849648391 -1)
(-2 1.849648391 -1)
(0 1.849648391 -1)
(2 1.849648391 -1)
(4 1.849648391 -1)
(6 1.849648391 -1)
(8 1.849648391 -1)
(10 1.849648391 -1)
(-10 1.921868599 -1)
(-8 1.921868599 -1)
(-6 1.921868599 -1)
(-4 1.921868599 -1)
(-2 1.921868599 -1)
(0 1.921868599 -1)
(2 1.921868599 -1)
(4 1.921868599 -1)
(6 1.921868599 -1)
(8 1.921868599 -1)
(10 1.921868599 -1)
(-10 1.995107219 -1)
(-8 1.995107219 -1)
(-6 1.995107219 -1)
(-4 1.995107219 -1)
(-2 1.995107219 -1)
(0 1.995107219 -1)
(2 1.995107219 -1)
(4 1.995107219 -1)
(6 1.995107219 -1)
(8 1.995107219 -1)
(10 1.995107219 -1)
(-10 2.069378612 -1)
(-8 2.069378612 -1)
(-6 2.069378612 -1)
(-4 2.069378612 -1)
(-2 2.069378612 -1)
(0 2.069378612 -1)
(2 2.069378612 -1)
(4 2.069378612 -1)
(6 2.069378612 -1)
(8 2.069378612 -1)
(10 2.069378612 -1)
(-10 2.14469734 -1)
(-8 2.14469734 -1)
(-6 2.14469734 -1)
(-4 2.14469734 -1)
(-2 2.14469734 -1)
(0 2.14469734 -1)
(2 2.14469734 -1)
(4 2.14469734 -1)
(6 2.14469734 -1)
(8 2.14469734 -1)
(10 2.14469734 -1)
(-10 2.221078174 -1)
(-8 2.221078174 -1)
(-6 2.221078174 -1)
(-4 2.221078174 -1)
(-2 2.221078174 -1)
(0 2.221078174 -1)
(2 2.221078174 -1)
(4 2.221078174 -1)
(6 2.221078174 -1)
(8 2.221078174 -1)
(10 2.221078174 -1)
(-10 2.29853609 -1)
(-8 2.29853609 -1)
(-6 2.29853609 -1)
(-4 2.29853609 -1)
(-2 2.29853609 -1)
(0 2.29853609 -1)
(2 2.29853609 -1)
(4 2.29853609 -1)
(6 2.29853609 -1)
(8 2.29853609 -1)
(10 2.29853609 -1)
(-10 2.377086277 -1)
(-8 2.377086277 -1)
(-6 2.377086277 -1)
(-4 2.377086277 -1)
(-2 2.377086277 -1)
(0 2.377086277 -1)
(2 2.377086277 -1)
(4 2.377086277 -1)
(6 2.377086277 -1)
(8 2.377086277 -1)
(10 2.377086277 -1)
(-10 2.456744137 -1)
(-8 2.456744137 -1)
(-6 2.456744137 -1)
(-4 2.456744137 -1)
(-2 2.456744137 -1)
(0 2.456744137 -1)
(2 2.456744137 -1)
(4 2.456744137 -1)
(6 2.456744137 -1)
(8 2.456744137 -1)
(10 2.456744137 -1)
(-10 2.537525291 -1)
(-8 2.537525291 -1)
(-6 2.537525291 -1)
(-4 2.537525291 -1)
(-2 2.537525291 -1)
(0 2.537525291 -1)
(2 2.537525291 -1)
(4 2.537525291 -1)
(6 2.537525291 -1)
(8 2.537525291 -1)
(10 2.537525291 -1)
(-10 2.619445578 -1)
(-8 2.619445578 -1)
(-6 2.619445578 -1)
(-4 2.619445578 -1)
(-2 2.619445578 -1)
(0 2.619445578 -1)
(2 2.619445578 -1)
(4 2.619445578 -1)
(6 2.619445578 -1)
(8 2.619445578 -1)
(10 2.619445578 -1)
(-10 2.702521061 -1)
(-8 2.702521061 -1)
(-6 2.702521061 -1)
(-4 2.702521061 -1)
(-2 2.702521061 -1)
(0 2.702521061 -1)
(2 2.702521061 -1)
(4 2.702521061 -1)
(6 2.702521061 -1)
(8 2.702521061 -1)
(10 2.702521061 -1)
(-10 2.786768032 -1)
(-8 2.786768032 -1)
(-6 2.786768032 -1)
(-4 2.786768032 -1)
(-2 2.786768032 -1)
(0 2.786768032 -1)
(2 2.786768032 -1)
(4 2.786768032 -1)
(6 2.786768032 -1)
(8 2.786768032 -1)
(10 2.786768032 -1)
(-10 2.872203009 -1)
(-8 2.872203009 -1)
(-6 2.872203009 -1)
(-4 2.872203009 -1)
(-2 2.872203009 -1)
(0 2.872203009 -1)
(2 2.872203009 -1)
(4 2.872203009 -1)
(6 2.872203009 -1)
(8 2.872203009 -1)
(10 2.872203009 -1)
(-10 2.958842745 -1)
(-8 2.958842745 -1)
(-6 2.958842745 -1)
(-4 2.958842745 -1)
(-2 2.958842745 -1)
(0 2.958842745 -1)
(2 2.958842745 -1)
(4 2.958842745 -1)
(6 2.958842745 -1)
(8 2.958842745 -1)
(10 2.958842745 -1)
(-10 3.046704229 -1)
(-8 3.046704229 -1)
(-6 3.046704229 -1)
(-4 3.046704229 -1)
(-2 3.046704229 -1)
(0 3.046704229 -1)
(2 3.046704229 -1)
(4 3.046704229 -1)
(6 3.046704229 -1)
(8 3.046704229 -1)
(10 3.046704229 -1)
(-10 3.13580469 -1)
(-8 3.13580469 -1)
(-6 3.13580469 -1)
(-4 3.13580469 -1)
(-2 3.13580469 -1)
(0 3.13580469 -1)
(2 3.13580469 -1)
(4 3.13580469 -1)
(6 3.13580469 -1)
(8 3.13580469 -1)
(10 3.13580469 -1)
(-10 3.226161598 -1)
(-8 3.226161598 -1)
(-6 3.226161598 -1)
(-4 3.226161598 -1)
(-2 3.226161598 -1)
(0 3.226161598 -1)
(2 3.226161598 -1)
(4 3.226161598 -1)
(6 3.226161598 -1)
(8 3.226161598 -1)
(10 3.226161598 -1)
(-10 3.317792672 -1)
(-8 3.317792672 -1)
(-6 3.317792672 -1)
(-4 3.317792672 -1)
(-2 3.317792672 -1)
(0 3.317792672 -1)
(2 3.317792672 -1)
(4 3.317792672 -1)
(6 3.317792672 -1)
(8 3.317792672 -1)
(10 3.317792672 -1)
(-10 3.410715879 -1)
(-8 3.410715879 -1)
(-6 3.410715879 -1)
(-4 3.410715879 -1)
(-2 3.410715879 -1)
(0 3.410715879 -1)
(2 3.410715879 -1)
(4 3.410715879 -1)
(6 3.410715879 -1)
(8 3.410715879 -1)
(10 3.410715879 -1)
(-10 3.504949441 -1)
(-8 3.504949441 -1)
(-6 3.504949441 -1)
(-4 3.504949441 -1)
(-2 3.504949441 -1)
(0 3.504949441 -1)
(2 3.504949441 -1)
(4 3.504949441 -1)
(6 3.504949441 -1)
(8 3.504949441 -1)
(10 3.504949441 -1)
(-10 3.600511835 -1)
(-8 3.600511835 -1)
(-6 3.600511835 -1)
(-4 3.600511835 -1)
(-2 3.600511835 -1)
(0 3.600511835 -1)
(2 3.600511835 -1)
(4 3.600511835 -1)
(6 3.600511835 -1)
(8 3.600511835 -1)
(10 3.600511835 -1)
(-10 3.697421799 -1)
(-8 3.697421799 -1)
(-6 3.697421799 -1)
(-4 3.697421799 -1)
(-2 3.697421799 -1)
(0 3.697421799 -1)
(2 3.697421799 -1)
(4 3.697421799 -1)
(6 3.697421799 -1)
(8 3.697421799 -1)
(10 3.697421799 -1)
(-10 3.795698336 -1)
(-8 3.795698336 -1)
(-6 3.795698336 -1)
(-4 3.795698336 -1)
(-2 3.795698336 -1)
(0 3.795698336 -1)
(2 3.795698336 -1)
(4 3.795698336 -1)
(6 3.795698336 -1)
(8 3.795698336 -1)
(10 3.795698336 -1)
(-10 3.895360718 -1)
(-8 3.895360718 -1)
(-6 3.895360718 -1)
(-4 3.895360718 -1)
(-2 3.895360718 -1)
(0 3.895360718 -1)
(2 3.895360718 -1)
(4 3.895360718 -1)
(6 3.895360718 -1)
(8 3.895360718 -1)
(10 3.895360718 -1)
(-10 3.996428486 -1)
(-8 3.996428486 -1)
(-6 3.996428486 -1)
(-4 3.996428486 -1)
(-2 3.996428486 -1)
(0 3.996428486 -1)
(2 3.996428486 -1)
(4 3.996428486 -1)
(6 3.996428486 -1)
(8 3.996428486 -1)
(10 3.996428486 -1)
(-10 4.098921459 -1)
(-8 4.098921459 -1)
(-6 4.098921459 -1)
(-4 4.098921459 -1)
(-2 4.098921459 -1)
(0 4.098921459 -1)
(2 4.098921459 -1)
(4 4.098921459 -1)
(6 4.098921459 -1)
(8 4.098921459 -1)
(10 4.098921459 -1)
(-10 4.202859734 -1)
(-8 4.202859734 -1)
(-6 4.202859734 -1)
(-4 4.202859734 -1)
(-2 4.202859734 -1)
(0 4.202859734 -1)
(2 4.202859734 -1)
(4 4.202859734 -1)
(6 4.202859734 -1)
(8 4.202859734 -1)
(10 4.202859734 -1)
(-10 4.308263691 -1)
(-8 4.308263691 -1)
(-6 4.308263691 -1)
(-4 4.308263691 -1)
(-2 4.308263691 -1)
(0 4.308263691 -1)
(2 4.308263691 -1)
(4 4.308263691 -1)
(6 4.308263691 -1)
(8 4.308263691 -1)
(10 4.308263691 -1)
(-10 4.415154 -1)
(-8 4.415154 -1)
(-6 4.415154 -1)
(-4 4.415154 -1)
(-2 4.415154 -1)
(0 4.415154 -1)
(2 4.415154 -1)
(4 4.415154 -1)
(6 4.415154 -1)
(8 4.415154 -1)
(10 4.415154 -1)
(-10 4.52355162 -1)
(-8 4.52355162 -1)
(-6 4.52355162 -1)
(-4 4.52355162 -1)
(-2 4.52355162 -1)
(0 4.52355162 -1)
(2 4.52355162 -1)
(4 4.52355162 -1)
(6 4.52355162 -1)
(8 4.52355162 -1)
(10 4.52355162 -1)
(-10 4.633477806 -1)
(-8 4.633477806 -1)
(-6 4.633477806 -1)
(-4 4.633477806 -1)
(-2 4.633477806 -1)
(0 4.633477806 -1)
(2 4.633477806 -1)
(4 4.633477806 -1)
(6 4.633477806 -1)
(8 4.633477806 -1)
(10 4.633477806 -1)
(-10 4.744954113 -1)
(-8 4.744954113 -1)
(-6 4.744954113 -1)
(-4 4.744954113 -1)
(-2 4.744954113 -1)
(0 4.744954113 -1)
(2 4.744954113 -1)
(4 4.744954113 -1)
(6 4.744954113 -1)
(8 4.744954113 -1)
(10 4.744954113 -1)
(-10 4.8580024 -1)
(-8 4.8580024 -1)
(-6 4.8580024 -1)
(-4 4.8580024 -1)
(-2 4.8580024 -1)
(0 4.8580024 -1)
(2 4.8580024 -1)
(4 4.8580024 -1)
(6 4.8580024 -1)
(8 4.8580024 -1)
(10 4.8580024 -1)
(-10 4.972644835 -1)
(-8 4.972644835 -1)
(-6 4.972644835 -1)
(-4 4.972644835 -1)
(-2 4.972644835 -1)
(0 4.972644835 -1)
(2 4.972644835 -1)
(4 4.972644835 -1)
(6 4.972644835 -1)
(8 4.972644835 -1)
(10 4.972644835 -1)
(-10 5.088903898 -1)
(-8 5.088903898 -1)
(-6 5.088903898 -1)
(-4 5.088903898 -1)
(-2 5.088903898 -1)
(0 5.088903898 -1)
(2 5.088903898 -1)
(4 5.088903898 -1)
(6 5.088903898 -1)
(8 5.088903898 -1)
(10 5.088903898 -1)
(-10 5.206802384 -1)
(-8 5.206802384 -1)
(-6 5.206802384 -1)
(-4 5.206802384 -1)
(-2 5.206802384 -1)
(0 5.206802384 -1)
(2 5.206802384 -1)
(4 5.206802384 -1)
(6 5.206802384 -1)
(8 5.206802384 -1)
(10 5.206802384 -1)
(-10 5.326363413 -1)
(-8 5.326363413 -1)
(-6 5.326363413 -1)
(-4 5.326363413 -1)
(-2 5.326363413 -1)
(0 5.326363413 -1)
(2 5.326363413 -1)
(4 5.326363413 -1)
(6 5.326363413 -1)
(8 5.326363413 -1)
(10 5.326363413 -1)
(-10 5.447610429 -1)
(-8 5.447610429 -1)
(-6 5.447610429 -1)
(-4 5.447610429 -1)
(-2 5.447610429 -1)
(0 5.447610429 -1)
(2 5.447610429 -1)
(4 5.447610429 -1)
(6 5.447610429 -1)
(8 5.447610429 -1)
(10 5.447610429 -1)
(-10 5.570567207 -1)
(-8 5.570567207 -1)
(-6 5.570567207 -1)
(-4 5.570567207 -1)
(-2 5.570567207 -1)
(0 5.570567207 -1)
(2 5.570567207 -1)
(4 5.570567207 -1)
(6 5.570567207 -1)
(8 5.570567207 -1)
(10 5.570567207 -1)
(-10 5.695257856 -1)
(-8 5.695257856 -1)
(-6 5.695257856 -1)
(-4 5.695257856 -1)
(-2 5.695257856 -1)
(0 5.695257856 -1)
(2 5.695257856 -1)
(4 5.695257856 -1)
(6 5.695257856 -1)
(8 5.695257856 -1)
(10 5.695257856 -1)
(-10 5.821706827 -1)
(-8 5.821706827 -1)
(-6 5.821706827 -1)
(-4 5.821706827 -1)
(-2 5.821706827 -1)
(0 5.821706827 -1)
(2 5.821706827 -1)
(4 5.821706827 -1)
(6 5.821706827 -1)
(8 5.821706827 -1)
(10 5.821706827 -1)
(-10 5.949938915 -1)
(-8 5.949938915 -1)
(-6 5.949938915 -1)
(-4 5.949938915 -1)
(-2 5.949938915 -1)
(0 5.949938915 -1)
(2 5.949938915 -1)
(4 5.949938915 -1)
(6 5.949938915 -1)
(8 5.949938915 -1)
(10 5.949938915 -1)
(-10 6.079979265 -1)
(-8 6.079979265 -1)
(-6 6.079979265 -1)
(-4 6.079979265 -1)
(-2 6.079979265 -1)
(0 6.079979265 -1)
(2 6.079979265 -1)
(4 6.079979265 -1)
(6 6.079979265 -1)
(8 6.079979265 -1)
(10 6.079979265 -1)
(-10 6.211853375 -1)
(-8 6.211853375 -1)
(-6 6.211853375 -1)
(-4 6.211853375 -1)
(-2 6.211853375 -1)
(0 6.211853375 -1)
(2 6.211853375 -1)
(4 6.211853375 -1)
(6 6.211853375 -1)
(8 6.211853375 -1)
(10 6.211853375 -1)
(-10 6.345587105 -1)
(-8 6.345587105 -1)
(-6 6.345587105 -1)
(-4 6.345587105 -1)
(-2 6.345587105 -1)
(0 6.345587105 -1)
(2 6.345587105 -1)
(4 6.345587105 -1)
(6 6.345587105 -1)
(8 6.345587105 -1)
(10 6.345587105 -1)
(-10 6.481206677 -1)
(-8 6.481206677 -1)
(-6 6.481206677 -1)
(-4 6.481206677 -1)
(-2 6.481206677 -1)
(0 6.481206677 -1)
(2 6.481206677 -1)
(4 6.481206677 -1)
(6 6.481206677 -1)
(8 6.481206677 -1)
(10 6.481206677 -1)
(-10 6.618738685 -1)
(-8 6.618738685 -1)
(-6 6.618738685 -1)
(-4 6.618738685 -1)
(-2 6.618738685 -1)
(0 6.618738685 -1)
(2 6.618738685 -1)
(4 6.618738685 -1)
(6 6.618738685 -1)
(8 6.618738685 -1)
(10 6.618738685 -1)
(-10 6.758210098 -1)
(-8 6.758210098 -1)
(-6 6.758210098 -1)
(-4 6.758210098 -1)
(-2 6.758210098 -1)
(0 6.758210098 -1)
(2 6.758210098 -1)
(4 6.758210098 -1)
(6 6.758210098 -1)
(8 6.758210098 -1)
(10 6.758210098 -1)
(-10 6.899648262 -1)
(-8 6.899648262 -1)
(-6 6.899648262 -1)
(-4 6.899648262 -1)
(-2 6.899648262 -1)
(0 6.899648262 -1)
(2 6.899648262 -1)
(4 6.899648262 -1)
(6 6.899648262 -1)
(8 6.899648262 -1)
(10 6.899648262 -1)
(-10 7.043080914 -1)
(-8 7.043080914 -1)
(-6 7.043080914 -1)
(-4 7.043080914 -1)
(-2 7.043080914 -1)
(0 7.043080914 -1)
(2 7.043080914 -1)
(4 7.043080914 -1)
(6 7.043080914 -1)
(8 7.043080914 -1)
(10 7.043080914 -1)
(-10 7.188536177 -1)
(-8 7.188536177 -1)
(-6 7.188536177 -1)
(-4 7.188536177 -1)
(-2 7.188536177 -1)
(0 7.188536177 -1)
(2 7.188536177 -1)
(4 7.188536177 -1)
(6 7.188536177 -1)
(8 7.188536177 -1)
(10 7.188536177 -1)
(-10 7.336042574 -1)
(-8 7.336042574 -1)
(-6 7.336042574 -1)
(-4 7.336042574 -1)
(-2 7.336042574 -1)
(0 7.336042574 -1)
(2 7.336042574 -1)
(4 7.336042574 -1)
(6 7.336042574 -1)
(8 7.336042574 -1)
(10 7.336042574 -1)
(-10 7.485629029 -1)
(-8 7.485629029 -1)
(-6 7.485629029 -1)
(-4 7.485629029 -1)
(-2 7.485629029 -1)
(0 7.485629029 -1)
(2 7.485629029 -1)
(4 7.485629029 -1)
(6 7.485629029 -1)
(8 7.485629029 -1)
(10 7.485629029 -1)
(-10 7.637324873 -1)
(-8 7.637324873 -1)
(-6 7.637324873 -1)
(-4 7.637324873 -1)
(-2 7.637324873 -1)
(0 7.637324873 -1)
(2 7.637324873 -1)
(4 7.637324873 -1)
(6 7.637324873 -1)
(8 7.637324873 -1)
(10 7.637324873 -1)
(-10 7.791159852 -1)
(-8 7.791159852 -1)
(-6 7.791159852 -1)
(-4 7.791159852 -1)
(-2 7.791159852 -1)
(0 7.791159852 -1)
(2 7.791159852 -1)
(4 7.791159852 -1)
(6 7.791159852 -1)
(8 7.791159852 -1)
(10 7.791159852 -1)
(-10 7.947164131 -1)
(-8 7.947164131 -1)
(-6 7.947164131 -1)
(-4 7.947164131 -1)
(-2 7.947164131 -1)
(0 7.947164131 -1)
(2 7.947164131 -1)
(4 7.947164131 -1)
(6 7.947164131 -1)
(8 7.947164131 -1)
(10 7.947164131 -1)
(-10 8.105368301 -1)
(-8 8.105368301 -1)
(-6 8.105368301 -1)
(-4 8.105368301 -1)
(-2 8.105368301 -1)
(0 8.105368301 -1)
(2 8.105368301 -1)
(4 8.105368301 -1)
(6 8.105368301 -1)
(8 8.105368301 -1)
(10 8.105368301 -1)
(-10 8.265803382 -1)
(-8 8.265803382 -1)
(-6 8.265803382 -1)
(-4 8.265803382 -1)
(-2 8.265803382 -1)
(0 8.265803382 -1)
(2 8.265803382 -1)
(4 8.265803382 -1)
(6 8.265803382 -1)
(8 8.265803382 -1)
(10 8.265803382 -1)
(-10 8.428500835 -1)
(-8 8.428500835 -1)
(-6 8.428500835 -1)
(-4 8.428500835 -1)
(-2 8.428500835 -1)
(0 8.428500835 -1)
(2 8.428500835 -1)
(4 8.428500835 -1)
(6 8.428500835 -1)
(8 8.428500835 -1)
(10 8.428500835 -1)
(-10 8.593492562 -1)
(-8 8.593492562 -1)
(-6 8.593492562 -1)
(-4 8.593492562 -1)
(-2 8.593492562 -1)
(0 8.593492562 -1)
(2 8.593492562 -1)
(4 8.593492562 -1)
(6 8.593492562 -1)
(8 8.593492562 -1)
(10 8.593492562 -1)
(-10 8.760810915 -1)
(-8 8.760810915 -1)
(-6 8.760810915 -1)
(-4 8.760810915 -1)
(-2 8.760810915 -1)
(0 8.760810915 -1)
(2 8.760810915 -1)
(4 8.760810915 -1)
(6 8.760810915 -1)
(8 8.760810915 -1)
(10 8.760810915 -1)
(-10 8.930488703 -1)
(-8 8.930488703 -1)
(-6 8.930488703 -1)
(-4 8.930488703 -1)
(-2 8.930488703 -1)
(0 8.930488703 -1)
(2 8.930488703 -1)
(4 8.930488703 -1)
(6 8.930488703 -1)
(8 8.930488703 -1)
(10 8.930488703 -1)
(-10 9.102559199 -1)
(-8 9.102559199 -1)
(-6 9.102559199 -1)
(-4 9.102559199 -1)
(-2 9.102559199 -1)
(0 9.102559199 -1)
(2 9.102559199 -1)
(4 9.102559199 -1)
(6 9.102559199 -1)
(8 9.102559199 -1)
(10 9.102559199 -1)
(-10 9.277056142 -1)
(-8 9.277056142 -1)
(-6 9.277056142 -1)
(-4 9.277056142 -1)
(-2 9.277056142 -1)
(0 9.277056142 -1)
(2 9.277056142 -1)
(4 9.277056142 -1)
(6 9.277056142 -1)
(8 9.277056142 -1)
(10 9.277056142 -1)
(-10 9.45401375 -1)
(-8 9.45401375 -1)
(-6 9.45401375 -1)
(-4 9.45401375 -1)
(-2 9.45401375 -1)
(0 9.45401375 -1)
(2 9.45401375 -1)
(4 9.45401375 -1)
(6 9.45401375 -1)
(8 9.45401375 -1)
(10 9.45401375 -1)
(-10 9.63346672 -1)
(-8 9.63346672 -1)
(-6 9.63346672 -1)
(-4 9.63346672 -1)
(-2 9.63346672 -1)
(0 9.63346672 -1)
(2 9.63346672 -1)
(4 9.63346672 -1)
(6 9.63346672 -1)
(8 9.63346672 -1)
(10 9.63346672 -1)
(-10 9.815450242 -1)
(-8 9.815450242 -1)
(-6 9.815450242 -1)
(-4 9.815450242 -1)
(-2 9.815450242 -1)
(0 9.815450242 -1)
(2 9.815450242 -1)
(4 9.815450242 -1)
(6 9.815450242 -1)
(8 9.815450242 -1)
(10 9.815450242 -1)
(-10 10 -1)
(-8 10 -1)
(-6 10 -1)
(-4 10 -1)
(-2 10 -1)
(0 10 -1)
(2 10 -1)
(4 10 -1)
(6 10 -1)
(8 10 -1)
(10 10 -1)
(-10 0 0)
(-8 0 0)
(-6 0 0)
(-4 0 0)
(-2 0 0)
(0 0 0)
(2 0 0)
(4 0 0)
(6 0 0)
(8 0 0)
(10 0 0)
(-10 0.04613743947 0)
(-8 0.04613743947 0)
(-6 0.04613743947 0)
(-4 0.04613743947 1.850371708e-17)
(-2 0.04613743947 1.850371708e-17)
(0 0.04613743947 0)
(2 0.04613743947 1.850371708e-17)
(4 0.04613743947 -9.251858539e-18)
(6 0.04613743947 0)
(8 0.04613743947 0)
(10 0.04613743947 0)
(-10 0.09292548486 0)
(-8 0.09292548486 0)
(-6 0.09292548486 0)
(-4 0.09292548486 0)
(-2 0.09292548486 0)
(0 0.09292548486 0)
(2 0.09292548486 0)
(4 0.09292548486 0)
(6 0.09292548486 0)
(8 0.09292548486 0)
(10 0.09292548486 0)
(-10 0.1403733107 0)
(-8 0.1403733107 0)
(-6 0.1403733107 0)
(-4 0.1403733107 0)
(-2 0.1403733107 -1.850371708e-17)
(0 0.1403733107 0)
(2 0.1403733107 -9.251858539e-18)
(4 0.1403733107 9.251858539e-18)
(6 0.1403733107 -4.625929269e-18)
(8 0.1403733107 2.312964635e-18)
(10 0.1403733107 0)
(-10 0.1884902208 0)
(-8 0.1884902208 0)
(-6 0.1884902208 0)
(-4 0.1884902208 1.850371708e-17)
(-2 0.1884902208 0)
(0 0.1884902208 0)
(2 0.1884902208 0)
(4 0.1884902208 9.251858539e-18)
(6 0.1884902208 0)
(8 0.1884902208 0)
(10 0.1884902208 0)
(-10 0.2372856502 0)
(-8 0.2372856502 0)
(-6 0.2372856502 0)
(-4 0.2372856502 0)
(-2 0.2372856502 0)
(0 0.2372856502 0)
(2 0.2372856502 0)
(4 0.2372856502 0)
(6 0.2372856502 0)
(8 0.2372856502 0)
(10 0.2372856502 0)
(-10 0.2867691672 0)
(-8 0.2867691672 0)
(-6 0.2867691672 0)
(-4 0.2867691672 0)
(-2 0.2867691672 0)
(0 0.2867691672 0)
(2 0.2867691672 0)
(4 0.2867691672 0)
(6 0.2867691672 0)
(8 0.2867691672 0)
(10 0.2867691672 0)
(-10 0.3369504747 0)
(-8 0.3369504747 0)
(-6 0.3369504747 0)
(-4 0.3369504747 0)
(-2 0.3369504747 0)
(0 0.3369504747 0)
(2 0.3369504747 0)
(4 0.3369504747 0)
(6 0.3369504747 0)
(8 0.3369504747 0)
(10 0.3369504747 0)
(-10 0.3878394126 0)
(-8 0.3878394126 0)
(-6 0.3878394126 0)
(-4 0.3878394126 0)
(-2 0.3878394126 1.850371708e-17)
(0 0.3878394126 0)
(2 0.3878394126 9.251858539e-18)
(4 0.3878394126 0)
(6 0.3878394126 -4.625929269e-18)
(8 0.3878394126 2.312964635e-18)
(10 0.3878394126 0)
(-10 0.4394459595 0)
(-8 0.4394459595 0)
(-6 0.4394459595 0)
(-4 0.4394459595 0)
(-2 0.4394459595 1.850371708e-17)
(0 0.4394459595 0)
(2 0.4394459595 9.251858539e-18)
(4 0.4394459595 0)
(6 0.4394459595 -4.625929269e-18)
(8 0.4394459595 -2.312964635e-18)
(10 0.4394459595 0)
(-10 0.4917802348 0)
(-8 0.4917802348 0)
(-6 0.4917802348 0)
(-4 0.4917802348 0)
(-2 0.4917802348 0)
(0 0.4917802348 0)
(2 0.4917802348 0)
(4 0.4917802348 0)
(6 0.4917802348 1.850371708e-17)
(8 0.4917802348 0)
(10 0.4917802348 0)
(-10 0.5448525006 0)
(-8 0.5448525006 0)
(-6 0.5448525006 0)
(-4 0.5448525006 0)
(-2 0.5448525006 0)
(0 0.5448525006 0)
(2 0.5448525006 0)
(4 0.5448525006 0)
(6 0.5448525006 0)
(8 0.5448525006 1.850371708e-17)
(10 0.5448525006 0)
(-10 0.5986731636 0)
(-8 0.5986731636 0)
(-6 0.5986731636 0)
(-4 0.5986731636 0)
(-2 0.5986731636 0)
(0 0.5986731636 0)
(2 0.5986731636 0)
(4 0.5986731636 0)
(6 0.5986731636 0)
(8 0.5986731636 1.850371708e-17)
(10 0.5986731636 0)
(-10 0.6532527772 0)
(-8 0.6532527772 0)
(-6 0.6532527772 0)
(-4 0.6532527772 0)
(-2 0.6532527772 1.850371708e-17)
(0 0.6532527772 0)
(2 0.6532527772 9.251858539e-18)
(4 0.6532527772 0)
(6 0.6532527772 -4.625929269e-18)
(8 0.6532527772 2.312964635e-18)
(10 0.6532527772 0)
(-10 0.7086020439 0)
(-8 0.7086020439 0)
(-6 0.7086020439 0)
(-4 0.7086020439 0)
(-2 0.7086020439 -1.850371708e-17)
(0 0.7086020439 0)
(2 0.7086020439 -9.251858539e-18)
(4 0.7086020439 0)
(6 0.7086020439 4.625929269e-18)
(8 0.7086020439 0)
(10 0.7086020439 0)
(-10 0.7647318168 0)
(-8 0.7647318168 0)
(-6 0.7647318168 0)
(-4 0.7647318168 1.850371708e-17)
(-2 0.7647318168 1.850371708e-17)
(0 0.7647318168 0)
(2 0.7647318168 1.850371708e-17)
(4 0.7647318168 0)
(6 0.7647318168 0)
(8 0.7647318168 0)
(10 0.7647318168 0)
(-10 0.8216531023 0)
(-8 0.8216531023 0)
(-6 0.8216531023 0)
(-4 0.8216531023 0)
(-2 0.8216531023 0)
(0 0.8216531023 0)
(2 0.8216531023 0)
(4 0.8216531023 9.251858539e-18)
(6 0.8216531023 0)
(8 0.8216531023 0)
(10 0.8216531023 0)
(-10 0.8793770618 0)
(-8 0.8793770618 0)
(-6 0.8793770618 0)
(-4 0.8793770618 0)
(-2 0.8793770618 0)
(0 0.8793770618 0)
(2 0.8793770618 0)
(4 0.8793770618 0)
(6 0.8793770618 0)
(8 0.8793770618 0)
(10 0.8793770618 0)
(-10 0.9379150142 0)
(-8 0.9379150142 1.850371708e-17)
(-6 0.9379150142 0)
(-4 0.9379150142 0)
(-2 0.9379150142 -1.850371708e-17)
(0 0.9379150142 0)
(2 0.9379150142 -9.251858539e-18)
(4 0.9379150142 0)
(6 0.9379150142 4.625929269e-18)
(8 0.9379150142 0)
(10 0.9379150142 0)
(-10 0.997278438 0)
(-8 0.997278438 0)
(-6 0.997278438 0)
(-4 0.997278438 0)
(-2 0.997278438 0)
(0 0.997278438 0)
(2 0.997278438 0)
(4 0.997278438 0)
(6 0.997278438 4.625929269e-18)
(8 0.997278438 2.312964635e-18)
(10 0.997278438 0)
(-10 1.057478974 0)
(-8 1.057478974 1.850371708e-17)
(-6 1.057478974 0)
(-4 1.057478974 1.850371708e-17)
(-2 1.057478974 1.850371708e-17)
(0 1.057478974 0)
(2 1.057478974 1.850371708e-17)
(4 1.057478974 0)
(6 1.057478974 -4.625929269e-18)
(8 1.057478974 1.850371708e-17)
(10 1.057478974 0)
(-10 1.118528426 0)
(-8 1.118528426 0)
(-6 1.118528426 0)
(-4 1.118528426 0)
(-2 1.118528426 0)
(0 1.118528426 0)
(2 1.118528426 0)
(4 1.118528426 0)
(6 1.118528426 0)
(8 1.118528426 0)
(10 1.118528426 0)
(-10 1.180438765 0)
(-8 1.180438765 0)
(-6 1.180438765 0)
(-4 1.180438765 0)
(-2 1.180438765 1.850371708e-17)
(0 1.180438765 0)
(2 1.180438765 1.850371708e-17)
(4 1.180438765 1.850371708e-17)
(6 1.180438765 0)
(8 1.180438765 0)
(10 1.180438765 0)
(-10 1.243222131 0)
(-8 1.243222131 0)
(-6 1.243222131 0)
(-4 1.243222131 0)
(-2 1.243222131 0)
(0 1.243222131 0)
(2 1.243222131 0)
(4 1.243222131 9.251858539e-18)
(6 1.243222131 0)
(8 1.243222131 0)
(10 1.243222131 0)
(-10 1.306890835 0)
(-8 1.306890835 0)
(-6 1.306890835 0)
(-4 1.306890835 1.850371708e-17)
(-2 1.306890835 1.850371708e-17)
(0 1.306890835 0)
(2 1.306890835 1.850371708e-17)
(4 1.306890835 0)
(6 1.306890835 4.625929269e-18)
(8 1.306890835 2.312964635e-18)
(10 1.306890835 0)
(-10 1.371457362 0)
(-8 1.371457362 0)
(-6 1.371457362 0)
(-4 1.371457362 0)
(-2 1.371457362 0)
(0 1.371457362 0)
(2 1.371457362 0)
(4 1.371457362 0)
(6 1.371457362 0)
(8 1.371457362 1.850371708e-17)
(10 1.371457362 0)
(-10 1.436934372 0)
(-8 1.436934372 0)
(-6 1.436934372 0)
(-4 1.436934372 0)
(-2 1.436934372 0)
(0 1.436934372 0)
(2 1.436934372 0)
(4 1.436934372 0)
(6 1.436934372 4.625929269e-18)
(8 1.436934372 2.312964635e-18)
(10 1.436934372 0)
(-10 1.503334705 0)
(-8 1.503334705 0)
(-6 1.503334705 0)
(-4 1.503334705 0)
(-2 1.503334705 0)
(0 1.503334705 0)
(2 1.503334705 0)
(4 1.503334705 0)
(6 1.503334705 0)
(8 1.503334705 0)
(10 1.503334705 0)
(-10 1.57067138 0)
(-8 1.57067138 1.850371708e-17)
(-6 1.57067138 0)
(-4 1.57067138 0)
(-2 1.57067138 0)
(0 1.57067138 0)
(2 1.57067138 0)
(4 1.57067138 0)
(6 1.57067138 0)
(8 1.57067138 0)
(10 1.57067138 0)
(-10 1.638957601 0)
(-8 1.638957601 0)
(-6 1.638957601 0)
(-4 1.638957601 0)
(-2 1.638957601 1.850371708e-17)
(0 1.638957601 0)
(2 1.638957601 1.850371708e-17)
(4 1.638957601 -9.251858539e-18)
(6 1.638957601 0)
(8 1.638957601 0)
(10 1.638957601 0)
(-10 1.708206759 0)
(-8 1.708206759 0)
(-6 1.708206759 0)
(-4 1.708206759 0)
(-2 1.708206759 1.850371708e-17)
(0 1.708206759 0)
(2 1.708206759 9.251858539e-18)
(4 1.708206759 0)
(6 1.708206759 1.850371708e-17)
(8 1.708206759 1.850371708e-17)
(10 1.708206759 0)
(-10 1.778432432 0)
(-8 1.778432432 0)
(-6 1.778432432 0)
(-4 1.778432432 0)
(-2 1.778432432 1.850371708e-17)
(0 1.778432432 0)
(2 1.778432432 9.251858539e-18)
(4 1.778432432 0)
(6 1.778432432 1.850371708e-17)
(8 1.778432432 1.850371708e-17)
(10 1.778432432 0)
(-10 1.849648391 0)
(-8 1.849648391 0)
(-6 1.849648391 0)
(-4 1.849648391 3.700743415e-17)
(-2 1.849648391 0)
(0 1.849648391 0)
(2 1.849648391 0)
(4 1.849648391 0)
(6 1.849648391 -4.625929269e-18)
(8 1.849648391 0)
(10 1.849648391 0)
(-10 1.921868599 0)
(-8 1.921868599 0)
(-6 1.921868599 0)
(-4 1.921868599 0)
(-2 1.921868599 0)
(0 1.921868599 0)
(2 1.921868599 0)
(4 1.921868599 0)
(6 1.921868599 4.625929269e-18)
(8 1.921868599 -2.312964635e-18)
(10 1.921868599 0)
(-10 1.995107219 0)
(-8 1.995107219 0)
(-6 1.995107219 0)
(-4 1.995107219 0)
(-2 1.995107219 0)
(0 1.995107219 0)
(2 1.995107219 0)
(4 1.995107219 0)
(6 1.995107219 0)
(8 1.995107219 0)
(10 1.995107219 0)
(-10 2.069378612 0)
(-8 2.069378612 0)
(-6 2.069378612 0)
(-4 2.069378612 3.700743415e-17)
(-2 2.069378612 0)
(0 2.069378612 0)
(2 2.069378612 0)
(4 2.069378612 0)
(6 2.069378612 -4.625929269e-18)
(8 2.069378612 0)
(10 2.069378612 0)
(-10 2.14469734 0)
(-8 2.14469734 0)
(-6 2.14469734 0)
(-4 2.14469734 1.850371708e-17)
(-2 2.14469734 1.850371708e-17)
(0 2.14469734 0)
(2 2.14469734 1.850371708e-17)
(4 2.14469734 1.850371708e-17)
(6 2.14469734 4.625929269e-18)
(8 2.14469734 2.312964635e-18)
(10 2.14469734 0)
(-10 2.221078174 0)
(-8 2.221078174 0)
(-6 2.221078174 0)
(-4 2.221078174 0)
(-2 2.221078174 0)
(0 2.221078174 0)
(2 2.221078174 0)
(4 2.221078174 0)
(6 2.221078174 0)
(8 2.221078174 0)
(10 2.221078174 0)
(-10 2.29853609 0)
(-8 2.29853609 0)
(-6 2.29853609 0)
(-4 2.29853609 3.700743415e-17)
(-2 2.29853609 1.850371708e-17)
(0 2.29853609 0)
(2 2.29853609 9.251858539e-18)
(4 2.29853609 1.850371708e-17)
(6 2.29853609 1.850371708e-17)
(8 2.29853609 0)
(10 2.29853609 0)
(-10 2.377086277 0)
(-8 2.377086277 0)
(-6 2.377086277 0)
(-4 2.377086277 0)
(-2 2.377086277 0)
(0 2.377086277 0)
(2 2.377086277 0)
(4 2.377086277 0)
(6 2.377086277 0)
(8 2.377086277 0)
(10 2.377086277 0)
(-10 2.456744137 0)
(-8 2.456744137 0)
(-6 2.456744137 0)
(-4 2.456744137 3.700743415e-17)
(-2 2.456744137 1.850371708e-17)
(0 2.456744137 0)
(2 2.456744137 1.850371708e-17)
(4 2.456744137 9.251858539e-18)
(6 2.456744137 0)
(8 2.456744137 0)
(10 2.456744137 0)
(-10 2.537525291 0)
(-8 2.537525291 0)
(-6 2.537525291 0)
(-4 2.537525291 0)
(-2 2.537525291 0)
(0 2.537525291 0)
(2 2.537525291 0)
(4 2.537525291 0)
(6 2.537525291 0)
(8 2.537525291 0)
(10 2.537525291 0)
(-10 2.619445578 0)
(-8 2.619445578 0)
(-6 2.619445578 0)
(-4 2.619445578 0)
(-2 2.619445578 0)
(0 2.619445578 0)
(2 2.619445578 0)
(4 2.619445578 0)
(6 2.619445578 1.850371708e-17)
(8 2.619445578 0)
(10 2.619445578 0)
(-10 2.702521061 0)
(-8 2.702521061 1.850371708e-17)
(-6 2.702521061 0)
(-4 2.702521061 3.700743415e-17)
(-2 2.702521061 0)
(0 2.702521061 0)
(2 2.702521061 0)
(4 2.702521061 0)
(6 2.702521061 0)
(8 2.702521061 0)
(10 2.702521061 0)
(-10 2.786768032 0)
(-8 2.786768032 0)
(-6 2.786768032 0)
(-4 2.786768032 0)
(-2 2.786768032 0)
(0 2.786768032 0)
(2 2.786768032 0)
(4 2.786768032 0)
(6 2.786768032 0)
(8 2.786768032 1.850371708e-17)
(10 2.786768032 0)
(-10 2.872203009 0)
(-8 2.872203009 0)
(-6 2.872203009 0)
(-4 2.872203009 0)
(-2 2.872203009 0)
(0 2.872203009 0)
(2 2.872203009 0)
(4 2.872203009 0)
(6 2.872203009 0)
(8 2.872203009 0)
(10 2.872203009 0)
(-10 2.958842745 0)
(-8 2.958842745 0)
(-6 2.958842745 0)
(-4 2.958842745 3.700743415e-17)
(-2 2.958842745 0)
(0 2.958842745 0)
(2 2.958842745 0)
(4 2.958842745 0)
(6 2.958842745 0)
(8 2.958842745 1.850371708e-17)
(10 2.958842745 0)
(-10 3.046704229 0)
(-8 3.046704229 0)
(-6 3.046704229 0)
(-4 3.046704229 0)
(-2 3.046704229 0)
(0 3.046704229 0)
(2 3.046704229 0)
(4 3.046704229 0)
(6 3.046704229 0)
(8 3.046704229 1.850371708e-17)
(10 3.046704229 0)
(-10 3.13580469 0)
(-8 3.13580469 0)
(-6 3.13580469 0)
(-4 3.13580469 0)
(-2 3.13580469 0)
(0 3.13580469 0)
(2 3.13580469 0)
(4 3.13580469 0)
(6 3.13580469 0)
(8 3.13580469 1.850371708e-17)
(10 3.13580469 0)
(-10 3.226161598 0)
(-8 3.226161598 0)
(-6 3.226161598 0)
(-4 3.226161598 0)
(-2 3.226161598 0)
(0 3.226161598 0)
(2 3.226161598 0)
(4 3.226161598 0)
(6 3.226161598 0)
(8 3.226161598 0)
(10 3.226161598 0)
(-10 3.317792672 0)
(-8 3.317792672 0)
(-6 3.317792672 0)
(-4 3.317792672 0)
(-2 3.317792672 0)
(0 3.317792672 0)
(2 3.317792672 0)
(4 3.317792672 0)
(6 3.317792672 4.625929269e-18)
(8 3.317792672 -2.312964635e-18)
(10 3.317792672 0)
(-10 3.410715879 0)
(-8 3.410715879 0)
(-6 3.410715879 0)
(-4 3.410715879 0)
(-2 3.410715879 0)
(0 3.410715879 0)
(2 3.410715879 0)
(4 3.410715879 0)
(6 3.410715879 0)
(8 3.410715879 1.850371708e-17)
(10 3.410715879 0)
(-10 3.504949441 0)
(-8 3.504949441 0)
(-6 3.504949441 0)
(-4 3.504949441 0)
(-2 3.504949441 0)
(0 3.504949441 0)
(2 3.504949441 0)
(4 3.504949441 0)
(6 3.504949441 1.850371708e-17)
(8 3.504949441 0)
(10 3.504949441 0)
(-10 3.600511835 0)
(-8 3.600511835 0)
(-6 3.600511835 0)
(-4 3.600511835 0)
(-2 3.600511835 0)
(0 3.600511835 0)
(2 3.600511835 0)
(4 3.600511835 0)
(6 3.600511835 0)
(8 3.600511835 0)
(10 3.600511835 0)
(-10 3.697421799 0)
(-8 3.697421799 1.850371708e-17)
(-6 3.697421799 0)
(-4 3.697421799 0)
(-2 3.697421799 1.850371708e-17)
(0 3.697421799 0)
(2 3.697421799 1.850371708e-17)
(4 3.697421799 0)
(6 3.697421799 0)
(8 3.697421799 1.850371708e-17)
(10 3.697421799 0)
(-10 3.795698336 0)
(-8 3.795698336 0)
(-6 3.795698336 0)
(-4 3.795698336 0)
(-2 3.795698336 0)
(0 3.795698336 0)
(2 3.795698336 0)
(4 3.795698336 0)
(6 3.795698336 0)
(8 3.795698336 1.850371708e-17)
(10 3.795698336 0)
(-10 3.895360718 0)
(-8 3.895360718 0)
(-6 3.895360718 0)
(-4 3.895360718 3.700743415e-17)
(-2 3.895360718 0)
(0 3.895360718 0)
(2 3.895360718 0)
(4 3.895360718 0)
(6 3.895360718 0)
(8 3.895360718 0)
(10 3.895360718 0)
(-10 3.996428486 0)
(-8 3.996428486 0)
(-6 3.996428486 0)
(-4 3.996428486 1.850371708e-17)
(-2 3.996428486 1.850371708e-17)
(0 3.996428486 0)
(2 3.996428486 1.850371708e-17)
(4 3.996428486 0)
(6 3.996428486 0)
(8 3.996428486 1.850371708e-17)
(10 3.996428486 0)
(-10 4.098921459 0)
(-8 4.098921459 0)
(-6 4.098921459 0)
(-4 4.098921459 0)
(-2 4.098921459 0)
(0 4.098921459 0)
(2 4.098921459 0)
(4 4.098921459 0)
(6 4.098921459 0)
(8 4.098921459 0)
(10 4.098921459 0)
(-10 4.202859734 0)
(-8 4.202859734 0)
(-6 4.202859734 0)
(-4 4.202859734 0)
(-2 4.202859734 0)
(0 4.202859734 0)
(2 4.202859734 0)
(4 4.202859734 0)
(6 4.202859734 0)
(8 4.202859734 0)
(10 4.202859734 0)
(-10 4.308263691 0)
(-8 4.308263691 0)
(-6 4.308263691 0)
(-4 4.308263691 0)
(-2 4.308263691 0)
(0 4.308263691 0)
(2 4.308263691 0)
(4 4.308263691 0)
(6 4.308263691 0)
(8 4.308263691 0)
(10 4.308263691 0)
(-10 4.415154 0)
(-8 4.415154 0)
(-6 4.415154 0)
(-4 4.415154 0)
(-2 4.415154 0)
(0 4.415154 0)
(2 4.415154 0)
(4 4.415154 0)
(6 4.415154 0)
(8 4.415154 0)
(10 4.415154 0)
(-10 4.52355162 0)
(-8 4.52355162 0)
(-6 4.52355162 0)
(-4 4.52355162 0)
(-2 4.52355162 0)
(0 4.52355162 0)
(2 4.52355162 0)
(4 4.52355162 0)
(6 4.52355162 0)
(8 4.52355162 0)
(10 4.52355162 0)
(-10 4.633477806 0)
(-8 4.633477806 0)
(-6 4.633477806 0)
(-4 4.633477806 0)
(-2 4.633477806 0)
(0 4.633477806 0)
(2 4.633477806 0)
(4 4.633477806 0)
(6 4.633477806 1.850371708e-17)
(8 4.633477806 1.850371708e-17)
(10 4.633477806 0)
(-10 4.744954113 0)
(-8 4.744954113 0)
(-6 4.744954113 0)
(-4 4.744954113 0)
(-2 4.744954113 0)
(0 4.744954113 0)
(2 4.744954113 0)
(4 4.744954113 0)
(6 4.744954113 0)
(8 4.744954113 0)
(10 4.744954113 0)
(-10 4.8580024 0)
(-8 4.8580024 0)
(-6 4.8580024 0)
(-4 4.8580024 0)
(-2 4.8580024 0)
(0 4.8580024 0)
(2 4.8580024 0)
(4 4.8580024 0)
(6 4.8580024 0)
(8 4.8580024 0)
(10 4.8580024 0)
(-10 4.972644835 0)
(-8 4.972644835 0)
(-6 4.972644835 0)
(-4 4.972644835 0)
(-2 4.972644835 0)
(0 4.972644835 0)
(2 4.972644835 0)
(4 4.972644835 0)
(6 4.972644835 1.850371708e-17)
(8 4.972644835 1.850371708e-17)
(10 4.972644835 0)
(-10 5.088903898 0)
(-8 5.088903898 0)
(-6 5.088903898 0)
(-4 5.088903898 3.700743415e-17)
(-2 5.088903898 0)
(0 5.088903898 0)
(2 5.088903898 0)
(4 5.088903898 0)
(6 5.088903898 0)
(8 5.088903898 0)
(10 5.088903898 0)
(-10 5.206802384 0)
(-8 5.206802384 0)
(-6 5.206802384 0)
(-4 5.206802384 0)
(-2 5.206802384 0)
(0 5.206802384 0)
(2 5.206802384 0)
(4 5.206802384 0)
(6 5.206802384 0)
(8 5.206802384 0)
(10 5.206802384 0)
(-10 5.326363413 0)
(-8 5.326363413 0)
(-6 5.326363413 0)
(-4 5.326363413 0)
(-2 5.326363413 0)
(0 5.326363413 0)
(2 5.326363413 0)
(4 5.326363413 0)
(6 5.326363413 0)
(8 5.326363413 0)
(10 5.326363413 0)
(-10 5.447610429 0)
(-8 5.447610429 0)
(-6 5.447610429 0)
(-4 5.447610429 0)
(-2 5.447610429 0)
(0 5.447610429 0)
(2 5.447610429 0)
(4 5.447610429 0)
(6 5.447610429 0)
(8 5.447610429 0)
(10 5.447610429 0)
(-10 5.570567207 0)
(-8 5.570567207 0)
(-6 5.570567207 0)
(-4 5.570567207 0)
(-2 5.570567207 0)
(0 5.570567207 0)
(2 5.570567207 0)
(4 5.570567207 0)
(6 5.570567207 0)
(8 5.570567207 0)
(10 5.570567207 0)
(-10 5.695257856 0)
(-8 5.695257856 0)
(-6 5.695257856 0)
(-4 5.695257856 0)
(-2 5.695257856 0)
(0 5.695257856 0)
(2 5.695257856 0)
(4 5.695257856 0)
(6 5.695257856 0)
(8 5.695257856 0)
(10 5.695257856 0)
(-10 5.821706827 0)
(-8 5.821706827 1.850371708e-17)
(-6 5.821706827 0)
(-4 5.821706827 0)
(-2 5.821706827 0)
(0 5.821706827 0)
(2 5.821706827 0)
(4 5.821706827 0)
(6 5.821706827 0)
(8 5.821706827 1.850371708e-17)
(10 5.821706827 0)
(-10 5.949938915 0)
(-8 5.949938915 0)
(-6 5.949938915 0)
(-4 5.949938915 0)
(-2 5.949938915 0)
(0 5.949938915 0)
(2 5.949938915 0)
(4 5.949938915 0)
(6 5.949938915 0)
(8 5.949938915 1.850371708e-17)
(10 5.949938915 0)
(-10 6.079979265 0)
(-8 6.079979265 0)
(-6 6.079979265 0)
(-4 6.079979265 0)
(-2 6.079979265 0)
(0 6.079979265 0)
(2 6.079979265 0)
(4 6.079979265 0)
(6 6.079979265 0)
(8 6.079979265 0)
(10 6.079979265 0)
(-10 6.211853375 0)
(-8 6.211853375 0)
(-6 6.211853375 0)
(-4 6.211853375 3.700743415e-17)
(-2 6.211853375 0)
(0 6.211853375 0)
(2 6.211853375 0)
(4 6.211853375 0)
(6 6.211853375 0)
(8 6.211853375 0)
(10 6.211853375 0)
(-10 6.345587105 0)
(-8 6.345587105 0)
(-6 6.345587105 0)
(-4 6.345587105 0)
(-2 6.345587105 0)
(0 6.345587105 0)
(2 6.345587105 0)
(4 6.345587105 0)
(6 6.345587105 0)
(8 6.345587105 0)
(10 6.345587105 0)
(-10 6.481206677 0)
(-8 6.481206677 0)
(-6 6.481206677 0)
(-4 6.481206677 0)
(-2 6.481206677 0)
(0 6.481206677 0)
(2 6.481206677 0)
(4 6.481206677 0)
(6 6.481206677 0)
(8 6.481206677 0)
(10 6.481206677 0)
(-10 6.618738685 0)
(-8 6.618738685 0)
(-6 6.618738685 0)
(-4 6.618738685 0)
(-2 6.618738685 0)
(0 6.618738685 0)
(2 6.618738685 0)
(4 6.618738685 0)
(6 6.618738685 0)
(8 6.618738685 0)
(10 6.618738685 0)
(-10 6.758210098 0)
(-8 6.758210098 0)
(-6 6.758210098 0)
(-4 6.758210098 0)
(-2 6.758210098 0)
(0 6.758210098 0)
(2 6.758210098 0)
(4 6.758210098 0)
(6 6.758210098 0)
(8 6.758210098 1.850371708e-17)
(10 6.758210098 0)
(-10 6.899648262 0)
(-8 6.899648262 0)
(-6 6.899648262 0)
(-4 6.899648262 0)
(-2 6.899648262 0)
(0 6.899648262 0)
(2 6.899648262 0)
(4 6.899648262 0)
(6 6.899648262 0)
(8 6.899648262 1.850371708e-17)
(10 6.899648262 0)
(-10 7.043080914 0)
(-8 7.043080914 0)
(-6 7.043080914 0)
(-4 7.043080914 0)
(-2 7.043080914 0)
(0 7.043080914 0)
(2 7.043080914 0)
(4 7.043080914 0)
(6 7.043080914 0)
(8 7.043080914 0)
(10 7.043080914 0)
(-10 7.188536177 0)
(-8 7.188536177 0)
(-6 7.188536177 0)
(-4 7.188536177 0)
(-2 7.188536177 0)
(0 7.188536177 0)
(2 7.188536177 0)
(4 7.188536177 0)
(6 7.188536177 0)
(8 7.188536177 1.850371708e-17)
(10 7.188536177 0)
(-10 7.336042574 0)
(-8 7.336042574 1.850371708e-17)
(-6 7.336042574 0)
(-4 7.336042574 0)
(-2 7.336042574 0)
(0 7.336042574 0)
(2 7.336042574 0)
(4 7.336042574 0)
(6 7.336042574 0)
(8 7.336042574 1.850371708e-17)
(10 7.336042574 0)
(-10 7.485629029 0)
(-8 7.485629029 1.850371708e-17)
(-6 7.485629029 0)
(-4 7.485629029 0)
(-2 7.485629029 0)
(0 7.485629029 0)
(2 7.485629029 0)
(4 7.485629029 0)
(6 7.485629029 0)
(8 7.485629029 1.850371708e-17)
(10 7.485629029 0)
(-10 7.637324873 0)
(-8 7.637324873 0)
(-6 7.637324873 0)
(-4 7.637324873 0)
(-2 7.637324873 0)
(0 7.637324873 0)
(2 7.637324873 0)
(4 7.637324873 0)
(6 7.637324873 0)
(8 7.637324873 0)
(10 7.637324873 0)
(-10 7.791159852 0)
(-8 7.791159852 0)
(-6 7.791159852 0)
(-4 7.791159852 0)
(-2 7.791159852 0)
(0 7.791159852 0)
(2 7.791159852 0)
(4 7.791159852 0)
(6 7.791159852 0)
(8 7.791159852 0)
(10 7.791159852 0)
(-10 7.947164131 0)
(-8 7.947164131 1.850371708e-17)
(-6 7.947164131 0)
(-4 7.947164131 0)
(-2 7.947164131 0)
(0 7.947164131 0)
(2 7.947164131 0)
(4 7.947164131 0)
(6 7.947164131 0)
(8 7.947164131 0)
(10 7.947164131 0)
(-10 8.105368301 0)
(-8 8.105368301 0)
(-6 8.105368301 0)
(-4 8.105368301 0)
(-2 8.105368301 0)
(0 8.105368301 0)
(2 8.105368301 0)
(4 8.105368301 0)
(6 8.105368301 1.850371708e-17)
(8 8.105368301 0)
(10 8.105368301 0)
(-10 8.265803382 0)
(-8 8.265803382 0)
(-6 8.265803382 0)
(-4 8.265803382 0)
(-2 8.265803382 0)
(0 8.265803382 0)
(2 8.265803382 0)
(4 8.265803382 0)
(6 8.265803382 0)
(8 8.265803382 0)
(10 8.265803382 0)
(-10 8.428500835 0)
(-8 8.428500835 0)
(-6 8.428500835 0)
(-4 8.428500835 0)
(-2 8.428500835 0)
(0 8.428500835 0)
(2 8.428500835 0)
(4 8.428500835 0)
(6 8.428500835 0)
(8 8.428500835 0)
(10 8.428500835 0)
(-10 8.593492562 0)
(-8 8.593492562 0)
(-6 8.593492562 0)
(-4 8.593492562 0)
(-2 8.593492562 1.850371708e-17)
(0 8.593492562 0)
(2 8.593492562 1.850371708e-17)
(4 8.593492562 0)
(6 8.593492562 0)
(8 8.593492562 0)
(10 8.593492562 0)
(-10 8.760810915 0)
(-8 8.760810915 0)
(-6 8.760810915 0)
(-4 8.760810915 0)
(-2 8.760810915 1.850371708e-17)
(0 8.760810915 0)
(2 8.760810915 1.850371708e-17)
(4 8.760810915 1.850371708e-17)
(6 8.760810915 0)
(8 8.760810915 0)
(10 8.760810915 0)
(-10 8.930488703 0)
(-8 8.930488703 0)
(-6 8.930488703 0)
(-4 8.930488703 0)
(-2 8.930488703 0)
(0 8.930488703 0)
(2 8.930488703 0)
(4 8.930488703 0)
(6 8.930488703 0)
(8 8.930488703 0)
(10 8.930488703 0)
(-10 9.102559199 0)
(-8 9.102559199 0)
(-6 9.102559199 0)
(-4 9.102559199 3.700743415e-17)
(-2 9.102559199 0)
(0 9.102559199 0)
(2 9.102559199 0)
(4 9.102559199 0)
(6 9.102559199 0)
(8 9.102559199 0)
(10 9.102559199 0)
(-10 9.277056142 0)
(-8 9.277056142 0)
(-6 9.277056142 0)
(-4 9.277056142 0)
(-2 9.277056142 1.850371708e-17)
(0 9.277056142 0)
(2 9.277056142 1.850371708e-17)
(4 9.277056142 1.850371708e-17)
(6 9.277056142 0)
(8 9.277056142 0)
(10 9.277056142 0)
(-10 9.45401375 0)
(-8 9.45401375 0)
(-6 9.45401375 0)
(-4 9.45401375 0)
(-2 9.45401375 0)
(0 9.45401375 0)
(2 9.45401375 0)
(4 9.45401375 0)
(6 9.45401375 0)
(8 9.45401375 0)
(10 9.45401375 0)
(-10 9.63346672 0)
(-8 9.63346672 0)
(-6 9.63346672 0)
(-4 9.63346672 0)
(-2 9.63346672 0)
(0 9.63346672 0)
(2 9.63346672 0)
(4 9.63346672 0)
(6 9.63346672 0)
(8 9.63346672 0)
(10 9.63346672 0)
(-10 9.815450242 0)
(-8 9.815450242 0)
(-6 9.815450242 0)
(-4 9.815450242 0)
(-2 9.815450242 0)
(0 9.815450242 0)
(2 9.815450242 0)
(4 9.815450242 0)
(6 9.815450242 1.850371708e-17)
(8 9.815450242 0)
(10 9.815450242 0)
(-10 10 0)
(-8 10 0)
(-6 10 0)
(-4 10 0)
(-2 10 0)
(0 10 0)
(2 10 0)
(4 10 0)
(6 10 0)
(8 10 0)
(10 10 0)
(-10 0 1)
(-8 0 1)
(-6 0 1)
(-4 0 1)
(-2 0 1)
(0 0 1)
(2 0 1)
(4 0 1)
(6 0 1)
(8 0 1)
(10 0 1)
(-10 0.04613743947 1)
(-8 0.04613743947 1)
(-6 0.04613743947 1)
(-4 0.04613743947 1)
(-2 0.04613743947 1)
(0 0.04613743947 1)
(2 0.04613743947 1)
(4 0.04613743947 1)
(6 0.04613743947 1)
(8 0.04613743947 1)
(10 0.04613743947 1)
(-10 0.09292548486 1)
(-8 0.09292548486 1)
(-6 0.09292548486 1)
(-4 0.09292548486 1)
(-2 0.09292548486 1)
(0 0.09292548486 1)
(2 0.09292548486 1)
(4 0.09292548486 1)
(6 0.09292548486 1)
(8 0.09292548486 1)
(10 0.09292548486 1)
(-10 0.1403733107 1)
(-8 0.1403733107 1)
(-6 0.1403733107 1)
(-4 0.1403733107 1)
(-2 0.1403733107 1)
(0 0.1403733107 1)
(2 0.1403733107 1)
(4 0.1403733107 1)
(6 0.1403733107 1)
(8 0.1403733107 1)
(10 0.1403733107 1)
(-10 0.1884902208 1)
(-8 0.1884902208 1)
(-6 0.1884902208 1)
(-4 0.1884902208 1)
(-2 0.1884902208 1)
(0 0.1884902208 1)
(2 0.1884902208 1)
(4 0.1884902208 1)
(6 0.1884902208 1)
(8 0.1884902208 1)
(10 0.1884902208 1)
(-10 0.2372856502 1)
(-8 0.2372856502 1)
(-6 0.2372856502 1)
(-4 0.2372856502 1)
(-2 0.2372856502 1)
(0 0.2372856502 1)
(2 0.2372856502 1)
(4 0.2372856502 1)
(6 0.2372856502 1)
(8 0.2372856502 1)
(10 0.2372856502 1)
(-10 0.2867691672 1)
(-8 0.2867691672 1)
(-6 0.2867691672 1)
(-4 0.2867691672 1)
(-2 0.2867691672 1)
(0 0.2867691672 1)
(2 0.2867691672 1)
(4 0.2867691672 1)
(6 0.2867691672 1)
(8 0.2867691672 1)
(10 0.2867691672 1)
(-10 0.3369504747 1)
(-8 0.3369504747 1)
(-6 0.3369504747 1)
(-4 0.3369504747 1)
(-2 0.3369504747 1)
(0 0.3369504747 1)
(2 0.3369504747 1)
(4 0.3369504747 1)
(6 0.3369504747 1)
(8 0.3369504747 1)
(10 0.3369504747 1)
(-10 0.3878394126 1)
(-8 0.3878394126 1)
(-6 0.3878394126 1)
(-4 0.3878394126 1)
(-2 0.3878394126 1)
(0 0.3878394126 1)
(2 0.3878394126 1)
(4 0.3878394126 1)
(6 0.3878394126 1)
(8 0.3878394126 1)
(10 0.3878394126 1)
(-10 0.4394459595 1)
(-8 0.4394459595 1)
(-6 0.4394459595 1)
(-4 0.4394459595 1)
(-2 0.4394459595 1)
(0 0.4394459595 1)
(2 0.4394459595 1)
(4 0.4394459595 1)
(6 0.4394459595 1)
(8 0.4394459595 1)
(10 0.4394459595 1)
(-10 0.4917802348 1)
(-8 0.4917802348 1)
(-6 0.4917802348 1)
(-4 0.4917802348 1)
(-2 0.4917802348 1)
(0 0.4917802348 1)
(2 0.4917802348 1)
(4 0.4917802348 1)
(6 0.4917802348 1)
(8 0.4917802348 1)
(10 0.4917802348 1)
(-10 0.5448525006 1)
(-8 0.5448525006 1)
(-6 0.5448525006 1)
(-4 0.5448525006 1)
(-2 0.5448525006 1)
(0 0.5448525006 1)
(2 0.5448525006 1)
(4 0.5448525006 1)
(6 0.5448525006 1)
(8 0.5448525006 1)
(10 0.5448525006 1)
(-10 0.5986731636 1)
(-8 0.5986731636 1)
(-6 0.5986731636 1)
(-4 0.5986731636 1)
(-2 0.5986731636 1)
(0 0.5986731636 1)
(2 0.5986731636 1)
(4 0.5986731636 1)
(6 0.5986731636 1)
(8 0.5986731636 1)
(10 0.5986731636 1)
(-10 0.6532527772 1)
(-8 0.6532527772 1)
(-6 0.6532527772 1)
(-4 0.6532527772 1)
(-2 0.6532527772 1)
(0 0.6532527772 1)
(2 0.6532527772 1)
(4 0.6532527772 1)
(6 0.6532527772 1)
(8 0.6532527772 1)
(10 0.6532527772 1)
(-10 0.7086020439 1)
(-8 0.7086020439 1)
(-6 0.7086020439 1)
(-4 0.7086020439 1)
(-2 0.7086020439 1)
(0 0.7086020439 1)
(2 0.7086020439 1)
(4 0.7086020439 1)
(6 0.7086020439 1)
(8 0.7086020439 1)
(10 0.7086020439 1)
(-10 0.7647318168 1)
(-8 0.7647318168 1)
(-6 0.7647318168 1)
(-4 0.7647318168 1)
(-2 0.7647318168 1)
(0 0.7647318168 1)
(2 0.7647318168 1)
(4 0.7647318168 1)
(6 0.7647318168 1)
(8 0.7647318168 1)
(10 0.7647318168 1)
(-10 0.8216531023 1)
(-8 0.8216531023 1)
(-6 0.8216531023 1)
(-4 0.8216531023 1)
(-2 0.8216531023 1)
(0 0.8216531023 1)
(2 0.8216531023 1)
(4 0.8216531023 1)
(6 0.8216531023 1)
(8 0.8216531023 1)
(10 0.8216531023 1)
(-10 0.8793770618 1)
(-8 0.8793770618 1)
(-6 0.8793770618 1)
(-4 0.8793770618 1)
(-2 0.8793770618 1)
(0 0.8793770618 1)
(2 0.8793770618 1)
(4 0.8793770618 1)
(6 0.8793770618 1)
(8 0.8793770618 1)
(10 0.8793770618 1)
(-10 0.9379150142 1)
(-8 0.9379150142 1)
(-6 0.9379150142 1)
(-4 0.9379150142 1)
(-2 0.9379150142 1)
(0 0.9379150142 1)
(2 0.9379150142 1)
(4 0.9379150142 1)
(6 0.9379150142 1)
(8 0.9379150142 1)
(10 0.9379150142 1)
(-10 0.997278438 1)
(-8 0.997278438 1)
(-6 0.997278438 1)
(-4 0.997278438 1)
(-2 0.997278438 1)
(0 0.997278438 1)
(2 0.997278438 1)
(4 0.997278438 1)
(6 0.997278438 1)
(8 0.997278438 1)
(10 0.997278438 1)
(-10 1.057478974 1)
(-8 1.057478974 1)
(-6 1.057478974 1)
(-4 1.057478974 1)
(-2 1.057478974 1)
(0 1.057478974 1)
(2 1.057478974 1)
(4 1.057478974 1)
(6 1.057478974 1)
(8 1.057478974 1)
(10 1.057478974 1)
(-10 1.118528426 1)
(-8 1.118528426 1)
(-6 1.118528426 1)
(-4 1.118528426 1)
(-2 1.118528426 1)
(0 1.118528426 1)
(2 1.118528426 1)
(4 1.118528426 1)
(6 1.118528426 1)
(8 1.118528426 1)
(10 1.118528426 1)
(-10 1.180438765 1)
(-8 1.180438765 1)
(-6 1.180438765 1)
(-4 1.180438765 1)
(-2 1.180438765 1)
(0 1.180438765 1)
(2 1.180438765 1)
(4 1.180438765 1)
(6 1.180438765 1)
(8 1.180438765 1)
(10 1.180438765 1)
(-10 1.243222131 1)
(-8 1.243222131 1)
(-6 1.243222131 1)
(-4 1.243222131 1)
(-2 1.243222131 1)
(0 1.243222131 1)
(2 1.243222131 1)
(4 1.243222131 1)
(6 1.243222131 1)
(8 1.243222131 1)
(10 1.243222131 1)
(-10 1.306890835 1)
(-8 1.306890835 1)
(-6 1.306890835 1)
(-4 1.306890835 1)
(-2 1.306890835 1)
(0 1.306890835 1)
(2 1.306890835 1)
(4 1.306890835 1)
(6 1.306890835 1)
(8 1.306890835 1)
(10 1.306890835 1)
(-10 1.371457362 1)
(-8 1.371457362 1)
(-6 1.371457362 1)
(-4 1.371457362 1)
(-2 1.371457362 1)
(0 1.371457362 1)
(2 1.371457362 1)
(4 1.371457362 1)
(6 1.371457362 1)
(8 1.371457362 1)
(10 1.371457362 1)
(-10 1.436934372 1)
(-8 1.436934372 1)
(-6 1.436934372 1)
(-4 1.436934372 1)
(-2 1.436934372 1)
(0 1.436934372 1)
(2 1.436934372 1)
(4 1.436934372 1)
(6 1.436934372 1)
(8 1.436934372 1)
(10 1.436934372 1)
(-10 1.503334705 1)
(-8 1.503334705 1)
(-6 1.503334705 1)
(-4 1.503334705 1)
(-2 1.503334705 1)
(0 1.503334705 1)
(2 1.503334705 1)
(4 1.503334705 1)
(6 1.503334705 1)
(8 1.503334705 1)
(10 1.503334705 1)
(-10 1.57067138 1)
(-8 1.57067138 1)
(-6 1.57067138 1)
(-4 1.57067138 1)
(-2 1.57067138 1)
(0 1.57067138 1)
(2 1.57067138 1)
(4 1.57067138 1)
(6 1.57067138 1)
(8 1.57067138 1)
(10 1.57067138 1)
(-10 1.638957601 1)
(-8 1.638957601 1)
(-6 1.638957601 1)
(-4 1.638957601 1)
(-2 1.638957601 1)
(0 1.638957601 1)
(2 1.638957601 1)
(4 1.638957601 1)
(6 1.638957601 1)
(8 1.638957601 1)
(10 1.638957601 1)
(-10 1.708206759 1)
(-8 1.708206759 1)
(-6 1.708206759 1)
(-4 1.708206759 1)
(-2 1.708206759 1)
(0 1.708206759 1)
(2 1.708206759 1)
(4 1.708206759 1)
(6 1.708206759 1)
(8 1.708206759 1)
(10 1.708206759 1)
(-10 1.778432432 1)
(-8 1.778432432 1)
(-6 1.778432432 1)
(-4 1.778432432 1)
(-2 1.778432432 1)
(0 1.778432432 1)
(2 1.778432432 1)
(4 1.778432432 1)
(6 1.778432432 1)
(8 1.778432432 1)
(10 1.778432432 1)
(-10 1.849648391 1)
(-8 1.849648391 1)
(-6 1.849648391 1)
(-4 1.849648391 1)
(-2 1.849648391 1)
(0 1.849648391 1)
(2 1.849648391 1)
(4 1.849648391 1)
(6 1.849648391 1)
(8 1.849648391 1)
(10 1.849648391 1)
(-10 1.921868599 1)
(-8 1.921868599 1)
(-6 1.921868599 1)
(-4 1.921868599 1)
(-2 1.921868599 1)
(0 1.921868599 1)
(2 1.921868599 1)
(4 1.921868599 1)
(6 1.921868599 1)
(8 1.921868599 1)
(10 1.921868599 1)
(-10 1.995107219 1)
(-8 1.995107219 1)
(-6 1.995107219 1)
(-4 1.995107219 1)
(-2 1.995107219 1)
(0 1.995107219 1)
(2 1.995107219 1)
(4 1.995107219 1)
(6 1.995107219 1)
(8 1.995107219 1)
(10 1.995107219 1)
(-10 2.069378612 1)
(-8 2.069378612 1)
(-6 2.069378612 1)
(-4 2.069378612 1)
(-2 2.069378612 1)
(0 2.069378612 1)
(2 2.069378612 1)
(4 2.069378612 1)
(6 2.069378612 1)
(8 2.069378612 1)
(10 2.069378612 1)
(-10 2.14469734 1)
(-8 2.14469734 1)
(-6 2.14469734 1)
(-4 2.14469734 1)
(-2 2.14469734 1)
(0 2.14469734 1)
(2 2.14469734 1)
(4 2.14469734 1)
(6 2.14469734 1)
(8 2.14469734 1)
(10 2.14469734 1)
(-10 2.221078174 1)
(-8 2.221078174 1)
(-6 2.221078174 1)
(-4 2.221078174 1)
(-2 2.221078174 1)
(0 2.221078174 1)
(2 2.221078174 1)
(4 2.221078174 1)
(6 2.221078174 1)
(8 2.221078174 1)
(10 2.221078174 1)
(-10 2.29853609 1)
(-8 2.29853609 1)
(-6 2.29853609 1)
(-4 2.29853609 1)
(-2 2.29853609 1)
(0 2.29853609 1)
(2 2.29853609 1)
(4 2.29853609 1)
(6 2.29853609 1)
(8 2.29853609 1)
(10 2.29853609 1)
(-10 2.377086277 1)
(-8 2.377086277 1)
(-6 2.377086277 1)
(-4 2.377086277 1)
(-2 2.377086277 1)
(0 2.377086277 1)
(2 2.377086277 1)
(4 2.377086277 1)
(6 2.377086277 1)
(8 2.377086277 1)
(10 2.377086277 1)
(-10 2.456744137 1)
(-8 2.456744137 1)
(-6 2.456744137 1)
(-4 2.456744137 1)
(-2 2.456744137 1)
(0 2.456744137 1)
(2 2.456744137 1)
(4 2.456744137 1)
(6 2.456744137 1)
(8 2.456744137 1)
(10 2.456744137 1)
(-10 2.537525291 1)
(-8 2.537525291 1)
(-6 2.537525291 1)
(-4 2.537525291 1)
(-2 2.537525291 1)
(0 2.537525291 1)
(2 2.537525291 1)
(4 2.537525291 1)
(6 2.537525291 1)
(8 2.537525291 1)
(10 2.537525291 1)
(-10 2.619445578 1)
(-8 2.619445578 1)
(-6 2.619445578 1)
(-4 2.619445578 1)
(-2 2.619445578 1)
(0 2.619445578 1)
(2 2.619445578 1)
(4 2.619445578 1)
(6 2.619445578 1)
(8 2.619445578 1)
(10 2.619445578 1)
(-10 2.702521061 1)
(-8 2.702521061 1)
(-6 2.702521061 1)
(-4 2.702521061 1)
(-2 2.702521061 1)
(0 2.702521061 1)
(2 2.702521061 1)
(4 2.702521061 1)
(6 2.702521061 1)
(8 2.702521061 1)
(10 2.702521061 1)
(-10 2.786768032 1)
(-8 2.786768032 1)
(-6 2.786768032 1)
(-4 2.786768032 1)
(-2 2.786768032 1)
(0 2.786768032 1)
(2 2.786768032 1)
(4 2.786768032 1)
(6 2.786768032 1)
(8 2.786768032 1)
(10 2.786768032 1)
(-10 2.872203009 1)
(-8 2.872203009 1)
(-6 2.872203009 1)
(-4 2.872203009 1)
(-2 2.872203009 1)
(0 2.872203009 1)
(2 2.872203009 1)
(4 2.872203009 1)
(6 2.872203009 1)
(8 2.872203009 1)
(10 2.872203009 1)
(-10 2.958842745 1)
(-8 2.958842745 1)
(-6 2.958842745 1)
(-4 2.958842745 1)
(-2 2.958842745 1)
(0 2.958842745 1)
(2 2.958842745 1)
(4 2.958842745 1)
(6 2.958842745 1)
(8 2.958842745 1)
(10 2.958842745 1)
(-10 3.046704229 1)
(-8 3.046704229 1)
(-6 3.046704229 1)
(-4 3.046704229 1)
(-2 3.046704229 1)
(0 3.046704229 1)
(2 3.046704229 1)
(4 3.046704229 1)
(6 3.046704229 1)
(8 3.046704229 1)
(10 3.046704229 1)
(-10 3.13580469 1)
(-8 3.13580469 1)
(-6 3.13580469 1)
(-4 3.13580469 1)
(-2 3.13580469 1)
(0 3.13580469 1)
(2 3.13580469 1)
(4 3.13580469 1)
(6 3.13580469 1)
(8 3.13580469 1)
(10 3.13580469 1)
(-10 3.226161598 1)
(-8 3.226161598 1)
(-6 3.226161598 1)
(-4 3.226161598 1)
(-2 3.226161598 1)
(0 3.226161598 1)
(2 3.226161598 1)
(4 3.226161598 1)
(6 3.226161598 1)
(8 3.226161598 1)
(10 3.226161598 1)
(-10 3.317792672 1)
(-8 3.317792672 1)
(-6 3.317792672 1)
(-4 3.317792672 1)
(-2 3.317792672 1)
(0 3.317792672 1)
(2 3.317792672 1)
(4 3.317792672 1)
(6 3.317792672 1)
(8 3.317792672 1)
(10 3.317792672 1)
(-10 3.410715879 1)
(-8 3.410715879 1)
(-6 3.410715879 1)
(-4 3.410715879 1)
(-2 3.410715879 1)
(0 3.410715879 1)
(2 3.410715879 1)
(4 3.410715879 1)
(6 3.410715879 1)
(8 3.410715879 1)
(10 3.410715879 1)
(-10 3.504949441 1)
(-8 3.504949441 1)
(-6 3.504949441 1)
(-4 3.504949441 1)
(-2 3.504949441 1)
(0 3.504949441 1)
(2 3.504949441 1)
(4 3.504949441 1)
(6 3.504949441 1)
(8 3.504949441 1)
(10 3.504949441 1)
(-10 3.600511835 1)
(-8 3.600511835 1)
(-6 3.600511835 1)
(-4 3.600511835 1)
(-2 3.600511835 1)
(0 3.600511835 1)
(2 3.600511835 1)
(4 3.600511835 1)
(6 3.600511835 1)
(8 3.600511835 1)
(10 3.600511835 1)
(-10 3.697421799 1)
(-8 3.697421799 1)
(-6 3.697421799 1)
(-4 3.697421799 1)
(-2 3.697421799 1)
(0 3.697421799 1)
(2 3.697421799 1)
(4 3.697421799 1)
(6 3.697421799 1)
(8 3.697421799 1)
(10 3.697421799 1)
(-10 3.795698336 1)
(-8 3.795698336 1)
(-6 3.795698336 1)
(-4 3.795698336 1)
(-2 3.795698336 1)
(0 3.795698336 1)
(2 3.795698336 1)
(4 3.795698336 1)
(6 3.795698336 1)
(8 3.795698336 1)
(10 3.795698336 1)
(-10 3.895360718 1)
(-8 3.895360718 1)
(-6 3.895360718 1)
(-4 3.895360718 1)
(-2 3.895360718 1)
(0 3.895360718 1)
(2 3.895360718 1)
(4 3.895360718 1)
(6 3.895360718 1)
(8 3.895360718 1)
(10 3.895360718 1)
(-10 3.996428486 1)
(-8 3.996428486 1)
(-6 3.996428486 1)
(-4 3.996428486 1)
(-2 3.996428486 1)
(0 3.996428486 1)
(2 3.996428486 1)
(4 3.996428486 1)
(6 3.996428486 1)
(8 3.996428486 1)
(10 3.996428486 1)
(-10 4.098921459 1)
(-8 4.098921459 1)
(-6 4.098921459 1)
(-4 4.098921459 1)
(-2 4.098921459 1)
(0 4.098921459 1)
(2 4.098921459 1)
(4 4.098921459 1)
(6 4.098921459 1)
(8 4.098921459 1)
(10 4.098921459 1)
(-10 4.202859734 1)
(-8 4.202859734 1)
(-6 4.202859734 1)
(-4 4.202859734 1)
(-2 4.202859734 1)
(0 4.202859734 1)
(2 4.202859734 1)
(4 4.202859734 1)
(6 4.202859734 1)
(8 4.202859734 1)
(10 4.202859734 1)
(-10 4.308263691 1)
(-8 4.308263691 1)
(-6 4.308263691 1)
(-4 4.308263691 1)
(-2 4.308263691 1)
(0 4.308263691 1)
(2 4.308263691 1)
(4 4.308263691 1)
(6 4.308263691 1)
(8 4.308263691 1)
(10 4.308263691 1)
(-10 4.415154 1)
(-8 4.415154 1)
(-6 4.415154 1)
(-4 4.415154 1)
(-2 4.415154 1)
(0 4.415154 1)
(2 4.415154 1)
(4 4.415154 1)
(6 4.415154 1)
(8 4.415154 1)
(10 4.415154 1)
(-10 4.52355162 1)
(-8 4.52355162 1)
(-6 4.52355162 1)
(-4 4.52355162 1)
(-2 4.52355162 1)
(0 4.52355162 1)
(2 4.52355162 1)
(4 4.52355162 1)
(6 4.52355162 1)
(8 4.52355162 1)
(10 4.52355162 1)
(-10 4.633477806 1)
(-8 4.633477806 1)
(-6 4.633477806 1)
(-4 4.633477806 1)
(-2 4.633477806 1)
(0 4.633477806 1)
(2 4.633477806 1)
(4 4.633477806 1)
(6 4.633477806 1)
(8 4.633477806 1)
(10 4.633477806 1)
(-10 4.744954113 1)
(-8 4.744954113 1)
(-6 4.744954113 1)
(-4 4.744954113 1)
(-2 4.744954113 1)
(0 4.744954113 1)
(2 4.744954113 1)
(4 4.744954113 1)
(6 4.744954113 1)
(8 4.744954113 1)
(10 4.744954113 1)
(-10 4.8580024 1)
(-8 4.8580024 1)
(-6 4.8580024 1)
(-4 4.8580024 1)
(-2 4.8580024 1)
(0 4.8580024 1)
(2 4.8580024 1)
(4 4.8580024 1)
(6 4.8580024 1)
(8 4.8580024 1)
(10 4.8580024 1)
(-10 4.972644835 1)
(-8 4.972644835 1)
(-6 4.972644835 1)
(-4 4.972644835 1)
(-2 4.972644835 1)
(0 4.972644835 1)
(2 4.972644835 1)
(4 4.972644835 1)
(6 4.972644835 1)
(8 4.972644835 1)
(10 4.972644835 1)
(-10 5.088903898 1)
(-8 5.088903898 1)
(-6 5.088903898 1)
(-4 5.088903898 1)
(-2 5.088903898 1)
(0 5.088903898 1)
(2 5.088903898 1)
(4 5.088903898 1)
(6 5.088903898 1)
(8 5.088903898 1)
(10 5.088903898 1)
(-10 5.206802384 1)
(-8 5.206802384 1)
(-6 5.206802384 1)
(-4 5.206802384 1)
(-2 5.206802384 1)
(0 5.206802384 1)
(2 5.206802384 1)
(4 5.206802384 1)
(6 5.206802384 1)
(8 5.206802384 1)
(10 5.206802384 1)
(-10 5.326363413 1)
(-8 5.326363413 1)
(-6 5.326363413 1)
(-4 5.326363413 1)
(-2 5.326363413 1)
(0 5.326363413 1)
(2 5.326363413 1)
(4 5.326363413 1)
(6 5.326363413 1)
(8 5.326363413 1)
(10 5.326363413 1)
(-10 5.447610429 1)
(-8 5.447610429 1)
(-6 5.447610429 1)
(-4 5.447610429 1)
(-2 5.447610429 1)
(0 5.447610429 1)
(2 5.447610429 1)
(4 5.447610429 1)
(6 5.447610429 1)
(8 5.447610429 1)
(10 5.447610429 1)
(-10 5.570567207 1)
(-8 5.570567207 1)
(-6 5.570567207 1)
(-4 5.570567207 1)
(-2 5.570567207 1)
(0 5.570567207 1)
(2 5.570567207 1)
(4 5.570567207 1)
(6 5.570567207 1)
(8 5.570567207 1)
(10 5.570567207 1)
(-10 5.695257856 1)
(-8 5.695257856 1)
(-6 5.695257856 1)
(-4 5.695257856 1)
(-2 5.695257856 1)
(0 5.695257856 1)
(2 5.695257856 1)
(4 5.695257856 1)
(6 5.695257856 1)
(8 5.695257856 1)
(10 5.695257856 1)
(-10 5.821706827 1)
(-8 5.821706827 1)
(-6 5.821706827 1)
(-4 5.821706827 1)
(-2 5.821706827 1)
(0 5.821706827 1)
(2 5.821706827 1)
(4 5.821706827 1)
(6 5.821706827 1)
(8 5.821706827 1)
(10 5.821706827 1)
(-10 5.949938915 1)
(-8 5.949938915 1)
(-6 5.949938915 1)
(-4 5.949938915 1)
(-2 5.949938915 1)
(0 5.949938915 1)
(2 5.949938915 1)
(4 5.949938915 1)
(6 5.949938915 1)
(8 5.949938915 1)
(10 5.949938915 1)
(-10 6.079979265 1)
(-8 6.079979265 1)
(-6 6.079979265 1)
(-4 6.079979265 1)
(-2 6.079979265 1)
(0 6.079979265 1)
(2 6.079979265 1)
(4 6.079979265 1)
(6 6.079979265 1)
(8 6.079979265 1)
(10 6.079979265 1)
(-10 6.211853375 1)
(-8 6.211853375 1)
(-6 6.211853375 1)
(-4 6.211853375 1)
(-2 6.211853375 1)
(0 6.211853375 1)
(2 6.211853375 1)
(4 6.211853375 1)
(6 6.211853375 1)
(8 6.211853375 1)
(10 6.211853375 1)
(-10 6.345587105 1)
(-8 6.345587105 1)
(-6 6.345587105 1)
(-4 6.345587105 1)
(-2 6.345587105 1)
(0 6.345587105 1)
(2 6.345587105 1)
(4 6.345587105 1)
(6 6.345587105 1)
(8 6.345587105 1)
(10 6.345587105 1)
(-10 6.481206677 1)
(-8 6.481206677 1)
(-6 6.481206677 1)
(-4 6.481206677 1)
(-2 6.481206677 1)
(0 6.481206677 1)
(2 6.481206677 1)
(4 6.481206677 1)
(6 6.481206677 1)
(8 6.481206677 1)
(10 6.481206677 1)
(-10 6.618738685 1)
(-8 6.618738685 1)
(-6 6.618738685 1)
(-4 6.618738685 1)
(-2 6.618738685 1)
(0 6.618738685 1)
(2 6.618738685 1)
(4 6.618738685 1)
(6 6.618738685 1)
(8 6.618738685 1)
(10 6.618738685 1)
(-10 6.758210098 1)
(-8 6.758210098 1)
(-6 6.758210098 1)
(-4 6.758210098 1)
(-2 6.758210098 1)
(0 6.758210098 1)
(2 6.758210098 1)
(4 6.758210098 1)
(6 6.758210098 1)
(8 6.758210098 1)
(10 6.758210098 1)
(-10 6.899648262 1)
(-8 6.899648262 1)
(-6 6.899648262 1)
(-4 6.899648262 1)
(-2 6.899648262 1)
(0 6.899648262 1)
(2 6.899648262 1)
(4 6.899648262 1)
(6 6.899648262 1)
(8 6.899648262 1)
(10 6.899648262 1)
(-10 7.043080914 1)
(-8 7.043080914 1)
(-6 7.043080914 1)
(-4 7.043080914 1)
(-2 7.043080914 1)
(0 7.043080914 1)
(2 7.043080914 1)
(4 7.043080914 1)
(6 7.043080914 1)
(8 7.043080914 1)
(10 7.043080914 1)
(-10 7.188536177 1)
(-8 7.188536177 1)
(-6 7.188536177 1)
(-4 7.188536177 1)
(-2 7.188536177 1)
(0 7.188536177 1)
(2 7.188536177 1)
(4 7.188536177 1)
(6 7.188536177 1)
(8 7.188536177 1)
(10 7.188536177 1)
(-10 7.336042574 1)
(-8 7.336042574 1)
(-6 7.336042574 1)
(-4 7.336042574 1)
(-2 7.336042574 1)
(0 7.336042574 1)
(2 7.336042574 1)
(4 7.336042574 1)
(6 7.336042574 1)
(8 7.336042574 1)
(10 7.336042574 1)
(-10 7.485629029 1)
(-8 7.485629029 1)
(-6 7.485629029 1)
(-4 7.485629029 1)
(-2 7.485629029 1)
(0 7.485629029 1)
(2 7.485629029 1)
(4 7.485629029 1)
(6 7.485629029 1)
(8 7.485629029 1)
(10 7.485629029 1)
(-10 7.637324873 1)
(-8 7.637324873 1)
(-6 7.637324873 1)
(-4 7.637324873 1)
(-2 7.637324873 1)
(0 7.637324873 1)
(2 7.637324873 1)
(4 7.637324873 1)
(6 7.637324873 1)
(8 7.637324873 1)
(10 7.637324873 1)
(-10 7.791159852 1)
(-8 7.791159852 1)
(-6 7.791159852 1)
(-4 7.791159852 1)
(-2 7.791159852 1)
(0 7.791159852 1)
(2 7.791159852 1)
(4 7.791159852 1)
(6 7.791159852 1)
(8 7.791159852 1)
(10 7.791159852 1)
(-10 7.947164131 1)
(-8 7.947164131 1)
(-6 7.947164131 1)
(-4 7.947164131 1)
(-2 7.947164131 1)
(0 7.947164131 1)
(2 7.947164131 1)
(4 7.947164131 1)
(6 7.947164131 1)
(8 7.947164131 1)
(10 7.947164131 1)
(-10 8.105368301 1)
(-8 8.105368301 1)
(-6 8.105368301 1)
(-4 8.105368301 1)
(-2 8.105368301 1)
(0 8.105368301 1)
(2 8.105368301 1)
(4 8.105368301 1)
(6 8.105368301 1)
(8 8.105368301 1)
(10 8.105368301 1)
(-10 8.265803382 1)
(-8 8.265803382 1)
(-6 8.265803382 1)
(-4 8.265803382 1)
(-2 8.265803382 1)
(0 8.265803382 1)
(2 8.265803382 1)
(4 8.265803382 1)
(6 8.265803382 1)
(8 8.265803382 1)
(10 8.265803382 1)
(-10 8.428500835 1)
(-8 8.428500835 1)
(-6 8.428500835 1)
(-4 8.428500835 1)
(-2 8.428500835 1)
(0 8.428500835 1)
(2 8.428500835 1)
(4 8.428500835 1)
(6 8.428500835 1)
(8 8.428500835 1)
(10 8.428500835 1)
(-10 8.593492562 1)
(-8 8.593492562 1)
(-6 8.593492562 1)
(-4 8.593492562 1)
(-2 8.593492562 1)
(0 8.593492562 1)
(2 8.593492562 1)
(4 8.593492562 1)
(6 8.593492562 1)
(8 8.593492562 1)
(10 8.593492562 1)
(-10 8.760810915 1)
(-8 8.760810915 1)
(-6 8.760810915 1)
(-4 8.760810915 1)
(-2 8.760810915 1)
(0 8.760810915 1)
(2 8.760810915 1)
(4 8.760810915 1)
(6 8.760810915 1)
(8 8.760810915 1)
(10 8.760810915 1)
(-10 8.930488703 1)
(-8 8.930488703 1)
(-6 8.930488703 1)
(-4 8.930488703 1)
(-2 8.930488703 1)
(0 8.930488703 1)
(2 8.930488703 1)
(4 8.930488703 1)
(6 8.930488703 1)
(8 8.930488703 1)
(10 8.930488703 1)
(-10 9.102559199 1)
(-8 9.102559199 1)
(-6 9.102559199 1)
(-4 9.102559199 1)
(-2 9.102559199 1)
(0 9.102559199 1)
(2 9.102559199 1)
(4 9.102559199 1)
(6 9.102559199 1)
(8 9.102559199 1)
(10 9.102559199 1)
(-10 9.277056142 1)
(-8 9.277056142 1)
(-6 9.277056142 1)
(-4 9.277056142 1)
(-2 9.277056142 1)
(0 9.277056142 1)
(2 9.277056142 1)
(4 9.277056142 1)
(6 9.277056142 1)
(8 9.277056142 1)
(10 9.277056142 1)
(-10 9.45401375 1)
(-8 9.45401375 1)
(-6 9.45401375 1)
(-4 9.45401375 1)
(-2 9.45401375 1)
(0 9.45401375 1)
(2 9.45401375 1)
(4 9.45401375 1)
(6 9.45401375 1)
(8 9.45401375 1)
(10 9.45401375 1)
(-10 9.63346672 1)
(-8 9.63346672 1)
(-6 9.63346672 1)
(-4 9.63346672 1)
(-2 9.63346672 1)
(0 9.63346672 1)
(2 9.63346672 1)
(4 9.63346672 1)
(6 9.63346672 1)
(8 9.63346672 1)
(10 9.63346672 1)
(-10 9.815450242 1)
(-8 9.815450242 1)
(-6 9.815450242 1)
(-4 9.815450242 1)
(-2 9.815450242 1)
(0 9.815450242 1)
(2 9.815450242 1)
(4 9.815450242 1)
(6 9.815450242 1)
(8 9.815450242 1)
(10 9.815450242 1)
(-10 10 1)
(-8 10 1)
(-6 10 1)
(-4 10 1)
(-2 10 1)
(0 10 1)
(2 10 1)
(4 10 1)
(6 10 1)
(8 10 1)
(10 10 1)
)


// ************************************************************************* //
