/*--------------------------------*- C++ -*----------------------------------*\
  =========                 |
  \\      /  F ield         | OpenFOAM: The Open Source CFD Toolbox
   \\    /   O peration     | Website:  https://openfoam.org
    \\  /    A nd           | Version:  8
     \\/     M anipulation  |
\*---------------------------------------------------------------------------*/
FoamFile
{
    version     2.0;
    format      ascii;
    class       volScalarField;
    location    "0.5";
    object      p;
}
// * * * * * * * * * * * * * * * * * * * * * * * * * * * * * * * * * * * * * //

dimensions      [1 -1 -2 0 0 0 0];

internalField   nonuniform List<scalar> 
800
(
101310.97
101310.97
101310.97
101310.97
101310.97
101310.97
101310.97
101310.97
101310.97
101310.97
101310.97
101310.97
101310.97
101310.97
101310.97
101310.97
101310.97
101310.97
101310.97
101310.97
101307.77
101307.77
101307.77
101307.77
101307.77
101307.77
101307.77
101307.77
101307.77
101307.77
101307.77
101307.77
101307.77
101307.77
101307.77
101307.77
101307.77
101307.77
101307.77
101307.77
101315.96
101315.96
101315.96
101315.96
101315.96
101315.96
101315.96
101315.96
101315.96
101315.96
101315.96
101315.96
101315.96
101315.96
101315.96
101315.96
101315.96
101315.96
101315.96
101315.96
101301
101301
101301
101301
101301
101301
101301
101301
101301
101301
101301
101301
101301
101301
101301
101301
101301
101301
101301
101301
101326.9
101326.9
101326.9
101326.9
101326.9
101326.9
101326.9
101326.9
101326.9
101326.9
101326.9
101326.9
101326.9
101326.9
101326.9
101326.9
101326.9
101326.9
101326.9
101326.9
101286.36
101286.36
101286.36
101286.36
101286.36
101286.36
101286.36
101286.36
101286.36
101286.36
101286.36
101286.36
101286.36
101286.36
101286.36
101286.36
101286.36
101286.36
101286.36
101286.36
101349.23
101349.23
101349.23
101349.23
101349.23
101349.23
101349.23
101349.23
101349.23
101349.23
101349.23
101349.23
101349.23
101349.23
101349.23
101349.23
101349.23
101349.23
101349.23
101349.23
101254.9
101254.9
101254.9
101254.9
101254.9
101254.9
101254.9
101254.9
101254.9
101254.9
101254.9
101254.9
101254.9
101254.9
101254.9
101254.9
101254.9
101254.9
101254.9
101254.9
101392.34
101392.34
101392.34
101392.34
101392.34
101392.34
101392.34
101392.34
101392.34
101392.34
101392.34
101392.34
101392.34
101392.34
101392.34
101392.34
101392.34
101392.34
101392.34
101392.34
101192.48
101192.48
101192.48
101192.48
101192.48
101192.48
101192.48
101192.48
101192.48
101192.48
101192.48
101192.48
101192.48
101192.48
101192.48
101192.48
101192.48
101192.48
101192.48
101192.48
101310.97
101310.97
101310.97
101310.97
101310.97
101310.97
101310.97
101310.97
101310.97
101310.97
101310.97
101310.97
101310.97
101310.97
101310.97
101310.97
101310.97
101310.97
101310.97
101310.97
101307.77
101307.77
101307.77
101307.77
101307.77
101307.77
101307.77
101307.77
101307.77
101307.77
101307.77
101307.77
101307.77
101307.77
101307.77
101307.77
101307.77
101307.77
101307.77
101307.77
101315.96
101315.96
101315.96
101315.96
101315.96
101315.96
101315.96
101315.96
101315.96
101315.96
101315.96
101315.96
101315.96
101315.96
101315.96
101315.96
101315.96
101315.96
101315.96
101315.96
101301
101301
101301
101301
101301
101301
101301
101301
101301
101301
101301
101301
101301
101301
101301
101301
101301
101301
101301
101301
101326.9
101326.9
101326.9
101326.9
101326.9
101326.9
101326.9
101326.9
101326.9
101326.9
101326.9
101326.9
101326.9
101326.9
101326.9
101326.9
101326.9
101326.9
101326.9
101326.9
101286.36
101286.36
101286.36
101286.36
101286.36
101286.36
101286.36
101286.36
101286.36
101286.36
101286.36
101286.36
101286.36
101286.36
101286.36
101286.36
101286.36
101286.36
101286.36
101286.36
101349.23
101349.23
101349.23
101349.23
101349.23
101349.23
101349.23
101349.23
101349.23
101349.23
101349.23
101349.23
101349.23
101349.23
101349.23
101349.23
101349.23
101349.23
101349.23
101349.23
101254.9
101254.9
101254.9
101254.9
101254.9
101254.9
101254.9
101254.9
101254.9
101254.9
101254.9
101254.9
101254.9
101254.9
101254.9
101254.9
101254.9
101254.9
101254.9
101254.9
101392.34
101392.34
101392.34
101392.34
101392.34
101392.34
101392.34
101392.34
101392.34
101392.34
101392.34
101392.34
101392.34
101392.34
101392.34
101392.34
101392.34
101392.34
101392.34
101392.34
101192.48
101192.48
101192.48
101192.48
101192.48
101192.48
101192.48
101192.48
101192.48
101192.48
101192.48
101192.48
101192.48
101192.48
101192.48
101192.48
101192.48
101192.48
101192.48
101192.48
101310.97
101310.97
101310.97
101310.97
101310.97
101310.97
101310.97
101310.97
101310.97
101310.97
101310.97
101310.97
101310.97
101310.97
101310.97
101310.97
101310.97
101310.97
101310.97
101310.97
101307.77
101307.77
101307.77
101307.77
101307.77
101307.77
101307.77
101307.77
101307.77
101307.77
101307.77
101307.77
101307.77
101307.77
101307.77
101307.77
101307.77
101307.77
101307.77
101307.77
101315.96
101315.96
101315.96
101315.96
101315.96
101315.96
101315.96
101315.96
101315.96
101315.96
101315.96
101315.96
101315.96
101315.96
101315.96
101315.96
101315.96
101315.96
101315.96
101315.96
101301
101301
101301
101301
101301
101301
101301
101301
101301
101301
101301
101301
101301
101301
101301
101301
101301
101301
101301
101301
101326.9
101326.9
101326.9
101326.9
101326.9
101326.9
101326.9
101326.9
101326.9
101326.9
101326.9
101326.9
101326.9
101326.9
101326.9
101326.9
101326.9
101326.9
101326.9
101326.9
101286.36
101286.36
101286.36
101286.36
101286.36
101286.36
101286.36
101286.36
101286.36
101286.36
101286.36
101286.36
101286.36
101286.36
101286.36
101286.36
101286.36
101286.36
101286.36
101286.36
101349.23
101349.23
101349.23
101349.23
101349.23
101349.23
101349.23
101349.23
101349.23
101349.23
101349.23
101349.23
101349.23
101349.23
101349.23
101349.23
101349.23
101349.23
101349.23
101349.23
101254.9
101254.9
101254.9
101254.9
101254.9
101254.9
101254.9
101254.9
101254.9
101254.9
101254.9
101254.9
101254.9
101254.9
101254.9
101254.9
101254.9
101254.9
101254.9
101254.9
101392.34
101392.34
101392.34
101392.34
101392.34
101392.34
101392.34
101392.34
101392.34
101392.34
101392.34
101392.34
101392.34
101392.34
101392.34
101392.34
101392.34
101392.34
101392.34
101392.34
101192.48
101192.48
101192.48
101192.48
101192.48
101192.48
101192.48
101192.48
101192.48
101192.48
101192.48
101192.48
101192.48
101192.48
101192.48
101192.48
101192.48
101192.48
101192.48
101192.48
101310.97
101310.97
101310.97
101310.97
101310.97
101310.97
101310.97
101310.97
101310.97
101310.97
101310.97
101310.97
101310.97
101310.97
101310.97
101310.97
101310.97
101310.97
101310.97
101310.97
101307.77
101307.77
101307.77
101307.77
101307.77
101307.77
101307.77
101307.77
101307.77
101307.77
101307.77
101307.77
101307.77
101307.77
101307.77
101307.77
101307.77
101307.77
101307.77
101307.77
101315.96
101315.96
101315.96
101315.96
101315.96
101315.96
101315.96
101315.96
101315.96
101315.96
101315.96
101315.96
101315.96
101315.96
101315.96
101315.96
101315.96
101315.96
101315.96
101315.96
101301
101301
101301
101301
101301
101301
101301
101301
101301
101301
101301
101301
101301
101301
101301
101301
101301
101301
101301
101301
101326.9
101326.9
101326.9
101326.9
101326.9
101326.9
101326.9
101326.9
101326.9
101326.9
101326.9
101326.9
101326.9
101326.9
101326.9
101326.9
101326.9
101326.9
101326.9
101326.9
101286.36
101286.36
101286.36
101286.36
101286.36
101286.36
101286.36
101286.36
101286.36
101286.36
101286.36
101286.36
101286.36
101286.36
101286.36
101286.36
101286.36
101286.36
101286.36
101286.36
101349.23
101349.23
101349.23
101349.23
101349.23
101349.23
101349.23
101349.23
101349.23
101349.23
101349.23
101349.23
101349.23
101349.23
101349.23
101349.23
101349.23
101349.23
101349.23
101349.23
101254.9
101254.9
101254.9
101254.9
101254.9
101254.9
101254.9
101254.9
101254.9
101254.9
101254.9
101254.9
101254.9
101254.9
101254.9
101254.9
101254.9
101254.9
101254.9
101254.9
101392.34
101392.34
101392.34
101392.34
101392.34
101392.34
101392.34
101392.34
101392.34
101392.34
101392.34
101392.34
101392.34
101392.34
101392.34
101392.34
101392.34
101392.34
101392.34
101392.34
101192.48
101192.48
101192.48
101192.48
101192.48
101192.48
101192.48
101192.48
101192.48
101192.48
101192.48
101192.48
101192.48
101192.48
101192.48
101192.48
101192.48
101192.48
101192.48
101192.48
)
;

boundaryField
{
    left
    {
        type            zeroGradient;
    }
    right
    {
        type            zeroGradient;
    }
    walls
    {
        type            zeroGradient;
    }
    centreline
    {
        type            fixedValue;
        value           uniform 101325;
    }
    frontAndBack
    {
        type            zeroGradient;
    }
}


// ************************************************************************* //
