/*--------------------------------*- C++ -*----------------------------------*\
  =========                 |
  \\      /  F ield         | OpenFOAM: The Open Source CFD Toolbox
   \\    /   O peration     | Website:  https://openfoam.org
    \\  /    A nd           | Version:  8
     \\/     M anipulation  |
\*---------------------------------------------------------------------------*/
FoamFile
{
    version     2.0;
    format      ascii;
    class       volScalarField;
    location    "0.500023";
    object      alphat;
}
// * * * * * * * * * * * * * * * * * * * * * * * * * * * * * * * * * * * * * //

dimensions      [1 -1 -1 0 0 0 0];

internalField   nonuniform List<scalar> 
6800
(
0.0436662
0.0632306
0.0647122
0.0640116
0.0641784
0.0550193
0.0442526
0.0331576
0.0271564
0.0278123
0.0347492
0.0561087
0.0616131
0.0613008
0.0576997
0.0449583
0.0333137
0.0288938
0.0267176
0.0224978
0.0343321
0.0549811
0.0606393
0.0577081
0.0474684
0.0353217
0.029869
0.0263202
0.0205393
0.0186347
0.0349302
0.0535136
0.0574224
0.0529503
0.0404039
0.032949
0.0271171
0.0220765
0.0191408
0.0179055
0.0345917
0.0528217
0.0559714
0.04808
0.0355164
0.0281854
0.0230907
0.020673
0.018153
0.0155005
0.0345888
0.0538657
0.0539086
0.0416102
0.0317746
0.0271173
0.0229855
0.0191933
0.0160372
0.014711
0.0342219
0.0547143
0.0519225
0.0386881
0.0312229
0.0243625
0.019926
0.0169432
0.0153401
0.014326
0.0341197
0.0564663
0.0485329
0.0334244
0.0266694
0.0234206
0.0191606
0.01706
0.0145682
0.0134649
0.0338968
0.0576166
0.0436412
0.0350979
0.0285514
0.0215411
0.0176236
0.0153634
0.0138142
0.0132215
0.0339415
0.0587797
0.0414379
0.0304951
0.0232488
0.0208544
0.0171052
0.0153325
0.0136396
0.0126795
0.041287
0.222162
0.414404
0.54213
0.574524
0.589291
0.602408
0.616262
0.625445
0.629414
0.0414193
0.213879
0.402672
0.519012
0.547006
0.556594
0.56399
0.568829
0.566882
0.563963
0.0372728
0.185953
0.377393
0.475232
0.499258
0.504641
0.504
0.502439
0.502123
0.494848
0.0346008
0.161079
0.334404
0.415897
0.436514
0.432096
0.427457
0.418828
0.399673
0.357229
0.0321672
0.148598
0.292721
0.353014
0.357717
0.351152
0.337474
0.301092
0.272673
0.205771
0.0311146
0.140657
0.259052
0.291222
0.290252
0.266117
0.229449
0.172851
0.138859
0.0993946
0.0348103
0.145699
0.232235
0.238673
0.204399
0.156406
0.115199
0.088504
0.0806276
0.0625252
0.0350235
0.148511
0.18448
0.156345
0.11457
0.0910339
0.0770575
0.0643428
0.0616204
0.0500508
0.157792
0.159144
0.13499
0.0949283
0.0782374
0.0705613
0.062648
0.0560279
0.0538513
0.0391537
0.11428
0.092004
0.0807452
0.0704917
0.0673908
0.0636302
0.0553414
0.0487522
0.035195
0.0283746
0.631838
0.625229
0.614652
0.603129
0.59222
0.582442
0.573841
0.56657
0.560457
0.555194
0.550593
0.546545
0.542948
0.53973
0.536828
0.534191
0.531778
0.529555
0.527495
0.525574
0.523773
0.52208
0.52048
0.518968
0.517532
0.516153
0.514824
0.513545
0.512312
0.511113
0.509949
0.508822
0.507736
0.506694
0.505696
0.504745
0.50384
0.502983
0.502173
0.501411
0.500697
0.500032
0.499415
0.498848
0.498328
0.497854
0.49742
0.497025
0.496667
0.496342
0.496046
0.495775
0.495526
0.495294
0.495078
0.494875
0.494683
0.4945
0.494326
0.49416
0.494002
0.49385
0.493706
0.493567
0.493434
0.493307
0.493186
0.493069
0.492956
0.492847
0.492743
0.492641
0.492544
0.49245
0.492359
0.492273
0.49219
0.492112
0.492038
0.491971
0.491907
0.491853
0.491801
0.491763
0.491724
0.491707
0.491679
0.491689
0.491668
0.491712
0.49169
0.491781
0.491744
0.491897
0.49182
0.492039
0.491982
0.492079
0.49276
0.491869
0.566088
0.564238
0.557984
0.550765
0.543744
0.537276
0.531491
0.526631
0.522508
0.518946
0.515848
0.513141
0.510771
0.50869
0.506848
0.505199
0.503711
0.502354
0.501105
0.499948
0.498867
0.497855
0.496901
0.496011
0.49514
0.494268
0.49342
0.49261
0.491814
0.491019
0.490255
0.489531
0.488852
0.488216
0.487622
0.487069
0.486555
0.486078
0.48564
0.485236
0.484872
0.484553
0.484279
0.484046
0.483852
0.483693
0.483561
0.483463
0.483397
0.483354
0.483329
0.483317
0.483314
0.483319
0.483328
0.483341
0.483357
0.483373
0.483392
0.48341
0.48343
0.48345
0.483469
0.483487
0.483504
0.483522
0.483539
0.483554
0.483569
0.483583
0.483598
0.483613
0.48363
0.483649
0.483669
0.483692
0.483717
0.483746
0.483778
0.483815
0.483855
0.483904
0.483953
0.484016
0.484075
0.484156
0.484222
0.484327
0.484396
0.484534
0.484596
0.484779
0.484821
0.485065
0.485063
0.485378
0.485381
0.48558
0.486328
0.485553
0.498581
0.499129
0.494284
0.488973
0.484011
0.479597
0.475815
0.472114
0.468739
0.465866
0.463461
0.461472
0.459851
0.458554
0.457492
0.456622
0.455925
0.455365
0.454917
0.454558
0.454275
0.454055
0.453894
0.453776
0.453728
0.453756
0.453849
0.453965
0.454178
0.454487
0.454849
0.455238
0.455641
0.456049
0.456455
0.456858
0.457254
0.457645
0.458035
0.458411
0.45882
0.459262
0.459718
0.460179
0.460639
0.461097
0.46155
0.461991
0.462415
0.462825
0.463223
0.463609
0.463985
0.464351
0.464706
0.465051
0.465384
0.465707
0.46602
0.466322
0.466617
0.466896
0.46716
0.467411
0.467653
0.46789
0.468111
0.468321
0.468526
0.468727
0.468927
0.469125
0.469323
0.469521
0.469718
0.469916
0.470114
0.470317
0.47052
0.470729
0.470937
0.471152
0.471364
0.471589
0.471803
0.47204
0.472255
0.47251
0.472719
0.473003
0.473195
0.473521
0.473688
0.474075
0.474185
0.474644
0.474754
0.475102
0.475943
0.475311
0.355342
0.356862
0.357159
0.357498
0.358333
0.359653
0.361266
0.363431
0.365873
0.368548
0.371193
0.373869
0.376589
0.37938
0.381965
0.384488
0.386947
0.389302
0.391546
0.393679
0.395712
0.397651
0.399513
0.401302
0.403032
0.404712
0.406347
0.407951
0.409489
0.410968
0.412411
0.413819
0.415191
0.416526
0.417819
0.419072
0.420284
0.421467
0.422606
0.423745
0.424805
0.425797
0.426744
0.427663
0.42856
0.429446
0.430317
0.431182
0.432035
0.432873
0.433699
0.434514
0.435315
0.436102
0.436874
0.43763
0.438369
0.439092
0.439797
0.440486
0.441158
0.441818
0.442472
0.443114
0.443748
0.444367
0.444992
0.445616
0.446235
0.446847
0.447449
0.448042
0.448623
0.449196
0.449753
0.45031
0.450862
0.45141
0.451948
0.452483
0.453004
0.453525
0.454028
0.454538
0.455024
0.455528
0.455994
0.456501
0.456943
0.457464
0.457874
0.458424
0.458785
0.459382
0.459669
0.460331
0.460594
0.461156
0.462144
0.461736
0.199005
0.196334
0.195915
0.197572
0.200851
0.205581
0.211042
0.217225
0.223651
0.230673
0.236837
0.243391
0.250214
0.257253
0.262864
0.268977
0.274833
0.280391
0.285692
0.290769
0.295655
0.300369
0.304934
0.309354
0.313648
0.31781
0.321861
0.325784
0.329608
0.333298
0.336894
0.340353
0.343674
0.346842
0.349866
0.35277
0.355567
0.35827
0.360895
0.363439
0.36594
0.368395
0.3708
0.373156
0.375458
0.377716
0.379913
0.382074
0.384156
0.386182
0.388167
0.390103
0.391985
0.393812
0.39558
0.397293
0.398948
0.40055
0.402099
0.403599
0.405051
0.406459
0.407827
0.409158
0.410454
0.411718
0.412946
0.414143
0.415311
0.416454
0.417571
0.418666
0.419736
0.420785
0.421812
0.422811
0.423776
0.42472
0.425636
0.426538
0.427413
0.428283
0.429122
0.429966
0.430773
0.4316
0.432374
0.433196
0.433933
0.434761
0.435453
0.436304
0.436939
0.437834
0.438381
0.439333
0.439843
0.440709
0.441883
0.441907
0.0977392
0.0969604
0.0966278
0.0969507
0.0977684
0.0992936
0.10119
0.103762
0.106724
0.110196
0.11374
0.117627
0.122349
0.126712
0.132196
0.137897
0.144134
0.150563
0.157076
0.163668
0.170335
0.177019
0.183703
0.190328
0.196914
0.203386
0.209796
0.21605
0.222225
0.228206
0.23411
0.239575
0.24475
0.249601
0.25428
0.258928
0.263469
0.267924
0.272299
0.276605
0.28084
0.285014
0.28912
0.293165
0.297136
0.301046
0.304846
0.308661
0.312156
0.31568
0.319216
0.322599
0.325863
0.32902
0.332066
0.335016
0.337865
0.340632
0.343311
0.345908
0.348432
0.350891
0.353285
0.355621
0.357899
0.360126
0.362298
0.364424
0.366496
0.368527
0.3705
0.37244
0.374317
0.37617
0.377954
0.37972
0.381438
0.383128
0.38477
0.386383
0.387945
0.389489
0.390977
0.392463
0.393883
0.395323
0.396678
0.398085
0.399372
0.400762
0.401975
0.403365
0.404491
0.405906
0.406913
0.408367
0.409295
0.410699
0.412116
0.412919
0.0618132
0.0610548
0.0603829
0.0599126
0.0595354
0.0593211
0.0592158
0.0592913
0.0595035
0.0598562
0.0604036
0.0610104
0.0619278
0.0627828
0.0638805
0.0648926
0.0662606
0.0676346
0.0695867
0.0715304
0.0739078
0.0764487
0.0792519
0.0822845
0.0856124
0.0891836
0.0930342
0.0970868
0.101426
0.105949
0.110726
0.115874
0.12152
0.127417
0.13344
0.139582
0.145794
0.152066
0.158351
0.164637
0.170883
0.177084
0.183205
0.189244
0.195174
0.200997
0.206687
0.212261
0.217696
0.222855
0.227782
0.232486
0.237052
0.241515
0.245857
0.250114
0.254266
0.25838
0.26234
0.266215
0.270061
0.273836
0.277533
0.281163
0.284713
0.288199
0.2916
0.294941
0.29819
0.301379
0.304461
0.307497
0.310401
0.313302
0.316022
0.318829
0.321476
0.3241
0.326614
0.329082
0.331465
0.333839
0.336129
0.338422
0.340618
0.342847
0.344952
0.347129
0.349138
0.351277
0.353179
0.355294
0.357073
0.359191
0.360812
0.362951
0.364404
0.36655
0.368273
0.370277
0.0494349
0.0486611
0.0479126
0.0471935
0.046437
0.0457509
0.0449806
0.0442578
0.0434207
0.0426553
0.0417465
0.0409349
0.040063
0.0393543
0.0387688
0.0382137
0.0377935
0.037401
0.0371752
0.0369921
0.0369671
0.0369811
0.0371669
0.0373655
0.037772
0.0382636
0.0387479
0.0394509
0.0403376
0.0413801
0.0425164
0.0438125
0.0452934
0.0469948
0.0489056
0.0510803
0.0534753
0.0561492
0.0590522
0.0622492
0.0656827
0.0694039
0.073345
0.0775575
0.0819599
0.0866089
0.0914048
0.0964191
0.101526
0.106943
0.112554
0.1184
0.124291
0.130226
0.136151
0.142069
0.14793
0.153738
0.159456
0.165084
0.170599
0.176015
0.1813
0.186482
0.191523
0.196466
0.20126
0.20597
0.210461
0.214835
0.218999
0.223091
0.227029
0.230948
0.234713
0.238484
0.242114
0.245767
0.249264
0.252812
0.256172
0.259628
0.262891
0.266172
0.269328
0.272557
0.275584
0.278731
0.281618
0.284696
0.287423
0.290442
0.292987
0.295978
0.298302
0.301286
0.303383
0.306432
0.308345
0.312006
0.0380528
0.0369865
0.035975
0.0349309
0.0339129
0.0329201
0.0320101
0.0311357
0.030384
0.0296394
0.0290552
0.0284214
0.027797
0.0271319
0.0265636
0.0260621
0.0256293
0.0252399
0.0249027
0.0245956
0.024334
0.0240931
0.0238956
0.0237123
0.023572
0.0234419
0.0233583
0.0232748
0.0232443
0.0232135
0.0232414
0.0232634
0.0233556
0.0234371
0.0236433
0.0238409
0.0240747
0.0243089
0.0245628
0.0250698
0.0255523
0.0261536
0.0268055
0.0275985
0.0284595
0.0294798
0.0305889
0.0318892
0.0332913
0.0349064
0.0366427
0.0386277
0.0407552
0.0431532
0.0457029
0.048531
0.0515152
0.0547736
0.0581843
0.0618588
0.0656683
0.0697247
0.0738903
0.0782791
0.0827441
0.0874033
0.0921015
0.0969615
0.101891
0.107021
0.112158
0.117445
0.122617
0.127883
0.132989
0.13817
0.143154
0.148206
0.153028
0.157923
0.162557
0.167279
0.171712
0.176265
0.180479
0.184877
0.188872
0.193136
0.196908
0.200993
0.20447
0.208426
0.211608
0.215504
0.218447
0.222373
0.224918
0.229093
0.231106
0.236782
0.0278626
0.0270019
0.0261118
0.0253772
0.0247456
0.024187
0.0236801
0.0232132
0.0227843
0.0223798
0.0219992
0.0216438
0.0213086
0.0209942
0.0206976
0.0204223
0.0201647
0.0199275
0.0197062
0.019504
0.0193154
0.0191439
0.0189841
0.0188393
0.0187045
0.0185827
0.0184692
0.0183676
0.0182726
0.0181885
0.018109
0.018041
0.017973
0.0179172
0.0178672
0.0178339
0.0177842
0.0177623
0.0177239
0.0177127
0.0176905
0.017701
0.0177011
0.017734
0.0177615
0.0178153
0.0178815
0.0179861
0.0180916
0.0182172
0.0182919
0.0185121
0.018604
0.0189565
0.0191352
0.0195572
0.0198172
0.0203252
0.020746
0.0213617
0.0219304
0.0227145
0.0234536
0.0244437
0.0253832
0.0266143
0.027783
0.0292858
0.030712
0.032519
0.0342366
0.0363809
0.0384154
0.0409147
0.0432717
0.046131
0.0488047
0.0520192
0.0549918
0.0585466
0.0617868
0.065657
0.0691203
0.0732726
0.0769038
0.0812996
0.0850361
0.0896364
0.0934088
0.0982581
0.102074
0.107132
0.110889
0.116103
0.119672
0.125026
0.128258
0.133918
0.135511
0.144672
0.0225552
0.0220623
0.0215854
0.0211317
0.0207054
0.0203094
0.0199354
0.0195914
0.0192651
0.0189677
0.0186973
0.0184528
0.0182268
0.0180204
0.0178269
0.0176492
0.01748
0.0173245
0.0171755
0.0170402
0.0169083
0.0167894
0.0166715
0.0165663
0.0164599
0.0163662
0.0162694
0.0161851
0.0160963
0.0160199
0.015938
0.0158683
0.0157924
0.0157288
0.0156578
0.0155994
0.0155327
0.0154798
0.0154199
0.0153745
0.0153208
0.0152822
0.0152343
0.0152022
0.0151599
0.015134
0.0150968
0.0150775
0.0150456
0.0150331
0.015006
0.0150003
0.0149785
0.0149798
0.014966
0.0149744
0.0149703
0.0149866
0.0149937
0.0150209
0.0150404
0.015084
0.0151206
0.0151792
0.0152542
0.0153222
0.0153836
0.0155245
0.0156063
0.0157823
0.0158939
0.016132
0.0162747
0.0165968
0.0167841
0.0172075
0.0174595
0.0180009
0.0183368
0.0190259
0.0194548
0.0203351
0.0208665
0.0219836
0.0226363
0.0240162
0.0248108
0.0264749
0.0274216
0.0294006
0.0305133
0.0328363
0.034126
0.0368173
0.0382483
0.0412764
0.0428236
0.0460424
0.0482985
0.0523808
0.0186941
0.0184651
0.0182402
0.0180186
0.0177954
0.0175697
0.0173529
0.017142
0.0169441
0.0167553
0.0165797
0.0164128
0.0162578
0.0161107
0.0159737
0.0158438
0.0157222
0.0156068
0.0154969
0.0153908
0.0152895
0.0151921
0.0150989
0.0150099
0.0149243
0.0148434
0.0147649
0.0146916
0.0146196
0.0145534
0.0144875
0.014428
0.0143678
0.0143146
0.0142597
0.0142124
0.0141626
0.0141204
0.0140749
0.0140371
0.0139952
0.0139606
0.0139217
0.0138898
0.0138534
0.0138238
0.0137898
0.0137623
0.0137306
0.0137054
0.0136758
0.013653
0.0136252
0.013605
0.0135789
0.0135615
0.0135369
0.0135226
0.0134994
0.0134879
0.0134662
0.0134556
0.0134341
0.0134241
0.0134031
0.0133975
0.0133803
0.0133782
0.0133646
0.0133661
0.0133549
0.0133593
0.0133515
0.0133595
0.0133569
0.0133692
0.0133743
0.0133929
0.013408
0.0134353
0.0134636
0.0135055
0.0135561
0.0136457
0.013682
0.0137518
0.0138103
0.0139382
0.0140074
0.0141867
0.0142759
0.014545
0.0146251
0.015012
0.0150908
0.0155551
0.0156876
0.016376
0.0171795
0.0173189
0.0161452
0.0160178
0.0158869
0.0157474
0.015606
0.0154607
0.0153185
0.0151754
0.0150382
0.0149017
0.0147725
0.0146449
0.0145253
0.0144074
0.0142976
0.0141896
0.0140897
0.0139912
0.0139005
0.0138111
0.0137291
0.0136482
0.0135743
0.0135012
0.0134347
0.0133687
0.0133089
0.0132494
0.0131956
0.013142
0.0130935
0.0130453
0.0130015
0.012958
0.0129183
0.0128791
0.012843
0.0128077
0.0127749
0.0127432
0.0127133
0.0126848
0.0126575
0.012632
0.0126071
0.0125842
0.0125615
0.012541
0.0125201
0.0125018
0.0124826
0.0124662
0.0124483
0.0124336
0.0124169
0.0124039
0.0123881
0.0123766
0.0123616
0.0123517
0.0123372
0.0123287
0.0123147
0.0123077
0.0122939
0.0122883
0.0122747
0.0122706
0.0122569
0.0122543
0.0122404
0.0122394
0.0122252
0.0122257
0.0122113
0.0122133
0.0121985
0.0122021
0.012187
0.0121921
0.0121769
0.0121837
0.0121685
0.012178
0.0121632
0.0121753
0.0121606
0.0121757
0.012162
0.0121804
0.0121684
0.0121909
0.0121818
0.0122082
0.0122054
0.0122351
0.0122356
0.0122738
0.0123024
0.0123463
0.01439
0.014317
0.0142393
0.0141516
0.0140607
0.0139642
0.0138693
0.0137722
0.0136793
0.0135858
0.0134981
0.0134101
0.0133289
0.0132474
0.0131729
0.013098
0.0130303
0.0129618
0.0129006
0.0128381
0.012783
0.0127262
0.0126766
0.0126249
0.0125803
0.0125331
0.012493
0.0124498
0.0124136
0.012374
0.0123413
0.0123048
0.0122752
0.0122415
0.0122146
0.0121832
0.0121586
0.0121293
0.0121069
0.0120794
0.012059
0.0120333
0.0120147
0.0119906
0.0119737
0.0119511
0.0119358
0.0119147
0.0119008
0.0118809
0.0118684
0.0118496
0.0118382
0.0118205
0.0118101
0.0117933
0.0117838
0.0117678
0.0117591
0.0117439
0.0117359
0.0117213
0.0117139
0.0117
0.0116932
0.0116798
0.0116736
0.0116607
0.011655
0.0116426
0.0116374
0.0116255
0.0116208
0.0116092
0.0116049
0.0115937
0.0115897
0.0115788
0.0115751
0.0115645
0.0115611
0.0115507
0.0115475
0.0115374
0.0115345
0.0115247
0.0115221
0.0115125
0.0115101
0.0115007
0.0114985
0.0114892
0.0114871
0.0114777
0.0114758
0.0114665
0.0114635
0.011454
0.0114171
0.0114684
0.0131122
0.0130729
0.0130298
0.012977
0.0129207
0.0128583
0.0127962
0.0127306
0.0126674
0.012602
0.0125404
0.0124774
0.0124189
0.0123593
0.0123048
0.0122493
0.012199
0.0121475
0.0121015
0.012054
0.012012
0.0119682
0.0119299
0.0118895
0.0118548
0.0118175
0.0117859
0.0117515
0.0117228
0.011691
0.011665
0.0116355
0.0116119
0.0115846
0.0115632
0.0115378
0.0115184
0.0114947
0.0114772
0.011455
0.0114392
0.0114184
0.0114041
0.0113846
0.0113716
0.0113532
0.0113415
0.0113241
0.0113135
0.011297
0.0112874
0.0112718
0.0112631
0.0112482
0.0112403
0.0112261
0.011219
0.0112054
0.011199
0.0111859
0.0111801
0.0111676
0.0111623
0.0111502
0.0111455
0.0111338
0.0111295
0.0111182
0.0111142
0.0111033
0.0110997
0.0110891
0.0110858
0.0110755
0.0110725
0.0110626
0.0110598
0.0110501
0.0110475
0.0110382
0.0110358
0.0110268
0.0110244
0.0110158
0.0110135
0.0110052
0.011003
0.0109951
0.0109928
0.0109852
0.0109829
0.0109757
0.0109732
0.0109664
0.0109638
0.0109573
0.0109543
0.0109483
0.0109458
0.010937
0.0122273
0.0122096
0.0121893
0.0121595
0.0121268
0.0120874
0.0120484
0.0120048
0.0119634
0.0119185
0.011877
0.0118327
0.0117926
0.01175
0.0117121
0.0116717
0.0116363
0.0115985
0.0115658
0.0115305
0.0115004
0.0114676
0.0114401
0.0114096
0.0113844
0.0113561
0.011333
0.0113066
0.0112855
0.0112608
0.0112415
0.0112184
0.0112008
0.0111791
0.011163
0.0111425
0.0111278
0.0111086
0.0110951
0.0110769
0.0110647
0.0110474
0.0110362
0.0110198
0.0110095
0.0109938
0.0109844
0.0109694
0.0109607
0.0109463
0.0109383
0.0109245
0.0109172
0.0109038
0.0108971
0.0108842
0.010878
0.0108655
0.0108598
0.0108477
0.0108424
0.0108307
0.0108258
0.0108145
0.0108099
0.0107989
0.0107947
0.0107839
0.01078
0.0107695
0.0107658
0.0107556
0.0107521
0.0107421
0.0107389
0.0107292
0.0107261
0.0107167
0.0107137
0.0107045
0.0107018
0.0106928
0.0106901
0.0106815
0.0106788
0.0106705
0.0106679
0.0106599
0.0106572
0.0106495
0.0106468
0.0106395
0.0106366
0.0106296
0.0106266
0.0106201
0.0106169
0.0106111
0.0106071
0.0105997
0.0116187
0.0116131
0.0116059
0.0115895
0.0115708
0.0115452
0.0115201
0.0114899
0.0114617
0.0114294
0.0114002
0.0113673
0.0113384
0.0113061
0.0112781
0.0112469
0.0112204
0.0111907
0.0111658
0.0111376
0.0111145
0.0110878
0.0110663
0.0110412
0.0110213
0.0109977
0.0109793
0.010957
0.0109401
0.010919
0.0109035
0.0108836
0.0108693
0.0108504
0.0108372
0.0108193
0.0108072
0.0107902
0.010779
0.0107628
0.0107525
0.0107371
0.0107276
0.0107128
0.0107041
0.0106899
0.0106819
0.0106683
0.0106609
0.0106478
0.010641
0.0106284
0.0106221
0.0106099
0.0106041
0.0105923
0.010587
0.0105755
0.0105706
0.0105594
0.0105549
0.010544
0.0105398
0.0105292
0.0105253
0.010515
0.0105114
0.0105013
0.010498
0.0104882
0.010485
0.0104755
0.0104725
0.0104632
0.0104603
0.0104513
0.0104486
0.0104397
0.0104371
0.0104285
0.010426
0.0104176
0.0104151
0.010407
0.0104045
0.0103967
0.0103941
0.0103866
0.010384
0.0103768
0.010374
0.0103671
0.0103642
0.0103577
0.0103549
0.0103482
0.0103414
0.0103357
0.0103642
0.0103018
0.0111857
0.0111859
0.0111856
0.0111768
0.0111662
0.0111491
0.0111326
0.0111108
0.0110911
0.0110668
0.0110455
0.0110202
0.0109986
0.0109732
0.010952
0.010927
0.0109067
0.0108825
0.0108633
0.0108401
0.0108221
0.0107999
0.0107831
0.010762
0.0107464
0.0107263
0.0107119
0.0106927
0.0106794
0.0106612
0.0106489
0.0106315
0.0106202
0.0106035
0.0105931
0.0105772
0.0105676
0.0105523
0.0105435
0.0105288
0.0105207
0.0105065
0.010499
0.0104854
0.0104785
0.0104653
0.0104589
0.0104462
0.0104403
0.0104279
0.0104225
0.0104104
0.0104055
0.0103937
0.0103892
0.0103777
0.0103735
0.0103623
0.0103585
0.0103475
0.0103439
0.0103333
0.01033
0.0103195
0.0103164
0.0103062
0.0103034
0.0102933
0.0102907
0.0102809
0.0102784
0.0102688
0.0102664
0.0102571
0.0102548
0.0102456
0.0102434
0.0102345
0.0102324
0.0102237
0.0102215
0.0102131
0.0102109
0.0102028
0.0102006
0.0101927
0.0101904
0.0101828
0.0101804
0.0101732
0.0101705
0.0101637
0.0101609
0.0101542
0.0101508
0.0101453
0.0101453
0.0101394
0.010105
0.0101506
0.0108735
0.0108763
0.0108793
0.010875
0.0108692
0.0108574
0.0108461
0.0108299
0.0108155
0.0107967
0.0107806
0.0107605
0.0107437
0.0107231
0.0107064
0.0106859
0.0106697
0.0106496
0.0106342
0.0106146
0.0106001
0.0105812
0.0105676
0.0105494
0.0105367
0.0105192
0.0105074
0.0104905
0.0104796
0.0104634
0.0104533
0.0104377
0.0104284
0.0104132
0.0104047
0.01039
0.0103822
0.010368
0.0103608
0.010347
0.0103404
0.010327
0.010321
0.0103079
0.0103025
0.0102897
0.0102848
0.0102722
0.0102678
0.0102555
0.0102515
0.0102394
0.0102359
0.010224
0.0102208
0.0102091
0.0102063
0.0101947
0.0101923
0.0101808
0.0101787
0.0101674
0.0101656
0.0101544
0.0101529
0.0101418
0.0101406
0.0101295
0.0101286
0.0101176
0.0101169
0.010106
0.0101055
0.0100947
0.0100944
0.0100837
0.0100836
0.0100729
0.0100729
0.0100624
0.0100626
0.010052
0.0100524
0.0100419
0.0100424
0.010032
0.0100325
0.0100223
0.0100229
0.0100128
0.0100134
0.0100034
0.0100039
0.00999395
0.00999527
0.00998594
0.00998552
0.00997916
0.00997578
0.00996785
0.0106393
0.0106427
0.0106475
0.0106461
0.0106432
0.0106349
0.0106269
0.0106146
0.0106035
0.0105886
0.0105758
0.0105595
0.0105459
0.010529
0.0105152
0.0104981
0.0104846
0.0104677
0.0104546
0.0104381
0.0104257
0.0104096
0.0103979
0.0103822
0.0103713
0.0103561
0.0103459
0.0103313
0.0103217
0.0103075
0.0102987
0.0102849
0.0102767
0.0102633
0.0102558
0.0102428
0.0102358
0.0102231
0.0102166
0.0102042
0.0101983
0.0101862
0.0101808
0.0101689
0.0101639
0.0101523
0.0101478
0.0101363
0.0101322
0.0101209
0.0101172
0.010106
0.0101027
0.0100917
0.0100888
0.0100778
0.0100752
0.0100644
0.0100621
0.0100514
0.0100494
0.0100387
0.010037
0.0100264
0.010025
0.0100145
0.0100133
0.0100028
0.0100018
0.00999141
0.00999068
0.0099803
0.00997978
0.00996944
0.00996911
0.00995881
0.00995866
0.0099484
0.00994841
0.0099382
0.00993835
0.00992819
0.00992848
0.00991837
0.00991877
0.00990872
0.00990921
0.00989922
0.0098998
0.00988989
0.00989055
0.00988072
0.0098813
0.0098714
0.00987255
0.0098639
0.00986681
0.00986031
0.0098285
0.00987015
0.010462
0.0104672
0.010473
0.0104731
0.0104719
0.0104658
0.0104599
0.0104501
0.0104413
0.010429
0.0104186
0.0104049
0.0103936
0.0103793
0.0103677
0.0103531
0.0103416
0.0103271
0.0103159
0.0103016
0.0102909
0.0102769
0.0102667
0.0102531
0.0102435
0.0102302
0.0102212
0.0102083
0.0101998
0.0101873
0.0101793
0.0101671
0.0101596
0.0101477
0.0101408
0.0101292
0.0101227
0.0101113
0.0101053
0.0100942
0.0100885
0.0100777
0.0100724
0.0100617
0.0100569
0.0100464
0.0100419
0.0100316
0.0100274
0.0100172
0.0100133
0.0100034
0.00999975
0.00998991
0.00998657
0.00997686
0.00997377
0.00996418
0.00996132
0.00995185
0.0099492
0.00993984
0.00993738
0.00992813
0.00992585
0.00991671
0.00991458
0.00990556
0.00990356
0.00989466
0.00989277
0.009884
0.0098822
0.00987356
0.00987183
0.00986333
0.00986165
0.00985331
0.00985164
0.00984347
0.0098418
0.00983382
0.00983211
0.00982433
0.00982256
0.00981501
0.00981315
0.00980584
0.00980385
0.00979682
0.00979464
0.00978785
0.00978572
0.00977957
0.00977581
0.00976924
0.00976781
0.00975675
0.00978086
0.0097244
0.0103261
0.0103322
0.0103384
0.0103391
0.0103389
0.0103342
0.0103298
0.0103217
0.0103146
0.0103042
0.0102955
0.0102838
0.0102742
0.0102617
0.0102518
0.0102391
0.0102292
0.0102165
0.0102067
0.0101942
0.0101847
0.0101724
0.0101634
0.0101514
0.0101428
0.010131
0.0101229
0.0101114
0.0101037
0.0100926
0.0100853
0.0100744
0.0100675
0.0100568
0.0100504
0.0100399
0.0100338
0.0100236
0.0100178
0.0100078
0.0100024
0.00999254
0.00998746
0.00997777
0.009973
0.00996347
0.00995899
0.00994959
0.00994539
0.00993613
0.00993219
0.00992306
0.00991936
0.00991034
0.00990687
0.00989796
0.0098947
0.00988589
0.00988282
0.00987411
0.00987123
0.00986262
0.0098599
0.00985138
0.00984881
0.0098404
0.00983796
0.00982964
0.00982732
0.0098191
0.00981689
0.00980878
0.00980664
0.00979865
0.00979658
0.0097887
0.00978668
0.00977894
0.00977694
0.00976934
0.00976735
0.0097599
0.0097579
0.00975062
0.00974858
0.00974148
0.00973937
0.00973248
0.00973029
0.00972362
0.00972129
0.0097148
0.00971258
0.00970667
0.0097029
0.00969649
0.00969517
0.00968412
0.00970812
0.00965261
0.0102242
0.0102302
0.0102364
0.0102375
0.010238
0.0102341
0.0102308
0.0102237
0.0102179
0.0102087
0.0102014
0.010191
0.0101828
0.0101717
0.0101631
0.0101517
0.010143
0.0101316
0.010123
0.0101117
0.0101033
0.0100922
0.0100841
0.0100732
0.0100654
0.0100548
0.0100473
0.0100369
0.0100297
0.0100196
0.0100127
0.0100028
0.00999627
0.00998659
0.00998034
0.00997087
0.0099649
0.00995563
0.00994992
0.00994086
0.00993539
0.00992651
0.00992128
0.00991258
0.00990757
0.00989904
0.00989424
0.00988587
0.00988126
0.00987306
0.00986862
0.00986057
0.00985629
0.00984839
0.00984426
0.00983651
0.0098325
0.00982491
0.009821
0.00981356
0.00980975
0.00980247
0.00979873
0.00979161
0.00978792
0.00978097
0.00977732
0.00977055
0.00976691
0.00976032
0.00975668
0.00975029
0.00974662
0.00974045
0.00973671
0.00973077
0.00972696
0.00972127
0.00971735
0.00971192
0.00970787
0.00970273
0.00969852
0.00969369
0.00968928
0.00968479
0.00968015
0.00967603
0.00967112
0.00966739
0.00966217
0.00965889
0.00965345
0.00965062
0.009644
0.00964143
0.00963617
0.00963163
0.00962768
0.00962286
0.0101491
0.0101544
0.0101605
0.0101612
0.0101621
0.0101583
0.0101557
0.010149
0.0101441
0.0101354
0.010129
0.0101192
0.010112
0.0101015
0.0100939
0.0100831
0.0100754
0.0100645
0.0100569
0.0100461
0.0100386
0.010028
0.0100207
0.0100103
0.0100033
0.00999309
0.00998637
0.00997638
0.00996993
0.00996015
0.00995397
0.00994441
0.00993847
0.00992912
0.00992342
0.00991427
0.0099088
0.00989984
0.00989459
0.00988581
0.00988076
0.00987216
0.0098673
0.00985887
0.00985419
0.00984593
0.00984142
0.00983331
0.00982895
0.00982101
0.00981678
0.00980899
0.00980488
0.00979725
0.00979325
0.00978577
0.00978187
0.00977454
0.00977071
0.00976354
0.00975977
0.00975277
0.00974904
0.0097422
0.0097385
0.00973184
0.00972815
0.00972167
0.00971797
0.00971168
0.00970795
0.00970187
0.00969808
0.00969223
0.00968837
0.00968275
0.00967879
0.00967342
0.00966933
0.00966425
0.00966
0.00965521
0.00965079
0.00964632
0.00964168
0.00963756
0.00963268
0.00962892
0.00962377
0.00962041
0.00961493
0.00961201
0.00960627
0.00960394
0.00959729
0.00959448
0.00958571
0.00958178
0.00960634
0.00955138
0.0100886
0.0100932
0.0100988
0.0100991
0.0101001
0.0100962
0.010094
0.0100874
0.0100831
0.0100747
0.0100691
0.0100595
0.0100531
0.010043
0.0100362
0.0100258
0.010019
0.0100084
0.0100017
0.00999124
0.00998466
0.00997434
0.00996797
0.00995782
0.00995169
0.00994172
0.00993584
0.00992606
0.00992041
0.00991082
0.00990539
0.00989599
0.00989078
0.00988155
0.00987654
0.00986748
0.00986266
0.00985377
0.00984913
0.00984039
0.00983592
0.00982734
0.00982302
0.00981459
0.00981042
0.00980214
0.0097981
0.00978997
0.00978605
0.00977806
0.00977424
0.0097664
0.00976268
0.00975498
0.00975135
0.00974379
0.00974023
0.00973282
0.00972931
0.00972206
0.00971859
0.00971149
0.00970805
0.00970111
0.00969768
0.00969092
0.00968748
0.00968091
0.00967744
0.00967106
0.00966755
0.00966137
0.0096578
0.00965184
0.00964819
0.00964247
0.0096387
0.00963323
0.00962934
0.00962414
0.00962009
0.00961519
0.00961095
0.00960636
0.00960191
0.00959767
0.00959298
0.0095891
0.00958413
0.00958064
0.00957538
0.00957237
0.00956663
0.00956389
0.00955858
0.00955626
0.00954647
0.00954755
0.00954693
0.00953885
0.010041
0.010045
0.0100503
0.0100501
0.0100512
0.0100472
0.0100453
0.0100388
0.010035
0.0100268
0.0100218
0.0100125
0.0100068
0.00999696
0.00999097
0.00998081
0.00997478
0.00996451
0.00995857
0.0099483
0.00994253
0.00993232
0.00992676
0.00991664
0.00991131
0.0099013
0.00989619
0.00988629
0.0098814
0.00987162
0.00986694
0.00985726
0.00985279
0.00984323
0.00983895
0.00982949
0.0098254
0.00981605
0.00981213
0.00980289
0.00979914
0.00979001
0.00978642
0.0097774
0.00977396
0.00976506
0.00976175
0.00975296
0.00974978
0.00974111
0.00973804
0.00972949
0.00972652
0.0097181
0.00971522
0.00970693
0.00970412
0.00969596
0.00969321
0.0096852
0.00968249
0.00967463
0.00967195
0.00966425
0.00966158
0.00965405
0.00965137
0.00964403
0.00964132
0.00963418
0.00963142
0.00962449
0.00962166
0.00961497
0.00961204
0.0096056
0.00960254
0.00959638
0.00959317
0.00958731
0.00958391
0.00957837
0.00957475
0.00956958
0.0095657
0.00956092
0.00955675
0.00955239
0.00954788
0.00954398
0.00953909
0.00953577
0.00953032
0.00952723
0.0095218
0.00951984
0.00951322
0.00951407
0.00948419
0.009526
0.0100072
0.0100107
0.0100153
0.0100148
0.0100155
0.0100115
0.0100095
0.0100031
0.00999927
0.00999127
0.00998627
0.00997722
0.00997158
0.0099619
0.00995597
0.00994592
0.00993994
0.0099297
0.0099238
0.00991347
0.00990771
0.00989735
0.00989178
0.00988141
0.00987607
0.00986572
0.00986062
0.00985031
0.00984548
0.00983522
0.00983065
0.00982044
0.00981615
0.009806
0.00980198
0.00979189
0.00978815
0.00977812
0.00977465
0.00976468
0.00976148
0.00975156
0.00974864
0.00973872
0.00973604
0.00972614
0.0097237
0.00971382
0.00971163
0.00970177
0.00969982
0.00968998
0.00968828
0.00967845
0.00967698
0.00966718
0.00966593
0.00965614
0.00965511
0.00964532
0.00964451
0.00963473
0.00963412
0.00962435
0.00962393
0.00961416
0.00961393
0.00960417
0.00960411
0.00959435
0.00959446
0.00958471
0.00958497
0.00957523
0.00957563
0.00956591
0.00956644
0.00955673
0.00955738
0.0095477
0.00954846
0.00953881
0.00953966
0.00953005
0.00953097
0.00952141
0.00952239
0.00951289
0.00951391
0.0095045
0.00950557
0.00949623
0.00949716
0.0094879
0.00948958
0.00948082
0.00948078
0.00947469
0.00947214
0.00946449
0.00998175
0.00998474
0.00998859
0.00998767
0.00998777
0.00998345
0.00998079
0.00997402
0.0099694
0.0099609
0.00995499
0.00994536
0.00993871
0.00992841
0.0099214
0.00991075
0.00990368
0.00989292
0.00988587
0.00987484
0.00986782
0.00985677
0.00984999
0.00983908
0.00983267
0.00982199
0.00981599
0.00980556
0.0098
0.00978982
0.00978468
0.00977474
0.00977001
0.00976027
0.00975593
0.00974637
0.00974238
0.00973298
0.00972933
0.00972005
0.00971671
0.00970754
0.00970448
0.00969544
0.00969267
0.00968373
0.00968122
0.00967236
0.0096701
0.00966129
0.00965925
0.00965048
0.00964866
0.00963992
0.00963829
0.00962957
0.00962813
0.00961942
0.00961816
0.00960945
0.00960837
0.00959966
0.00959874
0.00959003
0.00958927
0.00958056
0.00957994
0.00957124
0.00957075
0.00956205
0.0095617
0.009553
0.00955277
0.00954407
0.00954397
0.00953527
0.00953528
0.00952659
0.0095267
0.00951803
0.00951822
0.00950957
0.00950985
0.00950122
0.00950158
0.00949297
0.0094934
0.00948483
0.00948531
0.00947679
0.00947735
0.00946888
0.00946937
0.0094608
0.00946185
0.00945443
0.00945719
0.00945176
0.00942215
0.00946197
0.00996429
0.0099657
0.00996749
0.0099638
0.00996101
0.00995335
0.00994746
0.00993725
0.00992958
0.00991801
0.00990958
0.0098975
0.00988901
0.00987699
0.00986889
0.00985724
0.00984973
0.00983858
0.00983182
0.00982152
0.00981565
0.00980598
0.00980081
0.00979161
0.00978698
0.00977812
0.00977391
0.00976528
0.00976142
0.00975295
0.00974937
0.00974101
0.00973767
0.00972938
0.00972625
0.009718
0.00971506
0.00970685
0.00970408
0.00969589
0.00969328
0.00968511
0.00968265
0.00967449
0.00967218
0.00966403
0.00966186
0.00965372
0.00965169
0.00964356
0.00964166
0.00963355
0.00963177
0.00962367
0.009622
0.00961392
0.00961237
0.0096043
0.00960285
0.00959481
0.00959345
0.00958545
0.00958417
0.0095762
0.009575
0.00956708
0.00956593
0.00955807
0.00955698
0.00954918
0.00954812
0.00954041
0.00953937
0.00953174
0.0095307
0.00952319
0.00952214
0.00951474
0.00951366
0.0095064
0.00950526
0.00949817
0.00949695
0.00949004
0.00948872
0.00948201
0.00948057
0.00947409
0.00947249
0.00946627
0.00946444
0.00945847
0.00945666
0.00945129
0.0094479
0.00944221
0.00944104
0.00943115
0.00945389
0.00940112
0.00989583
0.00989354
0.00989318
0.00988898
0.00988698
0.00988128
0.00987817
0.00987146
0.00986768
0.00986036
0.00985623
0.00984857
0.00984433
0.0098365
0.00983229
0.00982439
0.00982028
0.00981236
0.00980838
0.00980047
0.00979664
0.00978874
0.00978507
0.00977717
0.00977366
0.00976577
0.0097624
0.00975451
0.00975128
0.00974338
0.00974029
0.00973239
0.00972944
0.00972152
0.0097187
0.00971077
0.00970808
0.00970014
0.00969758
0.00968964
0.0096872
0.00967924
0.00967693
0.00966897
0.00966678
0.00965882
0.00965675
0.00964878
0.00964682
0.00963886
0.00963702
0.00962906
0.00962732
0.00961937
0.00961773
0.00960979
0.00960824
0.00960032
0.00959887
0.00959097
0.00958959
0.00958172
0.00958042
0.00957259
0.00957134
0.00956356
0.00956237
0.00955464
0.00955348
0.00954582
0.0095447
0.00953711
0.009536
0.00952851
0.00952739
0.00952
0.00951887
0.0095116
0.00951043
0.0095033
0.00950208
0.0094951
0.0094938
0.00948699
0.0094856
0.00947899
0.00947748
0.00947108
0.00946943
0.00946328
0.00946141
0.00945547
0.00945366
0.00944833
0.00944497
0.00943917
0.00943804
0.00942795
0.0094509
0.00939895
0.0121376
0.0121114
0.012869
0.0129015
0.0139846
0.0141302
0.0154363
0.0167637
0.0178614
0.0227787
0.0114981
0.0115541
0.0119806
0.0122423
0.0126617
0.0134292
0.0136905
0.0151314
0.0157859
0.0187067
0.0110158
0.0111983
0.0113341
0.0116786
0.0118749
0.0124861
0.0127752
0.0137089
0.0142289
0.016102
0.010758
0.0109133
0.010998
0.0112364
0.0113695
0.0117683
0.0119939
0.012655
0.0130375
0.014304
0.0105936
0.0107127
0.0107822
0.0109547
0.0110516
0.0113154
0.0114698
0.0119085
0.0121738
0.0130545
0.0104239
0.0105273
0.0105822
0.0107239
0.0107993
0.0109973
0.0111071
0.011406
0.0115844
0.0121893
0.0103095
0.0103875
0.0104312
0.0105415
0.0106004
0.0107518
0.0108337
0.0110493
0.011173
0.0115856
0.0102198
0.0102813
0.0103161
0.0104031
0.0104492
0.010565
0.0106264
0.0107851
0.0108713
0.0111512
0.0101417
0.0101906
0.0102215
0.0102916
0.01033
0.0104206
0.0104695
0.010587
0.0106515
0.0108402
0.0100726
0.0101105
0.0101446
0.0101995
0.0102296
0.0103018
0.0103404
0.0104308
0.0104843
0.0106056
0.0100263
0.0100532
0.0100842
0.0101212
0.0101559
0.0102088
0.010238
0.010307
0.0103474
0.0104362
0.00998431
0.0100148
0.0100326
0.0100687
0.0100909
0.0101331
0.0101624
0.0102135
0.0102424
0.010314
0.0099555
0.00997615
0.00999841
0.0100202
0.0100495
0.01007
0.0101072
0.0101261
0.0101782
0.010215
0.00993325
0.00994378
0.00997001
0.00998201
0.0100121
0.0100249
0.0100572
0.0100718
0.0101157
0.0101402
0.00991417
0.00992164
0.00994554
0.00995485
0.0099805
0.00999096
0.0100168
0.0100276
0.0100478
0.01008
0.00990082
0.00990613
0.0099282
0.00993582
0.00995782
0.00996691
0.00998731
0.00999739
0.0100088
0.0100325
0.00988456
0.00989773
0.00990889
0.00992478
0.00993496
0.0099522
0.00996023
0.00997776
0.00998329
0.0099992
0.0098752
0.00988981
0.00989752
0.00991325
0.00992127
0.0099364
0.00994382
0.00995707
0.00996348
0.00997418
0.00987181
0.00988476
0.00989253
0.00990583
0.00991406
0.00992623
0.0099338
0.00994387
0.00995005
0.00995765
0.00984367
0.00985061
0.00985562
0.00986308
0.00986832
0.00987541
0.00987983
0.00988583
0.00988878
0.00989326
0.0115121
0.0120289
0.012906
0.0140827
0.0163305
0.0177936
0.0217228
0.0290419
0.0518208
0.0392584
0.0115969
0.0122141
0.0128073
0.0139985
0.0161136
0.0196345
0.024778
0.0294704
0.0516577
0.0387046
0.0115456
0.0121915
0.0131441
0.0142007
0.0167469
0.0182129
0.0222659
0.0304543
0.0533867
0.0381156
0.0116511
0.012148
0.0130138
0.0141221
0.0165799
0.0206977
0.0265053
0.0298131
0.0537967
0.0374495
0.0116386
0.0123067
0.013366
0.0144663
0.0173086
0.0187408
0.0232666
0.0322728
0.0552879
0.036779
0.0118026
0.012108
0.0133288
0.0144717
0.0171551
0.0221682
0.0287235
0.0309569
0.0563109
0.0361303
0.0118242
0.0125913
0.0136752
0.0149812
0.0180767
0.0194909
0.0248165
0.0343534
0.0576972
0.0353876
0.0120861
0.0123396
0.0137322
0.0150541
0.0182232
0.0242014
0.0307775
0.0334171
0.0589067
0.0346991
0.0121682
0.0130025
0.0142313
0.0158205
0.0191591
0.0208914
0.0277609
0.0370497
0.0594267
0.0343205
0.0125287
0.0128841
0.0143575
0.016053
0.0196738
0.0265105
0.0328599
0.0372836
0.0592129
0.0339922
0.0114064
0.0117328
0.012104
0.0125849
0.0144628
0.0160317
0.0224584
0.0262297
0.0406825
0.0393754
0.0115996
0.0118084
0.0122645
0.0133216
0.0142231
0.0182749
0.0211719
0.028446
0.0421816
0.0399975
0.0116342
0.0119405
0.0124839
0.0135304
0.0149427
0.0185995
0.0229853
0.0305922
0.0434804
0.040045
0.0115579
0.0121001
0.0125309
0.0136396
0.0151569
0.0186318
0.0225931
0.0287919
0.0460119
0.0397155
0.0115567
0.0121676
0.0125527
0.0137843
0.0152411
0.0182331
0.0225583
0.0286357
0.0463829
0.0406128
0.0115494
0.0122651
0.0125384
0.0137262
0.0152491
0.0180391
0.0226137
0.02934
0.047507
0.0397659
0.0115394
0.0121539
0.0128626
0.013678
0.015216
0.0179005
0.022339
0.0287295
0.0483118
0.0406571
0.0115082
0.0121138
0.0127877
0.0141478
0.0151283
0.0176415
0.0226345
0.0296918
0.0486163
0.0396283
0.0114455
0.0120138
0.0127509
0.0140639
0.0159965
0.0175908
0.0213496
0.0283318
0.0501984
0.0402788
0.0114909
0.0121694
0.0126688
0.0139952
0.0156953
0.0186696
0.023348
0.0296188
0.0499573
0.0393732
0.0128463
0.0126247
0.0124433
0.0122906
0.0121592
0.0120442
0.0119419
0.01185
0.0117666
0.0116903
0.01162
0.0115549
0.0114941
0.0114374
0.011384
0.0113337
0.011286
0.0112409
0.011198
0.0111571
0.011118
0.0110807
0.0110448
0.0110104
0.0109773
0.0109455
0.0109147
0.0108851
0.0108564
0.0108288
0.0108019
0.010776
0.0107507
0.0107263
0.0107024
0.0106794
0.0106568
0.010635
0.0106135
0.0105929
0.0105725
0.0105529
0.0105335
0.0105148
0.0104962
0.0104785
0.0104607
0.0104437
0.0104268
0.0104106
0.0103943
0.0103788
0.0103632
0.0103484
0.0103334
0.0103193
0.0103049
0.0102914
0.0102776
0.0102647
0.0102515
0.0102392
0.0102265
0.0102149
0.0102027
0.0101917
0.0101801
0.0101697
0.0101587
0.0101489
0.0101386
0.0101294
0.0101198
0.0101114
0.0101026
0.010095
0.0100871
0.0100804
0.0100736
0.0100681
0.0100626
0.0100586
0.0100548
0.0100526
0.0100511
0.0100516
0.0100533
0.0100575
0.0100641
0.0100742
0.0100892
0.010109
0.0101338
0.0101684
0.0102172
0.0103293
0.0104083
0.0105607
0.0107277
0.011131
0.0128462
0.0126245
0.0124429
0.0122902
0.0121587
0.0120435
0.0119413
0.0118493
0.0117659
0.0116896
0.0116193
0.0115541
0.0114934
0.0114365
0.0113832
0.0113328
0.0112852
0.0112401
0.0111971
0.0111562
0.0111172
0.0110798
0.0110439
0.0110095
0.0109764
0.0109446
0.0109139
0.0108842
0.0108556
0.0108279
0.010801
0.010775
0.0107498
0.0107253
0.0107015
0.0106784
0.0106559
0.0106341
0.0106127
0.010592
0.0105716
0.010552
0.0105326
0.0105139
0.0104954
0.0104775
0.0104598
0.0104428
0.0104259
0.0104096
0.0103934
0.0103779
0.0103623
0.0103475
0.0103325
0.0103184
0.010304
0.0102905
0.0102767
0.0102638
0.0102506
0.0102383
0.0102256
0.010214
0.0102018
0.0101908
0.0101792
0.0101688
0.0101578
0.010148
0.0101376
0.0101286
0.0101189
0.0101106
0.0101016
0.0100942
0.0100861
0.0100797
0.0100726
0.0100674
0.0100616
0.0100579
0.0100538
0.010052
0.0100501
0.010051
0.0100522
0.010057
0.010063
0.0100737
0.0100881
0.0101084
0.0101326
0.0101675
0.0102155
0.0103248
0.0104028
0.0105628
0.0107272
0.0110967
0.0128461
0.0126239
0.0124422
0.0122892
0.0121576
0.0120423
0.01194
0.0118479
0.0117645
0.0116881
0.0116178
0.0115525
0.0114918
0.0114349
0.0113816
0.0113311
0.0112836
0.0112383
0.0111955
0.0111545
0.0111155
0.011078
0.0110423
0.0110077
0.0109748
0.0109427
0.0109122
0.0108823
0.0108539
0.010826
0.0107994
0.0107731
0.0107482
0.0107234
0.0106999
0.0106764
0.0106543
0.010632
0.0106111
0.0105899
0.0105701
0.0105499
0.0105311
0.0105117
0.0104939
0.0104754
0.0104584
0.0104406
0.0104245
0.0104074
0.010392
0.0103756
0.010361
0.0103452
0.0103312
0.010316
0.0103028
0.0102881
0.0102755
0.0102614
0.0102495
0.0102358
0.0102246
0.0102114
0.0102009
0.0101881
0.0101783
0.0101661
0.010157
0.0101452
0.010137
0.0101257
0.0101184
0.0101076
0.0101013
0.0100912
0.010086
0.0100765
0.0100727
0.0100642
0.010062
0.0100546
0.0100545
0.0100486
0.0100512
0.0100475
0.0100539
0.0100535
0.0100653
0.0100702
0.0100913
0.010105
0.0101373
0.0101657
0.0102241
0.0103275
0.0103764
0.0106145
0.0106879
0.0110874
0.0128459
0.0126232
0.012441
0.0122877
0.0121559
0.0120405
0.0119381
0.0118458
0.0117624
0.0116858
0.0116156
0.0115501
0.0114895
0.0114324
0.0113792
0.0113286
0.0112812
0.0112358
0.0111931
0.0111518
0.0111131
0.0110753
0.0110398
0.011005
0.0109723
0.01094
0.0109098
0.0108796
0.0108515
0.0108232
0.010797
0.0107703
0.0107457
0.0107205
0.0106975
0.0106735
0.0106519
0.0106291
0.0106087
0.0105869
0.0105677
0.0105469
0.0105287
0.0105087
0.0104916
0.0104723
0.0104561
0.0104375
0.0104222
0.0104043
0.0103898
0.0103724
0.0103588
0.0103419
0.0103291
0.0103127
0.0103007
0.0102848
0.0102735
0.010258
0.0102475
0.0102323
0.0102227
0.0102078
0.0101991
0.0101845
0.0101766
0.0101624
0.0101554
0.0101415
0.0101355
0.0101219
0.010117
0.0101037
0.0101
0.0100871
0.0100849
0.0100724
0.0100718
0.0100599
0.0100613
0.0100501
0.010054
0.010044
0.010051
0.0100427
0.0100539
0.0100484
0.0100656
0.010065
0.0100921
0.0100995
0.0101389
0.0101602
0.0102265
0.0103216
0.0103758
0.0105987
0.0106731
0.0111223
0.0128457
0.0126222
0.0124395
0.0122858
0.0121538
0.012038
0.0119355
0.0118431
0.0117596
0.0116829
0.0116126
0.011547
0.0114865
0.0114292
0.0113761
0.0113253
0.011278
0.0112324
0.0111899
0.0111484
0.0111098
0.0110718
0.0110366
0.0110015
0.010969
0.0109364
0.0109065
0.010876
0.0108482
0.0108195
0.0107937
0.0107666
0.0107424
0.0107168
0.0106942
0.0106698
0.0106486
0.0106253
0.0106055
0.0105832
0.0105645
0.0105431
0.0105255
0.0105048
0.0104884
0.0104684
0.0104529
0.0104336
0.0104191
0.0104003
0.0103867
0.0103684
0.0103557
0.0103379
0.0103261
0.0103087
0.0102977
0.0102806
0.0102706
0.0102538
0.0102446
0.0102281
0.0102199
0.0102036
0.0101963
0.0101803
0.010174
0.0101581
0.0101528
0.0101372
0.0101331
0.0101175
0.0101147
0.0100994
0.010098
0.0100828
0.010083
0.0100681
0.0100703
0.0100557
0.0100601
0.0100461
0.0100533
0.0100402
0.010051
0.0100392
0.0100548
0.0100454
0.0100677
0.0100626
0.0100955
0.0100978
0.0101447
0.0101607
0.0102358
0.010326
0.0103746
0.010611
0.0106768
0.0111567
0.0128454
0.0126209
0.0124376
0.0122834
0.0121511
0.012035
0.0119323
0.0118397
0.0117562
0.0116792
0.011609
0.0115432
0.0114827
0.0114253
0.0113722
0.0113212
0.0112741
0.0112282
0.0111859
0.0111442
0.0111058
0.0110675
0.0110325
0.0109971
0.010965
0.010932
0.0109024
0.0108715
0.0108441
0.010815
0.0107896
0.0107621
0.0107384
0.0107122
0.0106902
0.0106652
0.0106446
0.0106207
0.0106015
0.0105784
0.0105606
0.0105383
0.0105216
0.0105
0.0104845
0.0104635
0.0104491
0.0104287
0.0104153
0.0103953
0.010383
0.0103634
0.0103521
0.0103328
0.0103225
0.0103035
0.0102942
0.0102754
0.0102672
0.0102485
0.0102413
0.0102227
0.0102167
0.0101981
0.0101933
0.0101746
0.010171
0.0101523
0.0101501
0.0101312
0.0101305
0.0101114
0.0101123
0.010093
0.0100957
0.0100762
0.010081
0.0100613
0.0100685
0.0100485
0.0100585
0.0100385
0.010052
0.010032
0.0100499
0.0100304
0.0100539
0.0100358
0.010067
0.010052
0.010095
0.010086
0.0101447
0.0101482
0.0102385
0.0103207
0.0103838
0.0106099
0.010712
0.0111747
0.0128451
0.0126194
0.0124354
0.0122806
0.0121479
0.0120314
0.0119286
0.0118357
0.011752
0.0116749
0.0116046
0.0115387
0.0114782
0.0114206
0.0113676
0.0113165
0.0112694
0.0112234
0.0111811
0.0111392
0.011101
0.0110625
0.0110277
0.010992
0.0109601
0.0109269
0.0108975
0.0108664
0.0108392
0.0108098
0.0107847
0.0107568
0.0107335
0.010707
0.0106853
0.0106599
0.0106398
0.0106154
0.0105966
0.0105731
0.0105557
0.0105329
0.0105168
0.0104946
0.0104797
0.0104581
0.0104443
0.0104232
0.0104105
0.0103898
0.0103783
0.0103579
0.0103474
0.0103273
0.0103179
0.0102979
0.0102896
0.0102698
0.0102626
0.0102429
0.0102368
0.0102171
0.0102122
0.0101925
0.0101889
0.010169
0.0101668
0.0101468
0.010146
0.0101258
0.0101265
0.0101061
0.0101086
0.0100878
0.0100924
0.0100713
0.0100781
0.0100567
0.0100662
0.0100444
0.0100571
0.010035
0.0100516
0.0100295
0.0100509
0.0100291
0.0100569
0.0100362
0.0100727
0.0100541
0.0101019
0.0100887
0.0101539
0.0101534
0.0102497
0.0103106
0.010404
0.0105645
0.0107266
0.0111755
0.0128447
0.0126177
0.0124328
0.0122773
0.0121442
0.0120273
0.0119242
0.0118311
0.0117473
0.01167
0.0115996
0.0115335
0.011473
0.0114152
0.0113623
0.0113109
0.011264
0.0112177
0.0111757
0.0111335
0.0110955
0.0110567
0.0110221
0.0109862
0.0109546
0.010921
0.010892
0.0108604
0.0108337
0.0108038
0.0107792
0.0107508
0.010728
0.0107009
0.0106798
0.0106538
0.0106343
0.0106092
0.0105912
0.0105669
0.0105503
0.0105266
0.0105114
0.0104883
0.0104744
0.0104517
0.0104391
0.0104168
0.0104054
0.0103833
0.0103732
0.0103513
0.0103424
0.0103206
0.0103129
0.0102911
0.0102848
0.0102629
0.0102579
0.0102359
0.0102322
0.01021
0.0102078
0.0101852
0.0101846
0.0101615
0.0101626
0.010139
0.010142
0.0101177
0.0101227
0.0100977
0.0101049
0.010079
0.0100887
0.0100619
0.0100745
0.0100466
0.0100625
0.0100333
0.0100531
0.0100226
0.0100472
0.0100154
0.0100458
0.0100127
0.0100506
0.0100167
0.0100646
0.0100317
0.010096
0.0100667
0.0101539
0.0101343
0.0102605
0.0103109
0.0103978
0.0105542
0.0107328
0.0111589
0.0128442
0.0126158
0.0124299
0.0122736
0.01214
0.0120227
0.0119193
0.0118259
0.011742
0.0116644
0.011594
0.0115277
0.0114672
0.0114092
0.0113563
0.0113048
0.0112579
0.0112115
0.0111695
0.0111272
0.0110892
0.0110504
0.0110159
0.0109798
0.0109483
0.0109145
0.0108856
0.0108539
0.0108273
0.0107973
0.0107728
0.0107442
0.0107216
0.0106943
0.0106734
0.0106472
0.0106279
0.0106026
0.0105849
0.0105602
0.010544
0.01052
0.0105051
0.0104816
0.0104681
0.010445
0.0104329
0.0104101
0.0103992
0.0103766
0.010367
0.0103446
0.0103363
0.0103139
0.0103069
0.0102844
0.0102788
0.0102562
0.010252
0.0102292
0.0102265
0.0102033
0.0102022
0.0101786
0.0101791
0.0101551
0.0101574
0.0101328
0.0101371
0.0101118
0.0101183
0.0100922
0.0101011
0.0100742
0.0100859
0.0100579
0.0100728
0.0100439
0.0100625
0.0100325
0.0100555
0.0100244
0.0100526
0.0100196
0.0100543
0.0100201
0.0100629
0.010028
0.0100814
0.0100466
0.0101144
0.0100822
0.0101733
0.0101511
0.0102828
0.0103284
0.0104211
0.0105715
0.0107575
0.0111535
0.0128437
0.0126136
0.0124266
0.0122696
0.0121354
0.0120177
0.011914
0.0118203
0.0117361
0.0116584
0.0115878
0.0115214
0.0114608
0.0114028
0.0113498
0.0112983
0.0112513
0.0112049
0.0111628
0.0111205
0.0110826
0.0110436
0.0110091
0.010973
0.0109415
0.0109078
0.0108789
0.0108471
0.0108206
0.0107905
0.0107661
0.0107374
0.0107149
0.0106875
0.0106667
0.0106404
0.0106213
0.0105958
0.0105782
0.0105534
0.0105373
0.0105132
0.0104985
0.0104749
0.0104615
0.0104383
0.0104263
0.0104033
0.0103926
0.0103698
0.0103605
0.0103377
0.0103298
0.010307
0.0103004
0.0102775
0.0102724
0.0102493
0.0102456
0.0102222
0.01022
0.0101962
0.0101958
0.0101714
0.0101727
0.0101477
0.0101511
0.0101252
0.0101308
0.0101039
0.0101119
0.0100839
0.0100948
0.0100653
0.0100795
0.0100484
0.0100661
0.0100334
0.0100552
0.010021
0.0100473
0.0100116
0.0100435
0.0100077
0.0100461
0.0100104
0.0100567
0.0100228
0.010079
0.0100505
0.0101189
0.0101021
0.0101778
0.0101863
0.0102821
0.0103707
0.0104622
0.0106245
0.0108424
0.0112464
0.0128435
0.0126127
0.0124252
0.0122679
0.0121334
0.0120156
0.0119117
0.0118179
0.0117337
0.0116559
0.0115853
0.0115189
0.0114582
0.0114002
0.0113472
0.0112956
0.0112486
0.0112022
0.0111601
0.0111178
0.0110798
0.0110409
0.0110064
0.0109702
0.0109387
0.010905
0.0108761
0.0108443
0.0108178
0.0107877
0.0107633
0.0107346
0.0107121
0.0106847
0.0106639
0.0106375
0.0106184
0.0105929
0.0105753
0.0105506
0.0105345
0.0105103
0.0104956
0.010472
0.0104586
0.0104354
0.0104234
0.0104004
0.0103897
0.010367
0.0103575
0.0103349
0.0103268
0.0103042
0.0102974
0.0102748
0.0102693
0.0102466
0.0102424
0.0102196
0.0102168
0.0101937
0.0101924
0.010169
0.0101691
0.0101454
0.010147
0.0101231
0.0101262
0.010102
0.0101067
0.0100822
0.0100887
0.0100639
0.0100721
0.0100473
0.0100575
0.0100325
0.010045
0.01002
0.0100351
0.0100103
0.0100283
0.0100044
0.0100256
0.0100035
0.0100287
0.0100101
0.0100404
0.0100284
0.010066
0.0100657
0.0101198
0.010141
0.0102415
0.0102873
0.010392
0.0105664
0.0108302
0.0110298
0.0128435
0.0126127
0.0124252
0.0122679
0.0121334
0.0120156
0.0119117
0.011818
0.0117336
0.011656
0.0115852
0.0115189
0.0114581
0.0114002
0.011347
0.0112957
0.0112484
0.0112023
0.0111599
0.0111179
0.0110795
0.011041
0.0110061
0.0109704
0.0109384
0.0109051
0.0108757
0.0108445
0.0108173
0.0107879
0.0107627
0.0107349
0.0107115
0.010685
0.0106633
0.0106379
0.0106177
0.0105933
0.0105745
0.010551
0.0105336
0.0105108
0.0104947
0.0104725
0.0104576
0.010436
0.0104222
0.0104011
0.0103884
0.0103677
0.0103561
0.0103357
0.0103252
0.0103051
0.0102957
0.0102758
0.0102675
0.0102477
0.0102404
0.0102208
0.0102147
0.0101951
0.0101901
0.0101706
0.0101668
0.0101473
0.0101447
0.0101253
0.0101239
0.0101046
0.0101044
0.0100854
0.0100865
0.0100678
0.0100702
0.0100519
0.010056
0.0100381
0.010044
0.0100269
0.0100347
0.0100188
0.0100286
0.0100146
0.0100267
0.0100152
0.0100299
0.0100222
0.0100401
0.0100382
0.0100602
0.0100673
0.0100973
0.0101252
0.0101618
0.0102405
0.0103156
0.0104298
0.0105417
0.0110146
0.0128434
0.0126127
0.0124251
0.0122679
0.0121333
0.0120157
0.0119116
0.011818
0.0117335
0.0116561
0.0115851
0.011519
0.0114579
0.0114004
0.0113468
0.0112958
0.0112482
0.0112025
0.0111596
0.0111181
0.0110792
0.0110413
0.0110057
0.0109707
0.010938
0.0109055
0.0108752
0.0108449
0.0108168
0.0107884
0.0107622
0.0107354
0.0107109
0.0106855
0.0106625
0.0106385
0.0106169
0.010594
0.0105736
0.0105518
0.0105326
0.0105117
0.0104935
0.0104735
0.0104563
0.010437
0.0104208
0.0104022
0.0103868
0.0103689
0.0103543
0.0103371
0.0103233
0.0103066
0.0102935
0.0102774
0.010265
0.0102494
0.0102376
0.0102226
0.0102115
0.010197
0.0101865
0.0101726
0.0101626
0.0101494
0.0101399
0.0101274
0.0101184
0.0101067
0.0100982
0.0100874
0.0100794
0.0100698
0.0100621
0.010054
0.0100465
0.0100404
0.0100328
0.0100293
0.0100214
0.0100213
0.0100127
0.0100175
0.0100075
0.010019
0.0100068
0.0100276
0.0100125
0.0100459
0.0100268
0.010077
0.0100531
0.010125
0.0101122
0.0101955
0.0102567
0.010327
0.0104009
0.0106771
0.0128434
0.0126127
0.0124251
0.012268
0.0121333
0.0120157
0.0119115
0.0118181
0.0117335
0.0116561
0.011585
0.0115191
0.0114578
0.0114005
0.0113467
0.011296
0.011248
0.0112026
0.0111594
0.0111183
0.011079
0.0110415
0.0110055
0.0109709
0.0109377
0.0109057
0.0108749
0.0108452
0.0108165
0.0107887
0.0107618
0.0107357
0.0107104
0.0106859
0.010662
0.0106389
0.0106163
0.0105945
0.010573
0.0105523
0.0105319
0.0105122
0.0104928
0.0104741
0.0104555
0.0104377
0.0104198
0.0104029
0.0103858
0.0103697
0.0103532
0.0103379
0.0103221
0.0103075
0.0102922
0.0102784
0.0102635
0.0102505
0.0102361
0.0102238
0.0102099
0.0101983
0.0101848
0.010174
0.0101608
0.0101509
0.0101381
0.010129
0.0101166
0.0101083
0.0100964
0.010089
0.0100776
0.0100713
0.0100603
0.0100551
0.0100447
0.0100409
0.0100313
0.0100288
0.0100204
0.0100193
0.0100126
0.0100127
0.010009
0.0100097
0.0100108
0.0100108
0.0100197
0.0100177
0.0100391
0.0100312
0.0100757
0.0100506
0.0101321
0.0101047
0.0102166
0.0102614
0.0102781
0.0105106
0.0128434
0.0126127
0.0124251
0.0122679
0.0121333
0.0120157
0.0119115
0.0118181
0.0117334
0.0116561
0.011585
0.0115191
0.0114578
0.0114005
0.0113467
0.0112959
0.011248
0.0112026
0.0111594
0.0111182
0.011079
0.0110414
0.0110055
0.0109709
0.0109377
0.0109057
0.0108749
0.0108451
0.0108165
0.0107886
0.0107618
0.0107356
0.0107104
0.0106858
0.0106621
0.0106388
0.0106163
0.0105943
0.010573
0.0105521
0.0105319
0.010512
0.0104928
0.0104738
0.0104555
0.0104373
0.0104199
0.0104025
0.0103859
0.0103692
0.0103534
0.0103373
0.0103222
0.0103068
0.0102924
0.0102775
0.0102638
0.0102495
0.0102364
0.0102226
0.0102102
0.0101968
0.0101851
0.0101722
0.0101613
0.0101488
0.0101386
0.0101265
0.0101172
0.0101054
0.0100972
0.0100857
0.0100786
0.0100673
0.0100616
0.0100505
0.0100464
0.0100354
0.0100333
0.0100225
0.0100228
0.010012
0.0100153
0.0100044
0.0100114
0.0100003
0.0100117
0.0100005
0.0100171
0.0100066
0.0100291
0.0100253
0.0100467
0.0100632
0.0100676
0.0101185
0.0101161
0.0101999
0.0102642
0.0103211
0.0128434
0.0126127
0.0124251
0.0122679
0.0121333
0.0120157
0.0119115
0.011818
0.0117335
0.0116561
0.011585
0.011519
0.0114578
0.0114004
0.0113467
0.0112959
0.0112481
0.0112025
0.0111595
0.0111182
0.0110791
0.0110413
0.0110055
0.0109708
0.0109378
0.0109056
0.010875
0.010845
0.0108165
0.0107884
0.0107619
0.0107354
0.0107105
0.0106856
0.0106622
0.0106385
0.0106165
0.010594
0.0105732
0.0105518
0.0105321
0.0105116
0.010493
0.0104734
0.0104557
0.0104369
0.0104202
0.010402
0.0103862
0.0103686
0.0103536
0.0103367
0.0103225
0.0103061
0.0102927
0.0102767
0.0102641
0.0102486
0.0102367
0.0102216
0.0102105
0.0101958
0.0101854
0.0101711
0.0101615
0.0101475
0.0101388
0.0101251
0.0101172
0.010104
0.0100969
0.0100841
0.0100778
0.0100657
0.0100603
0.0100489
0.0100443
0.010034
0.0100301
0.0100211
0.010018
0.0100109
0.0100082
0.0100039
0.0100013
0.0100013
0.00999779
0.010004
0.00999771
0.0100131
0.010001
0.0100285
0.0100143
0.0100514
0.0100471
0.0100807
0.0100989
0.0101255
0.0102024
0.0102606
0.0128434
0.0126127
0.0124251
0.0122679
0.0121332
0.0120156
0.0119115
0.011818
0.0117334
0.0116561
0.011585
0.011519
0.0114578
0.0114004
0.0113466
0.0112959
0.011248
0.0112025
0.0111594
0.0111182
0.011079
0.0110413
0.0110054
0.0109708
0.0109377
0.0109056
0.0108749
0.010845
0.0108164
0.0107885
0.0107617
0.0107355
0.0107103
0.0106856
0.010662
0.0106386
0.0106162
0.0105941
0.0105729
0.0105519
0.0105318
0.0105118
0.0104926
0.0104735
0.0104553
0.0104371
0.0104196
0.0104022
0.0103856
0.0103689
0.0103529
0.010337
0.0103217
0.0103064
0.0102917
0.0102771
0.010263
0.010249
0.0102354
0.0102221
0.010209
0.0101964
0.0101837
0.0101718
0.0101596
0.0101483
0.0101365
0.0101261
0.0101147
0.0101051
0.010094
0.0100853
0.0100747
0.010067
0.0100568
0.0100503
0.0100405
0.0100353
0.010026
0.0100222
0.0100136
0.0100114
0.0100038
0.0100029
0.009997
0.00999693
0.00999385
0.00999404
0.00999609
0.00999478
0.0100054
0.00999718
0.0100224
0.0100018
0.0100478
0.0100199
0.0100848
0.0100557
0.0101402
0.0101784
0.0128434
0.0126127
0.0124251
0.0122679
0.0121332
0.0120156
0.0119115
0.011818
0.0117334
0.011656
0.0115849
0.011519
0.0114578
0.0114004
0.0113466
0.0112959
0.011248
0.0112025
0.0111594
0.0111181
0.011079
0.0110413
0.0110054
0.0109707
0.0109377
0.0109055
0.0108749
0.010845
0.0108164
0.0107884
0.0107617
0.0107354
0.0107103
0.0106856
0.0106619
0.0106385
0.0106162
0.010594
0.0105729
0.0105518
0.0105317
0.0105116
0.0104925
0.0104734
0.0104552
0.0104369
0.0104196
0.010402
0.0103855
0.0103686
0.0103528
0.0103366
0.0103216
0.010306
0.0102916
0.0102766
0.0102628
0.0102484
0.0102353
0.0102214
0.0102089
0.0101955
0.0101836
0.0101707
0.0101595
0.010147
0.0101365
0.0101244
0.0101147
0.010103
0.0100941
0.0100827
0.0100749
0.0100638
0.0100572
0.0100463
0.0100412
0.0100303
0.0100271
0.0100161
0.0100153
0.0100039
0.0100062
0.00999398
0.0100002
0.00998657
0.00999774
0.00998183
0.0099994
0.00997924
0.010006
0.00998187
0.0100157
0.00999333
0.0100267
0.0100103
0.0100435
0.0100403
0.0100814
0.0101142
0.0128434
0.0126127
0.0124251
0.0122679
0.0121332
0.0120156
0.0119115
0.011818
0.0117334
0.011656
0.011585
0.011519
0.0114578
0.0114003
0.0113467
0.0112958
0.0112481
0.0112024
0.0111595
0.011118
0.0110791
0.0110412
0.0110055
0.0109706
0.0109378
0.0109053
0.010875
0.0108447
0.0108165
0.0107881
0.0107619
0.0107351
0.0107105
0.0106852
0.0106622
0.0106381
0.0106165
0.0105935
0.0105732
0.0105512
0.0105321
0.010511
0.0104929
0.0104727
0.0104556
0.0104361
0.01042
0.0104011
0.010386
0.0103676
0.0103534
0.0103356
0.0103222
0.0103048
0.0102923
0.0102752
0.0102637
0.0102469
0.0102362
0.0102197
0.0102099
0.0101935
0.0101848
0.0101685
0.0101607
0.0101445
0.0101379
0.0101216
0.0101162
0.0100999
0.0100958
0.0100793
0.0100767
0.01006
0.0100591
0.010042
0.0100431
0.0100256
0.0100289
0.010011
0.0100165
0.00999826
0.0100063
0.0099878
0.00999851
0.00997988
0.00999323
0.00997518
0.00999036
0.00997485
0.00998943
0.00997854
0.00999138
0.00998538
0.00999765
0.00999634
0.0100087
0.0100137
0.0100254
0.0100532
0.0128433
0.0126126
0.012425
0.0122679
0.0121332
0.0120156
0.0119115
0.011818
0.0117334
0.011656
0.0115849
0.0115189
0.0114578
0.0114003
0.0113467
0.0112958
0.011248
0.0112024
0.0111594
0.011118
0.011079
0.0110411
0.0110055
0.0109705
0.0109377
0.0109053
0.010875
0.0108447
0.0108165
0.0107881
0.0107618
0.0107351
0.0107105
0.0106852
0.0106621
0.010638
0.0106164
0.0105935
0.0105731
0.0105511
0.0105319
0.0105109
0.0104928
0.0104726
0.0104555
0.0104359
0.0104199
0.0104009
0.0103858
0.0103674
0.0103532
0.0103353
0.0103219
0.0103044
0.010292
0.0102749
0.0102633
0.0102464
0.0102357
0.0102192
0.0102093
0.010193
0.010184
0.0101679
0.0101598
0.0101438
0.0101367
0.0101209
0.0101148
0.0100991
0.010094
0.0100785
0.0100745
0.0100592
0.0100563
0.0100413
0.0100397
0.010025
0.0100247
0.0100105
0.0100115
0.00999811
0.0100004
0.00998802
0.00999145
0.00998052
0.00998471
0.00997552
0.00998017
0.00997274
0.00997782
0.00997198
0.00997753
0.00997364
0.00997936
0.00997792
0.00998352
0.00998644
0.0099829
0.0100157
0.0128433
0.0126126
0.012425
0.0122679
0.0121332
0.0120156
0.0119114
0.011818
0.0117333
0.011656
0.0115849
0.011519
0.0114577
0.0114004
0.0113465
0.0112959
0.0112479
0.0112025
0.0111592
0.0111182
0.0110788
0.0110413
0.0110052
0.0109708
0.0109374
0.0109055
0.0108746
0.010845
0.0108161
0.0107884
0.0107614
0.0107354
0.01071
0.0106855
0.0106616
0.0106385
0.0106158
0.0105939
0.0105724
0.0105516
0.0105312
0.0105114
0.010492
0.0104731
0.0104546
0.0104366
0.0104189
0.0104016
0.0103847
0.0103682
0.010352
0.0103361
0.0103206
0.0103053
0.0102905
0.0102758
0.0102616
0.0102474
0.0102339
0.0102202
0.0102073
0.0101941
0.0101818
0.0101691
0.0101574
0.0101451
0.0101341
0.0101222
0.0101118
0.0101005
0.0100908
0.01008
0.0100709
0.0100607
0.0100524
0.0100428
0.0100352
0.0100266
0.0100197
0.0100121
0.0100058
0.00999954
0.00999392
0.00998924
0.00998402
0.00998132
0.00997622
0.0099759
0.00997034
0.00997285
0.00996592
0.00997125
0.00996223
0.00996997
0.00995836
0.00997026
0.00995522
0.00997258
0.00995376
0.0099804
0.0128433
0.0126127
0.012425
0.0122679
0.0121331
0.0120157
0.0119113
0.0118181
0.0117332
0.0116561
0.0115847
0.0115191
0.0114575
0.0114005
0.0113463
0.011296
0.0112477
0.0112027
0.011159
0.0111184
0.0110785
0.0110416
0.0110049
0.0109711
0.0109371
0.0109059
0.0108742
0.0108454
0.0108156
0.0107888
0.0107608
0.0107359
0.0107094
0.0106861
0.0106608
0.0106391
0.010615
0.0105946
0.0105715
0.0105524
0.0105302
0.0105122
0.0104909
0.010474
0.0104534
0.0104375
0.0104176
0.0104026
0.0103833
0.0103692
0.0103504
0.0103372
0.0103189
0.0103065
0.0102886
0.010277
0.0102596
0.0102487
0.0102317
0.0102216
0.0102049
0.0101955
0.0101792
0.0101705
0.0101545
0.0101466
0.0101309
0.0101238
0.0101084
0.0101021
0.010087
0.0100816
0.0100667
0.0100624
0.0100477
0.0100446
0.0100301
0.0100283
0.010014
0.0100137
0.00999955
0.010001
0.00998687
0.00999027
0.00997609
0.00998171
0.00996723
0.0099753
0.00996011
0.0099709
0.00995435
0.00996839
0.00994853
0.00996635
0.00994309
0.00996189
0.00993742
0.00995691
0.0099335
0.00995466
0.0128432
0.0126127
0.0124249
0.0122679
0.012133
0.0120157
0.0119112
0.0118181
0.0117331
0.0116562
0.0115846
0.0115192
0.0114574
0.0114007
0.0113461
0.0112962
0.0112474
0.0112029
0.0111587
0.0111186
0.0110782
0.0110418
0.0110046
0.0109713
0.0109367
0.0109062
0.0108737
0.0108457
0.0108151
0.0107893
0.0107603
0.0107364
0.0107087
0.0106866
0.0106602
0.0106396
0.0106142
0.0105952
0.0105707
0.010553
0.0105293
0.010513
0.0104899
0.0104748
0.0104523
0.0104384
0.0104163
0.0104035
0.0103819
0.0103702
0.0103489
0.0103383
0.0103172
0.0103077
0.0102868
0.0102783
0.0102575
0.0102501
0.0102294
0.010223
0.0102024
0.010197
0.0101765
0.0101721
0.0101515
0.0101483
0.0101276
0.0101256
0.0101048
0.010104
0.010083
0.0100836
0.0100624
0.0100644
0.010043
0.0100465
0.010025
0.0100302
0.0100084
0.0100155
0.00999352
0.0100025
0.00998038
0.00999134
0.0099691
0.00998204
0.00995968
0.00997439
0.00995191
0.00996779
0.00994525
0.00996148
0.00993958
0.0099545
0.00993352
0.00994664
0.00992654
0.00993675
0.00991978
0.00992855
0.0128432
0.0126127
0.0124249
0.0122679
0.012133
0.0120157
0.0119112
0.0118182
0.0117331
0.0116562
0.0115845
0.0115193
0.0114573
0.0114007
0.011346
0.0112963
0.0112473
0.011203
0.0111586
0.0111187
0.011078
0.011042
0.0110043
0.0109715
0.0109364
0.0109064
0.0108735
0.0108459
0.0108148
0.0107895
0.0107599
0.0107366
0.0107084
0.0106868
0.0106597
0.0106399
0.0106137
0.0105955
0.0105701
0.0105534
0.0105287
0.0105134
0.0104892
0.0104752
0.0104515
0.0104388
0.0104155
0.010404
0.010381
0.0103707
0.0103479
0.0103388
0.0103161
0.0103082
0.0102856
0.0102789
0.0102562
0.0102507
0.010228
0.0102236
0.0102008
0.0101976
0.0101747
0.0101726
0.0101496
0.0101487
0.0101255
0.0101258
0.0101025
0.010104
0.0100806
0.0100832
0.0100599
0.0100637
0.0100404
0.0100454
0.0100223
0.0100285
0.0100057
0.0100132
0.00999077
0.00999948
0.00997768
0.0099875
0.00996649
0.00997721
0.00995716
0.00996833
0.00994941
0.00996034
0.00994289
0.00995209
0.00993636
0.00994275
0.00992792
0.0099316
0.00991831
0.00991876
0.00990784
0.00990696
0.0128432
0.0126127
0.0124249
0.0122679
0.012133
0.0120157
0.0119112
0.0118181
0.011733
0.0116562
0.0115845
0.0115193
0.0114573
0.0114007
0.011346
0.0112962
0.0112473
0.0112029
0.0111586
0.0111187
0.011078
0.0110419
0.0110043
0.0109714
0.0109364
0.0109063
0.0108735
0.0108458
0.0108148
0.0107894
0.0107599
0.0107365
0.0107083
0.0106867
0.0106597
0.0106398
0.0106137
0.0105953
0.0105701
0.0105532
0.0105287
0.0105131
0.0104892
0.0104749
0.0104515
0.0104385
0.0104154
0.0104036
0.0103809
0.0103703
0.0103478
0.0103383
0.010316
0.0103076
0.0102855
0.0102781
0.0102561
0.0102498
0.0102279
0.0102225
0.0102007
0.0101964
0.0101746
0.0101712
0.0101495
0.0101471
0.0101254
0.010124
0.0101024
0.010102
0.0100805
0.010081
0.0100597
0.0100611
0.0100402
0.0100425
0.010022
0.0100252
0.0100053
0.0100094
0.00999027
0.00999513
0.00997702
0.00998249
0.00996561
0.00997143
0.00995596
0.00996171
0.00994771
0.0099528
0.00994019
0.00994388
0.00993269
0.00993377
0.00992346
0.00992106
0.00991088
0.00990604
0.00989734
0.00989143
0.0128432
0.0126126
0.0124249
0.0122679
0.012133
0.0120157
0.0119112
0.0118181
0.0117331
0.0116562
0.0115845
0.0115192
0.0114573
0.0114006
0.0113461
0.0112961
0.0112474
0.0112028
0.0111587
0.0111185
0.0110782
0.0110417
0.0110045
0.0109712
0.0109366
0.0109061
0.0108736
0.0108456
0.010815
0.0107891
0.0107601
0.0107361
0.0107086
0.0106863
0.01066
0.0106393
0.010614
0.0105948
0.0105704
0.0105526
0.010529
0.0105125
0.0104896
0.0104742
0.0104519
0.0104377
0.0104159
0.0104028
0.0103814
0.0103693
0.0103483
0.0103372
0.0103165
0.0103064
0.010286
0.0102769
0.0102567
0.0102484
0.0102284
0.010221
0.0102012
0.0101947
0.0101751
0.0101694
0.01015
0.0101451
0.0101259
0.0101218
0.0101028
0.0100995
0.0100809
0.0100782
0.01006
0.0100581
0.0100404
0.0100391
0.0100221
0.0100215
0.0100053
0.0100052
0.0099901
0.00999051
0.00997663
0.00997738
0.00996494
0.0099658
0.00995489
0.00995551
0.00994612
0.00994598
0.00993768
0.0099363
0.00992868
0.00992541
0.00991884
0.00991228
0.00990604
0.0098959
0.00989008
0.00987986
0.0128432
0.0126126
0.0124249
0.0122678
0.012133
0.0120156
0.0119112
0.011818
0.0117331
0.0116561
0.0115846
0.0115191
0.0114574
0.0114005
0.0113462
0.011296
0.0112475
0.0112026
0.0111588
0.0111183
0.0110783
0.0110415
0.0110046
0.010971
0.0109368
0.0109058
0.0108739
0.0108452
0.0108152
0.0107887
0.0107604
0.0107357
0.0107089
0.0106859
0.0106603
0.0106388
0.0106144
0.0105943
0.0105708
0.010552
0.0105294
0.0105118
0.01049
0.0104735
0.0104524
0.0104369
0.0104164
0.0104018
0.0103819
0.0103683
0.0103489
0.0103361
0.0103171
0.0103052
0.0102866
0.0102755
0.0102573
0.0102469
0.0102291
0.0102194
0.0102019
0.0101929
0.0101758
0.0101674
0.0101506
0.0101429
0.0101265
0.0101193
0.0101034
0.0100968
0.0100813
0.0100753
0.0100604
0.0100549
0.0100407
0.0100356
0.0100222
0.0100176
0.0100053
0.0100011
0.00998982
0.00998602
0.00997606
0.00997256
0.00996398
0.00996063
0.00995345
0.00995002
0.00994403
0.00994016
0.00993495
0.00993011
0.00992485
0.00991869
0.00991211
0.00990536
0.00989753
0.00989057
0.00988053
0.00987316
0.0128432
0.0126126
0.0124249
0.0122678
0.012133
0.0120155
0.0119112
0.011818
0.0117331
0.011656
0.0115846
0.011519
0.0114574
0.0114004
0.0113462
0.0112958
0.0112476
0.0112025
0.0111589
0.0111182
0.0110784
0.0110413
0.0110048
0.0109708
0.0109369
0.0109056
0.010874
0.010845
0.0108154
0.0107884
0.0107606
0.0107354
0.0107091
0.0106855
0.0106605
0.0106384
0.0106146
0.0105938
0.0105711
0.0105515
0.0105297
0.0105112
0.0104903
0.0104728
0.0104527
0.0104361
0.0104167
0.0104011
0.0103823
0.0103674
0.0103492
0.0103352
0.0103175
0.0103041
0.010287
0.0102743
0.0102577
0.0102456
0.0102294
0.010218
0.0102022
0.0101914
0.010176
0.0101657
0.0101508
0.010141
0.0101266
0.0101173
0.0101034
0.0100946
0.0100812
0.0100729
0.0100602
0.0100523
0.0100402
0.0100328
0.0100215
0.0100147
0.0100043
0.00999796
0.0099885
0.00998278
0.00997435
0.00996925
0.00996183
0.00995734
0.00995081
0.00994682
0.00994088
0.00993717
0.00993125
0.00992745
0.00992079
0.00991643
0.00990822
0.00990261
0.00989236
0.00988633
0.00987556
0.00987009
0.0128432
0.0126125
0.0124249
0.0122678
0.012133
0.0120155
0.0119112
0.0118179
0.0117331
0.011656
0.0115846
0.0115189
0.0114574
0.0114003
0.0113463
0.0112958
0.0112476
0.0112024
0.0111589
0.0111181
0.0110784
0.0110412
0.0110048
0.0109706
0.0109369
0.0109054
0.0108741
0.0108448
0.0108155
0.0107882
0.0107606
0.0107352
0.0107091
0.0106853
0.0106606
0.0106382
0.0106147
0.0105935
0.0105712
0.0105512
0.0105298
0.0105109
0.0104904
0.0104725
0.0104527
0.0104358
0.0104167
0.0104006
0.0103822
0.010367
0.0103492
0.0103346
0.0103174
0.0103036
0.0102868
0.0102737
0.0102574
0.0102449
0.0102291
0.0102172
0.0102018
0.0101905
0.0101755
0.0101648
0.0101502
0.01014
0.0101258
0.0101162
0.0101025
0.0100933
0.01008
0.0100715
0.0100586
0.0100507
0.0100383
0.010031
0.0100192
0.0100126
0.0100014
0.00999555
0.0099851
0.00998004
0.0099703
0.00996614
0.00995709
0.00995382
0.00994535
0.00994289
0.00993471
0.0099328
0.00992444
0.00992267
0.0099135
0.00991129
0.00990067
0.00989759
0.00988529
0.00988093
0.00986747
0.00986404
0.0128432
0.0126125
0.0124248
0.0122678
0.012133
0.0120155
0.0119112
0.0118179
0.0117331
0.0116559
0.0115846
0.0115189
0.0114574
0.0114003
0.0113462
0.0112957
0.0112476
0.0112024
0.0111589
0.011118
0.0110784
0.0110412
0.0110048
0.0109706
0.0109369
0.0109054
0.010874
0.0108447
0.0108154
0.0107882
0.0107606
0.0107351
0.0107091
0.0106852
0.0106605
0.010638
0.0106146
0.0105934
0.0105711
0.010551
0.0105297
0.0105107
0.0104902
0.0104723
0.0104525
0.0104355
0.0104165
0.0104004
0.010382
0.0103666
0.0103489
0.0103343
0.010317
0.0103031
0.0102864
0.0102731
0.0102569
0.0102443
0.0102284
0.0102164
0.0102009
0.0101895
0.0101744
0.0101636
0.0101488
0.0101385
0.0101241
0.0101144
0.0101003
0.0100911
0.0100773
0.0100687
0.0100553
0.0100472
0.0100343
0.0100268
0.0100143
0.0100074
0.00999536
0.00998924
0.00997772
0.0099724
0.00996145
0.009957
0.00994667
0.00994313
0.0099334
0.00993073
0.00992149
0.00991953
0.00991054
0.00990894
0.00989983
0.00989806
0.00988842
0.00988591
0.00987557
0.00987197
0.00986119
0.00985687
0.0110876
0.0111019
0.0111327
0.0110791
0.0112305
0.0111044
0.0113896
0.0112884
0.0116353
0.0115921
0.0109397
0.0109364
0.0108393
0.0108555
0.010841
0.0108609
0.0109393
0.0109749
0.0111389
0.0111901
0.0106516
0.0106151
0.01061
0.01058
0.0105985
0.010652
0.0106584
0.0107297
0.0107998
0.0108999
0.0104609
0.010446
0.0104306
0.01044
0.0104416
0.0104764
0.010493
0.0105614
0.0106008
0.0106994
0.0103476
0.010335
0.0103372
0.0103319
0.0103465
0.0103546
0.0103791
0.0104362
0.0104655
0.0105432
0.010245
0.0102429
0.0102303
0.0102293
0.0102271
0.0102404
0.0102555
0.0102963
0.0103157
0.0103869
0.0101686
0.0101537
0.0101491
0.0101423
0.0101471
0.0101543
0.0101726
0.0101928
0.0102241
0.0102812
0.0101024
0.0100932
0.010087
0.0100809
0.0100847
0.0100879
0.0101041
0.0101196
0.01015
0.0101852
0.0100481
0.0100401
0.0100302
0.0100266
0.0100258
0.0100303
0.0100411
0.0100562
0.0100794
0.0101053
0.00999993
0.00999347
0.00998261
0.00998221
0.0099778
0.00998589
0.00998989
0.0100077
0.0100213
0.0100496
0.00996474
0.00995713
0.00995036
0.00994727
0.0099466
0.00995
0.00995693
0.00996795
0.00998325
0.0100025
0.00993681
0.00993364
0.00992293
0.00992455
0.00991844
0.0099264
0.0099263
0.00994178
0.00994819
0.00997159
0.00991721
0.00990971
0.0099032
0.00990084
0.00989796
0.00990181
0.00990406
0.0099147
0.00992328
0.00993999
0.0098998
0.00988921
0.00988705
0.00988012
0.00988232
0.00988001
0.00988783
0.00989063
0.00990495
0.00991243
0.00988549
0.00987493
0.00987378
0.00986604
0.00986941
0.0098654
0.00987427
0.00987456
0.00988948
0.00989393
0.00987553
0.00986426
0.00986467
0.00985565
0.00986062
0.00985469
0.00986498
0.00986305
0.0098788
0.00988087
0.0098647
0.00985801
0.00985398
0.00984996
0.00984951
0.00984917
0.00985291
0.00985731
0.00986501
0.00987419
0.00985894
0.00985537
0.00984822
0.00984761
0.00984358
0.00984676
0.0098464
0.00985405
0.00985732
0.00986907
0.00985325
0.00985076
0.00984386
0.00984428
0.0098405
0.00984431
0.009844
0.00985164
0.00985482
0.00986577
0.00984816
0.00984475
0.00983844
0.00983653
0.00983181
0.00983237
0.00983041
0.00983359
0.00983466
0.0098401
)
;

boundaryField
{
    down
    {
        type            symmetryPlane;
    }
    right
    {
        type            calculated;
        value           nonuniform List<scalar> 
30
(
0.491847
0.485533
0.475294
0.461721
0.441896
0.412911
0.370273
0.312005
0.236783
0.144673
0.0523809
0.0173189
0.0123463
0.0114684
0.0109369
0.0105996
0.0103018
0.0101506
0.0099678
0.0098701
0.00972436
0.00965258
0.00962283
0.00955135
0.00953883
0.00952598
0.00946448
0.00946196
0.00940111
0.00939895
)
;
    }
    up
    {
        type            calculated;
        value           nonuniform List<scalar> 
220
(
0.0098462
0.0098532
0.00985826
0.00986575
0.00987101
0.0098781
0.00988252
0.0098885
0.00989142
0.00989584
0.00989835
0.00989588
0.0098953
0.00989086
0.00988864
0.00988273
0.00987943
0.00987254
0.00986859
0.00986111
0.00985684
0.00984905
0.0098447
0.00983676
0.00983246
0.00982448
0.0098203
0.00981232
0.00980829
0.00980033
0.00979647
0.00978853
0.00978483
0.00977691
0.00977338
0.00976547
0.00976209
0.00975419
0.00975096
0.00974306
0.00973997
0.00973207
0.00972911
0.0097212
0.00971839
0.00971046
0.00970778
0.00969985
0.00969729
0.00968935
0.00968692
0.00967898
0.00967667
0.00966872
0.00966654
0.00965858
0.00965652
0.00964856
0.00964661
0.00963865
0.00963682
0.00962886
0.00962713
0.00961919
0.00961756
0.00960962
0.00960809
0.00960017
0.00959872
0.00959083
0.00958946
0.0095816
0.00958029
0.00957247
0.00957123
0.00956345
0.00956226
0.00955454
0.00955339
0.00954574
0.00954461
0.00953703
0.00953592
0.00952843
0.00952732
0.00951994
0.00951881
0.00951154
0.00951037
0.00950324
0.00950202
0.00949505
0.00949375
0.00948695
0.00948556
0.00947895
0.00947744
0.00947105
0.0094694
0.00946325
0.00946139
0.00945545
0.00945364
0.00944832
0.00944496
0.00943916
0.00943803
0.00942794
0.00945089
0.00939895
0.00984885
0.00984578
0.00983973
0.00983806
0.00983355
0.00983431
0.00983251
0.00983583
0.00983702
0.00984256
0.0128431
0.0126125
0.0124248
0.0122677
0.012133
0.0120155
0.0119112
0.0118179
0.0117331
0.0116559
0.0115846
0.0115189
0.0114574
0.0114003
0.0113462
0.0112957
0.0112475
0.0112024
0.0111589
0.011118
0.0110784
0.0110411
0.0110048
0.0109706
0.0109369
0.0109053
0.010874
0.0108447
0.0108154
0.0107881
0.0107606
0.0107351
0.010709
0.0106851
0.0106605
0.010638
0.0106145
0.0105933
0.010571
0.010551
0.0105296
0.0105106
0.0104901
0.0104722
0.0104524
0.0104354
0.0104164
0.0104002
0.0103819
0.0103665
0.0103487
0.0103341
0.0103168
0.0103029
0.0102862
0.0102729
0.0102566
0.010244
0.0102281
0.0102161
0.0102006
0.0101892
0.010174
0.0101632
0.0101484
0.0101381
0.0101236
0.0101138
0.0100997
0.0100904
0.0100767
0.0100679
0.0100545
0.0100464
0.0100334
0.0100258
0.0100132
0.0100063
0.0099942
0.00998801
0.00997641
0.00997102
0.00996
0.00995548
0.00994509
0.00994149
0.00993171
0.00992901
0.00991975
0.00991779
0.00990882
0.00990729
0.00989826
0.00989663
0.00988717
0.00988487
0.0098748
0.00987151
0.00986108
0.00985715
)
;
    }
    left
    {
        type            calculated;
        value           nonuniform List<scalar> 
30
(
0.0129113
0.0129113
0.0129113
0.0129113
0.0129113
0.0129113
0.0129113
0.0129113
0.0129113
0.0129113
0.0129113
0.0129113
0.0129113
0.0129112
0.0129112
0.0129112
0.0129112
0.0129112
0.0129112
0.0129112
0.0129112
0.0129111
0.0129111
0.0129111
0.0129111
0.0129111
0.0129111
0.012911
0.012911
0.012911
)
;
    }
    cylinder
    {
        type            compressible::alphatWallFunction;
        Prt             0.85;
        value           uniform 0;
    }
    defaultFaces
    {
        type            empty;
    }
}


// ************************************************************************* //
