/*--------------------------------*- C++ -*----------------------------------*\
  =========                 |
  \\      /  F ield         | OpenFOAM: The Open Source CFD Toolbox
   \\    /   O peration     | Website:  https://openfoam.org
    \\  /    A nd           | Version:  8
     \\/     M anipulation  |
\*---------------------------------------------------------------------------*/
FoamFile
{
    version     2.0;
    format      ascii;
    class       volScalarField;
    location    "0.500023";
    object      epsilon;
}
// * * * * * * * * * * * * * * * * * * * * * * * * * * * * * * * * * * * * * //

dimensions      [0 2 -3 0 0 0 0];

internalField   nonuniform List<scalar> 
6800
(
3651.62
10387.8
9608.95
8017.32
6287.42
4326.28
2604.76
1311.08
701.81
429.766
2798.67
8821.03
8190.38
7115.54
4964.22
2738.1
1346.58
717.9
404.041
274.146
2849.52
6851.69
6956.72
5957.64
3442.28
1660.91
857.104
459.925
269.196
168.107
2954.06
6358.35
6530.45
5063.47
2357.38
1090.18
507.954
283.149
176.192
127.259
2999.97
6093.34
6130.71
3768.49
1537.5
665.845
357.762
220.74
144.528
105.61
3070.58
6118.78
5832.76
2780.52
1076.67
514.506
275.932
162.643
110.428
87.6221
3105.92
6566.29
5295.81
1827.02
741.23
359.557
205.714
138.571
99.8118
81.9871
3154.42
6950.58
4382.62
1493.29
623.222
313.023
183.951
117.742
85.222
72.6508
3178.24
7456.74
3648.88
1087.3
452.207
240.31
146.276
102.791
80.8109
70.0495
3209.98
7767.57
2840.8
946.84
410.144
223.31
138.016
96.2757
73.472
64.5453
97836.3
39581.6
26342.9
21729.6
22457.7
24543.7
26903.5
28858.2
29877.1
30131.6
91824.3
37952.8
25826.1
22748.9
24893
28708.1
32815.3
36391
38928.4
39908.5
90364.6
37557.3
25212
24984
29772.8
36054.1
41396.7
44790.1
46345.8
46215.3
85029.7
37171.6
27029.9
30314.8
38429.4
45495.9
48633.1
48296.3
47148.3
43462.9
82717
39271.1
34007
42840.6
51502
52718.3
50791.1
45762.6
40563.7
30414.5
82569.4
47692.3
51529.7
60700.4
58979.4
53684.1
44378
31439
23191.6
13162.4
81075.2
65172.4
71585.5
65779.3
55361.8
36510.4
22031.4
13036.1
9210.98
5487.92
84527.9
80844.8
66110.6
48821.6
25329.2
14868.6
9599.14
6292.45
4749.83
2850.87
18136.2
46330.4
34986.7
18828.9
11728.2
8064.78
5627.04
3940.58
2970.15
1694.52
10817
22835.4
16744.5
11083.5
7972.8
5745.33
4033.76
2766.97
1595.27
797.78
29154
26465.2
23829.3
21469.9
19466.3
17791.7
16382.1
15183.7
14154.7
13262.5
12482
11792.5
11178.1
10626.4
10127.4
9673.21
9257.41
8874.83
8521.26
8193.16
7887.65
7602.25
7334.95
7083.92
6847.75
6625.24
6415.24
6216.68
6028.62
5850.2
5680.65
5519.33
5365.62
5219.02
5079.02
4945.23
4817.24
4694.73
4577.37
4464.9
4357.03
4253.53
4154.15
4058.66
3966.86
3878.54
3793.5
3711.56
3632.55
3556.28
3482.62
3411.4
3342.5
3275.8
3211.17
3148.53
3087.78
3028.84
2971.64
2916.1
2862.18
2809.81
2758.93
2709.51
2661.48
2614.8
2569.42
2525.3
2482.39
2440.64
2400.02
2360.49
2321.99
2284.5
2247.97
2212.38
2177.68
2143.86
2110.88
2078.72
2047.35
2016.74
1986.89
1957.74
1929.33
1901.56
1874.53
1848.03
1822.35
1796.98
1772.65
1748.25
1725.35
1701.58
1680.42
1656.72
1637.84
1613.34
1597.04
1567.35
38823.1
34987.8
31226.3
27997.1
25290.6
23015
21099.8
19467.4
18067
16857.3
15802.3
14873.2
14047.8
13308.4
12641.4
12035.8
11482.7
10974.9
10506.6
10073.1
9670.18
9294.62
8943.65
8614.68
8306.36
8017.03
7744.67
7487.68
7244.73
7014.66
6796.49
6589.31
6392.34
6204.84
6026.18
5855.76
5693.05
5537.59
5388.92
5246.71
5110.51
4979.96
4854.74
4734.57
4619.19
4508.34
4401.77
4299.24
4200.54
4105.44
4013.74
3925.26
3839.83
3757.28
3677.47
3600.27
3525.57
3453.24
3383.19
3315.33
3249.57
3185.82
3124.02
3064.1
3005.98
2949.59
2894.88
2841.76
2790.19
2740.09
2691.42
2644.11
2598.12
2553.4
2509.89
2467.55
2426.35
2386.24
2347.18
2309.13
2272.08
2235.96
2200.8
2166.49
2133.1
2100.48
2068.79
2037.73
2007.68
1978.02
1949.6
1921.11
1894.42
1866.73
1842.12
1814.55
1792.66
1764.2
1745.42
1710.94
45070
41328.6
37167
33558.6
30496.8
27883.2
25650.2
23759.7
22137.8
20727.2
19488
18388.8
17405.9
16520.3
15717.3
14984.3
14311.3
13690.2
13114.4
12578.7
12078.7
11610.8
11171.8
10759.4
10370.6
10003.3
9656.13
9327.71
9016.72
8721.97
8442.25
8176.5
7923.71
7683
7453.55
7234.65
7025.6
6825.86
6634.79
6452.14
6276.82
6108.5
5947.02
5792.12
5643.51
5500.84
5363.79
5232.05
5105.32
4983.3
4865.75
4752.41
4643.06
4537.51
4435.56
4337.05
4241.81
4149.7
4060.58
3974.34
3890.83
3810.01
3731.78
3656.02
3582.61
3511.46
3442.46
3375.54
3310.6
3247.57
3186.38
3126.95
3069.22
3013.12
2958.59
2905.57
2854.01
2803.84
2755.02
2707.51
2661.27
2616.24
2572.43
2529.73
2488.21
2447.67
2408.33
2369.78
2332.54
2295.78
2260.63
2225.36
2192.41
2158.17
2127.85
2093.81
2066.9
2031.83
2008.9
1966.49
41643.4
38464.4
35192.3
32278.3
29769.2
27596.6
25703.2
24040.8
22585.1
21303.7
20168.5
19153.7
18240.3
17412.1
16657.3
15962.8
15319.7
14721
14161.3
13636.4
13142.8
12677.8
12238.9
11824
11431.3
11059
10705.5
10369.7
10050.1
9745.65
9455.32
9178.24
8913.53
8660.41
8418.19
8186.17
7963.78
7750.36
7545.68
7348.73
7160.37
6979.96
6806.73
6640.12
6479.68
6325.04
6175.86
6031.83
5892.69
5758.18
5628.07
5502.15
5380.22
5262.11
5147.65
5036.69
4929.08
4824.69
4723.41
4625.11
4529.71
4437.05
4347.02
4259.56
4174.6
4092.05
4011.86
3933.93
3858.2
3784.59
3713.03
3643.43
3575.75
3509.89
3445.83
3383.43
3322.64
3263.43
3205.77
3149.61
3094.93
3041.64
2989.78
2939.19
2889.99
2841.91
2795.26
2749.48
2705.29
2661.57
2619.85
2577.83
2538.73
2497.87
2461.9
2421.24
2389.36
2347.49
2320.19
2269.75
27226
24053.8
21572.9
19706.4
18303.2
17234.3
16390.6
15709.2
15143.7
14662.5
14240.7
13861.3
13516.9
13198.1
12900.6
12604.2
12311.4
12022.6
11739.6
11463.2
11194
10932.3
10678.3
10432
10193.3
9962.11
9737.99
9520.93
9310.25
9106.1
8907.65
8715.21
8528.14
8346.48
8169.63
7997.04
7828.56
7664.2
7503.77
7347.56
7194.91
7046.04
6901.01
6759.84
6622.43
6488.71
6358.53
6231.81
6108.39
5988.13
5870.93
5756.7
5645.34
5536.73
5430.8
5327.41
5226.53
5128.06
5031.94
4938.11
4846.53
4757.13
4669.87
4584.67
4501.51
4420.33
4341.07
4263.7
4188.17
4114.43
4042.42
3972.13
3903.47
3836.45
3770.94
3707.06
3644.75
3583.91
3524.53
3466.5
3409.85
3354.45
3300.39
3247.46
3195.88
3145.26
3096.09
3047.6
3000.79
2954.19
2909.82
2864.76
2823.02
2778.93
2740.46
2696.37
2662.16
2616.72
2587.06
2532.39
11483.3
9976.62
8852
8015.91
7381.31
6899.74
6525.18
6237.13
6014.08
5842.89
5713.28
5614.35
5544.58
5499.35
5463.03
5459.51
5471.91
5502.96
5548.44
5601.63
5658.45
5716.07
5773.02
5827.5
5878.03
5923.81
5963.57
5997.38
6023.96
6044.33
6056.92
6063.52
6061.65
6052.98
6035.51
6008.4
5974.93
5936.21
5893.05
5846.37
5796.72
5744.7
5690.69
5635.09
5578.12
5520.09
5461.05
5401.35
5340.81
5279.71
5218.21
5156.42
5094.32
5031.82
4969.08
4906.05
4842.95
4779.67
4716.53
4653.57
4590.82
4528.38
4466.32
4404.73
4343.67
4283.19
4223.34
4164.16
4105.67
4047.91
3990.88
3934.62
3879.12
3824.39
3770.46
3717.26
3664.84
3613.19
3562.35
3512.28
3463.05
3414.55
3366.93
3319.98
3274
3228.53
3184.22
3140.14
3097.55
3054.7
3013.98
2972.08
2933.51
2892.04
2856.29
2814.45
2782.43
2739.13
2710.77
2658.84
4938.54
4363.74
3892.22
3511
3197.5
2938.31
2720.54
2537.29
2383.5
2252.98
2144.54
2052.79
1977.14
1914.74
1864.14
1825.1
1795.21
1778.12
1765.08
1766.5
1773.24
1788.86
1813.04
1843.65
1880.74
1923.57
1971.53
2024.6
2081.24
2142.28
2205.45
2272.62
2340.42
2412.47
2488.47
2567.33
2647.68
2728.66
2809.11
2888.3
2965.3
3039.5
3110.22
3177
3239.41
3297.12
3349.94
3397.71
3440.4
3477.95
3510.29
3537.73
3559.36
3575.61
3587.1
3594.18
3597.39
3596.6
3593.58
3587.85
3578.94
3567.85
3554.76
3539.89
3523.4
3505.45
3486.17
3465.69
3444.11
3421.55
3398.07
3373.8
3348.72
3322.95
3296.51
3269.47
3241.97
3213.93
3185.59
3156.81
3127.86
3098.6
3069.26
3039.72
3010.28
2980.57
2951.21
2921.41
2892.37
2862.49
2834.03
2803.96
2776.41
2745.87
2719.83
2688.37
2664.6
2631.66
2609.48
2569.64
2584.59
2292.63
2040.04
1826.01
1641.6
1481.22
1342.4
1222.76
1119
1028.76
950.868
881.554
820.584
766.859
720.373
679.489
644.567
614.03
588.225
565.799
547.576
532.035
520.249
510.787
504.711
500.714
499.891
501.239
504.815
510.657
519.594
530.947
544.701
561.11
580.168
602.237
627.255
655.624
687.054
721.936
759.855
801.171
845.389
892.696
942.536
994.959
1049.39
1105.73
1163.47
1222.33
1282.07
1342.18
1403.33
1465.16
1526.93
1588.3
1648.66
1707.75
1765.05
1820.39
1873.29
1923.7
1971.26
2016.02
2057.7
2096.44
2132.06
2164.75
2194.4
2221.13
2245.02
2266.1
2284.18
2299.62
2312.53
2323.14
2331.71
2338.24
2343.2
2346.27
2348.24
2348.31
2347.51
2345.82
2342.67
2338.59
2333.6
2327.71
2321.21
2313.67
2305.93
2296.84
2288.16
2277.5
2268.27
2256.06
2246.56
2232.8
2222.57
2204.77
1525.58
1338.34
1171.85
1027.77
903.613
797.422
706.287
628.906
562.031
505.629
455.881
414.422
379.496
349.621
323.943
301.607
282.166
265.028
249.982
236.583
224.753
214.139
204.749
196.284
188.812
182.071
176.166
170.846
166.27
162.178
158.769
155.793
153.464
151.551
150.282
149.476
149.595
149.948
151.309
152.693
155.003
158.4
162.42
167.648
173.596
180.898
189.024
198.647
209.219
221.452
234.776
249.951
266.289
284.683
304.294
326.121
349.168
374.518
401.033
429.832
459.678
491.697
524.56
559.412
594.823
631.973
669.33
708.131
746.735
786.491
825.638
865.633
905.042
945.056
983.987
1023.12
1060.73
1098.23
1133.81
1169.07
1202.07
1234.68
1264.71
1294.37
1321.24
1347.81
1371.42
1394.9
1415.27
1435.76
1452.95
1470.59
1484.74
1499.71
1510.65
1523.22
1531.44
1541.92
1546.58
1557.75
687.098
585.886
505.96
442.989
392.519
351.296
317.001
288.096
263.405
242.12
223.582
207.336
193.02
180.348
169.077
159.017
149.997
141.887
134.56
127.926
121.889
116.393
111.359
106.755
102.515
98.6217
95.0182
91.7016
88.6152
85.7729
83.1118
80.6654
78.356
76.2478
74.229
72.4016
70.6691
69.1138
67.5894
66.2703
64.958
63.8572
62.7733
61.9155
61.0883
60.4973
59.9581
59.6439
59.4468
59.5023
59.7169
59.9485
60.6433
61.2884
62.2511
63.6613
65.0507
67.2678
69.1557
72.2972
74.9276
79.041
82.5761
87.8056
92.3936
98.9022
104.689
112.639
119.758
129.307
137.905
149.203
159.401
172.584
184.473
199.637
213.256
230.444
245.763
264.955
281.867
302.971
321.286
344.136
363.577
387.945
408.16
433.774
454.352
480.92
501.426
528.671
548.647
576.402
595.608
623.65
641.539
669.46
687.827
718.775
273.654
256.326
239.331
223.001
207.476
192.965
179.579
167.347
156.235
146.173
137.08
128.864
121.436
114.71
108.61
103.066
98.0128
93.4002
89.1681
85.2835
81.7027
78.4041
75.3485
72.5244
69.8949
67.4572
65.1756
63.0549
61.0592
59.2005
57.4413
55.8014
54.2397
52.7845
51.3893
50.0923
48.8385
47.6769
46.5458
45.502
44.4772
43.5364
42.6046
41.7553
40.9057
40.1391
39.3631
38.6727
37.9636
37.3449
36.6979
36.1485
35.5595
35.0776
34.5465
34.1313
33.6625
33.3145
32.9153
32.637
32.317
32.1112
31.8809
31.7575
31.635
31.6095
31.6311
31.7136
31.8333
32.1325
32.3713
32.9102
33.3024
34.1415
34.7144
35.9347
36.7293
38.4236
39.4815
41.7559
43.1387
46.0971
47.8769
51.6263
53.8599
58.5372
61.2911
67.0128
70.3333
77.2131
81.1327
89.2622
93.839
103.292
108.614
119.099
125.423
136.603
145.419
159.747
170.416
159.776
149.616
140.021
131.202
123.141
115.81
109.143
103.092
97.5837
92.5725
87.9954
83.815
79.979
76.4602
73.2152
70.2254
67.4546
64.8963
62.5213
60.3177
58.2623
56.3463
54.5514
52.8705
51.2898
49.8028
48.3999
47.0743
45.8202
44.6302
43.5019
42.4274
41.4066
40.4314
39.5036
38.6145
37.7678
36.9537
36.1783
35.4297
34.7171
34.0261
33.369
32.7286
32.1206
31.5248
30.9606
30.4043
29.8794
29.3583
28.8686
28.3789
27.9213
27.4601
27.0316
26.5963
26.1948
25.7837
25.4077
25.0193
24.6706
24.306
23.9836
23.6412
23.344
23.0229
22.7522
22.4524
22.2074
21.9296
21.7099
21.453
21.2567
21.021
20.8471
20.6341
20.4818
20.2973
20.1674
20.0225
19.9206
19.8264
19.7533
19.7342
19.7571
19.7743
19.86
19.9278
20.1301
20.2709
20.5664
20.8739
21.2926
21.7447
22.2101
23.1217
23.4466
23.7491
25.9991
114.694
109.211
103.94
98.9005
94.1338
89.6457
85.45
81.5274
77.8783
74.4754
71.3153
68.3683
65.631
63.0741
60.6962
58.4694
56.3947
54.4458
52.6265
50.9114
49.3068
47.7886
46.3652
45.0135
43.7439
42.5341
41.3958
40.3074
39.2821
38.2984
37.3706
36.4776
35.6345
34.8205
34.0513
33.3061
32.6015
31.9167
31.269
30.6374
30.0399
29.4551
28.9022
28.3591
27.8459
27.34
26.8623
26.3895
25.9438
25.5008
25.0838
24.6677
24.2767
23.8847
23.5174
23.1473
22.8015
22.4512
22.1251
21.7928
21.4848
21.169
20.8776
20.5768
20.3009
20.0139
19.7523
19.478
19.2299
18.9672
18.7317
18.4799
18.2563
18.0144
17.8022
17.5694
17.368
17.1437
16.9527
16.7362
16.5554
16.3463
16.1753
15.9745
15.8143
15.6218
15.4731
15.2888
15.1518
14.9756
14.8514
14.6833
14.573
14.4144
14.3175
14.1688
14.09
13.9493
13.8716
13.7425
82.6643
79.5537
76.4764
73.439
70.4864
67.6396
64.927
62.3476
59.9155
57.6193
55.4667
53.4404
51.5458
49.763
48.0971
46.5274
45.0598
43.6734
42.3755
41.1454
39.9922
38.8952
37.8652
36.8818
35.9572
35.0709
34.2368
33.434
32.6781
31.9477
31.2596
30.592
29.9631
29.3502
28.7729
28.2077
27.6757
27.1524
26.6602
26.1736
25.7166
25.2625
24.8367
24.4116
24.0138
23.6144
23.2419
22.8657
22.5159
22.1606
21.8315
21.4951
21.1849
20.8656
20.5727
20.2689
19.992
19.7023
19.4401
19.1633
18.9146
18.6497
18.4136
18.1595
17.9352
17.691
17.4777
17.2427
17.0397
16.8133
16.6201
16.4015
16.2175
16.0063
15.831
15.6266
15.4597
15.2615
15.1025
14.9101
14.7587
14.5715
14.4275
14.2451
14.1081
13.93
13.7999
13.6258
13.5024
13.332
13.2152
13.0481
12.938
12.7748
12.6712
12.5109
12.4148
12.2585
12.1894
11.9531
63.6869
61.8063
59.9117
58.0047
56.122
54.2798
52.5034
50.7926
49.162
47.604
46.1284
44.7234
43.3969
42.1348
40.9444
39.8108
38.7417
37.7213
36.7586
35.8373
34.9672
34.132
33.3425
32.582
31.8625
31.1669
30.5085
29.8694
29.2643
28.6747
28.1163
27.5702
27.0531
26.5453
26.0649
25.5911
25.1434
24.7001
24.2817
23.8657
23.4738
23.0823
22.7144
22.345
21.999
21.6497
21.3235
20.9925
20.6846
20.3702
20.0789
19.7798
19.5039
19.2187
18.9571
18.6847
18.4363
18.1757
17.9397
17.6899
17.4654
17.2257
17.0121
16.7816
16.5781
16.3563
16.1624
15.9485
15.7637
15.5572
15.3809
15.1813
15.0131
14.8199
14.6595
14.4722
14.3192
14.1374
13.9914
13.8148
13.6756
13.5037
13.371
13.2035
13.0772
12.9137
12.7935
12.6338
12.5194
12.3631
12.2545
12.1014
11.9984
11.8479
11.7505
11.6029
11.5089
11.365
11.3011
11.0815
52.2693
51.0371
49.7786
48.488
47.195
45.9091
44.6536
43.4266
42.2442
41.0993
40.0046
38.9499
37.9459
36.9803
36.0632
35.181
34.3439
33.5375
32.7725
32.034
31.3332
30.6549
30.0113
29.3864
28.7933
28.2158
27.6678
27.1323
26.6242
26.1261
25.6537
25.1889
24.7484
24.3132
23.9013
23.4928
23.1066
22.7222
22.3594
21.9966
21.6551
21.312
20.9899
20.6649
20.3606
20.0519
19.764
19.4704
19.1976
18.9177
18.6589
18.3917
18.1457
17.8902
17.6562
17.4114
17.1887
16.9538
16.7416
16.5159
16.3135
16.0963
15.9032
15.694
15.5097
15.3078
15.1317
14.9367
14.7685
14.5798
14.4191
14.2363
14.0827
13.9055
13.7587
13.5867
13.4463
13.2791
13.145
12.9823
12.8542
12.6956
12.5734
12.4186
12.302
12.1509
12.0397
11.8919
11.786
11.6412
11.5405
11.3985
11.3028
11.163
11.072
10.9356
10.8513
10.7172
10.6263
10.4762
45.3156
44.4258
43.5106
42.5602
41.5988
40.6318
39.6798
38.7393
37.8259
36.9324
36.0719
35.2345
34.4321
33.6532
32.9091
32.187
31.4983
30.8293
30.192
29.5719
28.9813
28.4055
27.8573
27.3214
26.8114
26.3114
25.8357
25.368
24.9234
24.4848
24.0682
23.6559
23.2648
22.8763
22.5083
22.1414
21.7945
21.4473
21.1197
20.7905
20.4807
20.168
19.8744
19.5768
19.2984
19.0147
18.7503
18.4794
18.228
17.969
17.7297
17.4817
17.2537
17.0159
16.7985
16.5702
16.3627
16.1431
15.9451
15.7337
15.5445
15.3408
15.1599
14.9633
14.7904
14.6004
14.435
14.2513
14.0931
13.9151
13.7638
13.5912
13.4464
13.279
13.1405
12.9777
12.8452
12.6869
12.5602
12.4061
12.285
12.1346
12.019
11.8722
11.7618
11.6183
11.513
11.3726
11.2722
11.1347
11.0391
10.9042
10.8133
10.6805
10.594
10.4643
10.3842
10.2571
10.1702
10.0273
40.9339
40.2274
39.4996
38.7385
37.9649
37.1807
36.4045
35.6315
34.8766
34.132
33.4113
32.7044
32.0241
31.3587
30.7205
30.0969
29.5001
28.9167
28.3593
27.8137
27.2929
26.7821
26.295
25.8161
25.3599
24.9102
24.4822
24.0591
23.6568
23.2579
22.8791
22.5024
22.1451
21.7886
21.451
21.113
20.7937
20.4726
20.1701
19.8647
19.5776
19.2867
19.014
18.7364
18.4771
18.2118
17.9649
17.7111
17.4759
17.2327
17.0084
16.775
16.561
16.3368
16.1324
15.9167
15.7214
15.5137
15.3269
15.1267
14.9481
14.7549
14.5838
14.3972
14.2335
14.0529
13.8962
13.7214
13.5713
13.4018
13.2581
13.0937
12.956
12.7963
12.6645
12.5092
12.383
12.2318
12.111
11.9637
11.8482
11.7044
11.594
11.4536
11.3481
11.2108
11.11
10.9756
10.8795
10.7478
10.6563
10.527
10.4399
10.3127
10.2301
10.1053
10.0251
9.90341
9.84936
9.66251
38.0258
37.4224
36.8013
36.1503
35.4877
34.8133
34.1439
33.4741
32.8179
32.1675
31.5358
30.9132
30.3122
29.7215
29.1534
28.5957
28.0609
27.5356
27.0327
26.5383
26.0657
25.6001
25.1557
24.7169
24.2986
23.8845
23.4903
23.0989
22.7269
22.3564
22.0048
21.6535
21.3208
20.9872
20.6718
20.3546
20.0554
19.7532
19.469
19.1807
18.9104
18.6351
18.3778
18.1145
17.8693
17.6172
17.3834
17.1416
16.9185
16.6864
16.4733
16.2503
16.0466
15.832
15.6372
15.4306
15.2442
15.045
14.8666
14.6743
14.5035
14.3177
14.1541
13.9744
13.8177
13.6437
13.4935
13.3249
13.1811
13.0175
12.8796
12.7208
12.5887
12.4343
12.3078
12.1575
12.0363
11.89
11.774
11.6313
11.5203
11.381
11.2748
11.1387
11.0372
10.9041
10.8072
10.6768
10.5843
10.4565
10.3684
10.243
10.1591
10.0355
9.95569
9.83502
9.76093
9.64259
9.56226
9.42919
36.0038
35.462
34.905
34.3221
33.729
33.1247
32.5239
31.9214
31.3299
30.7419
30.1695
29.6038
29.0563
28.5166
27.9965
27.4844
26.9922
26.5075
26.0427
25.5844
25.1457
24.7124
24.2982
23.8882
23.4969
23.1086
22.7386
22.3704
22.0202
21.6706
21.3386
21.0062
20.6913
20.3748
20.0756
19.7739
19.4894
19.2014
18.9307
18.6554
18.3975
18.134
17.8881
17.6357
17.4011
17.159
16.9349
16.7025
16.4884
16.265
16.0603
15.8453
15.6495
15.4424
15.2549
15.0553
14.8758
14.6831
14.5112
14.325
14.1602
13.9802
13.8223
13.648
13.4967
13.3279
13.1828
13.0191
12.88
12.721
12.5877
12.4333
12.3055
12.1553
12.0328
11.8865
11.7692
11.6267
11.5143
11.3753
11.2677
11.132
11.029
10.8964
10.798
10.6682
10.5741
10.447
10.3572
10.2326
10.147
10.0247
9.94311
9.82283
9.74534
9.62725
9.55195
9.43691
9.38583
9.20944
34.5527
34.0488
33.5324
32.9932
32.4457
31.8878
31.3331
30.776
30.2286
29.6835
29.1522
28.6259
28.1159
27.6122
27.126
26.6463
26.1847
25.7291
25.2917
24.8596
24.4455
24.0357
23.6437
23.2549
22.8835
22.5143
22.1623
21.8113
21.4773
21.1433
20.8261
20.5079
20.2064
19.9028
19.6159
19.3259
19.0527
18.7754
18.515
18.2495
18.0011
17.7467
17.5095
17.2654
17.0389
16.8045
16.588
16.3626
16.1556
15.9387
15.7406
15.5316
15.3421
15.1405
14.959
14.7645
14.5906
14.4026
14.236
14.0542
13.8946
13.7186
13.5656
13.395
13.2484
13.083
12.9425
12.7819
12.6472
12.4911
12.3621
12.2103
12.0867
11.9388
11.8205
11.6764
11.5631
11.4225
11.3142
11.1767
11.0732
10.9388
10.84
10.7084
10.6141
10.4851
10.3952
10.2687
10.1831
10.0588
9.97747
9.85523
9.77794
9.65726
9.58477
9.4669
9.39839
9.28499
9.20863
9.08059
33.4774
32.9976
32.5073
31.9971
31.4802
30.954
30.431
29.9057
29.3891
28.8744
28.3723
27.8744
27.3914
26.9139
26.4524
25.9966
25.5574
25.1236
24.7065
24.2941
23.8983
23.5064
23.131
22.7584
22.402
22.0475
21.7091
21.3716
21.0499
20.7282
20.4222
20.1152
19.8239
19.5305
19.253
18.9724
18.7078
18.4392
18.1866
17.9292
17.688
17.441
17.2105
16.9733
16.753
16.5249
16.3142
16.0947
15.893
15.6816
15.4885
15.2847
15.0997
14.903
14.7258
14.5358
14.366
14.1823
14.0195
13.8417
13.6856
13.5134
13.3638
13.1968
13.0533
12.8913
12.7538
12.5964
12.4645
12.3115
12.1851
12.0362
11.9151
11.7701
11.6541
11.5126
11.4016
11.2635
11.1573
11.0224
10.9208
10.7888
10.6918
10.5626
10.47
10.3433
10.255
10.1307
10.0466
9.92444
9.84458
9.72441
9.64849
9.52983
9.45861
9.34273
9.27537
9.16393
9.08875
8.96293
32.659
32.1948
31.7218
31.2314
30.736
30.2321
29.7319
29.2294
28.7355
28.243
27.7626
27.2858
26.8232
26.3652
25.9226
25.4849
25.063
24.6458
24.2445
23.8474
23.466
23.088
22.7256
22.3657
22.0213
21.6785
21.3509
21.024
20.7122
20.4002
20.1032
19.8051
19.522
19.2369
18.9669
18.6939
18.4361
18.1744
17.9282
17.6772
17.4418
17.2007
16.9756
16.7439
16.5285
16.3056
16.0993
15.8847
15.6872
15.4803
15.291
15.0914
14.91
14.7173
14.5434
14.3571
14.1903
14.0102
13.8502
13.6758
13.5224
13.3533
13.2062
13.0422
12.9011
12.7419
12.6065
12.4519
12.322
12.1716
12.0472
11.9007
11.7814
11.6387
11.5245
11.3853
11.2758
11.1399
11.0352
10.9024
10.8023
10.6723
10.5766
10.4493
10.358
10.2332
10.1461
10.0236
9.94067
9.82022
9.74144
9.62294
9.54807
9.43103
9.36079
9.24646
9.1801
9.07004
8.99608
8.87178
32.025
31.5709
31.1097
30.633
30.1531
29.6655
29.1823
28.6967
28.22
27.7443
27.2807
26.82
26.3733
25.9306
25.5028
25.0793
24.6712
24.2671
23.8785
23.4933
23.1236
22.7566
22.4049
22.055
21.7203
21.3867
21.068
20.7494
20.4458
20.1414
19.8519
19.5608
19.2844
19.0057
18.7419
18.4748
18.2227
17.9665
17.7254
17.4794
17.2487
17.0123
16.7916
16.5642
16.3528
16.1338
15.9313
15.7203
15.5262
15.3228
15.1367
14.9403
14.7618
14.5721
14.4009
14.2175
14.0533
13.8757
13.7182
13.5462
13.395
13.2283
13.0832
12.9215
12.7823
12.6252
12.4917
12.339
12.2109
12.0624
11.9395
11.7949
11.6771
11.5361
11.4233
11.2857
11.1777
11.0433
10.9399
10.8086
10.7097
10.5811
10.4866
10.3607
10.2705
10.1469
10.0609
9.93965
9.85776
9.73854
9.6607
9.5434
9.46942
9.35352
9.28411
9.17094
9.10537
8.99635
8.92334
8.80014
31.5347
31.0869
30.6337
30.1665
29.698
29.2225
28.7522
28.2795
27.8161
27.3535
26.903
26.455
26.0209
25.5903
25.1744
24.7621
24.365
23.9713
23.5929
23.2173
22.8569
22.4986
22.1553
21.8135
21.4865
21.1601
20.8484
20.5365
20.2391
19.9408
19.657
19.3714
19.1003
18.8265
18.5674
18.3049
18.057
17.805
17.5678
17.3256
17.0986
16.8657
16.6482
16.424
16.2156
15.9996
15.7998
15.5916
15.4001
15.1992
15.0154
14.8214
14.6451
14.4576
14.2884
14.1071
13.9447
13.7692
13.6133
13.4432
13.2936
13.1287
12.9851
12.825
12.6872
12.5317
12.3995
12.2483
12.1215
11.9744
11.8527
11.7094
11.5928
11.4531
11.3413
11.205
11.0979
10.9648
10.8623
10.7322
10.6341
10.5067
10.413
10.2882
10.1987
10.0763
9.99102
9.8708
9.78957
9.67139
9.59415
9.47781
9.40462
9.28998
9.22007
9.10729
9.04342
8.93046
8.88153
8.71725
31.1734
30.7288
30.2802
29.8193
29.3585
28.8914
28.4302
27.9669
27.5132
27.0601
26.6192
26.1805
25.7557
25.3338
24.9266
24.5225
24.1334
23.7471
23.3759
23.0071
22.6532
22.301
21.9637
21.6273
21.3056
20.984
20.6771
20.3695
20.0764
19.782
19.502
19.2199
18.9522
18.6817
18.4256
18.166
17.9209
17.6715
17.4369
17.1972
16.9724
16.7418
16.5265
16.3044
16.0979
15.884
15.686
15.4797
15.2898
15.0907
14.9085
14.7162
14.5413
14.3555
14.1876
14.0079
13.8467
13.6728
13.518
13.3495
13.2009
13.0375
12.8948
12.7362
12.5993
12.4453
12.3139
12.1641
12.038
11.8923
11.7713
11.6295
11.5135
11.3752
11.2639
11.129
11.0225
10.8907
10.7887
10.6598
10.5622
10.4362
10.3429
10.2193
10.1303
10.0091
9.92415
9.80516
9.72427
9.60729
9.53037
9.41519
9.34232
9.22881
9.15924
9.04755
8.98401
8.87206
8.82357
8.66055
30.9132
30.4693
30.0223
29.5644
29.1076
28.6454
28.1894
27.7316
27.2835
26.8362
26.4008
25.9676
25.5479
25.131
24.7285
24.3287
23.9438
23.5614
23.1939
22.8284
22.4778
22.1283
21.7938
21.4597
21.1404
20.821
20.5161
20.2104
19.9193
19.6266
19.3485
19.068
18.8022
18.5333
18.279
18.021
17.7778
17.5301
17.2972
17.0592
16.8362
16.6073
16.3936
16.1732
15.9683
15.7559
15.5594
15.3547
15.1662
14.9688
14.7879
14.5973
14.4237
14.2396
14.073
13.8951
13.7351
13.5629
13.4093
13.2427
13.0951
12.9336
12.7919
12.6354
12.4993
12.3473
12.2166
12.069
11.9434
11.7999
11.6794
11.5398
11.4241
11.2881
11.177
11.0446
10.938
10.8087
10.7065
10.5803
10.4823
10.359
10.2651
10.1445
10.0546
9.9365
9.85051
9.73474
9.65257
9.53898
9.46054
9.34902
9.27424
9.16433
9.09307
8.98566
8.91951
8.81419
8.74228
8.62372
30.6989
30.2547
29.8081
29.3515
28.8965
28.4364
27.9821
27.526
27.0789
26.6324
26.1972
25.7643
25.3442
24.9273
24.5241
24.1244
23.7389
23.3568
22.9888
22.6223
22.2706
21.9201
21.5848
21.2504
20.9311
20.6121
20.3082
20.0038
19.7145
19.4238
19.1482
18.8703
18.6075
18.3416
18.0908
17.8361
17.5965
17.3522
17.1231
16.8886
16.6694
16.444
16.2342
16.0174
15.8166
15.6079
15.4154
15.2143
15.0297
14.8356
14.6586
14.4712
14.3013
14.1201
13.957
13.7817
13.625
13.4553
13.3049
13.1404
12.9959
12.8364
12.6975
12.5428
12.4094
12.259
12.1309
11.9847
11.8616
11.7195
11.6012
11.4628
11.3493
11.2144
11.1055
10.9739
10.8693
10.741
10.6407
10.5153
10.4191
10.2965
10.2043
10.0844
9.99614
9.87864
9.79421
9.67903
9.59832
9.4853
9.40821
9.29726
9.22368
9.11446
9.04451
8.93722
8.86911
8.76454
8.71812
8.55803
30.5432
30.0916
29.6343
29.1637
28.6932
28.2159
27.745
27.2721
26.8106
26.3506
25.9052
25.4634
25.0381
24.617
24.2133
23.8137
23.4315
23.0528
22.6916
22.3344
21.9937
21.6556
21.3332
21.0119
20.7058
20.3997
20.1084
19.8159
19.5381
19.2582
18.9928
18.7244
18.4706
18.213
17.9699
17.7223
17.4895
17.2513
17.028
16.7987
16.5846
16.3636
16.1581
15.945
15.7477
15.542
15.3526
15.154
14.9721
14.7802
14.6054
14.4198
14.2519
14.0723
13.911
13.737
13.582
13.4134
13.2645
13.1009
12.9578
12.799
12.6616
12.5073
12.3753
12.2253
12.0985
11.9526
11.8308
11.6888
11.5718
11.4334
11.3212
11.1862
11.0786
10.9468
10.8436
10.7148
10.616
10.49
10.3955
10.2721
10.1817
10.0607
9.97436
9.85573
9.7733
9.65679
9.57824
9.46368
9.38897
9.27621
9.20515
9.09374
9.027
8.91808
8.85491
8.75001
8.67968
8.56128
30.0097
29.5375
29.0731
28.6079
28.1525
27.6982
27.2556
26.8154
26.3883
25.9642
25.5541
25.1472
24.7547
24.3652
23.9901
23.6175
23.2592
22.9029
22.5608
22.2198
21.8929
21.5665
21.2541
20.9413
20.6424
20.3425
20.0565
19.7687
19.4948
19.2184
18.956
18.6904
18.4389
18.1834
17.9422
17.6963
17.4649
17.2282
17.0062
16.778
16.5649
16.3449
16.1403
15.928
15.7315
15.5265
15.3378
15.1398
14.9585
14.767
14.5928
14.4077
14.2403
14.061
13.9001
13.7264
13.5719
13.4035
13.2549
13.0916
12.9488
12.7903
12.6531
12.499
12.3672
12.2175
12.0909
11.9451
11.8236
11.6816
11.5649
11.4266
11.3146
11.1796
11.0722
10.9405
10.8375
10.7087
10.6101
10.4842
10.3898
10.2664
10.1761
10.0553
9.96901
9.85042
9.76811
9.65164
9.57319
9.45869
9.38406
9.27139
9.20039
9.0891
9.02244
8.91378
8.8508
8.74631
8.67603
8.55751
54.5469
58.5302
61.5225
66.7328
73.5283
80.4818
95.2533
112.943
147.663
281.618
48.7902
50.0583
53.0621
55.7548
60.6946
66.6348
73.596
87.2704
100.54
179.013
44.6455
45.9736
46.8034
49.3796
51.1466
56.3524
59.7627
69.7013
76.5067
119.116
42.2686
43.1545
43.5676
45.1637
46.0736
49.1804
51.1606
57.4103
61.4731
84.9588
40.3106
40.889
41.1392
42.1843
42.7244
44.6043
45.7517
49.4505
51.8655
64.9047
38.8727
39.1817
39.3229
39.9745
40.3046
41.4802
42.1605
44.3555
45.7603
53.0105
37.74
37.8715
37.9357
38.3066
38.4995
39.2224
39.6303
40.9555
41.7734
45.8426
36.8422
36.851
36.8471
37.0251
37.1145
37.533
37.7647
38.5607
39.0361
41.3713
36.1455
36.0545
35.9997
36.0298
36.0437
36.2423
36.3526
36.799
37.0619
38.4329
35.5923
35.4463
35.3203
35.2541
35.2137
35.2536
35.2777
35.4797
35.6011
36.4062
35.1419
34.9626
34.7788
34.6585
34.5394
34.4796
34.4433
34.4764
34.502
34.949
34.7959
34.5602
34.3602
34.1701
34.0201
33.8758
33.7742
33.6925
33.651
33.8574
34.5116
34.2557
34.0123
33.8037
33.587
33.4261
33.2284
33.1231
32.9375
33.0291
34.2785
34.027
33.7311
33.523
33.2444
33.0739
32.8079
32.6728
32.3778
32.3894
34.097
33.8509
33.5132
33.3046
32.98
32.7991
32.4829
32.3241
31.9924
31.8965
33.9579
33.7242
33.348
33.1441
32.7816
32.5937
32.241
32.0599
31.7192
31.5352
33.8638
33.6114
33.2374
33.0041
32.6496
32.4208
32.0798
31.8465
31.5173
31.2771
33.7943
33.5055
33.1493
32.8769
32.5388
32.27
31.9409
31.6685
31.3433
31.0656
33.7625
33.4511
33.0999
32.8036
32.4683
32.1754
31.8458
31.5495
31.2197
30.9176
33.5446
33.1818
32.808
32.4653
32.1053
31.7738
31.4191
31.0923
30.738
30.4125
53.968
59.8447
69.2025
85.3029
115.332
175.59
330.608
879.318
5026.54
3102.03
54.4051
60.2115
70.5931
86.3823
115.412
178.491
348.72
911.732
5377.82
3151.59
54.4809
60.0006
71.1768
89.5231
123.693
192.402
376.908
979.392
5759.81
3197.4
55.0944
60.6337
71.6698
89.4333
123.797
195.757
395.807
1033.88
6180.86
3233.9
55.029
60.4956
73.1117
94.0083
134.207
216.095
444.266
1119.88
6586.33
3261.75
56.3407
62.2916
73.2985
93.9832
135.635
219.227
464.006
1222.94
7045.05
3278.52
56.5964
62.6435
76.8664
101.093
150.233
250.227
543.025
1333.33
7459.6
3269.1
58.7378
65.5369
77.68
102.2
153.109
254.812
568.989
1517.22
7865.51
3252.83
59.562
66.746
84.2041
114.015
177.297
304.397
689.063
1781.51
8019.21
3245.31
63.0572
71.0945
86.1838
117.185
183.249
319.828
741.294
2294.22
7940.39
3224.19
56.5182
62.0995
73.571
85.3585
92.8994
184.213
219.907
896.107
3451.98
2796.41
54.9522
61.1367
71.0485
79.443
107.762
122.977
303.606
599.799
3162.26
2673.61
55.1918
60.7817
70.3636
80.9609
106.3
132.119
283.201
619.972
3166.07
2656.69
55.3123
60.129
69.7892
81.5164
105.14
138.614
271.597
672.316
3295.17
2691.17
55.1912
59.9799
69.2012
81.7706
105.091
146.431
270.869
702.427
3451.52
2722.48
54.9507
59.9957
68.7156
81.9514
105.469
151.275
277.071
735.052
3614.13
2793.98
54.6536
59.6971
69.0877
81.6533
105.464
155.139
284.837
751.398
3869.11
2834.71
54.2432
59.5361
68.6944
83.3384
106.872
157.022
292.898
784.367
4072.95
2910.39
53.7964
59.2082
68.5286
83.0845
109.576
163.698
300.923
805.693
4396.81
2958.05
53.6976
59.3363
68.729
84.2007
110.033
165.815
315.176
834.632
4667.29
3035.14
13886.2
10422.4
8079.86
6429.74
5227.73
4327.31
3636.69
3096.2
2665.77
2317.75
2032.58
1796.15
1598.05
1430.51
1287.59
1164.76
1058.43
965.819
884.671
813.19
749.909
693.632
643.369
598.3
557.738
521.107
487.918
457.757
430.267
405.147
382.131
360.995
341.539
323.592
307.002
291.637
277.38
264.129
251.789
240.283
229.534
219.48
210.061
201.227
192.929
185.126
177.778
170.853
164.315
158.142
152.301
146.774
141.535
136.568
131.85
127.371
123.107
119.054
115.188
111.508
107.993
104.642
101.436
98.376
95.4433
92.6423
89.9529
87.3824
84.9101
82.5457
80.2679
78.0885
75.9855
73.9728
72.0275
70.166
68.3637
66.6397
64.9679
63.3703
61.8187
60.3385
58.8989
57.5298
56.197
54.9358
53.709
52.5576
51.4423
50.4117
49.4227
48.5424
47.7433
47.0929
46.5744
46.2959
46.3528
47.2996
48.9034
52.2408
13884.6
10419.5
8076.64
6426.51
5224.66
4324.45
3634.07
3093.81
2663.59
2315.76
2030.77
1794.49
1596.53
1429.1
1286.3
1163.56
1057.33
964.794
883.719
812.302
749.081
692.857
642.643
597.618
557.097
520.502
487.347
457.217
429.757
404.663
381.672
360.559
341.124
323.197
306.625
291.278
277.037
263.801
251.476
239.982
229.246
219.204
209.796
200.972
192.684
184.89
177.551
170.634
164.104
157.938
152.105
146.584
141.351
136.391
131.679
127.205
122.947
118.898
115.037
111.362
107.851
104.504
101.302
98.2461
95.3172
92.5196
89.8338
87.2664
84.7975
82.4359
80.1612
77.9844
75.8843
73.874
71.9315
70.072
68.2725
66.5503
64.8813
63.2852
61.7363
60.2573
58.8205
57.4523
56.1224
54.8619
53.638
52.487
51.3747
50.3442
49.3582
48.4776
47.6816
47.0308
46.5155
46.2381
46.2946
47.1406
48.675
52.4879
13881.4
10413.8
8070.21
6420.08
5218.54
4318.77
3628.86
3089.04
2659.25
2311.79
2027.15
1791.17
1593.49
1426.31
1283.74
1161.19
1055.14
962.756
881.827
810.536
747.435
691.313
641.199
596.259
555.822
519.298
486.214
456.143
428.744
403.7
380.761
359.69
340.301
322.41
305.879
290.563
276.357
263.147
250.853
239.383
228.674
218.652
209.27
200.464
192.197
184.419
177.1
170.197
163.686
157.532
151.715
146.206
140.988
136.037
131.339
126.874
122.628
118.587
114.738
111.07
107.57
104.23
101.037
97.9876
95.0674
92.2758
89.5978
87.0362
84.5742
82.2185
79.9498
77.7789
75.6839
73.6797
71.7414
69.8884
68.0922
66.377
64.7103
63.1219
61.5742
60.1039
58.6673
57.3089
55.978
54.729
53.5028
52.3658
51.2502
50.2357
49.2451
48.386
47.5824
46.9557
46.4306
46.1915
46.4083
46.8911
48.9213
52.3905
13876.7
10405.4
8060.65
6410.5
5209.44
4310.31
3621.1
3081.95
2652.78
2305.9
2021.77
1786.25
1588.98
1422.16
1279.92
1157.66
1051.87
959.726
879.014
807.911
744.987
689.02
639.053
594.241
553.927
517.509
484.53
454.548
427.238
402.269
379.408
358.401
339.078
321.242
304.769
289.5
275.345
262.177
249.928
238.493
227.825
217.834
208.487
199.709
191.475
183.721
176.431
169.549
163.064
156.929
151.136
145.644
140.448
135.512
130.834
126.382
122.155
118.126
114.294
110.637
107.152
103.822
100.643
97.6034
94.6955
91.9132
89.2462
86.6934
84.2413
81.894
79.6341
77.4715
75.3841
73.3882
71.4564
69.6117
67.8207
66.1141
64.4514
62.872
61.3271
59.8662
58.4311
57.0829
55.7521
54.5141
53.2866
52.1619
51.0434
50.0431
49.0476
48.2051
47.3945
46.7879
46.2542
46.0402
46.2557
46.7564
48.7572
52.0775
13870.4
10394.2
8048.01
6397.86
5197.42
4299.15
3610.86
3072.6
2644.26
2298.13
2014.68
1779.76
1583.04
1416.7
1274.89
1153.01
1047.58
955.737
875.309
804.455
741.765
686.002
636.228
591.585
551.432
515.156
482.313
452.449
425.255
400.387
377.625
356.705
337.468
319.706
303.308
288.103
274.014
260.901
248.71
237.324
226.707
216.759
207.458
198.717
190.524
182.803
175.55
168.698
162.246
156.138
150.375
144.906
139.737
134.823
130.169
125.737
121.532
117.521
113.71
110.069
106.602
103.288
100.126
97.0998
94.2079
91.4381
88.786
86.245
83.8064
81.4703
79.2229
77.071
74.9951
73.0097
71.0883
69.254
67.4727
65.7766
64.1227
62.5541
61.0175
59.5679
58.1405
56.8044
55.4809
54.2564
53.0358
51.9265
50.8147
49.8331
48.8454
48.0262
47.2206
46.6421
46.1143
45.9411
46.1912
46.6798
48.6854
51.8926
13862.6
10380.4
8032.4
6382.25
5182.6
4285.4
3598.24
3061.07
2633.77
2288.55
2005.95
1771.77
1575.73
1409.98
1268.7
1147.3
1042.29
950.831
870.753
800.206
737.803
682.291
632.755
588.319
548.366
512.263
479.588
449.87
422.819
398.075
375.436
354.62
335.49
317.819
301.513
286.386
272.379
259.333
247.214
235.887
225.334
215.438
206.193
197.498
189.356
181.675
174.468
167.651
161.242
155.164
149.439
143.999
138.864
133.975
129.353
124.943
120.767
116.777
112.991
109.369
105.927
102.629
99.489
96.4786
93.6065
90.8514
88.2171
85.69
83.2674
80.9445
78.7112
76.5721
74.5085
72.5356
70.6247
68.8029
67.0299
65.3465
63.6988
62.1434
60.6106
59.1749
57.7487
56.4276
55.1025
53.8942
52.6689
51.5777
50.4574
49.4965
48.4959
47.7012
46.8773
46.3284
45.7768
45.6454
45.8768
46.3829
48.3099
51.5801
13853.4
10364.1
8013.95
6363.82
5165.1
4269.16
3583.36
3047.49
2621.4
2277.28
1995.66
1762.37
1567.11
1402.06
1261.42
1140.57
1036.07
945.06
865.392
795.209
733.141
677.928
628.67
584.481
544.759
508.863
476.383
446.839
419.954
395.357
372.861
352.172
333.165
315.602
299.403
284.37
270.456
257.493
245.456
234.201
223.72
213.887
204.707
196.068
187.984
180.353
173.197
166.425
160.062
154.024
148.341
142.936
137.84
132.982
128.395
124.014
119.87
115.906
112.15
108.552
105.136
101.86
98.745
95.7553
92.9057
90.17
87.5565
85.0476
82.6444
80.3388
78.1235
76.0011
73.9544
71.9979
70.1029
68.2975
66.5398
64.873
63.2402
61.702
60.184
58.7667
57.3557
56.0547
54.7456
53.5602
52.3522
51.2879
50.1872
49.2593
48.2835
47.523
46.7168
46.199
45.6617
45.568
45.8286
46.3342
48.2654
51.3397
13842.8
10345.4
7992.81
6342.71
5145.08
4250.59
3566.35
3031.97
2607.27
2264.4
1983.92
1751.63
1557.28
1393.03
1253.11
1132.9
1028.98
938.48
859.281
789.513
727.829
672.956
624.015
580.108
540.651
504.989
472.733
443.387
416.692
392.263
369.93
349.383
330.517
313.077
297.001
282.074
268.268
255.397
243.455
232.28
221.884
212.121
203.016
194.438
186.422
178.845
171.75
165.026
158.718
152.723
147.09
141.723
136.672
131.849
127.303
122.953
118.846
114.91
111.188
107.614
104.231
100.977
97.891
94.9212
92.0983
89.3807
86.7915
84.2991
81.9178
79.6272
77.4316
75.3228
73.2933
71.3492
69.4689
67.6748
65.9288
64.2723
62.6481
61.1191
59.6058
58.1966
56.7857
55.4913
54.1768
52.9965
51.7763
50.7153
49.5942
48.6681
47.6634
46.9202
46.0888
45.617
45.0654
45.057
45.3595
45.9536
47.8249
51.0227
13830.9
10324.4
7969.12
6319.09
5122.69
4229.85
3547.35
3014.64
2591.5
2250.04
1970.83
1739.67
1546.33
1382.97
1243.86
1124.36
1021.08
931.155
852.475
783.174
721.914
667.424
618.833
575.242
536.078
500.681
468.671
439.548
413.062
388.822
366.667
346.283
327.571
310.271
294.329
279.523
265.834
253.068
241.229
230.147
219.841
210.16
201.137
192.631
184.686
177.174
170.144
163.477
157.227
151.283
145.702
140.382
135.379
130.597
126.095
121.783
117.716
113.814
110.129
106.587
103.237
100.013
96.9587
94.0163
91.2232
88.5313
85.9703
83.5025
81.1483
78.8816
76.7123
74.6274
72.6241
70.7043
68.8506
67.0819
65.3639
63.7349
62.1407
60.6426
59.1625
57.789
56.4161
55.1639
53.8887
52.7537
51.574
50.5614
49.4806
48.6054
47.6377
46.9356
46.1207
45.672
45.119
45.1175
45.3944
45.9316
47.7499
50.7446
13817.8
10301.3
7943.08
6293.15
5098.11
4207.1
3526.52
2995.66
2574.23
2234.32
1956.51
1726.59
1534.35
1371.98
1233.74
1115.03
1012.46
923.16
845.048
776.258
715.462
661.39
613.181
569.938
531.091
495.984
464.241
435.363
409.103
385.071
363.109
342.903
324.357
307.21
291.411
276.738
263.173
250.524
238.793
227.813
217.603
208.011
199.071
190.645
182.775
175.333
168.369
161.764
155.573
149.685
144.157
138.887
133.931
129.194
124.734
120.461
116.433
112.566
108.915
105.405
102.086
98.8895
95.862
92.9442
90.1749
87.5045
84.9642
82.5151
80.1786
77.9282
75.7736
73.7024
71.7107
69.8025
67.9571
66.1982
64.4848
62.8636
61.2692
59.7759
58.2906
56.919
55.5356
54.2833
53.004
51.8782
50.7064
49.7178
48.6671
47.8381
46.9396
46.3123
45.6281
45.2566
44.8949
44.9454
45.3255
45.9609
47.8378
50.7212
13809.8
10288.1
7928.55
6278.84
5084.65
4194.72
3515.23
2985.42
2564.95
2225.9
1948.85
1719.61
1527.98
1366.15
1228.38
1110.1
1007.9
918.945
841.138
772.624
712.076
658.23
610.226
567.168
528.492
493.54
461.94
433.193
407.054
383.133
361.275
341.165
322.708
305.644
289.922
275.322
261.824
249.238
237.567
226.643
216.485
206.944
198.051
189.669
181.84
174.439
167.513
160.945
154.788
148.934
143.437
138.197
133.269
128.562
124.127
119.882
115.878
112.037
108.408
104.922
101.623
98.451
95.4427
92.5477
89.7964
87.1482
84.6248
82.1966
79.8759
77.6449
75.505
73.4515
71.4733
69.5801
67.7474
65.9998
64.2984
62.6843
61.1032
59.6132
58.1426
56.7686
55.4011
54.1378
52.8696
51.7157
50.5483
49.5085
48.4527
47.5429
46.6265
45.8851
45.17
44.6914
44.3368
44.3824
44.7311
45.4041
46.5657
50.368
13809.8
10288.1
7928.55
6278.84
5084.65
4194.72
3515.23
2985.43
2564.94
2225.9
1948.84
1719.61
1527.97
1366.15
1228.37
1110.1
1007.89
918.944
841.129
772.622
712.066
658.227
610.215
567.165
528.481
493.537
461.929
433.189
407.042
383.129
361.263
341.16
322.695
305.638
289.908
275.315
261.81
249.231
237.552
226.634
216.469
206.934
198.034
189.659
181.822
174.428
167.494
160.932
154.768
148.92
143.416
138.182
133.247
128.545
124.104
119.864
115.853
112.018
108.383
104.902
101.598
98.4303
95.4173
92.5269
89.7719
87.1279
84.6022
82.1783
79.857
77.6307
75.4923
73.4441
71.4702
69.583
67.7575
66.0169
64.326
62.7197
61.152
59.6698
58.2157
56.8494
55.5014
54.2448
52.9979
51.8471
50.6995
49.6545
48.6095
47.6768
46.7481
45.9497
45.1739
44.5659
44.0526
43.7432
43.8403
44.1541
45.1841
47.9197
13809.8
10288.2
7928.54
6278.85
5084.64
4194.73
3515.22
2985.43
2564.94
2225.91
1948.84
1719.62
1527.97
1366.15
1228.37
1110.11
1007.89
918.952
841.128
772.631
712.065
658.236
610.214
567.174
528.48
493.546
461.928
433.198
407.042
383.138
361.263
341.169
322.695
305.648
289.908
275.325
261.81
249.241
237.553
226.645
216.47
206.945
198.035
189.669
181.824
174.438
167.495
160.943
154.77
148.931
143.418
138.193
133.25
128.556
124.106
119.874
115.856
112.027
108.385
104.911
101.599
98.4374
95.4179
92.5323
89.7712
87.131
84.5997
82.1783
79.8522
77.6264
75.4843
73.4343
71.4576
69.5664
67.7398
65.9926
64.3026
62.6866
61.1223
59.6267
58.1796
56.7954
55.4597
54.1797
52.9529
51.7715
50.6553
49.5693
48.5722
47.5824
46.7216
45.8378
45.1472
44.3874
43.9191
43.4054
43.2579
43.2998
44.0116
45.4634
13809.8
10288.2
7928.53
6278.85
5084.64
4194.74
3515.22
2985.44
2564.93
2225.92
1948.84
1719.62
1527.97
1366.16
1228.37
1110.11
1007.89
918.96
841.128
772.638
712.066
658.244
610.216
567.183
528.482
493.555
461.93
433.207
407.044
383.148
361.265
341.179
322.698
305.658
289.912
275.336
261.814
249.252
237.557
226.656
216.475
206.956
198.04
189.682
181.83
174.451
167.502
160.956
154.777
148.944
143.426
138.207
133.258
128.57
124.116
119.89
115.867
112.043
108.397
104.928
101.614
98.4554
95.434
92.5512
89.7893
87.1509
84.62
82.1993
79.8747
77.6487
75.5092
73.458
71.4852
69.5917
67.7699
66.019
64.3349
62.7139
61.1562
59.6544
58.2138
56.8226
55.4917
54.205
52.9782
51.7931
50.6668
49.5854
48.5576
47.5889
46.6622
45.8259
45.0088
44.362
43.6516
43.2581
42.7742
42.7395
42.9207
43.8718
13809.8
10288.2
7928.54
6278.85
5084.64
4194.74
3515.22
2985.44
2564.94
2225.92
1948.84
1719.63
1527.97
1366.16
1228.38
1110.12
1007.9
918.964
841.133
772.643
712.071
658.249
610.221
567.188
528.488
493.56
461.936
433.212
407.05
383.153
361.272
341.185
322.705
305.664
289.92
275.342
261.822
249.258
237.566
226.663
216.484
206.964
198.05
189.689
181.84
174.459
167.513
160.965
154.789
148.954
143.438
138.217
133.271
128.581
124.13
119.901
115.881
112.055
108.413
104.94
101.629
98.4683
95.4504
92.5649
89.8064
87.1656
84.6377
82.2151
79.8931
77.6658
75.5282
73.4764
71.5047
69.6114
67.7895
66.0403
64.3543
62.7368
61.1749
59.6789
58.2311
56.8483
55.5065
54.2313
52.9888
51.8183
50.6704
49.6049
48.5502
47.5921
46.6328
45.7908
44.952
44.2294
43.5756
42.9732
42.5752
42.181
42.2028
42.6955
13809.8
10288.2
7928.54
6278.85
5084.64
4194.74
3515.22
2985.44
2564.94
2225.92
1948.84
1719.63
1527.98
1366.17
1228.38
1110.12
1007.9
918.967
841.139
772.646
712.077
658.253
610.227
567.192
528.495
493.565
461.943
433.217
407.058
383.159
361.28
341.191
322.713
305.67
289.928
275.349
261.832
249.265
237.575
226.67
216.494
206.972
198.061
189.698
181.851
174.468
167.524
160.975
154.801
148.964
143.451
138.228
133.285
128.593
124.144
119.914
115.896
112.069
108.428
104.955
101.646
98.4848
95.4682
92.5829
89.8253
87.1852
84.6579
82.2364
79.9146
77.6889
75.5512
73.5014
71.5294
69.6384
67.8162
66.0692
64.3831
62.7673
61.2058
59.7104
58.2641
56.8797
55.5411
54.2596
53.024
51.8382
50.704
49.6076
48.579
47.5669
46.6542
45.7208
44.9347
44.0968
43.453
42.7645
42.2752
41.8315
41.5402
41.8074
13809.8
10288.2
7928.54
6278.85
5084.64
4194.74
3515.23
2985.45
2564.94
2225.92
1948.85
1719.63
1527.98
1366.17
1228.38
1110.12
1007.91
918.972
841.143
772.652
712.081
658.259
610.232
567.198
528.499
493.572
461.949
433.225
407.064
383.166
361.286
341.199
322.72
305.679
289.935
275.358
261.839
249.275
237.583
226.68
216.502
206.982
198.069
189.709
181.861
174.48
167.534
160.987
154.811
148.977
143.462
138.241
133.297
128.607
124.157
119.928
115.91
112.084
108.444
104.971
101.662
98.5015
95.4859
92.6002
89.8446
87.2032
84.6789
82.255
79.9375
77.7081
75.5763
73.5213
71.5568
69.6588
67.846
66.09
64.4155
62.7884
61.2408
59.7316
58.3011
56.9006
55.5792
54.28
53.0612
51.8578
50.7362
49.626
48.5949
47.5799
46.6362
45.7294
44.8609
44.0928
43.2843
42.6925
41.9611
41.6078
40.9992
41.0936
13809.8
10288.2
7928.54
6278.85
5084.65
4194.74
3515.23
2985.45
2564.94
2225.93
1948.85
1719.64
1527.98
1366.17
1228.39
1110.13
1007.91
918.976
841.148
772.657
712.087
658.264
610.238
567.204
528.506
493.577
461.955
433.231
407.071
383.173
361.294
341.206
322.728
305.686
289.944
275.366
261.848
249.283
237.592
226.689
216.512
206.992
198.08
189.719
181.872
174.49
167.546
160.998
154.824
148.988
143.476
138.253
133.311
128.62
124.173
119.942
115.926
112.099
108.461
104.987
101.681
98.5181
95.5057
92.618
89.8656
87.2223
84.7013
82.2757
79.9612
77.7305
75.6012
73.5457
71.5829
69.6855
67.873
66.1194
64.4429
62.821
61.2679
59.7678
58.3267
56.9408
55.6015
54.3243
53.0767
51.9059
50.7395
49.676
48.58
47.6303
46.5904
45.765
44.7738
44.0834
43.1467
42.6033
41.7403
41.37
40.5931
40.5426
13809.8
10288.2
7928.54
6278.85
5084.65
4194.74
3515.23
2985.45
2564.95
2225.93
1948.85
1719.64
1527.99
1366.18
1228.39
1110.13
1007.92
918.979
841.155
772.66
712.094
658.268
610.246
567.208
528.514
493.582
461.964
433.236
407.08
383.179
361.303
341.212
322.738
305.692
289.954
275.372
261.859
249.291
237.604
226.697
216.524
207
198.092
189.728
181.885
174.5
167.56
161.008
154.838
149
143.49
138.266
133.326
128.633
124.188
119.957
115.942
112.115
108.477
105.005
101.698
98.538
95.5232
92.6399
89.8835
87.2465
84.7195
82.3025
79.9797
77.7603
75.6197
73.5787
71.6013
69.7223
67.891
66.1604
64.46
62.8665
61.2837
59.818
58.3404
56.9957
55.6119
54.3831
53.0825
51.9666
50.739
49.7356
48.5705
47.6788
46.5691
45.7887
44.7312
44.0635
43.0616
42.513
41.5814
41.1678
40.3097
40.1339
13809.8
10288.2
7928.54
6278.85
5084.65
4194.74
3515.23
2985.45
2564.95
2225.93
1948.86
1719.64
1527.99
1366.18
1228.4
1110.13
1007.92
918.985
841.16
772.666
712.1
658.274
610.252
567.215
528.521
493.589
461.971
433.244
407.087
383.187
361.311
341.22
322.746
305.702
289.962
275.382
261.867
249.301
237.612
226.708
216.533
207.012
198.102
189.741
181.894
174.514
167.57
161.023
154.848
149.016
143.501
138.283
133.337
128.652
124.199
119.977
115.954
112.137
108.489
105.029
101.71
98.5639
95.5356
92.6681
89.8962
87.2772
84.7323
82.3359
79.9928
77.7966
75.633
73.6183
71.6147
69.7653
67.9045
66.2068
64.4737
62.9165
61.2973
59.8713
58.3538
57.0516
55.6248
54.4404
53.0941
52.023
50.748
49.7856
48.5744
47.7185
46.563
45.8103
44.706
44.0511
43.0003
42.4434
41.4602
41.0068
40.1207
39.7933
13809.8
10288.2
7928.54
6278.86
5084.65
4194.75
3515.23
2985.46
2564.95
2225.94
1948.86
1719.65
1527.99
1366.19
1228.4
1110.14
1007.92
918.994
841.162
772.675
712.102
658.284
610.255
567.225
528.524
493.6
461.974
433.255
407.091
383.199
361.315
341.233
322.75
305.715
289.967
275.396
261.872
249.315
237.618
226.723
216.539
207.028
198.108
189.757
181.901
174.532
167.577
161.042
154.856
149.036
143.509
138.304
133.345
128.674
124.208
120.001
115.963
112.163
108.499
105.056
101.72
98.5929
95.5465
92.6992
89.9078
87.3104
84.7447
82.3714
80.006
77.8346
75.6472
73.6588
71.6299
69.8083
67.921
66.2524
64.4916
62.9644
61.3167
59.9211
58.3748
57.1024
55.6473
54.4908
53.1178
52.0705
50.7717
49.8263
48.5959
47.7438
46.5784
45.8115
44.7086
44.022
42.9817
42.3636
41.3998
40.8502
39.9882
39.5297
13809.8
10288.2
7928.53
6278.87
5084.64
4194.76
3515.23
2985.46
2564.95
2225.95
1948.85
1719.66
1527.99
1366.2
1228.4
1110.15
1007.92
919.004
841.162
772.686
712.103
658.296
610.256
567.237
528.525
493.612
461.977
433.268
407.093
383.212
361.318
341.247
322.754
305.729
289.971
275.411
261.877
249.331
237.623
226.739
216.544
207.045
198.114
189.775
181.907
174.55
167.584
161.061
154.863
149.056
143.517
138.326
133.354
128.697
124.218
120.025
115.974
112.187
108.511
105.082
101.733
98.6204
95.5603
92.7281
89.9229
87.3409
84.7613
82.4035
80.0242
77.8684
75.6672
73.6942
71.6522
69.8453
67.9457
66.2908
64.519
63.0038
61.3473
59.9609
58.4088
57.1418
55.6848
54.5282
53.1585
52.1037
50.8146
49.8527
48.6388
47.7597
46.6167
45.8086
44.7355
43.9844
42.9852
42.2877
41.364
40.7205
39.8874
39.3219
13809.8
10288.2
7928.52
6278.87
5084.64
4194.76
3515.22
2985.47
2564.94
2225.95
1948.85
1719.67
1527.99
1366.21
1228.4
1110.16
1007.92
919.015
841.163
772.697
712.104
658.307
610.258
567.249
528.528
493.625
461.979
433.28
407.097
383.225
361.322
341.26
322.758
305.743
289.976
275.425
261.882
249.346
237.629
226.755
216.551
207.061
198.121
189.792
181.915
174.568
167.592
161.079
154.873
149.075
143.527
138.345
133.366
128.717
124.23
120.046
115.987
112.21
108.526
105.105
101.749
98.6449
95.5783
92.7536
89.9428
87.3675
84.7833
82.4311
80.0486
77.897
75.6944
73.7237
71.6823
69.8756
67.9792
66.3217
64.5563
63.035
61.3886
59.9919
58.4544
57.1719
55.7345
54.5564
53.2119
52.1285
50.8703
49.8717
48.6941
47.7699
46.6673
45.8066
44.7752
43.967
43.0005
42.2401
41.3408
40.6331
39.8077
39.1751
13809.8
10288.2
7928.52
6278.88
5084.63
4194.77
3515.22
2985.48
2564.94
2225.96
1948.85
1719.67
1527.99
1366.22
1228.4
1110.17
1007.93
919.023
841.166
772.706
712.108
658.316
610.262
567.259
528.532
493.635
461.984
433.291
407.102
383.236
361.328
341.272
322.764
305.755
289.983
275.438
261.89
249.359
237.637
226.768
216.56
207.075
198.131
189.806
181.926
174.582
167.604
161.095
154.885
149.091
143.541
138.362
133.381
128.735
124.247
120.064
116.005
112.229
108.545
105.125
101.771
98.665
95.6019
92.7744
89.9685
87.389
84.8115
82.4534
80.0795
77.92
75.7282
73.7475
71.7193
69.9001
68.0196
66.3469
64.6003
63.0608
61.4364
60.0182
58.5058
57.1983
55.7892
54.5826
53.2688
52.1535
50.9278
49.8944
48.7494
47.788
46.716
45.8168
44.8085
43.9647
43.016
42.2195
41.3254
40.5817
39.7486
39.0768
13809.8
10288.2
7928.52
6278.88
5084.64
4194.77
3515.23
2985.48
2564.95
2225.96
1948.86
1719.68
1527.99
1366.22
1228.41
1110.18
1007.93
919.029
841.173
772.712
712.115
658.322
610.269
567.265
528.54
493.642
461.993
433.299
407.111
383.244
361.337
341.28
322.775
305.763
289.994
275.447
261.901
249.368
237.649
226.778
216.573
207.085
198.145
189.817
181.941
174.594
167.62
161.107
154.902
149.104
143.559
138.375
133.4
128.749
124.267
120.079
116.027
112.244
108.569
105.141
101.796
98.6817
95.6292
92.7921
89.998
87.4076
84.8432
82.4731
80.1136
77.9408
75.7649
73.7695
71.7588
69.9235
68.0621
66.3718
64.6458
63.0872
61.4848
60.0462
58.557
57.2278
55.8427
54.6133
53.3237
52.1849
50.9826
49.9252
48.8016
47.8163
46.7622
45.8395
44.8449
43.9766
43.032
42.2152
41.3202
40.5535
39.7101
39.0118
13809.8
10288.2
7928.53
6278.88
5084.64
4194.77
3515.23
2985.48
2564.95
2225.96
1948.86
1719.68
1528
1366.22
1228.41
1110.18
1007.94
919.032
841.181
772.716
712.124
658.327
610.279
567.27
528.551
493.647
462.004
433.304
407.123
383.25
361.349
341.286
322.787
305.77
290.007
275.454
261.915
249.376
237.664
226.787
216.588
207.094
198.16
189.826
181.957
174.604
167.637
161.118
154.921
149.115
143.579
138.387
133.421
128.761
124.289
120.092
116.051
112.258
108.594
105.156
101.823
98.6983
95.6575
92.8099
90.0281
87.4267
84.8753
82.4936
80.1479
77.9628
75.8016
73.7932
71.7979
69.949
68.1037
66.3992
64.69
63.1168
61.5315
60.078
58.606
57.2619
55.8936
54.6495
53.3758
52.2227
51.0346
49.9636
48.8515
47.8535
46.8072
45.8728
44.8816
44.0022
43.0565
42.227
41.3218
40.548
39.6877
38.9776
13809.8
10288.2
7928.53
6278.87
5084.65
4194.77
3515.24
2985.48
2564.96
2225.96
1948.87
1719.68
1528.01
1366.22
1228.42
1110.18
1007.95
919.034
841.191
772.719
712.134
658.33
610.289
567.274
528.561
493.651
462.015
433.309
407.134
383.255
361.362
341.292
322.8
305.777
290.02
275.461
261.929
249.384
237.679
226.795
216.604
207.103
198.177
189.836
181.974
174.614
167.655
161.128
154.94
149.126
143.599
138.399
133.442
128.774
124.311
120.106
116.074
112.273
108.619
105.172
101.849
98.7158
95.6854
92.8287
90.0577
87.447
84.9068
82.5156
80.1813
77.9866
75.837
73.819
71.8355
69.9771
68.1435
66.4298
64.732
63.15
61.5757
60.1141
58.6523
57.301
55.9416
54.6914
53.4249
52.2672
51.0839
50.0098
48.8997
47.8999
46.8521
45.9168
44.9206
44.0405
43.0868
42.2552
41.3397
40.5545
39.6863
38.9632
13809.8
10288.2
7928.53
6278.87
5084.65
4194.77
3515.24
2985.48
2564.97
2225.96
1948.88
1719.68
1528.02
1366.23
1228.43
1110.18
1007.96
919.037
841.199
772.722
712.143
658.334
610.299
567.279
528.572
493.657
462.026
433.315
407.146
383.262
361.373
341.299
322.812
305.784
290.033
275.469
261.942
249.392
237.692
226.804
216.618
207.113
198.192
189.846
181.99
174.625
167.672
161.14
154.957
149.139
143.617
138.413
133.461
128.789
124.332
120.123
116.096
112.291
108.641
105.191
101.873
98.736
95.7107
92.8506
90.0845
87.4707
84.9351
82.5412
80.2112
78.0145
75.8687
73.8492
71.869
70.0099
68.179
66.4653
64.7695
63.1884
61.6153
60.1555
58.694
57.3453
55.9853
54.7384
53.4704
52.3162
51.1305
50.0596
48.9465
47.9487
46.8977
45.9618
44.9628
44.0781
43.1225
42.2812
41.3667
40.5693
39.7012
38.9559
13809.8
10288.2
7928.54
6278.87
5084.65
4194.77
3515.24
2985.48
2564.97
2225.97
1948.88
1719.68
1528.02
1366.23
1228.44
1110.19
1007.96
919.042
841.207
772.728
712.151
658.34
610.308
567.285
528.58
493.663
462.035
433.322
407.155
383.269
361.384
341.307
322.823
305.793
290.044
275.478
261.954
249.402
237.705
226.814
216.631
207.124
198.206
189.858
182.005
174.638
167.687
161.154
154.973
149.154
143.634
138.429
133.479
128.806
124.351
120.14
116.116
112.309
108.662
105.211
101.896
98.757
95.7345
92.873
90.1098
87.4947
84.9621
82.5668
80.2402
78.042
75.8998
73.8789
71.9027
70.042
68.2154
66.5
64.809
63.2259
61.6582
60.1959
58.7404
57.3887
56.0357
54.785
53.5249
52.3658
51.1895
50.1122
49.0098
48.0037
46.9648
46.0186
45.0325
44.1353
43.1929
42.3368
41.4335
40.6161
39.7569
38.988
13809.8
10288.2
7928.54
6278.87
5084.65
4194.77
3515.25
2985.48
2564.97
2225.97
1948.89
1719.69
1528.03
1366.23
1228.44
1110.19
1007.97
919.047
841.213
772.733
712.158
658.346
610.314
567.292
528.588
493.67
462.043
433.33
407.164
383.277
361.392
341.316
322.832
305.802
290.054
275.487
261.964
249.412
237.715
226.825
216.642
207.134
198.217
189.869
182.017
174.649
167.699
161.166
154.986
149.166
143.647
138.441
133.493
128.819
124.365
120.153
116.13
112.323
108.677
105.224
101.91
98.77
95.7482
92.8851
90.1225
87.5054
84.9731
82.5754
80.2487
78.0474
75.9047
73.8799
71.9024
70.037
68.2087
66.4875
64.7943
63.2043
61.6339
60.1636
58.7052
57.3444
55.9884
54.7278
53.4655
52.2963
51.1191
50.0325
48.9319
47.9186
46.8854
45.9352
44.9599
44.0625
43.1363
42.283
41.4001
40.5868
39.7472
38.9774
49.659
49.4972
49.2784
49.045
48.9098
49.216
49.1889
50.4759
50.9617
53.4551
47.4639
46.9376
46.4622
45.9258
45.6442
45.3998
45.7345
45.7779
46.6146
47.1557
44.8371
44.3286
43.8583
43.5315
43.2729
43.2399
43.1715
43.5124
43.6001
44.3019
43.1946
42.8531
42.5219
42.1811
41.9168
41.7235
41.59
41.6752
41.6659
42.1076
42.0829
41.7243
41.3092
40.9214
40.5682
40.3076
40.1165
40.0351
39.9952
40.2353
41.1914
40.7905
40.3577
39.9516
39.5819
39.2905
39.0489
38.8971
38.8122
38.8561
40.4829
40.0615
39.6148
39.1971
38.8109
38.4834
38.2075
37.9959
37.8466
37.7628
39.9194
39.4906
39.0227
38.6098
38.1911
37.8598
37.5299
37.3008
37.0736
36.9575
39.4844
39.0302
38.5696
38.1344
37.7179
37.3538
37.0128
36.7366
36.4848
36.3018
39.1459
38.6882
38.2151
37.7754
37.3457
36.9656
36.6049
36.2997
36.0187
35.7935
38.8908
38.4204
37.9371
37.4914
37.046
36.6577
36.2723
35.9534
35.6364
35.3899
38.6936
38.202
37.7221
37.2555
36.8145
36.3999
36.0158
35.6634
35.3428
35.0527
38.5379
38.0414
37.5507
37.0787
36.629
36.2036
35.8085
35.4409
35.1041
34.7951
38.4222
37.9286
37.4167
36.952
36.4789
36.0611
35.639
35.2777
34.9076
34.6044
38.3405
37.8476
37.3164
36.8573
36.3633
35.954
35.5067
35.1543
34.7542
34.4591
38.2852
37.7973
37.243
36.7955
36.276
35.8818
35.4045
35.0698
34.6357
34.3572
38.2601
37.7673
37.1999
36.7507
36.2192
35.8231
35.3361
34.9971
34.5553
34.2667
38.2577
37.7447
37.1816
36.7118
36.1883
35.7699
35.2942
34.9285
34.501
34.1805
38.2883
37.7594
37.1955
36.7115
36.1908
35.7576
35.2872
34.9042
34.4831
34.1424
38.2865
37.7389
37.178
36.6669
36.1474
35.6756
35.1998
34.7694
34.3358
33.9431
)
;

boundaryField
{
    down
    {
        type            symmetryPlane;
    }
    right
    {
        type            inletOutlet;
        inletValue      uniform 1;
        value           nonuniform List<scalar> 
30
(
1567.35
1710.94
1966.49
2269.75
2532.39
2658.84
2569.64
2204.77
1557.75
718.775
159.747
25.9991
13.7425
11.9531
11.0815
10.4762
10.0273
9.66251
9.42919
9.20944
9.08059
8.96293
8.87178
8.80014
8.71725
8.66055
8.62372
8.55803
8.56128
8.55751
)
;
    }
    up
    {
        type            zeroGradient;
    }
    left
    {
        type            turbulentMixingLengthDissipationRateInlet;
        mixingLength    0.005;
        phi             phi;
        k               k;
        value           uniform 16580.2;
    }
    cylinder
    {
        type            epsilonWallFunction;
        value           nonuniform List<scalar> 
40
(
3651.62
2798.67
2849.52
2954.06
2999.97
3070.58
3105.92
3154.42
3178.24
3209.98
97836.3
91824.3
90364.6
85029.7
82717
82569.4
81075.2
84527.9
18136.2
10817
3102.03
3151.59
3197.4
3233.9
3261.75
3278.52
3269.1
3252.83
3245.31
3224.19
2796.41
2673.61
2656.69
2691.17
2722.48
2793.98
2834.71
2910.39
2958.05
3035.14
)
;
    }
    defaultFaces
    {
        type            empty;
    }
}


// ************************************************************************* //
