/*--------------------------------*- C++ -*----------------------------------*\
  =========                 |
  \\      /  F ield         | OpenFOAM: The Open Source CFD Toolbox
   \\    /   O peration     | Website:  https://openfoam.org
    \\  /    A nd           | Version:  8
     \\/     M anipulation  |
\*---------------------------------------------------------------------------*/
FoamFile
{
    version     2.0;
    format      ascii;
    class       volScalarField;
    location    "0.500023";
    object      rho;
}
// * * * * * * * * * * * * * * * * * * * * * * * * * * * * * * * * * * * * * //

dimensions      [1 -3 0 0 0 0 0];

internalField   nonuniform List<scalar> 
6800
(
0.577608
0.579569
0.580219
0.581551
0.583043
0.583964
0.584701
0.585226
0.585713
0.586154
0.575129
0.578657
0.579939
0.581695
0.582837
0.583694
0.584411
0.585011
0.585599
0.586027
0.571281
0.577552
0.579381
0.58092
0.582233
0.583178
0.583946
0.584566
0.585121
0.585612
0.567057
0.57619
0.577611
0.579788
0.58125
0.582273
0.583124
0.583868
0.584568
0.585231
0.562474
0.574103
0.57579
0.578328
0.579948
0.581211
0.582264
0.583196
0.584025
0.584721
0.558038
0.571981
0.573404
0.576628
0.578555
0.580078
0.58133
0.582411
0.583354
0.584191
0.553946
0.569548
0.571244
0.575078
0.577178
0.57899
0.580471
0.581751
0.582853
0.583793
0.550542
0.56744
0.569228
0.573542
0.575952
0.578072
0.579747
0.581169
0.582373
0.583418
0.547973
0.565535
0.567636
0.572461
0.575045
0.577391
0.579229
0.580797
0.582108
0.58324
0.546422
0.564271
0.566629
0.571754
0.574495
0.577028
0.578989
0.580653
0.582029
0.583222
0.581958
0.581015
0.580659
0.580661
0.580895
0.581265
0.581748
0.582322
0.582943
0.583561
0.581689
0.580892
0.580524
0.580511
0.580714
0.581073
0.581564
0.582169
0.582832
0.583498
0.581116
0.58051
0.580259
0.580253
0.580464
0.580842
0.581362
0.582011
0.582752
0.583507
0.580419
0.580101
0.579974
0.580039
0.58029
0.580744
0.581357
0.582053
0.582827
0.583607
0.579785
0.579727
0.579797
0.580011
0.580393
0.58094
0.581566
0.582249
0.583007
0.583786
0.57924
0.579518
0.579851
0.580286
0.580793
0.581319
0.58189
0.582531
0.583277
0.584073
0.578846
0.57953
0.580156
0.580791
0.581208
0.58165
0.582206
0.582948
0.583703
0.58477
0.578456
0.579573
0.580631
0.581066
0.581433
0.581955
0.582755
0.583732
0.584662
0.585806
0.578183
0.579662
0.580728
0.581124
0.581665
0.582622
0.583776
0.584779
0.585745
0.586472
0.578293
0.579822
0.580515
0.581151
0.582329
0.583604
0.584585
0.585378
0.585932
0.586463
0.584254
0.584947
0.585508
0.585979
0.58637
0.586692
0.586964
0.587195
0.587396
0.58757
0.587722
0.587854
0.58797
0.588071
0.58816
0.588238
0.588306
0.588366
0.588418
0.588465
0.588505
0.588541
0.588573
0.588602
0.588627
0.58865
0.58867
0.588689
0.588705
0.58872
0.588734
0.588747
0.588759
0.588769
0.588779
0.588788
0.588797
0.588804
0.588812
0.588819
0.588826
0.588832
0.588839
0.588845
0.588852
0.588858
0.588865
0.588872
0.58888
0.588887
0.588895
0.588902
0.58891
0.588918
0.588925
0.588933
0.58894
0.588948
0.588955
0.588962
0.58897
0.588977
0.588984
0.588991
0.588999
0.589006
0.589014
0.589022
0.58903
0.589038
0.589046
0.589055
0.589064
0.589073
0.589082
0.589091
0.5891
0.58911
0.589119
0.589128
0.589138
0.589147
0.589156
0.589165
0.589174
0.589183
0.589192
0.589201
0.58921
0.589219
0.589228
0.589237
0.589246
0.589254
0.589263
0.589272
0.589282
0.589289
0.589302
0.589315
0.584171
0.58489
0.585454
0.585916
0.586303
0.586626
0.586901
0.587136
0.587339
0.587516
0.58767
0.587805
0.587924
0.588028
0.588119
0.588199
0.58827
0.588332
0.588387
0.588435
0.588478
0.588516
0.58855
0.58858
0.588607
0.588631
0.588653
0.588673
0.588691
0.588707
0.588722
0.588735
0.588748
0.588759
0.58877
0.588779
0.588788
0.588797
0.588805
0.588812
0.588819
0.588826
0.588833
0.58884
0.588847
0.588854
0.588861
0.588868
0.588876
0.588883
0.588891
0.588898
0.588906
0.588914
0.588922
0.588929
0.588937
0.588944
0.588952
0.588959
0.588966
0.588973
0.588981
0.588988
0.588996
0.589003
0.589011
0.589019
0.589027
0.589035
0.589044
0.589052
0.589061
0.58907
0.589079
0.589088
0.589098
0.589107
0.589116
0.589126
0.589135
0.589144
0.589153
0.589163
0.589172
0.589181
0.58919
0.589199
0.589207
0.589216
0.589225
0.589234
0.589243
0.589251
0.58926
0.589269
0.589279
0.589286
0.589299
0.58931
0.584098
0.584789
0.585346
0.585804
0.586191
0.586521
0.586803
0.587047
0.587256
0.58744
0.587601
0.587741
0.587865
0.587975
0.588071
0.588156
0.588231
0.588298
0.588357
0.588409
0.588456
0.588497
0.588534
0.588567
0.588596
0.588623
0.588647
0.588668
0.588688
0.588706
0.588722
0.588737
0.58875
0.588762
0.588774
0.588784
0.588793
0.588802
0.588811
0.588819
0.588826
0.588833
0.588841
0.588848
0.588855
0.588862
0.588869
0.588876
0.588883
0.588891
0.588898
0.588905
0.588913
0.58892
0.588928
0.588935
0.588942
0.588949
0.588956
0.588964
0.588971
0.588978
0.588985
0.588992
0.589
0.589007
0.589015
0.589022
0.58903
0.589039
0.589047
0.589055
0.589064
0.589073
0.589082
0.589091
0.5891
0.589109
0.589118
0.589127
0.589136
0.589145
0.589154
0.589163
0.589172
0.589181
0.58919
0.589199
0.589208
0.589216
0.589225
0.589234
0.589242
0.589251
0.58926
0.589268
0.589277
0.589285
0.589296
0.589307
0.584009
0.584649
0.58523
0.585701
0.586096
0.586438
0.586733
0.586991
0.587214
0.587409
0.58758
0.587731
0.587864
0.587981
0.588085
0.588177
0.588259
0.588331
0.588395
0.588452
0.588503
0.588548
0.588588
0.588623
0.588655
0.588683
0.588708
0.588731
0.588751
0.588769
0.588786
0.5888
0.588814
0.588826
0.588836
0.588846
0.588855
0.588863
0.58887
0.588877
0.588884
0.58889
0.588896
0.588902
0.588908
0.588914
0.58892
0.588926
0.588932
0.588938
0.588944
0.58895
0.588957
0.588963
0.588969
0.588975
0.588981
0.588987
0.588993
0.588999
0.589005
0.589011
0.589018
0.589024
0.589031
0.589037
0.589044
0.589051
0.589058
0.589066
0.589073
0.589081
0.589089
0.589097
0.589105
0.589114
0.589122
0.58913
0.589139
0.589147
0.589156
0.589164
0.589172
0.589181
0.589189
0.589198
0.589206
0.589214
0.589222
0.58923
0.589239
0.589247
0.589255
0.589263
0.589271
0.589279
0.589287
0.589295
0.589304
0.589315
0.583967
0.58459
0.585243
0.585763
0.586186
0.586552
0.586871
0.587151
0.587392
0.587602
0.587785
0.587946
0.588087
0.58821
0.588319
0.588414
0.588498
0.588572
0.588637
0.588693
0.588743
0.588787
0.588825
0.588858
0.588887
0.588912
0.588934
0.588953
0.588969
0.588983
0.588996
0.589006
0.589015
0.589022
0.589028
0.589033
0.589038
0.589041
0.589044
0.589047
0.589049
0.589052
0.589054
0.589056
0.589058
0.58906
0.589062
0.589064
0.589066
0.589069
0.589071
0.589073
0.589076
0.589079
0.589082
0.589084
0.589087
0.58909
0.589094
0.589097
0.5891
0.589104
0.589108
0.589112
0.589116
0.589121
0.589125
0.58913
0.589135
0.589141
0.589147
0.589152
0.589158
0.589165
0.589171
0.589178
0.589184
0.589191
0.589198
0.589205
0.589211
0.589218
0.589225
0.589232
0.589239
0.589246
0.589253
0.58926
0.589267
0.589274
0.589281
0.589288
0.589295
0.589302
0.589309
0.589316
0.589322
0.589329
0.589335
0.589346
0.58412
0.584816
0.585587
0.586208
0.586702
0.587122
0.587489
0.587807
0.588078
0.588311
0.588509
0.588678
0.588823
0.588945
0.589049
0.589137
0.589211
0.589273
0.589324
0.589366
0.5894
0.589427
0.589448
0.589465
0.589476
0.589484
0.589489
0.589491
0.589491
0.589488
0.589484
0.589478
0.589472
0.589465
0.589457
0.589448
0.58944
0.589431
0.589422
0.589414
0.589405
0.589396
0.589388
0.58938
0.589372
0.589365
0.589358
0.589351
0.589345
0.589339
0.589333
0.589328
0.589323
0.589319
0.589315
0.589311
0.589307
0.589304
0.589301
0.589299
0.589297
0.589295
0.589294
0.589293
0.589292
0.589292
0.589293
0.589293
0.589294
0.589296
0.589297
0.589299
0.589302
0.589304
0.589307
0.58931
0.589314
0.589317
0.589321
0.589324
0.589328
0.589332
0.589337
0.589341
0.589345
0.58935
0.589354
0.589359
0.589363
0.589368
0.589373
0.589377
0.589382
0.589387
0.589391
0.589397
0.5894
0.589406
0.589408
0.589416
0.584794
0.585491
0.586354
0.587073
0.587634
0.588106
0.588524
0.58888
0.58919
0.589454
0.589677
0.589867
0.590027
0.590161
0.590272
0.590364
0.590438
0.590496
0.59054
0.590572
0.590592
0.590604
0.590607
0.590602
0.59059
0.590573
0.590551
0.590525
0.590495
0.590463
0.590429
0.590394
0.590357
0.590321
0.590284
0.590248
0.590212
0.590176
0.590142
0.590108
0.590075
0.590044
0.590013
0.589984
0.589955
0.589928
0.589902
0.589878
0.589854
0.589831
0.589809
0.589789
0.58977
0.589752
0.589734
0.589718
0.589702
0.589688
0.589674
0.589661
0.589649
0.589637
0.589627
0.589617
0.589607
0.589599
0.589591
0.589584
0.589578
0.589572
0.589566
0.589562
0.589557
0.589554
0.58955
0.589547
0.589545
0.589542
0.58954
0.589539
0.589538
0.589537
0.589536
0.589536
0.589535
0.589536
0.589536
0.589536
0.589537
0.589538
0.589538
0.589539
0.58954
0.589542
0.589542
0.589544
0.589544
0.589546
0.589545
0.589548
0.585821
0.586449
0.587284
0.587997
0.588565
0.589037
0.589443
0.589795
0.590096
0.590354
0.590573
0.590762
0.590921
0.591057
0.591171
0.591267
0.591347
0.591412
0.591465
0.591507
0.591539
0.591563
0.591579
0.591588
0.59159
0.591587
0.591579
0.591567
0.59155
0.59153
0.591505
0.591477
0.591447
0.591413
0.591376
0.591337
0.591295
0.591252
0.591207
0.59116
0.591113
0.591063
0.591014
0.590964
0.590913
0.590863
0.590813
0.590763
0.590714
0.590666
0.590619
0.590573
0.590529
0.590487
0.590447
0.590408
0.590371
0.590336
0.590302
0.59027
0.59024
0.590211
0.590184
0.590158
0.590133
0.59011
0.590088
0.590068
0.590048
0.59003
0.590012
0.589996
0.58998
0.589965
0.589951
0.589938
0.589926
0.589914
0.589903
0.589893
0.589883
0.589874
0.589865
0.589857
0.58985
0.589843
0.589836
0.58983
0.589824
0.589818
0.589813
0.589808
0.589803
0.589798
0.589793
0.589789
0.589784
0.58978
0.589774
0.589769
0.586441
0.587001
0.587732
0.588405
0.588967
0.589436
0.589838
0.590182
0.59048
0.590734
0.590952
0.591136
0.591295
0.591429
0.591544
0.591641
0.591724
0.591793
0.59185
0.591897
0.591936
0.591967
0.591991
0.59201
0.592023
0.592032
0.592037
0.592038
0.592036
0.592031
0.592024
0.592014
0.592002
0.591989
0.591974
0.591957
0.591939
0.591919
0.591898
0.591876
0.591852
0.591827
0.591801
0.591774
0.591745
0.591716
0.591685
0.591654
0.591621
0.591587
0.591551
0.591515
0.591478
0.591439
0.591399
0.591358
0.591316
0.591274
0.591231
0.591187
0.591144
0.5911
0.591056
0.591013
0.59097
0.590928
0.590886
0.590845
0.590806
0.590767
0.59073
0.590693
0.590659
0.590625
0.590593
0.590563
0.590533
0.590506
0.590479
0.590454
0.59043
0.590408
0.590386
0.590366
0.590346
0.590328
0.59031
0.590293
0.590276
0.590261
0.590245
0.590231
0.590217
0.590203
0.59019
0.590177
0.590163
0.590151
0.590136
0.590122
0.586635
0.587126
0.58777
0.588404
0.588966
0.589451
0.58987
0.590235
0.590551
0.590824
0.59106
0.591262
0.591436
0.591585
0.591713
0.591821
0.591913
0.591991
0.592057
0.592112
0.592156
0.592193
0.592222
0.592245
0.592262
0.592274
0.592283
0.592287
0.592288
0.592287
0.592283
0.592276
0.592269
0.592259
0.592249
0.592237
0.592224
0.592211
0.592197
0.592182
0.592167
0.592152
0.592136
0.59212
0.592104
0.592088
0.592071
0.592055
0.592038
0.592021
0.592004
0.591987
0.59197
0.591952
0.591934
0.591917
0.591898
0.591879
0.59186
0.59184
0.59182
0.591798
0.591776
0.591754
0.59173
0.591706
0.591681
0.591655
0.591629
0.591601
0.591573
0.591543
0.591514
0.591483
0.591452
0.59142
0.591387
0.591354
0.591321
0.591286
0.591253
0.591218
0.591184
0.591149
0.591116
0.591082
0.591049
0.591016
0.590984
0.590952
0.590922
0.59089
0.590862
0.590832
0.590806
0.590776
0.590752
0.590722
0.5907
0.590665
0.587022
0.587559
0.588127
0.588696
0.589219
0.589682
0.590086
0.590439
0.590746
0.591013
0.591243
0.591441
0.591612
0.591757
0.591881
0.591987
0.592076
0.592151
0.592214
0.592266
0.592308
0.592343
0.59237
0.592391
0.592406
0.592417
0.592424
0.592426
0.592426
0.592424
0.592419
0.592412
0.592403
0.592393
0.592382
0.59237
0.592358
0.592344
0.592331
0.592316
0.592302
0.592287
0.592273
0.592258
0.592243
0.592229
0.592215
0.592201
0.592187
0.592173
0.59216
0.592147
0.592134
0.592121
0.592109
0.592097
0.592085
0.592074
0.592062
0.592051
0.59204
0.592029
0.592019
0.592008
0.591998
0.591987
0.591977
0.591967
0.591956
0.591946
0.591935
0.591924
0.591914
0.591903
0.591892
0.59188
0.591868
0.591855
0.591843
0.591829
0.591815
0.591801
0.591786
0.591769
0.591753
0.591735
0.591718
0.591698
0.591679
0.591657
0.591637
0.591613
0.591592
0.591565
0.591543
0.591514
0.591491
0.591459
0.591434
0.591395
0.587291
0.587857
0.588419
0.588959
0.58945
0.589882
0.59026
0.59059
0.590878
0.591128
0.591345
0.591532
0.591692
0.59183
0.591948
0.592047
0.592132
0.592203
0.592264
0.592313
0.592354
0.592386
0.592412
0.592432
0.592447
0.592457
0.592463
0.592466
0.592466
0.592464
0.592459
0.592453
0.592445
0.592435
0.592425
0.592414
0.592402
0.592389
0.592377
0.592363
0.59235
0.592336
0.592322
0.592309
0.592295
0.592282
0.592269
0.592256
0.592243
0.59223
0.592218
0.592206
0.592195
0.592183
0.592173
0.592162
0.592152
0.592141
0.592132
0.592122
0.592113
0.592104
0.592095
0.592087
0.592079
0.592071
0.592063
0.592056
0.592049
0.592042
0.592035
0.592029
0.592023
0.592017
0.592011
0.592005
0.591999
0.591994
0.591988
0.591983
0.591977
0.591972
0.591966
0.591961
0.591955
0.591949
0.591944
0.591938
0.591932
0.591925
0.591919
0.591911
0.591905
0.591896
0.591889
0.591879
0.59187
0.59186
0.591851
0.591833
0.587527
0.588056
0.588589
0.58909
0.589542
0.589945
0.590302
0.590617
0.590895
0.591138
0.59135
0.591534
0.591693
0.59183
0.591948
0.592049
0.592135
0.592208
0.59227
0.592321
0.592363
0.592398
0.592426
0.592448
0.592465
0.592477
0.592485
0.592489
0.592491
0.59249
0.592487
0.592482
0.592475
0.592467
0.592459
0.592448
0.592438
0.592426
0.592415
0.592402
0.59239
0.592377
0.592365
0.592352
0.592339
0.592326
0.592314
0.592302
0.59229
0.592278
0.592266
0.592255
0.592244
0.592233
0.592223
0.592213
0.592203
0.592193
0.592184
0.592175
0.592166
0.592158
0.59215
0.592142
0.592134
0.592127
0.59212
0.592113
0.592106
0.5921
0.592094
0.592088
0.592082
0.592076
0.592071
0.592066
0.592061
0.592056
0.592052
0.592047
0.592042
0.592038
0.592034
0.592029
0.592026
0.592021
0.592017
0.592013
0.59201
0.592005
0.592002
0.591997
0.591994
0.591989
0.591985
0.59198
0.591976
0.591971
0.591966
0.591961
0.587777
0.588267
0.588777
0.58925
0.589674
0.590053
0.590391
0.590691
0.590956
0.591189
0.591393
0.591571
0.591725
0.591858
0.591973
0.592071
0.592156
0.592227
0.592287
0.592338
0.59238
0.592414
0.592442
0.592464
0.592481
0.592493
0.592502
0.592506
0.592509
0.592508
0.592506
0.592501
0.592495
0.592488
0.59248
0.59247
0.59246
0.59245
0.592439
0.592427
0.592415
0.592403
0.592391
0.592379
0.592367
0.592355
0.592343
0.592332
0.59232
0.592309
0.592298
0.592287
0.592277
0.592267
0.592257
0.592247
0.592238
0.592229
0.59222
0.592212
0.592204
0.592196
0.592188
0.59218
0.592173
0.592166
0.592159
0.592153
0.592147
0.592141
0.592135
0.592129
0.592124
0.592119
0.592114
0.592109
0.592104
0.592099
0.592095
0.592091
0.592087
0.592082
0.592079
0.592075
0.592071
0.592067
0.592063
0.59206
0.592056
0.592052
0.592049
0.592045
0.592042
0.592038
0.592034
0.59203
0.592026
0.592022
0.592018
0.592014
0.588042
0.58849
0.588969
0.589411
0.589804
0.590155
0.590471
0.590754
0.591004
0.591226
0.59142
0.591591
0.591739
0.591868
0.59198
0.592076
0.592159
0.592229
0.592289
0.592339
0.592381
0.592415
0.592443
0.592466
0.592483
0.592496
0.592505
0.592511
0.592514
0.592515
0.592513
0.592509
0.592504
0.592498
0.592491
0.592482
0.592473
0.592463
0.592453
0.592443
0.592432
0.592421
0.592409
0.592398
0.592387
0.592376
0.592365
0.592354
0.592343
0.592333
0.592322
0.592312
0.592302
0.592293
0.592284
0.592275
0.592266
0.592257
0.592249
0.592241
0.592233
0.592226
0.592218
0.592211
0.592204
0.592198
0.592191
0.592185
0.592179
0.592174
0.592168
0.592163
0.592158
0.592153
0.592148
0.592143
0.592139
0.592135
0.59213
0.592126
0.592122
0.592118
0.592115
0.592111
0.592107
0.592104
0.5921
0.592097
0.592093
0.59209
0.592086
0.592083
0.59208
0.592076
0.592072
0.592069
0.592065
0.592061
0.592057
0.592054
0.588319
0.588723
0.589167
0.589578
0.589941
0.590267
0.590561
0.590827
0.591063
0.591273
0.591458
0.59162
0.591762
0.591886
0.591994
0.592087
0.592167
0.592235
0.592293
0.592342
0.592383
0.592417
0.592445
0.592467
0.592485
0.592498
0.592507
0.592514
0.592517
0.592518
0.592517
0.592514
0.59251
0.592504
0.592497
0.59249
0.592481
0.592472
0.592463
0.592453
0.592443
0.592432
0.592422
0.592411
0.592401
0.59239
0.59238
0.59237
0.59236
0.59235
0.59234
0.592331
0.592321
0.592312
0.592304
0.592295
0.592287
0.592279
0.592271
0.592263
0.592256
0.592249
0.592242
0.592235
0.592229
0.592223
0.592217
0.592211
0.592205
0.5922
0.592195
0.59219
0.592185
0.59218
0.592176
0.592171
0.592167
0.592163
0.592159
0.592155
0.592152
0.592148
0.592144
0.592141
0.592137
0.592134
0.592131
0.592127
0.592124
0.592121
0.592118
0.592114
0.592111
0.592108
0.592104
0.592101
0.592097
0.592094
0.59209
0.592087
0.588605
0.588965
0.589373
0.589751
0.590085
0.590385
0.590658
0.590904
0.591125
0.591322
0.591496
0.59165
0.591785
0.591902
0.592005
0.592094
0.592171
0.592237
0.592293
0.592341
0.59238
0.592414
0.592441
0.592463
0.59248
0.592493
0.592503
0.59251
0.592514
0.592515
0.592515
0.592512
0.592509
0.592504
0.592498
0.592491
0.592483
0.592475
0.592466
0.592457
0.592448
0.592438
0.592429
0.592419
0.592409
0.592399
0.59239
0.59238
0.592371
0.592361
0.592352
0.592344
0.592335
0.592327
0.592318
0.59231
0.592303
0.592295
0.592288
0.592281
0.592274
0.592267
0.592261
0.592255
0.592249
0.592243
0.592237
0.592232
0.592226
0.592221
0.592216
0.592212
0.592207
0.592203
0.592199
0.592194
0.59219
0.592187
0.592183
0.592179
0.592176
0.592172
0.592169
0.592166
0.592162
0.592159
0.592156
0.592153
0.59215
0.592147
0.592144
0.59214
0.592137
0.592134
0.592131
0.592128
0.592125
0.592121
0.592118
0.592115
0.588896
0.589215
0.589584
0.589929
0.590234
0.590509
0.59076
0.590987
0.591193
0.591376
0.591539
0.591683
0.59181
0.591921
0.592018
0.592103
0.592176
0.592239
0.592293
0.592338
0.592377
0.592409
0.592435
0.592456
0.592473
0.592486
0.592496
0.592503
0.592507
0.592509
0.592509
0.592507
0.592504
0.592499
0.592494
0.592488
0.592481
0.592473
0.592465
0.592457
0.592448
0.592439
0.59243
0.592421
0.592412
0.592403
0.592394
0.592385
0.592377
0.592368
0.59236
0.592351
0.592343
0.592335
0.592328
0.59232
0.592313
0.592306
0.592299
0.592293
0.592286
0.59228
0.592274
0.592268
0.592263
0.592257
0.592252
0.592247
0.592242
0.592237
0.592233
0.592228
0.592224
0.59222
0.592216
0.592212
0.592208
0.592205
0.592201
0.592198
0.592194
0.592191
0.592188
0.592185
0.592182
0.592179
0.592176
0.592173
0.59217
0.592167
0.592164
0.592161
0.592159
0.592156
0.592153
0.59215
0.592147
0.592144
0.592141
0.592138
0.589189
0.589468
0.589799
0.590111
0.590388
0.590637
0.590866
0.591075
0.591264
0.591433
0.591584
0.591718
0.591836
0.59194
0.592031
0.592111
0.59218
0.592239
0.59229
0.592333
0.592369
0.5924
0.592425
0.592446
0.592462
0.592475
0.592484
0.592491
0.592495
0.592497
0.592498
0.592496
0.592494
0.59249
0.592485
0.59248
0.592473
0.592466
0.592459
0.592451
0.592444
0.592435
0.592427
0.592419
0.592411
0.592402
0.592394
0.592386
0.592378
0.59237
0.592362
0.592354
0.592347
0.59234
0.592333
0.592326
0.592319
0.592312
0.592306
0.5923
0.592294
0.592288
0.592283
0.592277
0.592272
0.592267
0.592262
0.592257
0.592253
0.592249
0.592244
0.59224
0.592236
0.592232
0.592229
0.592225
0.592222
0.592218
0.592215
0.592212
0.592209
0.592206
0.592203
0.5922
0.592197
0.592194
0.592192
0.592189
0.592186
0.592184
0.592181
0.592178
0.592175
0.592173
0.59217
0.592167
0.592164
0.592162
0.592159
0.592156
0.58948
0.589722
0.590017
0.590295
0.590544
0.590769
0.590976
0.591165
0.591337
0.591492
0.591631
0.591754
0.591863
0.59196
0.592044
0.592118
0.592182
0.592238
0.592285
0.592326
0.59236
0.592389
0.592413
0.592432
0.592448
0.59246
0.592469
0.592476
0.59248
0.592482
0.592483
0.592482
0.59248
0.592476
0.592472
0.592467
0.592462
0.592455
0.592449
0.592442
0.592435
0.592427
0.59242
0.592412
0.592404
0.592397
0.592389
0.592382
0.592374
0.592367
0.59236
0.592353
0.592346
0.592339
0.592333
0.592326
0.59232
0.592314
0.592309
0.592303
0.592298
0.592292
0.592287
0.592282
0.592277
0.592273
0.592268
0.592264
0.59226
0.592256
0.592252
0.592248
0.592244
0.592241
0.592237
0.592234
0.592231
0.592228
0.592225
0.592222
0.592219
0.592216
0.592214
0.592211
0.592208
0.592206
0.592203
0.592201
0.592198
0.592196
0.592193
0.592191
0.592188
0.592186
0.592183
0.592181
0.592178
0.592175
0.592173
0.592171
0.589767
0.589975
0.590234
0.590481
0.590701
0.590902
0.591088
0.591258
0.591413
0.591554
0.591679
0.591792
0.591891
0.59198
0.592057
0.592125
0.592184
0.592235
0.592279
0.592317
0.592349
0.592376
0.592398
0.592416
0.592431
0.592442
0.592451
0.592457
0.592461
0.592464
0.592464
0.592464
0.592462
0.592459
0.592455
0.592451
0.592446
0.59244
0.592434
0.592428
0.592422
0.592415
0.592408
0.592401
0.592394
0.592387
0.59238
0.592374
0.592367
0.59236
0.592354
0.592347
0.592341
0.592335
0.592329
0.592324
0.592318
0.592313
0.592307
0.592302
0.592297
0.592292
0.592288
0.592283
0.592279
0.592275
0.592271
0.592267
0.592263
0.592259
0.592256
0.592252
0.592249
0.592246
0.592242
0.592239
0.592237
0.592234
0.592231
0.592228
0.592226
0.592223
0.592221
0.592218
0.592216
0.592214
0.592211
0.592209
0.592207
0.592204
0.592202
0.5922
0.592198
0.592195
0.592193
0.592191
0.592188
0.592186
0.592184
0.592182
0.590049
0.590226
0.59045
0.590666
0.59086
0.591037
0.591201
0.591353
0.591491
0.591616
0.591729
0.59183
0.59192
0.592
0.59207
0.592132
0.592186
0.592232
0.592272
0.592307
0.592336
0.59236
0.592381
0.592397
0.592411
0.592422
0.59243
0.592436
0.59244
0.592442
0.592443
0.592442
0.592441
0.592439
0.592435
0.592431
0.592427
0.592422
0.592417
0.592411
0.592405
0.592399
0.592393
0.592387
0.592381
0.592375
0.592368
0.592362
0.592356
0.59235
0.592345
0.592339
0.592333
0.592328
0.592323
0.592317
0.592312
0.592308
0.592303
0.592298
0.592294
0.592289
0.592285
0.592281
0.592277
0.592273
0.59227
0.592266
0.592263
0.592259
0.592256
0.592253
0.59225
0.592247
0.592245
0.592242
0.592239
0.592237
0.592234
0.592232
0.59223
0.592227
0.592225
0.592223
0.592221
0.592219
0.592216
0.592214
0.592212
0.59221
0.592208
0.592206
0.592204
0.592202
0.5922
0.592198
0.592196
0.592194
0.592192
0.59219
0.590325
0.590473
0.590665
0.590851
0.591019
0.591173
0.591316
0.591449
0.591571
0.591681
0.591781
0.59187
0.59195
0.592021
0.592084
0.592139
0.592187
0.592228
0.592264
0.592295
0.592321
0.592344
0.592362
0.592377
0.592389
0.592399
0.592407
0.592412
0.592416
0.592418
0.592419
0.592419
0.592417
0.592415
0.592413
0.592409
0.592405
0.592401
0.592396
0.592392
0.592386
0.592381
0.592376
0.59237
0.592365
0.592359
0.592354
0.592349
0.592343
0.592338
0.592333
0.592328
0.592323
0.592318
0.592313
0.592309
0.592304
0.5923
0.592296
0.592292
0.592288
0.592284
0.59228
0.592277
0.592273
0.59227
0.592267
0.592263
0.59226
0.592258
0.592255
0.592252
0.592249
0.592247
0.592244
0.592242
0.59224
0.592237
0.592235
0.592233
0.592231
0.592229
0.592227
0.592225
0.592223
0.592221
0.592219
0.592218
0.592216
0.592214
0.592212
0.59221
0.592209
0.592207
0.592205
0.592203
0.592201
0.592199
0.592198
0.592196
0.590594
0.590716
0.590877
0.591035
0.591178
0.59131
0.591433
0.591547
0.591652
0.591747
0.591834
0.591911
0.591981
0.592043
0.592097
0.592146
0.592188
0.592224
0.592256
0.592283
0.592306
0.592326
0.592342
0.592356
0.592367
0.592375
0.592382
0.592387
0.59239
0.592392
0.592393
0.592393
0.592392
0.59239
0.592388
0.592385
0.592382
0.592378
0.592374
0.59237
0.592366
0.592361
0.592356
0.592352
0.592347
0.592342
0.592337
0.592333
0.592328
0.592324
0.592319
0.592315
0.592311
0.592306
0.592302
0.592298
0.592295
0.592291
0.592287
0.592284
0.59228
0.592277
0.592274
0.592271
0.592268
0.592265
0.592262
0.592259
0.592257
0.592254
0.592252
0.592249
0.592247
0.592245
0.592243
0.592241
0.592239
0.592237
0.592235
0.592233
0.592231
0.592229
0.592228
0.592226
0.592224
0.592223
0.592221
0.59222
0.592218
0.592216
0.592215
0.592213
0.592212
0.59221
0.592209
0.592207
0.592205
0.592204
0.592202
0.592201
0.590857
0.590956
0.591088
0.591218
0.591337
0.591447
0.59155
0.591646
0.591734
0.591815
0.591888
0.591954
0.592013
0.592066
0.592112
0.592153
0.592189
0.59222
0.592248
0.592271
0.592291
0.592308
0.592322
0.592333
0.592343
0.59235
0.592356
0.59236
0.592363
0.592365
0.592366
0.592366
0.592365
0.592364
0.592362
0.59236
0.592357
0.592354
0.592351
0.592347
0.592344
0.59234
0.592336
0.592332
0.592328
0.592324
0.59232
0.592316
0.592312
0.592308
0.592305
0.592301
0.592297
0.592294
0.592291
0.592287
0.592284
0.592281
0.592278
0.592275
0.592272
0.592269
0.592267
0.592264
0.592261
0.592259
0.592257
0.592254
0.592252
0.59225
0.592248
0.592246
0.592244
0.592242
0.59224
0.592239
0.592237
0.592235
0.592234
0.592232
0.592231
0.592229
0.592228
0.592226
0.592225
0.592224
0.592222
0.592221
0.59222
0.592218
0.592217
0.592216
0.592214
0.592213
0.592212
0.59221
0.592209
0.592208
0.592206
0.592205
0.591113
0.59119
0.591295
0.591399
0.591495
0.591584
0.591668
0.591746
0.591817
0.591883
0.591943
0.591997
0.592045
0.592089
0.592127
0.592161
0.592191
0.592217
0.592239
0.592258
0.592275
0.592289
0.592301
0.592311
0.592318
0.592325
0.59233
0.592334
0.592336
0.592338
0.592339
0.592339
0.592339
0.592338
0.592336
0.592334
0.592332
0.59233
0.592327
0.592324
0.592321
0.592318
0.592315
0.592312
0.592309
0.592306
0.592303
0.592299
0.592296
0.592293
0.59229
0.592287
0.592284
0.592282
0.592279
0.592276
0.592274
0.592271
0.592269
0.592266
0.592264
0.592262
0.59226
0.592257
0.592255
0.592253
0.592252
0.59225
0.592248
0.592246
0.592245
0.592243
0.592241
0.59224
0.592238
0.592237
0.592236
0.592234
0.592233
0.592232
0.592231
0.592229
0.592228
0.592227
0.592226
0.592225
0.592224
0.592223
0.592222
0.592221
0.592219
0.592218
0.592217
0.592216
0.592215
0.592214
0.592213
0.592212
0.592211
0.59221
0.591364
0.591422
0.591502
0.591581
0.591655
0.591723
0.591787
0.591847
0.591903
0.591954
0.592
0.592042
0.59208
0.592114
0.592144
0.59217
0.592194
0.592214
0.592232
0.592247
0.592261
0.592272
0.592281
0.592289
0.592296
0.592301
0.592305
0.592308
0.59231
0.592312
0.592313
0.592313
0.592313
0.592312
0.592311
0.59231
0.592309
0.592307
0.592305
0.592303
0.592301
0.592298
0.592296
0.592294
0.592291
0.592289
0.592286
0.592284
0.592282
0.592279
0.592277
0.592275
0.592273
0.59227
0.592268
0.592266
0.592264
0.592262
0.59226
0.592258
0.592257
0.592255
0.592253
0.592252
0.59225
0.592249
0.592247
0.592246
0.592244
0.592243
0.592242
0.59224
0.592239
0.592238
0.592237
0.592236
0.592235
0.592234
0.592233
0.592232
0.592231
0.59223
0.592229
0.592228
0.592227
0.592226
0.592225
0.592224
0.592223
0.592223
0.592222
0.592221
0.59222
0.592219
0.592218
0.592217
0.592217
0.592216
0.592215
0.592214
0.591609
0.591649
0.591704
0.59176
0.591812
0.59186
0.591905
0.591948
0.591988
0.592024
0.592057
0.592088
0.592115
0.59214
0.592162
0.592182
0.592199
0.592214
0.592227
0.592239
0.592249
0.592257
0.592264
0.59227
0.592275
0.592279
0.592283
0.592285
0.592287
0.592288
0.592289
0.59229
0.59229
0.592289
0.592289
0.592288
0.592287
0.592286
0.592284
0.592283
0.592281
0.59228
0.592278
0.592276
0.592275
0.592273
0.592271
0.592269
0.592267
0.592266
0.592264
0.592262
0.592261
0.592259
0.592257
0.592256
0.592254
0.592253
0.592252
0.59225
0.592249
0.592248
0.592246
0.592245
0.592244
0.592243
0.592242
0.592241
0.59224
0.592238
0.592238
0.592237
0.592236
0.592235
0.592234
0.592233
0.592232
0.592231
0.592231
0.59223
0.592229
0.592228
0.592228
0.592227
0.592226
0.592226
0.592225
0.592224
0.592224
0.592223
0.592222
0.592222
0.592221
0.59222
0.59222
0.592219
0.592218
0.592218
0.592217
0.592217
0.591849
0.591873
0.591905
0.591938
0.591969
0.591999
0.592027
0.592053
0.592078
0.592101
0.592122
0.592141
0.592159
0.592174
0.592188
0.592201
0.592212
0.592221
0.59223
0.592237
0.592243
0.592249
0.592253
0.592257
0.59226
0.592262
0.592264
0.592265
0.592266
0.592267
0.592267
0.592267
0.592267
0.592267
0.592266
0.592265
0.592264
0.592263
0.592262
0.592261
0.59226
0.592259
0.592258
0.592256
0.592255
0.592254
0.592252
0.592251
0.59225
0.592248
0.592247
0.592246
0.592245
0.592244
0.592243
0.592242
0.592241
0.59224
0.592239
0.592238
0.592237
0.592236
0.592235
0.592234
0.592234
0.592233
0.592232
0.592231
0.592231
0.59223
0.592229
0.592229
0.592228
0.592228
0.592227
0.592226
0.592226
0.592225
0.592225
0.592224
0.592224
0.592224
0.592223
0.592223
0.592222
0.592222
0.592221
0.592221
0.592221
0.59222
0.59222
0.592219
0.592219
0.592219
0.592218
0.592218
0.592217
0.592217
0.592217
0.592216
0.592098
0.592106
0.592118
0.59213
0.592142
0.592153
0.592164
0.592174
0.592183
0.592191
0.592199
0.592205
0.592211
0.592216
0.592221
0.592225
0.592228
0.592231
0.592233
0.592235
0.592236
0.592237
0.592238
0.592238
0.592239
0.592239
0.592239
0.592239
0.592238
0.592238
0.592237
0.592237
0.592236
0.592236
0.592235
0.592234
0.592234
0.592233
0.592232
0.592232
0.592231
0.59223
0.59223
0.592229
0.592228
0.592228
0.592227
0.592227
0.592226
0.592225
0.592225
0.592224
0.592224
0.592223
0.592223
0.592223
0.592222
0.592222
0.592221
0.592221
0.592221
0.592221
0.59222
0.59222
0.59222
0.592219
0.592219
0.592219
0.592219
0.592219
0.592218
0.592218
0.592218
0.592218
0.592218
0.592217
0.592217
0.592217
0.592217
0.592217
0.592217
0.592217
0.592217
0.592216
0.592216
0.592216
0.592216
0.592216
0.592216
0.592216
0.592216
0.592216
0.592215
0.592215
0.592215
0.592215
0.592215
0.592215
0.592215
0.592215
0.584214
0.584213
0.584363
0.584627
0.585008
0.585369
0.585843
0.586175
0.586517
0.586532
0.585042
0.585009
0.585099
0.585274
0.58556
0.585829
0.586196
0.586479
0.586763
0.586838
0.585813
0.585747
0.585782
0.585889
0.586087
0.586284
0.586554
0.586789
0.587023
0.587136
0.586484
0.586406
0.58641
0.586475
0.58661
0.586764
0.586948
0.587148
0.587336
0.587448
0.587086
0.587002
0.586984
0.587023
0.587106
0.587228
0.58736
0.587513
0.587667
0.58777
0.587625
0.587538
0.587508
0.587524
0.587577
0.587665
0.587766
0.587881
0.588005
0.588095
0.588111
0.588025
0.587987
0.587988
0.588021
0.588081
0.588159
0.588247
0.588345
0.588422
0.588553
0.588471
0.588428
0.588419
0.588438
0.588479
0.588537
0.588605
0.588683
0.588749
0.588958
0.58888
0.588836
0.58882
0.588828
0.588856
0.588899
0.588953
0.589016
0.589071
0.58933
0.589258
0.589214
0.589194
0.589195
0.589214
0.589246
0.589288
0.589339
0.589388
0.589675
0.58961
0.589568
0.589546
0.589542
0.589553
0.589577
0.589611
0.589653
0.589695
0.589998
0.589939
0.5899
0.589878
0.589871
0.589878
0.589894
0.589921
0.589955
0.589993
0.590301
0.590249
0.590214
0.590193
0.590184
0.590187
0.590199
0.59022
0.590248
0.590281
0.590587
0.590543
0.590512
0.590492
0.590483
0.590484
0.590492
0.590508
0.590532
0.59056
0.590859
0.590822
0.590796
0.590778
0.59077
0.590769
0.590775
0.590788
0.590806
0.590831
0.591119
0.591089
0.591067
0.591053
0.591045
0.591044
0.591048
0.591058
0.591073
0.591093
0.59137
0.591347
0.59133
0.591319
0.591313
0.591312
0.591315
0.591322
0.591334
0.59135
0.59161
0.591595
0.591583
0.591575
0.591571
0.59157
0.591572
0.591578
0.591586
0.591599
0.59185
0.591841
0.591834
0.591829
0.591826
0.591825
0.591827
0.59183
0.591836
0.591844
0.592086
0.592084
0.592083
0.592082
0.592082
0.592084
0.592085
0.592089
0.592091
0.592095
0.594035
0.59381
0.59347
0.593032
0.592443
0.59161
0.590442
0.588591
0.5866
0.580052
0.592517
0.592049
0.591467
0.590795
0.589934
0.588767
0.5872
0.584772
0.582411
0.574219
0.590877
0.590239
0.589472
0.588589
0.587462
0.585969
0.584044
0.581047
0.578335
0.568514
0.589285
0.588495
0.58757
0.586484
0.585112
0.583315
0.581053
0.577502
0.574548
0.563045
0.587821
0.586894
0.585823
0.584548
0.582949
0.580878
0.578341
0.574272
0.571118
0.558158
0.586519
0.585476
0.58428
0.58284
0.581054
0.578744
0.575983
0.571452
0.568229
0.553992
0.585409
0.584274
0.582978
0.581404
0.579472
0.576977
0.574079
0.569168
0.565937
0.550747
0.584514
0.583316
0.58195
0.580282
0.578261
0.575636
0.57268
0.567517
0.564401
0.548087
0.583852
0.58262
0.581214
0.579496
0.577438
0.574763
0.571826
0.566534
0.563583
0.546508
0.583419
0.58219
0.580783
0.579066
0.577033
0.574386
0.571519
0.566225
0.56356
0.545917
0.603953
0.604963
0.605925
0.606937
0.608054
0.609308
0.61066
0.612107
0.613554
0.61524
0.60382
0.604838
0.605803
0.606815
0.60793
0.609181
0.610529
0.611967
0.613354
0.615062
0.603425
0.604402
0.60533
0.606295
0.607356
0.608539
0.609804
0.611148
0.612372
0.614027
0.602809
0.603715
0.604576
0.605462
0.606419
0.607484
0.60859
0.609751
0.610711
0.612
0.601979
0.602792
0.603554
0.604334
0.605152
0.606043
0.606943
0.607842
0.60847
0.609152
0.600955
0.601643
0.602293
0.602924
0.603579
0.604256
0.604889
0.605468
0.605714
0.605591
0.599765
0.600297
0.600815
0.601276
0.601715
0.602154
0.60248
0.602665
0.602485
0.601377
0.598421
0.598793
0.599146
0.599425
0.599628
0.599773
0.599767
0.599495
0.598874
0.596595
0.596965
0.597161
0.597341
0.597396
0.597354
0.597181
0.596802
0.596048
0.594944
0.591358
0.595395
0.59542
0.595419
0.595245
0.594936
0.594444
0.593668
0.592373
0.590831
0.585793
0.592218
0.592218
0.592218
0.592218
0.592218
0.592219
0.592219
0.59222
0.59222
0.592221
0.592221
0.592222
0.592223
0.592224
0.592225
0.592226
0.592227
0.592229
0.59223
0.592232
0.592234
0.592236
0.592238
0.59224
0.592242
0.592245
0.592248
0.592251
0.592254
0.592258
0.592262
0.592266
0.59227
0.592275
0.59228
0.592286
0.592292
0.592299
0.592305
0.592313
0.592321
0.59233
0.592339
0.59235
0.592359
0.592372
0.592383
0.592398
0.592411
0.592428
0.592443
0.592463
0.592481
0.592504
0.592524
0.59255
0.592574
0.592604
0.592631
0.592666
0.592698
0.592738
0.592775
0.592822
0.592864
0.592917
0.592967
0.593028
0.593085
0.593156
0.593223
0.593304
0.593381
0.593475
0.593565
0.593673
0.593778
0.593903
0.594025
0.594169
0.594312
0.59448
0.594647
0.594844
0.595041
0.595271
0.595507
0.595779
0.596063
0.596388
0.596733
0.597129
0.597556
0.598047
0.598585
0.599208
0.599903
0.600716
0.601639
0.602686
0.592218
0.592218
0.592218
0.592218
0.592218
0.592219
0.592219
0.59222
0.59222
0.592221
0.592221
0.592222
0.592223
0.592224
0.592225
0.592226
0.592227
0.592229
0.59223
0.592232
0.592234
0.592236
0.592238
0.59224
0.592242
0.592245
0.592248
0.592251
0.592254
0.592258
0.592261
0.592266
0.59227
0.592275
0.59228
0.592286
0.592291
0.592299
0.592305
0.592313
0.59232
0.59233
0.592338
0.592349
0.592359
0.592372
0.592383
0.592398
0.592411
0.592428
0.592443
0.592463
0.59248
0.592503
0.592524
0.59255
0.592573
0.592604
0.592631
0.592666
0.592697
0.592738
0.592774
0.592821
0.592863
0.592917
0.592966
0.593028
0.593085
0.593156
0.593223
0.593304
0.593381
0.593475
0.593565
0.593673
0.593778
0.593902
0.594025
0.594169
0.594312
0.59448
0.594647
0.594843
0.59504
0.59527
0.595505
0.595776
0.596059
0.596382
0.596726
0.597119
0.597542
0.598029
0.59856
0.599175
0.599858
0.600656
0.601557
0.602572
0.592218
0.592218
0.592218
0.592218
0.592218
0.592219
0.592219
0.592219
0.59222
0.592221
0.592221
0.592222
0.592223
0.592224
0.592225
0.592226
0.592227
0.592229
0.59223
0.592232
0.592233
0.592236
0.592237
0.59224
0.592242
0.592245
0.592247
0.592251
0.592254
0.592258
0.592261
0.592266
0.59227
0.592275
0.59228
0.592286
0.592291
0.592298
0.592305
0.592313
0.59232
0.59233
0.592338
0.592349
0.592359
0.592371
0.592383
0.592398
0.592411
0.592428
0.592443
0.592462
0.59248
0.592503
0.592523
0.592549
0.592573
0.592603
0.59263
0.592666
0.592697
0.592738
0.592774
0.592821
0.592863
0.592916
0.592966
0.593027
0.593085
0.593155
0.593222
0.593303
0.593381
0.593474
0.593565
0.593672
0.593778
0.593902
0.594024
0.594168
0.594311
0.594478
0.594645
0.59484
0.595037
0.595265
0.595499
0.595768
0.596048
0.596369
0.596708
0.597095
0.59751
0.597985
0.598503
0.599097
0.599753
0.600511
0.601358
0.602287
0.592218
0.592218
0.592218
0.592218
0.592218
0.592218
0.592219
0.592219
0.59222
0.59222
0.592221
0.592222
0.592223
0.592224
0.592225
0.592226
0.592227
0.592228
0.59223
0.592232
0.592233
0.592235
0.592237
0.59224
0.592242
0.592245
0.592247
0.592251
0.592253
0.592257
0.592261
0.592265
0.592269
0.592275
0.592279
0.592285
0.592291
0.592298
0.592304
0.592312
0.59232
0.592329
0.592337
0.592348
0.592358
0.592371
0.592382
0.592397
0.59241
0.592427
0.592442
0.592462
0.592479
0.592502
0.592522
0.592549
0.592572
0.592603
0.59263
0.592665
0.592697
0.592737
0.592774
0.59282
0.592863
0.592916
0.592966
0.593026
0.593085
0.593155
0.593223
0.593303
0.593382
0.593474
0.593566
0.593672
0.593778
0.593901
0.594025
0.594167
0.594311
0.594476
0.594644
0.594837
0.595034
0.595259
0.595492
0.595757
0.596034
0.596348
0.596682
0.597058
0.597463
0.597919
0.598417
0.598977
0.599593
0.600286
0.60105
0.601842
0.592217
0.592217
0.592217
0.592218
0.592218
0.592218
0.592219
0.592219
0.59222
0.59222
0.592221
0.592222
0.592222
0.592223
0.592224
0.592226
0.592227
0.592228
0.59223
0.592231
0.592233
0.592235
0.592237
0.592239
0.592241
0.592244
0.592247
0.59225
0.592253
0.592257
0.59226
0.592265
0.592269
0.592274
0.592279
0.592285
0.59229
0.592297
0.592304
0.592312
0.592319
0.592328
0.592337
0.592348
0.592357
0.59237
0.592381
0.592396
0.592409
0.592426
0.592441
0.592461
0.592478
0.592501
0.592521
0.592548
0.592571
0.592601
0.592629
0.592663
0.592696
0.592735
0.592773
0.592818
0.592862
0.592914
0.592965
0.593025
0.593084
0.593153
0.593222
0.593301
0.593381
0.593472
0.593565
0.59367
0.593777
0.593899
0.594024
0.594164
0.594309
0.594472
0.594641
0.59483
0.595027
0.595249
0.59548
0.595739
0.596013
0.596318
0.596644
0.597006
0.597396
0.597828
0.598295
0.598813
0.599369
0.599981
0.600625
0.601246
0.592217
0.592217
0.592217
0.592217
0.592218
0.592218
0.592218
0.592219
0.592219
0.59222
0.592221
0.592221
0.592222
0.592223
0.592224
0.592225
0.592226
0.592228
0.592229
0.592231
0.592233
0.592235
0.592236
0.592239
0.592241
0.592244
0.592246
0.59225
0.592253
0.592256
0.59226
0.592264
0.592268
0.592274
0.592278
0.592284
0.59229
0.592297
0.592303
0.592311
0.592318
0.592328
0.592336
0.592347
0.592357
0.592369
0.59238
0.592395
0.592408
0.592425
0.59244
0.59246
0.592477
0.5925
0.59252
0.592547
0.59257
0.592601
0.592628
0.592663
0.592695
0.592735
0.592772
0.592818
0.592861
0.592914
0.592964
0.593026
0.593084
0.593154
0.593222
0.593302
0.593381
0.593474
0.593565
0.593672
0.593778
0.593901
0.594024
0.594166
0.594308
0.594472
0.594638
0.594828
0.595021
0.595242
0.595467
0.595724
0.595987
0.596288
0.596596
0.596948
0.597309
0.59772
0.598139
0.598611
0.599084
0.5996
0.600089
0.600501
0.592217
0.592217
0.592217
0.592217
0.592217
0.592218
0.592218
0.592219
0.592219
0.59222
0.59222
0.592221
0.592222
0.592223
0.592224
0.592225
0.592226
0.592227
0.592229
0.592231
0.592232
0.592234
0.592236
0.592238
0.59224
0.592243
0.592246
0.592249
0.592252
0.592256
0.592259
0.592264
0.592268
0.592273
0.592277
0.592283
0.592289
0.592296
0.592302
0.59231
0.592317
0.592326
0.592335
0.592346
0.592355
0.592368
0.592379
0.592394
0.592407
0.592424
0.592439
0.592458
0.592476
0.592499
0.592519
0.592545
0.592568
0.592599
0.592626
0.592661
0.592692
0.592733
0.592769
0.592817
0.592858
0.592913
0.592962
0.593024
0.593081
0.593152
0.593219
0.593301
0.593378
0.593472
0.593562
0.59367
0.593774
0.593898
0.594019
0.594162
0.594302
0.594467
0.594629
0.594819
0.595007
0.595226
0.595444
0.595697
0.59595
0.596241
0.596533
0.596866
0.5972
0.597574
0.597948
0.598352
0.59874
0.599125
0.59945
0.599605
0.592216
0.592217
0.592217
0.592217
0.592217
0.592217
0.592218
0.592218
0.592219
0.592219
0.59222
0.592221
0.592221
0.592222
0.592223
0.592224
0.592226
0.592227
0.592228
0.59223
0.592232
0.592234
0.592235
0.592238
0.59224
0.592243
0.592245
0.592248
0.592251
0.592255
0.592258
0.592263
0.592267
0.592272
0.592277
0.592283
0.592288
0.592295
0.592301
0.592309
0.592316
0.592326
0.592334
0.592345
0.592354
0.592367
0.592378
0.592393
0.592406
0.592423
0.592438
0.592457
0.592475
0.592498
0.592518
0.592544
0.592568
0.592598
0.592625
0.592661
0.592692
0.592733
0.59277
0.592817
0.592859
0.592914
0.592963
0.593026
0.593083
0.593155
0.593222
0.593304
0.593382
0.593476
0.593567
0.593674
0.59378
0.593903
0.594025
0.594167
0.594308
0.59447
0.594633
0.594819
0.595006
0.59522
0.595434
0.595677
0.595923
0.596197
0.596475
0.59678
0.597087
0.597413
0.597733
0.598054
0.59834
0.598575
0.598709
0.598585
0.592216
0.592216
0.592216
0.592216
0.592217
0.592217
0.592217
0.592218
0.592218
0.592219
0.592219
0.59222
0.592221
0.592222
0.592223
0.592224
0.592225
0.592226
0.592228
0.592229
0.592231
0.592233
0.592235
0.592237
0.592239
0.592242
0.592244
0.592248
0.59225
0.592254
0.592258
0.592262
0.592266
0.592271
0.592275
0.592281
0.592287
0.592293
0.592299
0.592307
0.592315
0.592324
0.592332
0.592343
0.592352
0.592365
0.592376
0.592391
0.592403
0.59242
0.592435
0.592455
0.592472
0.592495
0.592515
0.592541
0.592564
0.592595
0.592622
0.592657
0.592689
0.592729
0.592766
0.592812
0.592855
0.592908
0.592959
0.59302
0.593078
0.593148
0.593217
0.593297
0.593376
0.593468
0.59356
0.593666
0.593772
0.593893
0.594015
0.594154
0.594295
0.594453
0.594615
0.594796
0.594981
0.595186
0.595396
0.595626
0.595863
0.596117
0.596377
0.59665
0.596923
0.597198
0.597456
0.597686
0.597859
0.597935
0.597861
0.597456
0.592216
0.592216
0.592216
0.592216
0.592216
0.592217
0.592217
0.592217
0.592218
0.592218
0.592219
0.59222
0.59222
0.592221
0.592222
0.592223
0.592225
0.592226
0.592227
0.592229
0.59223
0.592232
0.592234
0.592236
0.592239
0.592241
0.592244
0.592247
0.59225
0.592253
0.592257
0.592261
0.592265
0.59227
0.592275
0.59228
0.592286
0.592293
0.592299
0.592307
0.592314
0.592323
0.592331
0.592342
0.592352
0.592364
0.592376
0.59239
0.592403
0.59242
0.592435
0.592455
0.592473
0.592495
0.592516
0.592542
0.592566
0.592596
0.592625
0.592659
0.592692
0.592732
0.592771
0.592816
0.592862
0.592914
0.592967
0.593027
0.593088
0.593157
0.593229
0.593308
0.593391
0.593482
0.593577
0.593682
0.593792
0.593912
0.594038
0.594175
0.594319
0.594475
0.59464
0.594817
0.595002
0.595201
0.595408
0.595627
0.595854
0.59609
0.596329
0.596569
0.596801
0.597016
0.597196
0.59732
0.597352
0.59724
0.596924
0.596228
0.592215
0.592215
0.592215
0.592216
0.592216
0.592216
0.592216
0.592217
0.592217
0.592218
0.592218
0.592219
0.59222
0.592221
0.592222
0.592223
0.592224
0.592225
0.592226
0.592228
0.59223
0.592231
0.592233
0.592235
0.592238
0.59224
0.592243
0.592246
0.592248
0.592252
0.592255
0.59226
0.592263
0.592268
0.592273
0.592279
0.592284
0.59229
0.592296
0.592304
0.592311
0.59232
0.592329
0.592339
0.592349
0.592361
0.592372
0.592386
0.592399
0.592415
0.592431
0.592449
0.592467
0.592489
0.59251
0.592535
0.59256
0.592588
0.592617
0.59265
0.592684
0.592722
0.592761
0.592805
0.59285
0.592901
0.592954
0.593012
0.593074
0.593141
0.593212
0.593289
0.593371
0.59346
0.593554
0.593657
0.593765
0.593882
0.594005
0.594138
0.594279
0.594429
0.594588
0.594757
0.594933
0.59512
0.595313
0.595515
0.59572
0.595928
0.596132
0.596327
0.596503
0.596647
0.596739
0.596751
0.596643
0.596366
0.59585
0.594923
0.592215
0.592215
0.592215
0.592215
0.592215
0.592216
0.592216
0.592216
0.592217
0.592217
0.592218
0.592219
0.592219
0.59222
0.592221
0.592222
0.592223
0.592224
0.592226
0.592227
0.592229
0.59223
0.592232
0.592234
0.592236
0.592239
0.592241
0.592244
0.592247
0.59225
0.592253
0.592257
0.592261
0.592266
0.59227
0.592275
0.592281
0.592287
0.592293
0.5923
0.592307
0.592315
0.592324
0.592333
0.592343
0.592354
0.592365
0.592378
0.592392
0.592406
0.592422
0.592439
0.592457
0.592477
0.592498
0.592521
0.592545
0.592572
0.5926
0.592631
0.592664
0.5927
0.592738
0.592779
0.592823
0.592871
0.592922
0.592977
0.593036
0.5931
0.593167
0.593241
0.593319
0.593403
0.593493
0.593589
0.593692
0.593801
0.593918
0.594043
0.594174
0.594314
0.594462
0.594618
0.59478
0.59495
0.595125
0.595305
0.595486
0.595666
0.595838
0.595997
0.596133
0.596231
0.596274
0.596233
0.596079
0.595757
0.59522
0.594361
0.592214
0.592214
0.592214
0.592215
0.592215
0.592215
0.592215
0.592216
0.592216
0.592217
0.592217
0.592218
0.592219
0.592219
0.59222
0.592221
0.592222
0.592224
0.592225
0.592226
0.592228
0.592229
0.592231
0.592233
0.592235
0.592237
0.59224
0.592242
0.592245
0.592248
0.592252
0.592255
0.592259
0.592263
0.592268
0.592273
0.592278
0.592284
0.59229
0.592296
0.592304
0.592311
0.59232
0.592329
0.592338
0.592349
0.59236
0.592372
0.592385
0.592399
0.592414
0.592431
0.592448
0.592467
0.592488
0.59251
0.592533
0.592559
0.592586
0.592616
0.592648
0.592682
0.592719
0.592759
0.592802
0.592848
0.592897
0.59295
0.593007
0.593068
0.593134
0.593204
0.593279
0.59336
0.593446
0.593538
0.593636
0.59374
0.593851
0.593969
0.594094
0.594225
0.594364
0.594508
0.594658
0.594814
0.594972
0.595132
0.595291
0.595444
0.595587
0.595712
0.595809
0.595866
0.595864
0.595779
0.595587
0.595241
0.594707
0.593923
0.592214
0.592214
0.592214
0.592214
0.592214
0.592215
0.592215
0.592215
0.592216
0.592216
0.592217
0.592217
0.592218
0.592219
0.59222
0.592221
0.592221
0.592223
0.592224
0.592225
0.592227
0.592228
0.59223
0.592232
0.592234
0.592236
0.592238
0.592241
0.592243
0.592246
0.592249
0.592253
0.592257
0.592261
0.592265
0.59227
0.592275
0.59228
0.592286
0.592292
0.592299
0.592307
0.592314
0.592323
0.592332
0.592342
0.592353
0.592364
0.592377
0.59239
0.592405
0.592421
0.592437
0.592455
0.592475
0.592496
0.592519
0.592543
0.592569
0.592598
0.592628
0.592661
0.592696
0.592734
0.592775
0.592819
0.592866
0.592916
0.592971
0.593029
0.593091
0.593158
0.59323
0.593306
0.593388
0.593475
0.593568
0.593667
0.593772
0.593882
0.593999
0.594122
0.59425
0.594384
0.594522
0.594663
0.594806
0.594948
0.595086
0.595216
0.595333
0.595429
0.595494
0.595516
0.595479
0.595358
0.595138
0.594775
0.594246
0.593514
0.592213
0.592213
0.592213
0.592214
0.592214
0.592214
0.592214
0.592215
0.592215
0.592215
0.592216
0.592217
0.592217
0.592218
0.592219
0.59222
0.592221
0.592222
0.592223
0.592224
0.592225
0.592227
0.592229
0.59223
0.592232
0.592234
0.592236
0.592239
0.592241
0.592244
0.592247
0.592251
0.592254
0.592258
0.592262
0.592267
0.592271
0.592277
0.592282
0.592288
0.592295
0.592302
0.592309
0.592317
0.592326
0.592336
0.592346
0.592357
0.592369
0.592382
0.592396
0.59241
0.592426
0.592444
0.592462
0.592483
0.592504
0.592527
0.592553
0.592579
0.592609
0.59264
0.592673
0.59271
0.592748
0.59279
0.592835
0.592883
0.592935
0.59299
0.59305
0.593113
0.593181
0.593254
0.593331
0.593413
0.593501
0.593594
0.593692
0.593796
0.593905
0.594019
0.594138
0.59426
0.594386
0.594514
0.594641
0.594766
0.594885
0.594994
0.595087
0.595157
0.595195
0.595189
0.595124
0.594979
0.59474
0.594373
0.593859
0.59318
0.592213
0.592213
0.592213
0.592213
0.592213
0.592213
0.592214
0.592214
0.592214
0.592215
0.592215
0.592216
0.592216
0.592217
0.592218
0.592219
0.59222
0.592221
0.592222
0.592223
0.592224
0.592226
0.592227
0.592229
0.592231
0.592233
0.592235
0.592237
0.592239
0.592242
0.592245
0.592248
0.592251
0.592255
0.592259
0.592263
0.592268
0.592273
0.592278
0.592284
0.59229
0.592296
0.592304
0.592311
0.59232
0.592329
0.592338
0.592349
0.59236
0.592372
0.592385
0.5924
0.592415
0.592431
0.592449
0.592468
0.592488
0.59251
0.592534
0.59256
0.592587
0.592617
0.592649
0.592683
0.59272
0.592759
0.592802
0.592847
0.592896
0.592949
0.593005
0.593065
0.593129
0.593197
0.59327
0.593347
0.593429
0.593516
0.593608
0.593705
0.593806
0.593912
0.594021
0.594133
0.594247
0.594362
0.594475
0.594584
0.594686
0.594776
0.594848
0.594897
0.594912
0.594883
0.594799
0.594639
0.594391
0.59403
0.59354
0.592916
0.592212
0.592212
0.592212
0.592212
0.592212
0.592213
0.592213
0.592213
0.592214
0.592214
0.592215
0.592215
0.592216
0.592216
0.592217
0.592218
0.592219
0.59222
0.592221
0.592222
0.592223
0.592224
0.592226
0.592227
0.592229
0.592231
0.592233
0.592235
0.592237
0.59224
0.592243
0.592245
0.592249
0.592252
0.592256
0.59226
0.592264
0.592269
0.592274
0.592279
0.592285
0.592291
0.592298
0.592305
0.592313
0.592322
0.592331
0.592341
0.592351
0.592363
0.592375
0.592388
0.592403
0.592418
0.592435
0.592453
0.592472
0.592493
0.592515
0.592539
0.592565
0.592593
0.592623
0.592656
0.59269
0.592727
0.592767
0.59281
0.592856
0.592906
0.592958
0.593014
0.593075
0.593139
0.593207
0.593279
0.593356
0.593437
0.593522
0.593612
0.593705
0.593802
0.593902
0.594004
0.594107
0.594209
0.594309
0.594403
0.594489
0.594563
0.594618
0.594648
0.594645
0.594599
0.594501
0.594332
0.594084
0.593735
0.593276
0.592706
0.592211
0.592212
0.592212
0.592212
0.592212
0.592212
0.592212
0.592213
0.592213
0.592213
0.592214
0.592214
0.592215
0.592215
0.592216
0.592217
0.592218
0.592218
0.592219
0.592221
0.592222
0.592223
0.592224
0.592226
0.592227
0.592229
0.592231
0.592233
0.592235
0.592237
0.59224
0.592243
0.592246
0.592249
0.592252
0.592256
0.59226
0.592264
0.592269
0.592274
0.59228
0.592285
0.592292
0.592299
0.592306
0.592314
0.592323
0.592332
0.592342
0.592353
0.592364
0.592377
0.59239
0.592405
0.59242
0.592437
0.592455
0.592475
0.592495
0.592518
0.592542
0.592569
0.592597
0.592627
0.592659
0.592694
0.592731
0.592772
0.592815
0.592861
0.59291
0.592962
0.593018
0.593078
0.593141
0.593209
0.59328
0.593355
0.593434
0.593516
0.593602
0.59369
0.593781
0.593873
0.593965
0.594056
0.594144
0.594225
0.594297
0.594356
0.594395
0.59441
0.594396
0.594336
0.59423
0.594058
0.593816
0.593485
0.593059
0.592544
0.592211
0.592211
0.592211
0.592211
0.592211
0.592211
0.592212
0.592212
0.592212
0.592213
0.592213
0.592213
0.592214
0.592214
0.592215
0.592216
0.592217
0.592217
0.592218
0.592219
0.59222
0.592221
0.592223
0.592224
0.592226
0.592227
0.592229
0.592231
0.592233
0.592235
0.592237
0.59224
0.592243
0.592246
0.592249
0.592252
0.592256
0.59226
0.592264
0.592269
0.592274
0.59228
0.592286
0.592292
0.592299
0.592306
0.592314
0.592323
0.592332
0.592342
0.592353
0.592364
0.592377
0.59239
0.592405
0.592421
0.592437
0.592455
0.592475
0.592496
0.592519
0.592543
0.592569
0.592597
0.592627
0.59266
0.592694
0.592732
0.592771
0.592814
0.59286
0.592908
0.59296
0.593015
0.593074
0.593136
0.593202
0.593271
0.593343
0.593418
0.593496
0.593577
0.593659
0.593742
0.593824
0.593904
0.59398
0.594049
0.594109
0.594155
0.594182
0.594186
0.594159
0.594093
0.593982
0.593813
0.59358
0.593272
0.592881
0.592419
0.59221
0.59221
0.59221
0.59221
0.59221
0.592211
0.592211
0.592211
0.592211
0.592212
0.592212
0.592213
0.592213
0.592214
0.592214
0.592215
0.592215
0.592216
0.592217
0.592218
0.592219
0.59222
0.592221
0.592222
0.592224
0.592225
0.592227
0.592229
0.59223
0.592232
0.592235
0.592237
0.592239
0.592242
0.592245
0.592248
0.592252
0.592256
0.59226
0.592264
0.592269
0.592274
0.592279
0.592285
0.592291
0.592298
0.592305
0.592313
0.592322
0.592331
0.592341
0.592352
0.592363
0.592376
0.592389
0.592404
0.592419
0.592436
0.592454
0.592473
0.592494
0.592516
0.59254
0.592566
0.592594
0.592624
0.592656
0.59269
0.592727
0.592766
0.592808
0.592853
0.5929
0.592951
0.593005
0.593062
0.593121
0.593184
0.59325
0.593319
0.593389
0.593462
0.593535
0.593609
0.593682
0.593752
0.593817
0.593876
0.593925
0.59396
0.593978
0.593972
0.593938
0.593868
0.593756
0.593594
0.593374
0.59309
0.592736
0.592324
0.592209
0.592209
0.59221
0.59221
0.59221
0.59221
0.59221
0.59221
0.592211
0.592211
0.592211
0.592212
0.592212
0.592213
0.592213
0.592214
0.592214
0.592215
0.592216
0.592217
0.592217
0.592218
0.592219
0.592221
0.592222
0.592223
0.592225
0.592226
0.592228
0.59223
0.592232
0.592234
0.592236
0.592239
0.592241
0.592244
0.592247
0.592251
0.592255
0.592259
0.592263
0.592267
0.592272
0.592278
0.592283
0.59229
0.592296
0.592304
0.592311
0.59232
0.592329
0.592339
0.592349
0.592361
0.592373
0.592386
0.5924
0.592415
0.592432
0.59245
0.592468
0.592489
0.592511
0.592535
0.59256
0.592587
0.592616
0.592648
0.592681
0.592717
0.592755
0.592796
0.592839
0.592885
0.592934
0.592985
0.593039
0.593096
0.593156
0.593217
0.593281
0.593345
0.593411
0.593476
0.59354
0.593601
0.593657
0.593706
0.593746
0.593772
0.593781
0.593769
0.593731
0.59366
0.593551
0.593398
0.593195
0.592936
0.592619
0.592255
0.592209
0.592209
0.592209
0.592209
0.592209
0.592209
0.592209
0.59221
0.59221
0.59221
0.59221
0.592211
0.592211
0.592212
0.592212
0.592213
0.592213
0.592214
0.592214
0.592215
0.592216
0.592217
0.592218
0.592219
0.59222
0.592221
0.592222
0.592224
0.592225
0.592227
0.592229
0.592231
0.592233
0.592235
0.592238
0.59224
0.592243
0.592246
0.592249
0.592253
0.592257
0.592261
0.592265
0.59227
0.592276
0.592281
0.592287
0.592294
0.592301
0.592308
0.592317
0.592325
0.592335
0.592345
0.592356
0.592368
0.592381
0.592395
0.592409
0.592425
0.592442
0.592461
0.592481
0.592502
0.592525
0.592549
0.592576
0.592604
0.592634
0.592666
0.592701
0.592737
0.592776
0.592817
0.592861
0.592907
0.592956
0.593007
0.59306
0.593114
0.593171
0.593228
0.593286
0.593343
0.593398
0.593451
0.593498
0.593539
0.593571
0.59359
0.593593
0.593577
0.593537
0.593467
0.593364
0.593222
0.593037
0.592805
0.592524
0.592207
0.592208
0.592208
0.592208
0.592208
0.592208
0.592208
0.592209
0.592209
0.592209
0.592209
0.592209
0.59221
0.59221
0.59221
0.592211
0.592211
0.592212
0.592212
0.592213
0.592214
0.592214
0.592215
0.592216
0.592217
0.592218
0.592219
0.59222
0.592221
0.592223
0.592224
0.592226
0.592228
0.592229
0.592231
0.592234
0.592236
0.592239
0.592241
0.592244
0.592247
0.592251
0.592254
0.592258
0.592263
0.592267
0.592272
0.592278
0.592284
0.59229
0.592297
0.592304
0.592312
0.59232
0.592329
0.592339
0.59235
0.592361
0.592373
0.592386
0.5924
0.592416
0.592432
0.59245
0.592469
0.592489
0.592511
0.592534
0.592559
0.592586
0.592614
0.592645
0.592677
0.592712
0.592749
0.592787
0.592828
0.592871
0.592916
0.592962
0.59301
0.59306
0.59311
0.59316
0.593209
0.593257
0.593301
0.593341
0.593375
0.5934
0.593413
0.593412
0.593393
0.593353
0.593287
0.593192
0.593063
0.592898
0.592693
0.592449
0.592174
0.592207
0.592207
0.592207
0.592207
0.592207
0.592208
0.592208
0.592208
0.592208
0.592208
0.592209
0.592209
0.592209
0.592209
0.59221
0.59221
0.592211
0.592211
0.592212
0.592212
0.592213
0.592214
0.592214
0.592215
0.592216
0.592217
0.592218
0.592219
0.59222
0.592221
0.592223
0.592224
0.592226
0.592228
0.59223
0.592232
0.592234
0.592236
0.592239
0.592242
0.592245
0.592248
0.592251
0.592255
0.592259
0.592263
0.592268
0.592273
0.592279
0.592284
0.592291
0.592298
0.592305
0.592313
0.592321
0.592331
0.592341
0.592351
0.592363
0.592375
0.592388
0.592403
0.592418
0.592435
0.592452
0.592471
0.592492
0.592513
0.592537
0.592562
0.592588
0.592617
0.592647
0.592678
0.592712
0.592748
0.592785
0.592824
0.592864
0.592905
0.592948
0.592991
0.593034
0.593076
0.593116
0.593153
0.593186
0.593213
0.593233
0.593242
0.593238
0.593218
0.59318
0.593119
0.593034
0.592919
0.592775
0.592598
0.592388
0.592155
0.592207
0.592207
0.592207
0.592207
0.592207
0.592207
0.592207
0.592207
0.592207
0.592207
0.592208
0.592208
0.592208
0.592208
0.592209
0.592209
0.592209
0.59221
0.59221
0.592211
0.592211
0.592212
0.592212
0.592213
0.592214
0.592215
0.592216
0.592216
0.592217
0.592219
0.59222
0.592221
0.592222
0.592224
0.592226
0.592227
0.592229
0.592231
0.592233
0.592236
0.592238
0.592241
0.592244
0.592247
0.592251
0.592254
0.592258
0.592263
0.592267
0.592272
0.592278
0.592283
0.59229
0.592296
0.592304
0.592312
0.59232
0.592329
0.592339
0.592349
0.592361
0.592373
0.592386
0.5924
0.592415
0.592431
0.592449
0.592467
0.592487
0.592508
0.592531
0.592555
0.59258
0.592607
0.592636
0.592666
0.592697
0.59273
0.592764
0.592799
0.592835
0.592871
0.592907
0.592942
0.592975
0.593006
0.593033
0.593054
0.593069
0.593075
0.593069
0.59305
0.593015
0.592962
0.592887
0.592789
0.592666
0.592516
0.592341
0.592147
0.592206
0.592206
0.592206
0.592206
0.592206
0.592206
0.592206
0.592206
0.592206
0.592206
0.592207
0.592207
0.592207
0.592207
0.592208
0.592208
0.592208
0.592208
0.592209
0.592209
0.59221
0.59221
0.592211
0.592211
0.592212
0.592212
0.592213
0.592214
0.592215
0.592216
0.592217
0.592218
0.592219
0.59222
0.592221
0.592223
0.592224
0.592226
0.592228
0.59223
0.592232
0.592234
0.592236
0.592239
0.592242
0.592245
0.592248
0.592252
0.592256
0.59226
0.592264
0.592269
0.592274
0.59228
0.592286
0.592292
0.592299
0.592307
0.592315
0.592323
0.592332
0.592343
0.592353
0.592365
0.592377
0.59239
0.592405
0.59242
0.592436
0.592454
0.592472
0.592492
0.592513
0.592535
0.592558
0.592583
0.592609
0.592636
0.592664
0.592692
0.592721
0.592751
0.59278
0.592808
0.592835
0.592859
0.59288
0.592897
0.592908
0.592911
0.592905
0.592888
0.592858
0.592812
0.59275
0.592668
0.592567
0.592445
0.592303
0.592147
0.592205
0.592205
0.592205
0.592205
0.592205
0.592205
0.592205
0.592205
0.592205
0.592206
0.592206
0.592206
0.592206
0.592206
0.592206
0.592207
0.592207
0.592207
0.592207
0.592208
0.592208
0.592208
0.592209
0.592209
0.59221
0.59221
0.592211
0.592211
0.592212
0.592213
0.592213
0.592214
0.592215
0.592216
0.592217
0.592218
0.592219
0.592221
0.592222
0.592224
0.592225
0.592227
0.592229
0.592231
0.592233
0.592236
0.592238
0.592241
0.592244
0.592247
0.592251
0.592254
0.592258
0.592263
0.592267
0.592272
0.592278
0.592284
0.59229
0.592297
0.592304
0.592312
0.59232
0.592329
0.592339
0.592349
0.59236
0.592372
0.592385
0.592399
0.592413
0.592428
0.592445
0.592462
0.59248
0.5925
0.59252
0.592541
0.592562
0.592584
0.592607
0.59263
0.592652
0.592674
0.592694
0.592713
0.592729
0.592741
0.592749
0.592751
0.592745
0.592731
0.592706
0.59267
0.59262
0.592556
0.592477
0.592383
0.592273
0.592154
0.592204
0.592204
0.592204
0.592204
0.592204
0.592204
0.592204
0.592204
0.592205
0.592205
0.592205
0.592205
0.592205
0.592205
0.592205
0.592205
0.592206
0.592206
0.592206
0.592206
0.592206
0.592207
0.592207
0.592207
0.592208
0.592208
0.592208
0.592209
0.592209
0.59221
0.59221
0.592211
0.592212
0.592212
0.592213
0.592214
0.592215
0.592216
0.592217
0.592218
0.592219
0.59222
0.592221
0.592223
0.592224
0.592226
0.592228
0.59223
0.592232
0.592234
0.592237
0.59224
0.592242
0.592246
0.592249
0.592253
0.592256
0.592261
0.592265
0.59227
0.592275
0.592281
0.592287
0.592293
0.5923
0.592308
0.592316
0.592324
0.592333
0.592343
0.592353
0.592364
0.592376
0.592388
0.592401
0.592415
0.59243
0.592445
0.59246
0.592476
0.592492
0.592508
0.592524
0.59254
0.592554
0.592567
0.592578
0.592587
0.592592
0.592592
0.592588
0.592577
0.592559
0.592532
0.592496
0.592449
0.592393
0.592325
0.592248
0.592164
0.592203
0.592203
0.592203
0.592203
0.592203
0.592203
0.592204
0.592204
0.592204
0.592204
0.592204
0.592204
0.592204
0.592204
0.592204
0.592204
0.592204
0.592204
0.592204
0.592205
0.592205
0.592205
0.592205
0.592205
0.592205
0.592206
0.592206
0.592206
0.592206
0.592207
0.592207
0.592207
0.592208
0.592208
0.592209
0.592209
0.59221
0.59221
0.592211
0.592211
0.592212
0.592213
0.592214
0.592215
0.592216
0.592217
0.592218
0.592219
0.59222
0.592222
0.592223
0.592225
0.592226
0.592228
0.59223
0.592232
0.592235
0.592237
0.59224
0.592243
0.592246
0.592249
0.592253
0.592257
0.592261
0.592265
0.59227
0.592275
0.592281
0.592287
0.592293
0.5923
0.592307
0.592314
0.592322
0.59233
0.592339
0.592348
0.592357
0.592367
0.592376
0.592386
0.592395
0.592405
0.592413
0.592421
0.592428
0.592433
0.592436
0.592436
0.592433
0.592427
0.592415
0.5924
0.592377
0.59235
0.592316
0.592276
0.592229
0.59218
0.592203
0.592203
0.592203
0.592203
0.592203
0.592203
0.592203
0.592203
0.592203
0.592203
0.592203
0.592203
0.592203
0.592203
0.592203
0.592203
0.592203
0.592203
0.592203
0.592203
0.592203
0.592203
0.592203
0.592203
0.592203
0.592203
0.592203
0.592203
0.592204
0.592204
0.592204
0.592204
0.592204
0.592204
0.592204
0.592204
0.592205
0.592205
0.592205
0.592205
0.592205
0.592206
0.592206
0.592206
0.592206
0.592207
0.592207
0.592207
0.592208
0.592208
0.592209
0.592209
0.59221
0.59221
0.592211
0.592211
0.592212
0.592213
0.592214
0.592215
0.592216
0.592217
0.592218
0.592219
0.59222
0.592222
0.592223
0.592225
0.592226
0.592228
0.59223
0.592232
0.592234
0.592237
0.592239
0.592242
0.592245
0.592247
0.59225
0.592253
0.592256
0.592259
0.592262
0.592265
0.592268
0.592271
0.592273
0.592274
0.592275
0.592276
0.592275
0.592272
0.592269
0.592264
0.592257
0.592248
0.592237
0.592223
0.592209
0.592193
0.593794
0.592328
0.590798
0.589402
0.588152
0.587052
0.586113
0.585353
0.58478
0.584398
0.5934
0.591974
0.590589
0.589411
0.588382
0.587473
0.586693
0.586054
0.585564
0.585222
0.592976
0.591703
0.590522
0.589547
0.588695
0.587934
0.587274
0.586729
0.586302
0.585994
0.592616
0.591517
0.59052
0.589702
0.588983
0.588336
0.587772
0.587303
0.586931
0.586656
0.592347
0.591405
0.590562
0.589869
0.589259
0.588708
0.588224
0.58782
0.587494
0.587249
0.592151
0.591343
0.59063
0.590041
0.58952
0.589048
0.588632
0.588281
0.587995
0.587775
0.592012
0.591319
0.590716
0.590214
0.589768
0.589361
0.589002
0.588697
0.588446
0.58825
0.591919
0.591325
0.590814
0.590385
0.590002
0.589651
0.589341
0.589076
0.588855
0.58868
0.591861
0.591353
0.590919
0.590552
0.590222
0.58992
0.589652
0.589421
0.589227
0.589073
0.591831
0.591397
0.591028
0.590715
0.590431
0.590171
0.58994
0.58974
0.58957
0.589433
0.591823
0.591452
0.59114
0.590873
0.59063
0.590407
0.590208
0.590034
0.589886
0.589767
0.591831
0.591517
0.591253
0.591026
0.59082
0.590629
0.59046
0.59031
0.590182
0.590078
0.591852
0.591588
0.591367
0.591176
0.591001
0.590841
0.590696
0.590568
0.590459
0.59037
0.591883
0.591663
0.59148
0.591321
0.591176
0.591042
0.59092
0.590812
0.590721
0.590646
0.591922
0.591743
0.591593
0.591464
0.591345
0.591234
0.591132
0.591044
0.590969
0.590908
0.591967
0.591825
0.591706
0.591603
0.591506
0.591416
0.591335
0.591265
0.591206
0.591158
0.592017
0.591908
0.591816
0.591736
0.591662
0.591594
0.591533
0.59148
0.591436
0.591399
0.592066
0.591988
0.591923
0.591866
0.591814
0.591767
0.591724
0.591688
0.591657
0.591631
0.592121
0.592074
0.592036
0.592002
0.591971
0.591943
0.591918
0.591896
0.591878
0.591863
0.592173
0.592157
0.592144
0.592133
0.592123
0.592114
0.592106
0.592099
0.592094
0.592089
)
;

boundaryField
{
    down
    {
        type            symmetryPlane;
    }
    right
    {
        type            calculated;
        value           nonuniform List<scalar> 
30
(
0.589288
0.589286
0.589286
0.589296
0.589331
0.589405
0.589541
0.589767
0.590123
0.590668
0.591396
0.591832
0.591957
0.59201
0.59205
0.592084
0.592112
0.592135
0.592153
0.592168
0.592179
0.592188
0.592194
0.592199
0.592204
0.592209
0.592213
0.592216
0.592216
0.592215
)
;
    }
    up
    {
        type            calculated;
        value           nonuniform List<scalar> 
220
(
0.592239
0.59224
0.592241
0.592243
0.592244
0.592246
0.592247
0.592249
0.592249
0.59225
0.592249
0.592247
0.592244
0.592243
0.592241
0.59224
0.592239
0.592238
0.592237
0.592236
0.592235
0.592234
0.592233
0.592232
0.592231
0.59223
0.592229
0.592228
0.592227
0.592226
0.592225
0.592224
0.592224
0.592223
0.592222
0.592221
0.59222
0.59222
0.592219
0.592218
0.592218
0.592217
0.592217
0.592216
0.592216
0.592216
0.592215
0.592215
0.592215
0.592214
0.592214
0.592214
0.592214
0.592213
0.592213
0.592213
0.592213
0.592213
0.592213
0.592213
0.592213
0.592213
0.592213
0.592213
0.592213
0.592213
0.592213
0.592213
0.592213
0.592213
0.592213
0.592213
0.592213
0.592213
0.592213
0.592213
0.592213
0.592213
0.592213
0.592213
0.592213
0.592213
0.592213
0.592213
0.592213
0.592213
0.592213
0.592213
0.592214
0.592214
0.592214
0.592214
0.592214
0.592214
0.592214
0.592214
0.592214
0.592214
0.592214
0.592214
0.592214
0.592214
0.592214
0.592214
0.592214
0.592214
0.592214
0.592214
0.592215
0.592215
0.592215
0.592219
0.592222
0.592225
0.592228
0.59223
0.592232
0.592234
0.592236
0.592237
0.592202
0.592202
0.592202
0.592202
0.592202
0.592202
0.592202
0.592202
0.592202
0.592202
0.592202
0.592202
0.592202
0.592202
0.592202
0.592202
0.592202
0.592202
0.592202
0.592202
0.592202
0.592202
0.592202
0.592202
0.592202
0.592202
0.592202
0.592202
0.592202
0.592202
0.592202
0.592202
0.592202
0.592202
0.592202
0.592201
0.592201
0.592201
0.592201
0.592201
0.592201
0.592201
0.592201
0.592201
0.592201
0.5922
0.5922
0.5922
0.5922
0.5922
0.5922
0.592199
0.592199
0.592199
0.592199
0.592198
0.592198
0.592198
0.592197
0.592197
0.592196
0.592196
0.592196
0.592195
0.592194
0.592194
0.592193
0.592192
0.592192
0.592191
0.59219
0.592189
0.592188
0.592187
0.592186
0.592185
0.592184
0.592183
0.592181
0.59218
0.592179
0.592178
0.592176
0.592175
0.592174
0.592173
0.592172
0.592172
0.592171
0.592172
0.592172
0.592174
0.592175
0.592178
0.592181
0.592185
0.59219
0.592196
0.592202
0.59221
)
;
    }
    left
    {
        type            calculated;
        value           nonuniform List<scalar> 
30
(
0.592218
0.592218
0.592218
0.592218
0.592217
0.592217
0.592217
0.592217
0.592216
0.592216
0.592215
0.592215
0.592214
0.592214
0.592213
0.592213
0.592212
0.592211
0.592211
0.59221
0.592209
0.592209
0.592208
0.592207
0.592207
0.592206
0.592205
0.592204
0.592203
0.592203
)
;
    }
    cylinder
    {
        type            calculated;
        value           nonuniform List<scalar> 
40
(
0.577608
0.575129
0.571281
0.567057
0.562474
0.558038
0.553946
0.550542
0.547973
0.546422
0.581958
0.581689
0.581116
0.580419
0.579785
0.57924
0.578846
0.578456
0.578183
0.578293
0.580052
0.574219
0.568514
0.563045
0.558158
0.553992
0.550747
0.548087
0.546508
0.545917
0.61524
0.615062
0.614027
0.612
0.609152
0.605591
0.601377
0.596595
0.591358
0.585793
)
;
    }
    defaultFaces
    {
        type            empty;
    }
}


// ************************************************************************* //
