/*--------------------------------*- C++ -*----------------------------------*\
  =========                 |
  \\      /  F ield         | OpenFOAM: The Open Source CFD Toolbox
   \\    /   O peration     | Website:  https://openfoam.org
    \\  /    A nd           | Version:  8
     \\/     M anipulation  |
\*---------------------------------------------------------------------------*/
FoamFile
{
    version     2.0;
    format      ascii;
    class       volScalarField;
    location    "0.8";
    object      N;
}
// * * * * * * * * * * * * * * * * * * * * * * * * * * * * * * * * * * * * * //

dimensions      [0 -3 0 0 0 0 0];

internalField   nonuniform List<scalar> 
2000
(
13874070
13874033
13874046
13874050
13874049
13874049
13874050
13874046
13874033
13874070
0.10126191
0.10126191
0.10126191
0.10126191
0.10126191
0.10126191
0.10126191
0.10126191
0.10126191
0.10126191
0.10017374
0.10017374
0.10017374
0.10017374
0.10017374
0.10017374
0.10017374
0.10017374
0.10017374
0.10017374
0.10001786
0.10001786
0.10001786
0.10001786
0.10001786
0.10001786
0.10001786
0.10001786
0.10001786
0.10001786
0.10000145
0.10000145
0.10000145
0.10000145
0.10000145
0.10000145
0.10000145
0.10000145
0.10000145
0.10000145
0.1000001
0.1000001
0.1000001
0.1000001
0.1000001
0.1000001
0.1000001
0.1000001
0.1000001
0.1000001
0.1
0.1
0.1
0.1
0.1
0.1
0.1
0.1
0.1
0.1
0.099999998
0.099999998
0.099999998
0.099999998
0.099999998
0.099999998
0.099999998
0.099999998
0.099999998
0.099999998
0.099999998
0.099999998
0.099999998
0.099999998
0.099999998
0.099999998
0.099999998
0.099999998
0.099999998
0.099999998
0.099999998
0.099999998
0.099999998
0.099999998
0.099999998
0.099999998
0.099999998
0.099999998
0.099999998
0.099999998
0.099999998
0.099999998
0.099999998
0.099999998
0.099999998
0.099999998
0.099999998
0.099999998
0.099999998
0.099999998
0.099999997
0.099999997
0.099999997
0.099999997
0.099999997
0.099999997
0.099999997
0.099999997
0.099999997
0.099999997
0.099999998
0.099999998
0.099999998
0.099999998
0.099999998
0.099999998
0.099999998
0.099999998
0.099999998
0.099999998
0.099999997
0.099999997
0.099999997
0.099999997
0.099999997
0.099999997
0.099999997
0.099999997
0.099999997
0.099999997
0.099999997
0.099999997
0.099999997
0.099999997
0.099999997
0.099999997
0.099999997
0.099999997
0.099999997
0.099999997
0.099999996
0.099999996
0.099999996
0.099999996
0.099999996
0.099999996
0.099999996
0.099999996
0.099999996
0.099999996
0.099999998
0.099999998
0.099999998
0.099999998
0.099999998
0.099999998
0.099999998
0.099999998
0.099999998
0.099999998
0.099999995
0.099999995
0.099999995
0.099999995
0.099999995
0.099999995
0.099999995
0.099999995
0.099999995
0.099999995
0.099999998
0.099999998
0.099999998
0.099999998
0.099999998
0.099999998
0.099999998
0.099999998
0.099999998
0.099999998
0.099999994
0.099999994
0.099999994
0.099999994
0.099999994
0.099999994
0.099999994
0.099999994
0.099999994
0.099999994
0.099999998
0.099999999
0.099999999
0.099999999
0.099999999
0.099999999
0.099999999
0.099999999
0.099999999
0.099999998
0.099999993
0.099999993
0.099999993
0.099999993
0.099999993
0.099999993
0.099999993
0.099999993
0.099999993
0.099999993
0.1
0.1
0.1
0.1
0.1
0.1
0.1
0.1
0.1
0.1
0.099999991
0.099999991
0.099999991
0.099999991
0.099999991
0.099999991
0.099999991
0.099999991
0.099999991
0.099999991
0.1
0.1
0.1
0.1
0.1
0.1
0.1
0.1
0.1
0.1
0.099999988
0.099999988
0.099999988
0.099999988
0.099999988
0.099999988
0.099999988
0.099999988
0.099999988
0.099999988
0.1
0.1
0.1
0.1
0.1
0.1
0.1
0.1
0.1
0.1
0.099999984
0.099999984
0.099999984
0.099999984
0.099999984
0.099999984
0.099999984
0.099999984
0.099999984
0.099999984
0.10000001
0.10000001
0.10000001
0.10000001
0.10000001
0.10000001
0.10000001
0.10000001
0.10000001
0.10000001
0.099999979
0.099999979
0.099999979
0.099999979
0.099999979
0.099999979
0.099999979
0.099999979
0.099999979
0.099999979
0.10000001
0.10000001
0.10000001
0.10000001
0.10000001
0.10000001
0.10000001
0.10000001
0.10000001
0.10000001
0.099999972
0.099999972
0.099999972
0.099999972
0.099999972
0.099999972
0.099999972
0.099999972
0.099999972
0.099999972
0.10000002
0.10000002
0.10000002
0.10000002
0.10000002
0.10000002
0.10000002
0.10000002
0.10000002
0.10000002
0.099999964
0.099999964
0.099999964
0.099999964
0.099999964
0.099999964
0.099999964
0.099999964
0.099999964
0.099999964
0.10000003
0.10000003
0.10000003
0.10000003
0.10000003
0.10000003
0.10000003
0.10000003
0.10000003
0.10000003
0.099999954
0.099999954
0.099999954
0.099999954
0.099999954
0.099999954
0.099999954
0.099999954
0.099999954
0.099999954
0.10000004
0.10000004
0.10000004
0.10000004
0.10000004
0.10000004
0.10000004
0.10000004
0.10000004
0.10000004
0.099999942
0.099999942
0.099999942
0.099999942
0.099999942
0.099999942
0.099999942
0.099999942
0.099999942
0.099999942
0.10000005
0.10000005
0.10000005
0.10000005
0.10000005
0.10000005
0.10000005
0.10000005
0.10000005
0.10000005
0.099999928
0.099999927
0.099999928
0.099999927
0.099999927
0.099999927
0.099999927
0.099999928
0.099999927
0.099999928
0.10000007
0.10000007
0.10000007
0.10000007
0.10000007
0.10000007
0.10000007
0.10000007
0.10000007
0.10000007
0.099999911
0.09999991
0.099999911
0.09999991
0.09999991
0.09999991
0.09999991
0.099999911
0.09999991
0.099999911
0.10000008
0.10000008
0.10000008
0.10000008
0.10000008
0.10000008
0.10000008
0.10000008
0.10000008
0.10000008
0.099999891
0.09999989
0.099999891
0.09999989
0.09999989
0.09999989
0.09999989
0.099999891
0.09999989
0.099999891
0.1000001
0.1000001
0.1000001
0.1000001
0.1000001
0.1000001
0.1000001
0.1000001
0.1000001
0.1000001
0.099999868
0.099999867
0.099999868
0.099999867
0.099999868
0.099999868
0.099999867
0.099999868
0.099999867
0.099999868
0.10000013
0.10000013
0.10000013
0.10000013
0.10000013
0.10000013
0.10000013
0.10000013
0.10000013
0.10000013
0.099999842
0.099999841
0.099999842
0.099999841
0.099999842
0.099999842
0.099999841
0.099999842
0.099999841
0.099999842
0.10000015
0.10000016
0.10000015
0.10000016
0.10000015
0.10000015
0.10000016
0.10000015
0.10000016
0.10000015
0.099999813
0.099999812
0.099999813
0.099999812
0.099999812
0.099999812
0.099999812
0.099999813
0.099999812
0.099999813
0.10000018
0.10000019
0.10000018
0.10000019
0.10000018
0.10000018
0.10000019
0.10000018
0.10000019
0.10000018
0.09999978
0.099999779
0.09999978
0.099999779
0.09999978
0.09999978
0.099999779
0.09999978
0.099999779
0.09999978
0.10000022
0.10000022
0.10000022
0.10000022
0.10000022
0.10000022
0.10000022
0.10000022
0.10000022
0.10000022
0.099999744
0.099999742
0.099999744
0.099999742
0.099999743
0.099999743
0.099999742
0.099999744
0.099999742
0.099999744
0.10000026
0.10000026
0.10000026
0.10000026
0.10000026
0.10000026
0.10000026
0.10000026
0.10000026
0.10000026
0.099999704
0.099999702
0.099999704
0.099999702
0.099999703
0.099999703
0.099999702
0.099999704
0.099999702
0.099999704
0.1000003
0.1000003
0.1000003
0.1000003
0.1000003
0.1000003
0.1000003
0.1000003
0.1000003
0.1000003
0.09999966
0.099999658
0.09999966
0.099999658
0.099999659
0.099999659
0.099999658
0.09999966
0.099999658
0.09999966
0.10000034
0.10000034
0.10000034
0.10000034
0.10000034
0.10000034
0.10000034
0.10000034
0.10000034
0.10000034
0.099999612
0.09999961
0.099999612
0.09999961
0.099999611
0.099999611
0.09999961
0.099999612
0.09999961
0.099999612
0.10000039
0.10000039
0.10000039
0.10000039
0.10000039
0.10000039
0.10000039
0.10000039
0.10000039
0.10000039
0.09999956
0.099999558
0.09999956
0.099999558
0.099999559
0.099999559
0.099999558
0.09999956
0.099999558
0.09999956
0.10000044
0.10000045
0.10000044
0.10000045
0.10000044
0.10000044
0.10000045
0.10000044
0.10000045
0.10000044
0.099999505
0.099999502
0.099999505
0.099999502
0.099999503
0.099999503
0.099999502
0.099999505
0.099999502
0.099999505
0.1000005
0.1000005
0.1000005
0.1000005
0.1000005
0.1000005
0.1000005
0.1000005
0.1000005
0.1000005
0.099999445
0.099999442
0.099999445
0.099999442
0.099999443
0.099999443
0.099999442
0.099999445
0.099999442
0.099999445
0.10000056
0.10000057
0.10000056
0.10000056
0.10000056
0.10000056
0.10000056
0.10000056
0.10000057
0.10000056
0.099999381
0.099999377
0.099999381
0.099999377
0.099999379
0.099999379
0.099999377
0.099999381
0.099999377
0.099999381
0.10000063
0.10000063
0.10000063
0.10000063
0.10000063
0.10000063
0.10000063
0.10000063
0.10000063
0.10000063
0.099999313
0.099999309
0.099999313
0.099999309
0.099999311
0.099999311
0.099999309
0.099999313
0.099999309
0.099999313
0.1000007
0.1000007
0.1000007
0.1000007
0.1000007
0.1000007
0.1000007
0.1000007
0.1000007
0.1000007
0.099999242
0.099999237
0.099999241
0.099999237
0.099999239
0.099999239
0.099999237
0.099999241
0.099999237
0.099999242
0.10000077
0.10000077
0.10000077
0.10000077
0.10000077
0.10000077
0.10000077
0.10000077
0.10000077
0.10000077
0.099999167
0.099999162
0.099999167
0.099999162
0.099999164
0.099999164
0.099999162
0.099999167
0.099999162
0.099999167
0.10000084
0.10000085
0.10000084
0.10000085
0.10000085
0.10000085
0.10000085
0.10000084
0.10000085
0.10000084
0.099999089
0.099999082
0.099999089
0.099999084
0.099999085
0.099999085
0.099999084
0.099999089
0.099999082
0.099999089
0.10000093
0.10000092
0.10000093
0.10000094
0.10000092
0.10000092
0.10000094
0.10000093
0.10000092
0.10000093
0.099999001
0.099999008
0.099999001
0.099998994
0.09999901
0.09999901
0.099998994
0.099999001
0.099999008
0.099999001
0.10000099
0.10000103
0.100001
0.100001
0.10000102
0.10000102
0.100001
0.100001
0.10000103
0.10000099
0.099998935
0.099998902
0.099998934
0.099998928
0.099998906
0.099998906
0.099998928
0.099998934
0.099998902
0.099998935
0.10000111
0.10000109
0.10000111
0.10000111
0.10000109
0.10000109
0.10000111
0.10000111
0.10000109
0.10000111
0.099998822
0.099998837
0.099998821
0.099998815
0.099998841
0.099998841
0.099998815
0.099998821
0.099998837
0.099998822
0.10000117
0.1000012
0.10000117
0.10000118
0.1000012
0.1000012
0.10000118
0.10000117
0.1000012
0.10000117
0.099998754
0.099998723
0.099998752
0.099998745
0.099998727
0.099998727
0.099998745
0.099998752
0.099998723
0.099998754
0.10000129
0.10000128
0.10000129
0.1000013
0.10000127
0.10000127
0.1000013
0.10000129
0.10000128
0.10000129
0.09999864
0.099998649
0.099998638
0.09999863
0.099998654
0.099998654
0.09999863
0.099998638
0.099998649
0.09999864
0.10000136
0.10000139
0.10000136
0.10000137
0.10000139
0.10000139
0.10000137
0.10000136
0.10000139
0.10000136
0.099998563
0.099998533
0.09999856
0.099998552
0.099998538
0.099998538
0.099998552
0.09999856
0.099998533
0.099998563
0.10000148
0.10000147
0.10000148
0.10000149
0.10000147
0.10000147
0.10000149
0.10000148
0.10000147
0.10000148
0.099998449
0.09999845
0.099998445
0.099998437
0.099998456
0.099998456
0.099998437
0.099998445
0.09999845
0.099998449
0.10000156
0.10000159
0.10000156
0.10000157
0.10000158
0.10000158
0.10000157
0.10000156
0.10000159
0.10000156
0.099998363
0.099998334
0.099998359
0.09999835
0.099998341
0.099998341
0.09999835
0.099998359
0.099998334
0.099998363
0.10000168
0.10000168
0.10000168
0.10000169
0.10000167
0.10000167
0.10000169
0.10000168
0.10000168
0.10000168
0.09999825
0.099998242
0.099998245
0.099998235
0.099998251
0.099998251
0.099998235
0.099998245
0.099998242
0.09999825
0.10000177
0.1000018
0.10000177
0.10000178
0.10000179
0.10000179
0.10000178
0.10000177
0.1000018
0.10000177
0.099998156
0.099998127
0.099998151
0.099998139
0.099998137
0.099998137
0.099998139
0.099998151
0.099998127
0.099998156
0.10000188
0.1000019
0.10000189
0.1000019
0.10000189
0.10000189
0.1000019
0.10000189
0.1000019
0.10000188
0.099998046
0.099998026
0.099998038
0.099998027
0.099998038
0.099998038
0.099998027
0.099998038
0.099998026
0.099998046
0.10000198
0.10000201
0.10000199
0.100002
0.100002
0.100002
0.100002
0.10000199
0.10000201
0.10000198
0.099997833
0.099997803
0.099997825
0.099997812
0.099997816
0.099997816
0.099997812
0.099997825
0.099997803
0.099997833
13874070
13874033
13874046
13874050
13874049
13874049
13874050
13874046
13874033
13874070
0.10126191
0.10126191
0.10126191
0.10126191
0.10126191
0.10126191
0.10126191
0.10126191
0.10126191
0.10126191
0.10017374
0.10017374
0.10017374
0.10017374
0.10017374
0.10017374
0.10017374
0.10017374
0.10017374
0.10017374
0.10001786
0.10001786
0.10001786
0.10001786
0.10001786
0.10001786
0.10001786
0.10001786
0.10001786
0.10001786
0.10000145
0.10000145
0.10000145
0.10000145
0.10000145
0.10000145
0.10000145
0.10000145
0.10000145
0.10000145
0.1000001
0.1000001
0.1000001
0.1000001
0.1000001
0.1000001
0.1000001
0.1000001
0.1000001
0.1000001
0.1
0.1
0.1
0.1
0.1
0.1
0.1
0.1
0.1
0.1
0.099999998
0.099999998
0.099999998
0.099999998
0.099999998
0.099999998
0.099999998
0.099999998
0.099999998
0.099999998
0.099999998
0.099999998
0.099999998
0.099999998
0.099999998
0.099999998
0.099999998
0.099999998
0.099999998
0.099999998
0.099999998
0.099999998
0.099999998
0.099999998
0.099999998
0.099999998
0.099999998
0.099999998
0.099999998
0.099999998
0.099999998
0.099999998
0.099999998
0.099999998
0.099999998
0.099999998
0.099999998
0.099999998
0.099999998
0.099999998
0.099999997
0.099999997
0.099999997
0.099999997
0.099999997
0.099999997
0.099999997
0.099999997
0.099999997
0.099999997
0.099999998
0.099999998
0.099999998
0.099999998
0.099999998
0.099999998
0.099999998
0.099999998
0.099999998
0.099999998
0.099999997
0.099999997
0.099999997
0.099999997
0.099999997
0.099999997
0.099999997
0.099999997
0.099999997
0.099999997
0.099999997
0.099999997
0.099999997
0.099999997
0.099999997
0.099999997
0.099999997
0.099999997
0.099999997
0.099999997
0.099999996
0.099999996
0.099999996
0.099999996
0.099999996
0.099999996
0.099999996
0.099999996
0.099999996
0.099999996
0.099999998
0.099999998
0.099999998
0.099999998
0.099999998
0.099999998
0.099999998
0.099999998
0.099999998
0.099999998
0.099999995
0.099999995
0.099999995
0.099999995
0.099999995
0.099999995
0.099999995
0.099999995
0.099999995
0.099999995
0.099999998
0.099999998
0.099999998
0.099999998
0.099999998
0.099999998
0.099999998
0.099999998
0.099999998
0.099999998
0.099999994
0.099999994
0.099999994
0.099999994
0.099999994
0.099999994
0.099999994
0.099999994
0.099999994
0.099999994
0.099999998
0.099999999
0.099999999
0.099999999
0.099999999
0.099999999
0.099999999
0.099999999
0.099999999
0.099999998
0.099999993
0.099999993
0.099999993
0.099999993
0.099999993
0.099999993
0.099999993
0.099999993
0.099999993
0.099999993
0.1
0.1
0.1
0.1
0.1
0.1
0.1
0.1
0.1
0.1
0.099999991
0.099999991
0.099999991
0.099999991
0.099999991
0.099999991
0.099999991
0.099999991
0.099999991
0.099999991
0.1
0.1
0.1
0.1
0.1
0.1
0.1
0.1
0.1
0.1
0.099999988
0.099999988
0.099999988
0.099999988
0.099999988
0.099999988
0.099999988
0.099999988
0.099999988
0.099999988
0.1
0.1
0.1
0.1
0.1
0.1
0.1
0.1
0.1
0.1
0.099999984
0.099999984
0.099999984
0.099999984
0.099999984
0.099999984
0.099999984
0.099999984
0.099999984
0.099999984
0.10000001
0.10000001
0.10000001
0.10000001
0.10000001
0.10000001
0.10000001
0.10000001
0.10000001
0.10000001
0.099999979
0.099999979
0.099999979
0.099999979
0.099999979
0.099999979
0.099999979
0.099999979
0.099999979
0.099999979
0.10000001
0.10000001
0.10000001
0.10000001
0.10000001
0.10000001
0.10000001
0.10000001
0.10000001
0.10000001
0.099999972
0.099999972
0.099999972
0.099999972
0.099999972
0.099999972
0.099999972
0.099999972
0.099999972
0.099999972
0.10000002
0.10000002
0.10000002
0.10000002
0.10000002
0.10000002
0.10000002
0.10000002
0.10000002
0.10000002
0.099999964
0.099999964
0.099999964
0.099999964
0.099999964
0.099999964
0.099999964
0.099999964
0.099999964
0.099999964
0.10000003
0.10000003
0.10000003
0.10000003
0.10000003
0.10000003
0.10000003
0.10000003
0.10000003
0.10000003
0.099999954
0.099999954
0.099999954
0.099999954
0.099999954
0.099999954
0.099999954
0.099999954
0.099999954
0.099999954
0.10000004
0.10000004
0.10000004
0.10000004
0.10000004
0.10000004
0.10000004
0.10000004
0.10000004
0.10000004
0.099999942
0.099999942
0.099999942
0.099999942
0.099999942
0.099999942
0.099999942
0.099999942
0.099999942
0.099999942
0.10000005
0.10000005
0.10000005
0.10000005
0.10000005
0.10000005
0.10000005
0.10000005
0.10000005
0.10000005
0.099999928
0.099999927
0.099999928
0.099999927
0.099999927
0.099999927
0.099999927
0.099999928
0.099999927
0.099999928
0.10000007
0.10000007
0.10000007
0.10000007
0.10000007
0.10000007
0.10000007
0.10000007
0.10000007
0.10000007
0.099999911
0.09999991
0.099999911
0.09999991
0.09999991
0.09999991
0.09999991
0.099999911
0.09999991
0.099999911
0.10000008
0.10000008
0.10000008
0.10000008
0.10000008
0.10000008
0.10000008
0.10000008
0.10000008
0.10000008
0.099999891
0.09999989
0.099999891
0.09999989
0.09999989
0.09999989
0.09999989
0.099999891
0.09999989
0.099999891
0.1000001
0.1000001
0.1000001
0.1000001
0.1000001
0.1000001
0.1000001
0.1000001
0.1000001
0.1000001
0.099999868
0.099999867
0.099999868
0.099999867
0.099999868
0.099999868
0.099999867
0.099999868
0.099999867
0.099999868
0.10000013
0.10000013
0.10000013
0.10000013
0.10000013
0.10000013
0.10000013
0.10000013
0.10000013
0.10000013
0.099999842
0.099999841
0.099999842
0.099999841
0.099999842
0.099999842
0.099999841
0.099999842
0.099999841
0.099999842
0.10000015
0.10000016
0.10000015
0.10000016
0.10000015
0.10000015
0.10000016
0.10000015
0.10000016
0.10000015
0.099999813
0.099999812
0.099999813
0.099999812
0.099999812
0.099999812
0.099999812
0.099999813
0.099999812
0.099999813
0.10000018
0.10000019
0.10000018
0.10000019
0.10000018
0.10000018
0.10000019
0.10000018
0.10000019
0.10000018
0.09999978
0.099999779
0.09999978
0.099999779
0.09999978
0.09999978
0.099999779
0.09999978
0.099999779
0.09999978
0.10000022
0.10000022
0.10000022
0.10000022
0.10000022
0.10000022
0.10000022
0.10000022
0.10000022
0.10000022
0.099999744
0.099999742
0.099999744
0.099999742
0.099999743
0.099999743
0.099999742
0.099999744
0.099999742
0.099999744
0.10000026
0.10000026
0.10000026
0.10000026
0.10000026
0.10000026
0.10000026
0.10000026
0.10000026
0.10000026
0.099999704
0.099999702
0.099999704
0.099999702
0.099999703
0.099999703
0.099999702
0.099999704
0.099999702
0.099999704
0.1000003
0.1000003
0.1000003
0.1000003
0.1000003
0.1000003
0.1000003
0.1000003
0.1000003
0.1000003
0.09999966
0.099999658
0.09999966
0.099999658
0.099999659
0.099999659
0.099999658
0.09999966
0.099999658
0.09999966
0.10000034
0.10000034
0.10000034
0.10000034
0.10000034
0.10000034
0.10000034
0.10000034
0.10000034
0.10000034
0.099999612
0.09999961
0.099999612
0.09999961
0.099999611
0.099999611
0.09999961
0.099999612
0.09999961
0.099999612
0.10000039
0.10000039
0.10000039
0.10000039
0.10000039
0.10000039
0.10000039
0.10000039
0.10000039
0.10000039
0.09999956
0.099999558
0.09999956
0.099999558
0.099999559
0.099999559
0.099999558
0.09999956
0.099999558
0.09999956
0.10000044
0.10000045
0.10000044
0.10000045
0.10000044
0.10000044
0.10000045
0.10000044
0.10000045
0.10000044
0.099999505
0.099999502
0.099999505
0.099999502
0.099999503
0.099999503
0.099999502
0.099999505
0.099999502
0.099999505
0.1000005
0.1000005
0.1000005
0.1000005
0.1000005
0.1000005
0.1000005
0.1000005
0.1000005
0.1000005
0.099999445
0.099999442
0.099999445
0.099999442
0.099999443
0.099999443
0.099999442
0.099999445
0.099999442
0.099999445
0.10000056
0.10000057
0.10000056
0.10000056
0.10000056
0.10000056
0.10000056
0.10000056
0.10000057
0.10000056
0.099999381
0.099999377
0.099999381
0.099999377
0.099999379
0.099999379
0.099999377
0.099999381
0.099999377
0.099999381
0.10000063
0.10000063
0.10000063
0.10000063
0.10000063
0.10000063
0.10000063
0.10000063
0.10000063
0.10000063
0.099999313
0.099999309
0.099999313
0.099999309
0.099999311
0.099999311
0.099999309
0.099999313
0.099999309
0.099999313
0.1000007
0.1000007
0.1000007
0.1000007
0.1000007
0.1000007
0.1000007
0.1000007
0.1000007
0.1000007
0.099999242
0.099999237
0.099999241
0.099999237
0.099999239
0.099999239
0.099999237
0.099999241
0.099999237
0.099999242
0.10000077
0.10000077
0.10000077
0.10000077
0.10000077
0.10000077
0.10000077
0.10000077
0.10000077
0.10000077
0.099999167
0.099999162
0.099999167
0.099999162
0.099999164
0.099999164
0.099999162
0.099999167
0.099999162
0.099999167
0.10000084
0.10000085
0.10000084
0.10000085
0.10000085
0.10000085
0.10000085
0.10000084
0.10000085
0.10000084
0.099999089
0.099999084
0.099999089
0.099999084
0.099999085
0.099999086
0.099999084
0.099999089
0.099999082
0.099999089
0.10000093
0.10000094
0.10000093
0.10000094
0.10000092
0.10000093
0.10000094
0.10000093
0.10000092
0.10000093
0.099999001
0.099998993
0.099999001
0.099998994
0.09999901
0.099998997
0.099998994
0.099999001
0.099999008
0.099999001
0.10000099
0.100001
0.100001
0.100001
0.10000102
0.100001
0.100001
0.100001
0.10000103
0.10000099
0.099998935
0.099998927
0.099998934
0.099998928
0.099998906
0.099998931
0.099998928
0.099998934
0.099998902
0.099998935
0.10000111
0.10000111
0.10000111
0.10000111
0.10000109
0.10000111
0.10000111
0.10000111
0.10000109
0.10000111
0.099998822
0.099998814
0.099998821
0.099998815
0.099998841
0.099998818
0.099998815
0.099998821
0.099998837
0.099998822
0.10000117
0.10000118
0.10000117
0.10000118
0.1000012
0.10000118
0.10000118
0.10000117
0.1000012
0.10000117
0.099998754
0.099998744
0.099998752
0.099998745
0.099998727
0.099998749
0.099998745
0.099998752
0.099998723
0.099998754
0.10000129
0.1000013
0.10000129
0.1000013
0.10000127
0.10000129
0.1000013
0.10000129
0.10000128
0.10000129
0.09999864
0.099998629
0.099998638
0.09999863
0.099998654
0.099998634
0.09999863
0.099998638
0.099998649
0.09999864
0.10000136
0.10000137
0.10000136
0.10000137
0.10000139
0.10000137
0.10000137
0.10000136
0.10000139
0.10000136
0.099998563
0.09999855
0.09999856
0.099998552
0.099998538
0.099998556
0.099998552
0.09999856
0.099998533
0.099998563
0.10000148
0.10000149
0.10000148
0.10000149
0.10000147
0.10000148
0.10000149
0.10000148
0.10000147
0.10000148
0.099998449
0.099998434
0.099998445
0.099998437
0.099998456
0.099998441
0.099998437
0.099998445
0.09999845
0.099998449
0.10000156
0.10000158
0.10000156
0.10000157
0.10000158
0.10000157
0.10000157
0.10000156
0.10000159
0.10000156
0.099998363
0.099998347
0.099998359
0.09999835
0.099998341
0.099998354
0.09999835
0.099998359
0.099998334
0.099998363
0.10000168
0.10000169
0.10000168
0.10000169
0.10000167
0.10000168
0.10000169
0.10000168
0.10000168
0.10000168
0.09999825
0.099998231
0.099998245
0.099998235
0.099998251
0.09999824
0.099998235
0.099998245
0.099998242
0.09999825
0.10000177
0.10000179
0.10000177
0.10000178
0.10000179
0.10000178
0.10000178
0.10000177
0.1000018
0.10000177
0.099998156
0.099998135
0.099998151
0.099998139
0.099998137
0.099998145
0.099998139
0.099998151
0.099998127
0.099998156
0.10000188
0.1000019
0.10000189
0.1000019
0.10000189
0.10000189
0.1000019
0.10000189
0.1000019
0.10000188
0.099998046
0.099998021
0.099998038
0.099998027
0.099998038
0.099998033
0.099998027
0.099998038
0.099998026
0.099998046
0.10000198
0.10000201
0.10000199
0.100002
0.100002
0.100002
0.100002
0.10000199
0.10000201
0.10000198
0.099997833
0.099997805
0.099997825
0.099997812
0.099997816
0.099997818
0.099997812
0.099997825
0.099997803
0.099997833
)
;

boundaryField
{
    left
    {
        type            zeroGradient;
    }
    right
    {
        type            zeroGradient;
    }
    walls
    {
        type            zeroGradient;
    }
    centreline
    {
        type            zeroGradient;
    }
    frontAndBack
    {
        type            zeroGradient;
    }
}


// ************************************************************************* //
