/*--------------------------------*- C++ -*----------------------------------*\
  =========                 |
  \\      /  F ield         | OpenFOAM: The Open Source CFD Toolbox
   \\    /   O peration     | Website:  https://openfoam.org
    \\  /    A nd           | Version:  8
     \\/     M anipulation  |
\*---------------------------------------------------------------------------*/
FoamFile
{
    version     2.0;
    format      ascii;
    class       surfaceScalarField;
    location    "0.8";
    object      phi;
}
// * * * * * * * * * * * * * * * * * * * * * * * * * * * * * * * * * * * * * //

dimensions      [1 0 -1 0 0 0 0];

internalField   nonuniform List<scalar> 
4780
(
-1.3543768e-08
-0.00011477937
-3.578217e-14
-2.5958812e-09
-0.00011480399
9.6204718e-15
-2.0181336e-11
-0.00011479573
1.3350228e-13
-6.0675108e-10
-0.00011479236
-1.4106373e-13
8.7358037e-14
-0.00011479335
8.6511291e-15
6.0763928e-10
-0.00011479335
-2.5998922e-14
2.1414847e-11
-0.00011479236
-4.0554139e-13
2.5980227e-09
-0.00011479573
6.5202324e-13
1.3545251e-08
-0.00011480399
1.3157089e-13
-0.00011477937
-4.1843573e-14
-2.8334578e-08
-0.00018376114
-2.755597e-14
-5.4758361e-09
-0.00018383669
1.2626763e-14
-4.0506889e-11
-0.00018381126
1.0281755e-13
-1.1066152e-09
-0.00018380123
-1.0622558e-13
1.2156648e-14
-0.00018380418
1.0069794e-14
1.1071416e-09
-0.00018380419
-2.4966895e-14
4.1370623e-11
-0.00018380123
-3.0703078e-13
5.4772121e-09
-0.00018381126
4.8973365e-13
2.8335659e-08
-0.00018383669
9.8551039e-14
-0.00018376114
-3.8883841e-14
-2.1608011e-08
-0.0001998114
-2.7990329e-14
-7.1122917e-09
-0.00019992297
1.2673448e-14
-1.0999798e-10
-0.00019989023
1.0273723e-13
-1.4222093e-09
-0.00019987171
-1.083045e-13
1.6500459e-14
-0.00019987719
1.0016836e-14
1.4227803e-09
-0.0001998772
-2.5671154e-14
1.1082897e-10
-0.00019987171
-3.0775553e-13
7.1136657e-09
-0.00019989023
4.9266674e-13
2.1609115e-08
-0.00019992297
9.9123149e-14
-0.0001998114
-3.8912535e-14
-1.4591145e-08
-0.0002021608
-2.7191883e-14
-7.8804001e-09
-0.00020229384
1.1991892e-14
-1.6604426e-10
-0.0002022622
1.017074e-13
-1.5837217e-09
-0.00020223434
-1.0896998e-13
2.1778346e-14
-0.00020224263
9.3628579e-15
1.5843399e-09
-0.00020224264
-2.6132804e-14
1.6689019e-10
-0.00020223434
-3.0497695e-13
7.8817737e-09
-0.0002022622
4.9305498e-13
1.4592274e-08
-0.00020229383
9.8998388e-14
-0.0002021608
-3.8536767e-14
-1.0967947e-08
-0.00020240377
-2.5708714e-14
-8.1857072e-09
-0.00020255079
1.0569915e-14
-1.9464203e-10
-0.00020252445
9.9338518e-14
-1.6633567e-09
-0.0002024869
-1.09054e-13
2.7060374e-14
-0.00020249814
8.5032332e-15
1.6640158e-09
-0.00020249815
-2.6015654e-14
1.9551953e-10
-0.0002024869
-3.0035945e-13
8.187092e-09
-0.00020252445
4.9088307e-13
1.0969102e-08
-0.00020255078
9.8198432e-14
-0.00020240377
-3.7736745e-14
-9.1985457e-09
-0.00020241728
-2.459738e-14
-8.281823e-09
-0.00020257466
9.5868659e-15
-1.982654e-10
-0.00020255559
9.7105811e-14
-1.7056052e-09
-0.00020250821
-1.0923894e-13
3.1055983e-14
-0.00020252247
7.6784713e-15
1.7062941e-09
-0.00020252248
-2.4989982e-14
1.9918383e-10
-0.0002025082
-2.9565098e-13
8.2832251e-09
-0.00020255558
4.8671816e-13
9.1997213e-09
-0.00020257465
9.7055035e-14
-0.00020241728
-3.6562013e-14
-8.5973702e-09
-0.00020241185
-2.3662939e-14
-8.2971808e-09
-0.00020257836
8.334761e-15
-1.953347e-10
-0.0002025672
9.4587329e-14
-1.7338682e-09
-0.00020250994
-1.0782325e-13
3.3320993e-14
-0.00020252728
7.1768303e-15
1.7345786e-09
-0.00020252729
-2.3219072e-14
1.9628048e-10
-0.00020250993
-2.903078e-13
8.2986013e-09
-0.00020256719
4.8073343e-13
8.5985635e-09
-0.00020257835
9.4941243e-14
-0.00020241185
-3.5079176e-14
-8.1836791e-09
-0.00020240544
-2.3090495e-14
-8.2830514e-09
-0.00020258027
7.0850798e-15
-1.7689256e-10
-0.00020257743
9.2042694e-14
-1.7561867e-09
-0.00020251024
-1.0637179e-13
3.4143476e-14
-0.00020253073
6.7207844e-15
1.7569111e-09
-0.00020253074
-2.052342e-14
1.7787701e-10
-0.00020251023
-2.8395878e-13
8.2844891e-09
-0.00020257742
4.7257763e-13
8.1848878e-09
-0.00020258026
9.2480454e-14
-0.00020240544
-3.3120207e-14
-8.0842708e-09
-0.00020239917
-2.2555277e-14
-8.2595024e-09
-0.00020258212
5.6668986e-15
-1.6896739e-10
-0.00020258768
8.9192799e-14
-1.7778706e-09
-0.00020251054
-1.0333236e-13
3.4225284e-14
-0.00020253423
6.5398853e-15
1.7786081e-09
-0.00020253424
-1.7025697e-14
1.699699e-10
-0.00020251053
-2.7630616e-13
8.2609562e-09
-0.00020258767
4.6200647e-13
8.0854931e-09
-0.00020258211
8.8439009e-14
-0.00020239917
-3.098983e-14
-7.8034825e-09
-0.00020239319
-2.1579025e-14
-8.2318234e-09
-0.00020258373
4.4192038e-15
-1.3763595e-10
-0.00020259795
8.5995753e-14
-1.7969948e-09
-0.0002025108
-1.0143488e-13
3.3937895e-14
-0.00020253776
5.4665317e-15
1.7977414e-09
-0.00020253777
-1.3795515e-14
1.3868642e-10
-0.00020251079
-2.671991e-13
8.2332924e-09
-0.00020259795
4.495813e-13
7.8047178e-09
-0.00020258372
8.4868803e-14
-0.00020239319
-2.8070245e-14
-7.7829537e-09
-0.00020238741
-2.1195123e-14
-8.202213e-09
-0.00020258552
2.8883569e-15
-1.342538e-10
-0.0002026084
8.1758045e-14
-1.8181617e-09
-0.00020251122
-9.7987949e-14
3.3416852e-14
-0.0002025415
4.6827388e-15
1.818921e-09
-0.00020254152
-9.7138803e-15
1.3531424e-10
-0.00020251121
-2.5645711e-13
8.2036977e-09
-0.00020260839
4.3403442e-13
7.7842014e-09
-0.00020258551
8.0225432e-14
-0.00020238741
-2.463446e-14
-7.4363215e-09
-0.00020238194
-1.9889977e-14
-8.1703517e-09
-0.00020258694
1.7017491e-15
-8.5068335e-11
-0.00020261881
7.7121828e-14
-1.8350395e-09
-0.00020251153
-9.5274331e-14
3.2866677e-14
-0.00020254521
3.5533534e-15
1.8358062e-09
-0.00020254523
-5.8451298e-15
8.6193659e-11
-0.00020251152
-2.4368166e-13
8.1718497e-09
-0.0002026188
4.1573811e-13
7.437581e-09
-0.00020258692
7.4548303e-14
-0.00020238194
-2.0891116e-14
-7.5042836e-09
-0.00020237664
-1.9426412e-14
-8.1363472e-09
-0.00020258868
-4.6634939e-16
-9.5215412e-11
-0.00020262943
7.1505024e-14
-1.8568816e-09
-0.00020251206
-8.995666e-14
3.2008273e-14
-0.00020254919
2.8991998e-15
1.8576631e-09
-0.0002025492
4.3746609e-16
9.6337654e-11
-0.00020251205
-2.2907534e-13
8.1378606e-09
-0.00020262942
3.9515377e-13
7.5055544e-09
-0.00020258867
6.7542862e-14
-0.00020237664
-1.7329994e-14
-7.009244e-09
-0.00020237171
-1.7631851e-14
-8.1015388e-09
-0.00020258983
-1.9331407e-15
-1.764051e-11
-0.00020263998
6.5310759e-14
-1.8702728e-09
-0.00020251237
-8.5858745e-14
3.1561395e-14
-0.00020255305
1.8454692e-15
1.8710596e-09
-0.00020255307
7.4783161e-15
1.8792825e-11
-0.00020251236
-2.1184575e-13
8.1030632e-09
-0.00020263997
3.7191494e-13
7.0105243e-09
-0.00020258982
5.9646917e-14
-0.00020237171
-1.3243103e-14
-7.2532662e-09
-0.00020236692
-1.7216949e-14
-8.0625413e-09
-0.00020259164
-6.0929269e-15
-5.5957044e-11
-0.00020265084
5.8327897e-14
-1.8944012e-09
-0.00020251308
-8.0766767e-14
3.0299355e-14
-0.00020255732
-2.5411403e-16
1.8952063e-09
-0.00020255734
1.7289321e-14
5.7140831e-11
-0.00020251307
-1.9381499e-13
8.0640812e-09
-0.00020265083
3.4580544e-13
7.2545576e-09
-0.00020259163
5.1167063e-14
-0.00020236693
-9.1855298e-15
-6.4922396e-09
-0.00020236267
-1.494488e-14
-8.0259575e-09
-0.00020259248
-8.1559173e-15
8.1223483e-11
-0.00020266158
5.0144772e-14
-1.9018185e-09
-0.00020251341
-7.3984962e-14
3.0221022e-14
-0.00020256137
-9.6978302e-16
1.9026252e-09
-0.00020256139
2.9166264e-14
-7.9888236e-11
-0.0002025134
-1.7021605e-13
8.0275054e-09
-0.00020266157
3.1746312e-13
6.4935373e-09
-0.00020259246
4.1476613e-14
-0.00020236267
-4.4231973e-15
-7.0599191e-09
-0.00020235844
-1.4149626e-14
-7.9803908e-09
-0.00020259452
-1.3263116e-14
-2.3561992e-11
-0.00020267278
4.1796733e-14
-1.9313079e-09
-0.00020251442
-7.0114803e-14
2.8334397e-14
-0.00020256605
-4.7778669e-15
1.9321381e-09
-0.00020256607
3.9627486e-14
2.4829253e-11
-0.0002025144
-1.4926903e-13
7.9819559e-09
-0.00020267277
2.8488269e-13
7.0612274e-09
-0.00020259451
3.1630671e-14
-0.00020235844
1.1835385e-15
-5.8447843e-09
-0.00020235499
-1.1122649e-14
-7.9442075e-09
-0.00020259492
-1.471628e-14
2.1659973e-10
-0.00020268374
3.4729325e-14
-1.9282687e-09
-0.00020251473
-6.2139344e-14
2.9190292e-14
-0.00020257028
-5.8390079e-15
1.9290944e-09
-0.0002025703
5.0977616e-14
-2.1524949e-10
-0.00020251471
-1.2271705e-13
7.9457765e-09
-0.00020268373
2.492173e-13
5.8460954e-09
-0.00020259491
2.2649211e-14
-0.00020235499
9.5510731e-15
-6.9692296e-09
-0.00020235129
-9.9893091e-15
-7.8892404e-09
-0.00020259738
-2.0609437e-14
-8.66022e-12
-0.00020269532
2.760238e-14
-1.9686684e-09
-0.00020251611
-5.6843189e-14
2.6246587e-14
-0.00020257543
-1.1082972e-14
1.9695261e-09
-0.00020257545
6.2488331e-14
1.0158754e-11
-0.0002025161
-1.0326448e-13
7.8908296e-09
-0.00020269531
2.0809287e-13
6.9705519e-09
-0.00020259737
1.3718164e-14
-0.00020235129
1.8374369e-14
-5.0111248e-09
-0.00020234878
-7.6293269e-15
-7.8570624e-09
-0.00020259713
-2.1579342e-14
4.057933e-10
-0.00020270652
2.1563883e-14
-1.9474856e-09
-0.00020251632
-4.5744851e-14
2.8671803e-14
-0.00020257979
-9.3566832e-15
1.9483291e-09
-0.00020257981
7.4714716e-14
-4.0438982e-10
-0.0002025163
-7.6739597e-14
7.8586501e-09
-0.00020270651
1.6859126e-13
5.0124443e-09
-0.00020259712
6.5824239e-15
-0.00020234879
2.9540842e-14
-7.0416259e-09
-0.00020234553
-6.1789729e-15
-7.788331e-09
-0.00020260027
-2.8140199e-14
-3.066471e-11
-0.0002027185
1.4840183e-14
-2.0081191e-09
-0.0002025182
-3.7955539e-14
2.4074947e-14
-0.00020258549
-1.4855347e-14
2.0090076e-09
-0.00020258552
8.6986499e-14
3.2235498e-11
-0.00020251818
-6.0015722e-14
7.7899435e-09
-0.00020271849
1.3292489e-13
7.0429579e-09
-0.00020260025
-2.7312288e-15
-0.00020234554
3.6977214e-14
-3.9201663e-09
-0.00020234418
-3.8557819e-15
-7.7652462e-09
-0.00020259907
-2.8635583e-14
6.7343426e-10
-0.00020272997
7.9823537e-15
-1.9563975e-09
-0.00020251819
-2.9570732e-14
2.9140048e-14
-0.00020258992
-1.3167153e-14
1.9572578e-09
-0.00020258995
9.6575122e-14
-6.7196562e-10
-0.00020251817
-3.317899e-14
7.7668503e-09
-0.00020272996
1.0126128e-13
3.9214862e-09
-0.00020259905
-1.3669515e-14
-0.00020234419
4.6040695e-14
-7.3526288e-09
-0.00020234122
-3.3316926e-15
-7.6771028e-09
-0.00020260322
-3.704381e-14
-1.1676165e-10
-0.00020274238
2.3427357e-15
-2.0523107e-09
-0.0002025207
-2.2564527e-14
2.1825929e-14
-0.00020259627
-1.9249092e-14
2.0532282e-09
-0.00020259629
1.0986558e-13
1.1835588e-10
-0.00020252068
-1.8912979e-14
7.6787382e-09
-0.00020274237
6.8916631e-14
7.3539667e-09
-0.00020260321
-2.8533483e-14
-0.00020234123
5.3028071e-14
-2.4873799e-09
-0.00020234133
-8.9280414e-16
-7.6690137e-09
-0.0002026007
-3.3734679e-14
1.0511295e-09
-0.00020275416
-6.2502529e-15
-1.9508825e-09
-0.00020252032
-1.7143093e-14
3.1665106e-14
-0.0002026007
-1.594464e-14
1.9517587e-09
-0.00020260073
1.1655838e-13
-1.0495915e-09
-0.0002025203
9.6763818e-15
7.6706317e-09
-0.00020275415
3.9428382e-14
2.4886841e-09
-0.00020260068
-3.7253184e-14
-0.00020234133
6.2741422e-14
-7.9924207e-09
-0.00020233841
-1.1987245e-15
-7.5556797e-09
-0.00020260629
-4.4702269e-14
-2.9885912e-10
-0.00020276697
-1.5863594e-14
-2.1056082e-09
-0.00020252365
-9.0580945e-15
2.0145281e-14
-0.00020260778
-2.2408761e-14
2.106557e-09
-0.00020260781
1.3136705e-13
3.0050399e-10
-0.00020252363
2.591779e-14
7.5573387e-09
-0.00020276697
1.0826548e-14
7.9937612e-09
-0.00020260628
-5.2990353e-14
-0.00020233842
6.8199655e-14
-6.2674013e-10
-0.00020234034
1.9682712e-15
-7.567583e-09
-0.00020260197
-3.5350764e-14
1.5779305e-09
-0.00020277916
-2.9459118e-14
-1.925721e-09
-0.00020252273
-7.4120323e-15
3.6761087e-14
-0.00020261215
-1.8531615e-14
1.9266124e-09
-0.00020261217
1.3283312e-13
-1.5763246e-09
-0.0002025227
7.8231946e-14
7.5692135e-09
-0.00020277916
-2.6390378e-14
6.2797126e-10
-0.00020260195
-5.9538622e-14
-0.00020234035
7.8425681e-14
-9.066864e-09
-0.00020233712
9.2704944e-16
-7.4254679e-09
-0.00020260955
-5.1452119e-14
-6.1677687e-10
-0.00020279231
-3.8503432e-14
-2.1729061e-09
-0.00020252707
2.4791922e-15
1.8438523e-14
-0.00020262006
-2.662276e-14
2.1738909e-09
-0.00020262008
1.4944972e-13
6.1848556e-10
-0.00020252705
8.9589123e-14
7.4271501e-09
-0.00020279231
-7.8910848e-14
9.0682049e-09
-0.00020260953
-7.8135217e-14
-0.00020233713
8.0034066e-14
1.8282589e-09
-0.00020234143
4.3825605e-15
-7.4585387e-09
-0.0002026028
-3.4461429e-14
2.3004824e-09
-0.00020280506
-5.1757001e-14
-1.8745933e-09
-0.00020252539
2.3765008e-15
4.5547386e-14
-0.00020262428
-2.0354407e-14
1.8754995e-09
-0.0002026243
1.4530295e-13
-2.298812e-09
-0.00020252537
1.4732368e-13
7.4601818e-09
-0.00020280506
-1.2701085e-13
-1.8269627e-09
-0.00020260279
-8.2257751e-14
-0.00020234145
9.0659581e-14
-1.0700502e-08
-0.00020233744
2.8405222e-15
-7.2898143e-09
-0.00020261302
-5.5630817e-14
-1.1179609e-09
-0.00020281844
-5.9204996e-14
-2.2598826e-09
-0.00020253101
2.1817768e-14
1.7080173e-14
-0.00020263313
-2.9884243e-14
2.26091e-09
-0.00020263315
1.6526161e-13
1.1197388e-09
-0.00020253099
1.4567267e-13
7.2915225e-09
-0.00020281844
-1.8075327e-13
1.0701842e-08
-0.00020261301
-1.0156771e-13
-0.00020233745
8.976082e-14
4.9973337e-09
-0.00020234482
5.8217467e-15
-7.3372727e-09
-0.00020260313
-3.1118621e-14
3.2731629e-09
-0.00020283195
-7.2374734e-14
-1.790067e-09
-0.00020252834
1.7693653e-14
5.9171965e-14
-0.00020263716
-2.0318075e-14
1.7909879e-09
-0.00020263718
1.5317824e-13
-3.2714345e-09
-0.00020252832
2.1391108e-13
7.338929e-09
-0.00020283195
-2.2534242e-13
-4.9960196e-09
-0.00020260312
-1.0108866e-13
-0.00020234483
1.0073457e-13
-1.3040988e-08
-0.0002023394
2.8544753e-15
-7.1546104e-09
-0.00020261676
-6.1329701e-14
-1.8576577e-09
-0.00020284538
-7.7524801e-14
-2.3728961e-09
-0.00020253552
4.0125564e-14
1.5949768e-14
-0.00020264704
-3.2339506e-14
2.373974e-09
-0.00020264705
1.7451029e-13
1.8595066e-09
-0.00020253549
1.9493383e-13
7.1563446e-09
-0.00020284538
-2.738062e-13
1.3042326e-08
-0.00020261675
-1.1868172e-13
-0.00020233942
9.7020621e-14
9.0385659e-09
-0.00020235072
7.1166409e-15
-7.1963316e-09
-0.00020260288
-2.1731652e-14
4.5584458e-09
-0.00020285992
-8.9789917e-14
-1.663508e-09
-0.00020253158
2.9101627e-14
7.9111834e-14
-0.00020265082
-2.0860614e-14
1.6644431e-09
-0.00020265083
1.5059729e-13
-4.556669e-09
-0.00020253155
2.7653519e-13
7.1980011e-09
-0.00020285993
-3.1931183e-13
-9.0372456e-09
-0.00020260287
-1.1854184e-13
-0.00020235074
1.0691363e-13
-1.6264463e-08
-0.00020234304
2.7013427e-15
-7.0288277e-09
-0.00020262083
-6.4430152e-14
-2.8993075e-09
-0.00020287312
-8.9894046e-14
-2.5189261e-09
-0.00020254061
5.5611838e-14
1.4799093e-14
-0.00020266179
-3.6645093e-14
2.5200651e-09
-0.0002026618
1.7685608e-13
2.9012264e-09
-0.00020254058
2.3227332e-13
7.0305885e-09
-0.00020287313
-3.6502266e-13
1.6265794e-08
-0.00020262082
-1.3988925e-13
-0.00020234306
9.6806831e-14
1.4156388e-08
-0.00020235936
7.8993518e-15
-7.0247381e-09
-0.00020260189
-6.6053234e-15
6.2273807e-09
-0.00020288903
-1.086641e-13
-1.4848526e-09
-0.00020253506
3.1931625e-14
1.0598776e-13
-0.00020266527
-2.005568e-14
1.4858011e-09
-0.00020266528
1.3793887e-13
-6.2255677e-09
-0.00020253503
3.3307716e-13
7.0264223e-09
-0.00020288904
-4.0908953e-13
-1.4155067e-08
-0.00020260188
-1.329215e-13
-0.00020235938
1.0771664e-13
-2.0581608e-08
-0.00020234831
2.2129604e-15
-6.9250345e-09
-0.00020262523
-6.6958847e-14
-4.3150651e-09
-0.00020290163
-1.01215e-13
-2.7055776e-09
-0.00020254629
6.8367291e-14
1.2413807e-14
-0.00020267738
-3.7510741e-14
2.7067895e-09
-0.00020267739
1.7133034e-13
4.3170519e-09
-0.00020254626
2.5819787e-13
6.9268219e-09
-0.00020290164
-4.452525e-13
2.058293e-08
-0.00020262522
-1.5391952e-13
-0.00020234834
9.4041639e-14
2.0591487e-08
-0.00020237096
7.9884053e-15
-6.8071996e-09
-0.00020259997
1.0731179e-14
8.3601293e-09
-0.00020291932
-1.1954333e-13
-1.2420718e-09
-0.00020253875
3.7543642e-14
1.4199318e-13
-0.0002026805
-1.7080916e-14
1.2430336e-09
-0.00020268051
1.1371877e-13
-8.3582936e-09
-0.00020253872
3.8324434e-13
6.8088988e-09
-0.00020291933
-4.9056006e-13
-2.0590171e-08
-0.00020259997
-1.4206564e-13
-0.00020237099
1.0484061e-13
-2.6244493e-08
-0.00020235517
1.3731411e-15
-6.8599626e-09
-0.00020262996
-6.8366339e-14
-6.1864008e-09
-0.00020293084
-1.0847731e-13
-2.9411422e-09
-0.00020255254
7.8134403e-14
7.2519606e-15
-0.00020269377
-3.5423943e-14
2.9424405e-09
-0.00020269377
1.5771102e-13
6.1884546e-09
-0.00020255251
2.7245026e-13
6.8617756e-09
-0.00020293085
-5.1015627e-13
2.6245803e-08
-0.00020262995
-1.609794e-13
-0.00020235519
8.7270333e-14
2.8630622e-08
-0.0002023858
6.2681473e-15
-6.5231972e-09
-0.00020259688
3.2805598e-14
1.1046501e-08
-0.00020295081
-1.3179669e-13
-9.1973979e-10
-0.00020254258
3.3618445e-14
1.8805028e-13
-0.00020269651
-1.336703e-14
9.2071561e-10
-0.00020269652
7.8861757e-14
-1.1044659e-08
-0.00020254255
4.2085204e-13
6.5249119e-09
-0.00020295082
-5.63659e-13
-2.8629312e-08
-0.00020259688
-1.4558573e-13
-0.00020238583
9.8738549e-14
-3.3554104e-08
-0.00020236353
8.8719056e-16
-6.8550584e-09
-0.00020263501
-6.7573017e-14
-8.6046984e-09
-0.00020296065
-1.0611864e-13
-3.2346979e-09
-0.00020255935
8.7027113e-14
-7.6757924e-16
-0.00020271092
-3.2815675e-14
3.2360997e-09
-0.00020271092
1.3858048e-13
8.6068206e-09
-0.00020255932
2.7085362e-13
6.8568943e-09
-0.00020296067
-5.5875849e-13
3.3555393e-08
-0.00020263501
-1.6247933e-13
-0.00020236356
7.8392121e-14
3.8615313e-08
-0.00020240419
2.8931854e-15
-6.14581e-09
-0.00020259236
6.1918249e-14
1.4386475e-08
-0.00020298354
-1.4280402e-13
-4.9320914e-10
-0.0002025465
2.3179356e-14
2.4691282e-13
-0.00020271328
-8.4921675e-15
4.9422006e-10
-0.00020271328
4.3657321e-14
-1.4384646e-08
-0.00020254648
4.4863391e-13
6.1475413e-09
-0.00020298355
-6.2808159e-13
-3.8614011e-08
-0.00020259236
-1.4593894e-13
-0.00020240422
8.9346751e-14
-4.2868613e-08
-0.00020237332
2.7075708e-15
-6.9370064e-09
-0.00020264042
-6.3051679e-14
-1.1671777e-08
-0.000202991
-9.7684402e-14
-3.5962279e-09
-0.00020256671
9.0830859e-14
-2.3739294e-14
-0.0002027288
-2.737401e-14
3.597753e-09
-0.0002027288
1.1834287e-13
1.1673975e-08
-0.00020256668
2.5872425e-13
6.9388628e-09
-0.00020299102
-5.9236871e-13
4.2869872e-08
-0.00020264042
-1.5997498e-13
-0.00020237336
6.6791113e-14
5.0951361e-08
-0.0002024265
-5.6964268e-15
-5.6402105e-09
-0.00020258609
9.6148874e-14
1.8490621e-08
-0.00020301754
-1.5478219e-13
7.8912399e-11
-0.00020255051
6.1662175e-15
3.2146505e-13
-0.00020273078
-2.667375e-15
-7.8284056e-11
-0.00020273078
7.9542725e-15
-1.8488829e-08
-0.00020255049
4.6246826e-13
5.6419589e-09
-0.00020301756
-6.7706664e-13
-5.0950063e-08
-0.00020258609
-1.4015814e-13
-0.00020242653
7.6941031e-14
-5.4613003e-08
-0.00020238444
9.2543095e-15
-7.1383969e-09
-0.0002026462
-5.4177851e-14
-1.5500323e-08
-0.0002030218
-8.4606058e-14
-4.0367444e-09
-0.00020257466
8.5452196e-14
-6.6267418e-14
-0.00020274733
-2.1670652e-14
4.0384159e-09
-0.00020274733
9.2866758e-14
1.5502612e-08
-0.00020257464
2.3770306e-13
7.1402717e-09
-0.00020302181
-6.0540775e-13
5.4614217e-08
-0.00020264621
-1.4887799e-13
-0.00020238447
5.2937424e-14
6.6119667e-08
-0.00020245316
-2.2102221e-14
-4.9615337e-09
-0.00020257771
1.3115752e-13
2.3480363e-08
-0.00020305287
-1.6197521e-13
5.8136943e-10
-0.00020255435
-3.4236318e-15
4.1688398e-13
-0.00020274922
9.8700778e-15
-5.8067665e-10
-0.00020274922
-4.7816916e-14
-2.3478635e-08
-0.00020255433
4.6589315e-13
4.9633014e-09
-0.00020305288
-7.1314111e-13
-6.6118368e-08
-0.00020257771
-1.3122186e-13
-0.00020245319
6.2300006e-14
-6.9290108e-08
-0.00020239673
2.1539264e-14
-7.4984747e-09
-0.0002026524
-4.2753782e-14
-2.0214131e-08
-0.00020305292
-6.7780926e-14
-4.5683671e-09
-0.000202583
6.848058e-14
-1.3302167e-13
-0.00020276665
-1.3041861e-14
4.5702143e-09
-0.00020276665
6.1646268e-14
2.0216538e-08
-0.00020258298
2.1939547e-13
7.500366e-09
-0.00020305294
-6.0060756e-13
6.9291259e-08
-0.0002026524
-1.3221089e-13
-0.00020239676
3.8433032e-14
8.4688774e-08
-0.00020248463
-4.9473867e-14
-4.0505678e-09
-0.00020256681
1.5995701e-13
2.9487974e-08
-0.00020308953
-1.7604208e-13
1.2263655e-09
-0.00020255794
-1.4207619e-14
5.3882359e-13
-0.00020276857
2.7015935e-14
-1.2257507e-09
-0.00020276857
-1.1372239e-13
-2.9486348e-08
-0.00020255792
4.5089413e-13
4.0523623e-09
-0.00020308955
-7.3193568e-13
-8.4687461e-08
-0.00020256681
-1.1988173e-13
-0.00020248467
4.2815014e-14
-8.7493381e-08
-0.00020240998
4.8256479e-14
-8.0639279e-09
-0.00020265905
-1.9645919e-14
-2.5948052e-08
-0.00020308424
-3.4932263e-14
-5.2046166e-09
-0.00020259167
4.7237421e-14
-2.329309e-13
-0.00020278669
-3.0543886e-15
5.2066757e-09
-0.00020278669
2.387054e-14
2.5950619e-08
-0.00020259166
2.107973e-13
8.0658328e-09
-0.00020308425
-5.75886e-13
8.7494441e-08
-0.00020265905
-1.0937637e-13
-0.00020241002
2.3599953e-14
1.0732948e-07
-0.00020252146
-8.9680466e-14
-2.8240504e-09
-0.0002025529
1.7895261e-13
3.6656256e-08
-0.00020312752
-1.9993263e-13
2.0058337e-09
-0.00020256115
-2.768236e-14
6.9554296e-13
-0.00020278883
4.3549814e-14
-2.0053541e-09
-0.00020278883
-1.7366556e-13
-3.6654779e-08
-0.00020256113
4.1432809e-13
2.8258956e-09
-0.00020312754
-7.3264698e-13
-1.0732814e-07
-0.00020255291
-1.0688896e-13
-0.0002025215
2.2007916e-14
-1.0992173e-07
-0.00020242395
9.3489671e-14
-8.8898332e-09
-0.00020266624
2.6041207e-14
-3.2847546e-08
-0.00020311557
-2.8191787e-15
-5.9605806e-09
-0.00020260059
8.5545654e-15
-3.7878855e-13
-0.00020280734
1.1397895e-14
5.962896e-09
-0.00020280734
-3.4740512e-14
3.2850334e-08
-0.00020260058
2.2738391e-13
8.8917526e-09
-0.00020311558
-5.3279525e-13
1.0992266e-07
-0.00020266625
-8.7011848e-14
-0.00020242399
8.8439639e-15
1.3483188e-07
-0.00020256424
-1.4921494e-13
-1.1215974e-09
-0.00020253553
1.7947295e-13
4.5137704e-08
-0.00020316674
-2.3044702e-13
2.9306075e-09
-0.00020256382
-2.8410386e-14
8.9707563e-13
-0.00020280995
6.0773741e-14
-2.9303219e-09
-0.00020280995
-2.2086292e-13
-4.5136439e-08
-0.00020256381
3.5691546e-13
1.1236459e-09
-0.00020316675
-7.1267374e-13
-1.3483047e-07
-0.00020253554
-1.0019672e-13
-0.00020256428
-3.8755732e-15
-1.3739692e-07
-0.00020243832
1.6630526e-13
-1.0040589e-08
-0.00020267417
1.101851e-13
-4.1067681e-08
-0.00020314663
4.7413217e-14
-6.8531222e-09
-0.00020260965
-5.4248112e-14
-5.8395844e-13
-0.00020282849
2.5765249e-14
6.8557477e-09
-0.0002028285
-1.4028722e-13
4.1070774e-08
-0.00020260964
2.9227064e-13
1.0042521e-08
-0.00020314664
-4.7277647e-13
1.3739768e-07
-0.00020267418
-6.1121789e-14
-0.00020243836
-1.0085679e-14
1.6812567e-07
-0.00020261368
-2.3471757e-13
8.4239897e-10
-0.00020251384
1.5000984e-13
5.5093029e-08
-0.00020320738
-2.7508456e-13
4.015551e-09
-0.00020256578
-8.2330021e-15
1.1524085e-12
-0.00020283189
7.9641897e-14
-4.0155306e-09
-0.0002028319
-2.449285e-13
-5.5092063e-08
-0.00020256578
2.6908384e-13
-8.4106089e-10
-0.00020320739
-6.7514761e-13
-1.6812415e-07
-0.00020251385
-9.3203861e-14
-0.00020261372
-3.7578324e-14
-1.7088443e-07
-0.00020245273
2.7637485e-13
-1.1590775e-08
-0.00020268281
2.4373576e-13
-5.0771409e-08
-0.00020317747
1.0848744e-13
-7.9010962e-09
-0.00020261872
-1.5098833e-13
-8.6460489e-13
-0.00020285002
4.1232109e-14
7.9040976e-09
-0.00020285002
-2.7621151e-13
5.077492e-08
-0.00020261872
4.2947652e-13
1.1592717e-08
-0.00020317748
-4.136553e-13
1.7088495e-07
-0.00020268282
-3.1327669e-14
-0.00020245277
-3.2531935e-14
2.0830467e-07
-0.0002026706
-3.5628803e-13
2.8745808e-09
-0.00020248661
7.4128322e-14
6.6688701e-08
-0.00020324995
-3.3561794e-13
5.2784004e-09
-0.00020256687
3.5265212e-14
1.4757359e-12
-0.0002028546
9.7877283e-14
-5.2787313e-09
-0.00020285461
-2.3037388e-13
-6.6688146e-08
-0.00020256687
1.3173843e-13
-2.8730917e-09
-0.00020324997
-6.3720425e-13
-2.0830298e-07
-0.00020248663
-9.555952e-14
-0.00020267065
-7.8384276e-14
-2.1151863e-07
-0.00020246677
4.3776094e-13
-1.3626075e-08
-0.00020269187
4.5366709e-13
-6.2126926e-08
-0.00020320839
1.8193172e-13
-9.125492e-09
-0.00020262768
-2.9618618e-13
-1.2383811e-12
-0.00020287176
6.2587798e-14
9.128951e-09
-0.00020287177
-4.6253904e-13
6.2131002e-08
-0.00020262769
6.7438491e-13
1.362802e-08
-0.00020320841
-3.6614297e-13
2.1151884e-07
-0.00020269188
5.780982e-15
-0.00020246681
-4.6000154e-14
2.5665678e-07
-0.00020273596
-5.333152e-13
5.527188e-09
-0.00020245291
-7.4967143e-14
8.0093454e-08
-0.00020329449
-4.1609946e-13
6.7400347e-09
-0.00020256689
1.2493523e-13
1.8875375e-12
-0.00020287797
1.1100202e-13
-6.7408237e-09
-0.00020287798
-1.5699707e-13
-8.0093464e-08
-0.00020256689
-9.9959058e-14
-5.5256432e-09
-0.0002032945
-5.9745239e-13
-2.5665485e-07
-0.00020245293
-1.0534897e-13
-0.00020273601
-1.1738041e-13
-2.6063303e-07
-0.00020247994
6.6432771e-13
-1.624459e-08
-0.00020270153
7.7043258e-13
-7.530377e-08
-0.00020323925
2.7413227e-13
-1.0549292e-08
-0.00020263636
-5.1375553e-13
-1.7241036e-12
-0.00020289351
8.9206906e-14
1.055331e-08
-0.00020289353
-7.3031414e-13
7.5308595e-08
-0.00020263637
1.0705067e-12
1.6246528e-08
-0.00020323926
-3.2594174e-13
2.6063283e-07
-0.00020270155
6.7078604e-14
-0.00020247999
-5.828931e-14
3.146997e-07
-0.00020281088
-7.763197e-13
8.8625884e-09
-0.00020241156
-3.2706975e-13
9.5472975e-08
-0.00020334102
-5.2413237e-13
8.4235078e-09
-0.00020256562
2.8964403e-13
2.4099914e-12
-0.00020290185
1.2231829e-13
-8.4248829e-09
-0.00020290186
1.6712597e-14
-9.5473751e-08
-0.00020256562
-5.0192394e-13
-8.8610081e-09
-0.00020334104
-5.5728361e-13
-3.146974e-07
-0.00020241159
-1.2625023e-13
-0.00020281093
-1.5264881e-13
-3.197959e-07
-0.00020249167
9.8196004e-13
-1.9557491e-08
-0.00020271195
1.2454287e-12
-9.0467268e-08
-0.00020326987
3.6672855e-13
-1.2197565e-08
-0.00020264454
-8.5671824e-13
-2.3467162e-12
-0.00020291502
1.2455012e-13
1.2202266e-08
-0.00020291503
-1.1214437e-12
9.0473077e-08
-0.00020264455
1.684363e-12
1.9559406e-08
-0.00020326989
-2.9473606e-13
3.1979514e-07
-0.00020271198
1.3838349e-13
-0.00020249172
-6.1966676e-14
3.8422381e-07
-0.00020289663
-1.1130057e-12
1.2987531e-08
-0.00020236113
-7.3459972e-13
1.1298254e-07
-0.00020338953
-6.5574137e-13
1.0354262e-08
-0.00020256278
5.6505127e-13
3.0692633e-12
-0.00020292602
1.1681544e-13
-1.035638e-08
-0.00020292603
2.6416116e-13
-1.1298434e-07
-0.00020256279
-1.0976922e-12
-1.2985922e-08
-0.00020338955
-5.1398355e-13
-3.84221e-07
-0.00020236115
-1.6789493e-13
-0.00020289668
-1.8799233e-13
-3.9085299e-07
-0.00020250125
1.4211374e-12
-2.3689603e-08
-0.00020272328
1.9507877e-12
-1.0777092e-07
-0.00020330008
4.7437322e-13
-1.4097531e-08
-0.00020265194
-1.3609898e-12
-3.1287871e-12
-0.00020293594
1.8392812e-13
1.4103064e-08
-0.00020293596
-1.6852728e-12
1.0777801e-07
-0.00020265195
2.6157688e-12
2.3691475e-08
-0.0002033001
-2.7159083e-13
3.9085152e-07
-0.0002027233
2.3075846e-13
-0.00020250131
-5.4713225e-14
4.6734492e-07
-0.00020299472
-1.5795834e-12
1.8030177e-08
-0.00020229982
-1.3664302e-12
1.3275679e-07
-0.0002034399
-8.1265341e-13
1.2560263e-08
-0.00020255808
1.0109189e-12
3.8963743e-12
-0.00020295019
8.9107518e-14
-1.2563312e-08
-0.00020295019
7.2123388e-13
-1.3275995e-07
-0.00020255809
-1.9876294e-12
-1.8028538e-08
-0.00020343992
-4.6970384e-13
-4.6734143e-07
-0.00020229986
-2.3348438e-13
-0.00020299478
-2.2084159e-13
-4.7598046e-07
-0.00020250793
2.0238042e-12
-2.8779909e-08
-0.00020273566
2.9883304e-12
-1.2734602e-07
-0.00020332963
5.8986781e-13
-1.6278573e-08
-0.00020265826
-2.1134549e-12
-4.0982398e-12
-0.00020295594
2.774003e-13
1.628512e-08
-0.00020295595
-2.510364e-12
1.2735474e-07
-0.00020265828
4.0011128e-12
2.8781715e-08
-0.00020332965
-2.5847115e-13
4.7597809e-07
-0.00020273569
3.5194076e-13
-0.00020250799
-3.7020511e-14
5.6657034e-07
-0.00020310696
-2.2223331e-12
2.4136342e-08
-0.00020222553
-2.3286257e-12
1.5489569e-07
-0.00020349191
-9.9145253e-13
1.5072026e-08
-0.0002025512
1.7088787e-12
4.9239941e-12
-0.00020297403
2.1819769e-14
-1.5076234e-08
-0.00020297403
1.4761945e-12
-1.5490064e-07
-0.00020255121
-3.3201714e-12
-2.4134666e-08
-0.00020349194
-4.2188436e-13
-5.6656596e-07
-0.00020222556
-3.2746405e-13
-0.00020310701
-2.4511845e-13
-5.777503e-07
-0.00020251084
2.8517589e-12
-3.4982089e-08
-0.0002027493
4.5125244e-12
-1.4928766e-07
-0.00020335828
6.9923927e-13
-1.8772161e-08
-0.00020266317
-3.2317702e-12
-5.2855653e-12
-0.00020297462
4.2871547e-13
1.877994e-08
-0.00020297464
-3.7256041e-12
1.4929846e-07
-0.00020266319
6.0442975e-12
3.4983804e-08
-0.00020335831
-2.603311e-13
5.7774676e-07
-0.00020274933
4.9952792e-13
-0.0002025109
-1.2837014e-14
6.8488133e-07
-0.00020323551
-3.1051355e-12
3.1469046e-08
-0.00020213565
-3.7689419e-12
1.7944568e-07
-0.00020354521
-1.1751477e-12
1.7922433e-08
-0.00020254185
2.7867064e-12
6.1875781e-12
-0.00020299719
-1.2111048e-13
-1.7928065e-08
-0.00020299719
2.6655153e-12
-1.7945294e-07
-0.00020254186
-5.3131851e-12
-3.1467324e-08
-0.00020354524
-3.7759625e-13
-6.8487577e-07
-0.00020213569
-4.7088081e-13
-0.00020323557
-2.7251816e-13
-6.9921213e-07
-0.00020250902
3.9894652e-12
-4.2465182e-08
-0.00020276443
6.7406259e-12
-1.7363613e-07
-0.00020338574
7.8153905e-13
-2.1611575e-08
-0.00020266632
-4.8870778e-12
-6.723837e-12
-0.00020299161
6.684532e-13
2.1620839e-08
-0.00020299163
-5.5297318e-12
1.7364958e-07
-0.00020266634
9.0449696e-12
4.2466789e-08
-0.00020338576
-2.6653288e-13
6.9920711e-07
-0.00020276446
7.0619043e-13
-0.00020250908
1.4900896e-14
8.2583808e-07
-0.00020338301
-4.3232386e-12
4.0209212e-08
-0.00020202706
-5.9220755e-12
2.0637429e-07
-0.00020359932
-1.3325961e-12
2.1146218e-08
-0.00020252975
4.4424051e-12
7.728369e-12
-0.00020301927
-3.8572512e-13
-2.1153582e-08
-0.00020301926
4.4955727e-12
-2.0638451e-07
-0.00020252976
-8.2941751e-12
-4.0207442e-08
-0.00020359935
-3.3888053e-13
-8.2583102e-07
-0.00020202711
-6.7696193e-13
-0.00020338308
-3.0429055e-13
-8.4399748e-07
-0.00020250143
5.5526027e-12
-5.141446e-08
-0.00020278133
1.0007832e-11
-2.003523e-07
-0.00020341168
7.9015365e-13
-2.483129e-08
-0.00020266732
-7.3556845e-12
-8.4523324e-12
-0.00020300652
1.0441348e-12
2.4842335e-08
-0.00020300654
-8.2094496e-12
2.0036907e-07
-0.00020266735
1.3452661e-11
5.1415959e-08
-0.00020341171
-2.8518863e-13
8.4399062e-07
-0.00020278136
9.6336182e-13
-0.00020250149
4.4233687e-14
9.9371261e-07
-0.00020355269
-6.0028892e-12
5.0556996e-08
-0.00020189596
-9.139662e-12
2.3553651e-07
-0.00020365355
-1.4204992e-12
2.4779031e-08
-0.00020251471
6.9557827e-12
9.5899692e-12
-0.00020303983
-8.4882667e-13
-2.4788479e-08
-0.00020303982
7.2707644e-12
-2.3555051e-07
-0.00020251471
-1.2763433e-11
-5.0555197e-08
-0.00020365359
-3.010456e-13
-9.9370363e-07
-0.00020189601
-9.4218842e-13
-0.00020355275
-3.3587736e-13
-1.0164595e-06
-0.00020248707
7.7119368e-12
-6.2033721e-08
-0.00020280013
1.4690227e-11
-2.2928949e-07
-0.00020343593
6.647322e-13
-2.8467185e-08
-0.00020266605
-1.1009226e-11
-1.0517901e-11
-0.0002030188
1.6361274e-12
2.8480339e-08
-0.00020301882
-1.2274817e-11
2.2931049e-07
-0.0002026661
1.9948754e-11
6.2035155e-08
-0.00020343595
-3.0409787e-13
1.0164503e-06
-0.00020280016
1.2901947e-12
-0.00020248713
8.7393108e-14
1.195119e-06
-0.00020374959
-8.339227e-12
6.2901409e-08
-0.00020173695
-1.3641379e-11
2.6699005e-07
-0.00020370697
-1.3335739e-12
2.8915505e-08
-0.00020249582
1.0823404e-11
1.183987e-11
-0.00020305879
-1.6397665e-12
-2.8927444e-08
-0.00020305878
1.179037e-11
-2.6700887e-07
-0.00020249583
-1.9540028e-11
-6.2899647e-08
-0.00020370702
-2.7612514e-13
-1.1951076e-06
-0.00020173701
-1.2881011e-12
-0.00020374965
-3.764787e-13
-1.2193474e-06
-0.00020245729
1.0716616e-11
-7.4928087e-08
-0.0002028327
3.1167562e-11
-2.6028191e-07
-0.00020345023
2.9473028e-13
-3.2442827e-08
-0.00020264633
-1.6454199e-11
-1.3039293e-11
-0.00020304008
2.5584175e-12
3.245845e-08
-0.0002030401
-1.2441755e-11
2.6030827e-07
-0.00020264639
2.9562893e-11
7.4929584e-08
-0.00020345025
-3.1577292e-13
1.2193353e-06
-0.00020283272
1.6956302e-12
-0.00020245735
1.4632746e-13
1.4308943e-06
-0.00020399295
-1.1576665e-11
7.7488491e-08
-0.00020152521
-4.8247308e-11
2.9951527e-07
-0.00020377035
-9.1822499e-13
3.3350917e-08
-0.00020249456
1.6705356e-11
1.4549114e-11
-0.00020305933
-2.9375239e-12
-3.3365733e-08
-0.00020305932
5.0950684e-12
-2.9954015e-07
-0.00020249456
-2.9738442e-11
-7.7486916e-08
-0.0002037704
-2.8046616e-13
-1.4308798e-06
-0.00020152527
-1.7085423e-12
-0.00020399301
-4.2671807e-13
-1.4547019e-06
-0.00020295313
1.4892669e-11
-9.1351551e-08
-0.00020217372
-3.9269687e-10
-2.9373665e-07
-0.00020386626
-5.5359065e-13
-3.6867326e-08
-0.00020332766
-2.4563191e-11
-1.6132886e-11
-0.00020250743
3.9749414e-12
3.6885754e-08
-0.00020250711
-3.947075e-10
2.9376981e-07
-0.00020332772
4.3798656e-11
9.1353396e-08
-0.00020386626
-3.0837694e-13
1.4546861e-06
-0.00020217406
2.1698819e-12
-0.00020295318
2.2391477e-13
1.7064274e-06
-0.00020396214
-1.6117538e-11
9.6031922e-08
-0.0002016508
6.2907374e-10
3.340491e-07
-0.0002035767
7.5506874e-14
3.8195918e-08
-0.00020210731
2.5735915e-11
1.7880639e-11
-0.00020337954
-5.0624638e-12
-3.8214024e-08
-0.00020337958
5.9818551e-10
-3.3408169e-07
-0.00020210731
-4.5246048e-11
-9.6030898e-08
-0.00020357675
-3.4732028e-13
-1.7064089e-06
-0.00020165084
-2.2141805e-12
-0.00020396221
-5.0472894e-13
-1.7461488e-06
-0.00019115739
2.0755807e-11
-1.0683205e-07
-0.00021638808
9.1624162e-09
-3.2675198e-07
-0.00019433533
-2.3513111e-12
-4.3865423e-08
-0.00018889968
-3.6755804e-11
-2.0083745e-11
-0.00021463566
6.2380997e-12
4.3887031e-08
-0.00021464522
7.7316112e-09
3.2679388e-07
-0.00018890016
6.5196327e-11
1.0683491e-07
-0.00019433541
-2.3820635e-13
1.7461283e-06
-0.00021637854
2.6790379e-12
-0.00019115769
3.2733882e-13
2.0435811e-06
-0.00020485216
-2.2509922e-11
1.1366497e-07
-0.00020079391
-9.5482873e-09
3.6667401e-07
-0.00020420888
2.1837812e-12
4.5846801e-08
-0.00020265972
3.9229598e-11
2.2010457e-11
-0.00020280725
-8.3676012e-12
-4.5868422e-08
-0.00020280765
-8.1141279e-09
-3.6671638e-07
-0.00020265971
-6.8421768e-11
-1.1366521e-07
-0.00020420892
-5.4619289e-13
-2.0435576e-06
-0.00020079359
-2.7417783e-12
-0.00020485223
-5.9662623e-13
-2.0823512e-06
-0.0002258013
1.1540441e-11
-1.3330936e-07
-0.00017942767
-1.5924094e-08
-3.5761103e-07
-0.00022714182
-2.1933366e-11
-4.4627099e-08
-0.00022604119
-5.0320193e-11
-1.6635399e-11
-0.00017952176
2.8684432e-11
4.4652066e-08
-0.00017952087
-1.6086433e-08
3.5764287e-07
-0.00022604134
7.3965896e-11
1.3330458e-07
-0.00022714185
1.1180056e-13
2.0823346e-06
-0.00017942848
2.9951733e-12
-0.00022580136
2.679978e-13
2.4387286e-06
-0.00020495598
-1.3087437e-11
1.4302164e-07
-0.00020066094
1.6056188e-08
3.9577753e-07
-0.0002039243
2.2691878e-11
4.7030948e-08
-0.00020243819
5.4091517e-11
1.8419152e-11
-0.0002030705
-3.2615862e-11
-4.7056479e-08
-0.00020307051
1.626108e-08
-3.9580999e-07
-0.00020243816
-7.8224743e-11
-1.4301417e-07
-0.00020392434
-1.1452821e-12
-2.4387091e-06
-0.00020066098
-3.0522822e-12
-0.00020495603
-5.3102711e-13
-2.499961e-06
-0.00017960861
6.0393506e-12
-1.5025813e-07
-0.00022559227
1.5718395e-08
-3.8686357e-07
-0.00018061329
-3.2634527e-11
-5.7463583e-08
-0.00017997969
-5.8611619e-11
-1.0489981e-11
-0.00022579912
4.7064062e-11
5.7489558e-08
-0.00022579976
1.5621108e-08
3.8688665e-07
-0.00017997977
7.9705633e-11
1.5024316e-07
-0.00018061331
2.9964339e-13
2.4999506e-06
-0.00022559151
3.2279409e-12
-0.00017960865
2.0010716e-13
2.9240469e-06
-0.00020530967
-7.6795603e-12
1.6266619e-07
-0.00020033705
-1.5667096e-08
4.2053276e-07
-0.00020387702
3.3079674e-11
6.0415409e-08
-0.00020233634
6.2458607e-11
1.2075476e-11
-0.00020315343
-5.1563646e-11
-6.0441963e-08
-0.0002031534
-1.5562684e-08
-4.205567e-07
-0.0002023363
-8.3676391e-11
-1.6264862e-07
-0.00020387705
-1.6914529e-12
-2.9240335e-06
-0.00020033713
-3.2390557e-12
-0.00020530971
-4.6029791e-13
-2.9822604e-06
-0.00022384526
-1.0289383e-12
-1.8271722e-07
-0.00018135878
-1.484278e-08
-4.1257674e-07
-0.00022543694
-4.1033314e-11
-5.8136804e-08
-0.00022412067
-6.2139731e-11
-8.3766911e-12
-0.00018132466
5.4203073e-11
5.8167947e-08
-0.00018132386
-1.5067914e-08
4.1259212e-07
-0.00022412079
7.8161977e-11
1.8269695e-07
-0.00022543699
3.8521208e-13
2.9822517e-06
-0.00018135949
3.3508688e-12
-0.00022384533
1.2666623e-13
3.4963818e-06
-0.00020591684
-1.079745e-12
1.9811161e-07
-0.00019975596
1.478133e-08
4.3808893e-07
-0.00020397937
4.0750526e-11
6.1745438e-08
-0.00020241062
6.6017132e-11
9.7448436e-12
-0.00020306771
-5.8887979e-11
-6.1777207e-08
-0.00020306774
1.5015355e-08
-4.3810554e-07
-0.00020241057
-8.1380051e-11
-1.9808908e-07
-0.00020397939
-2.3505493e-12
-3.4963701e-06
-0.000199756
-3.2800191e-12
-0.00020591688
-3.8541408e-13
-3.5586297e-06
-0.00018187764
-3.8026495e-12
-2.0838644e-07
-0.00022322385
1.4026345e-08
-4.3673965e-07
-0.00018295283
-4.248227e-11
-7.1891509e-08
-0.00018241761
-6.2548176e-11
-2.7093403e-12
-0.00022339109
6.0909168e-11
7.1923674e-08
-0.00022339162
1.3974817e-08
4.3674887e-07
-0.00018241765
7.6806734e-11
2.0835796e-07
-0.00018295285
3.2197695e-13
3.5586256e-06
-0.00022322323
3.3822805e-12
-0.00018187766
3.7957099e-14
4.1771372e-06
-0.00020644474
1.5929351e-12
2.273443e-07
-0.0001992568
-1.3963168e-08
4.5032326e-07
-0.00020388642
4.0467218e-11
7.607565e-08
-0.0002023103
6.5435365e-11
3.8799881e-12
-0.0002031616
-6.457985e-11
-7.6107979e-08
-0.00020316157
-1.390719e-08
-4.5033426e-07
-0.00020231025
-7.7369394e-11
-2.2731446e-07
-0.00020388644
-3.0033981e-12
-4.1771298e-06
-0.00019925689
-3.1620433e-12
-0.00020644477
-3.0071536e-13
-4.254712e-06
-0.00022071561
-8.1876387e-12
-2.4546351e-07
-0.00018445775
-1.2789193e-08
-4.4573823e-07
-0.00022259278
-4.3537236e-11
-7.4801789e-08
-0.0002210498
-6.047347e-11
-1.3026736e-12
-0.00018427056
5.9066072e-11
7.4838712e-08
-0.00018426988
-1.3024987e-08
4.4574288e-07
-0.00022104986
7.0658818e-11
2.4543173e-07
-0.00022259281
3.8948419e-13
4.2547082e-06
-0.00018445837
3.3116056e-12
-0.00022071569
-5.3213519e-14
5.0023818e-06
-0.00020729363
5.5463501e-12
2.6894459e-07
-0.00019843571
1.2723737e-08
4.4152541e-07
-0.00020396012
3.9012853e-11
7.9696649e-08
-0.00020242375
6.1402897e-11
2.2557722e-12
-0.00020305921
-6.117091e-11
-7.9732976e-08
-0.00020305924
1.2959351e-08
-4.4153248e-07
-0.00020242369
-6.7591118e-11
-2.6891282e-07
-0.00020396013
-3.4300993e-12
-5.0023744e-06
-0.00019843573
-2.8997613e-12
-0.00020729367
-1.9697793e-13
-5.0982193e-06
-0.00018522934
-9.3321266e-12
-2.7591808e-07
-0.00021979285
1.1559034e-08
-4.4045048e-07
-0.00018638109
-3.966721e-11
-8.8864535e-08
-0.00018600524
-5.6987819e-11
4.0624331e-12
-0.00021986141
5.7934652e-11
8.8902488e-08
-0.00021986181
1.1563683e-08
4.4045264e-07
-0.00018600526
6.5375386e-11
2.7588109e-07
-0.0001863811
8.3000328e-13
5.098218e-06
-0.00021979238
3.1675953e-12
-0.00018522936
-1.4834449e-13
6.0104622e-06
-0.00020810274
6.2116001e-12
3.0418317e-07
-0.0001976581
-1.1482642e-08
4.0914597e-07
-0.00020380245
3.2224534e-11
9.439055e-08
-0.00020235683
5.4457848e-11
-3.3878785e-12
-0.00020315695
-5.8070459e-11
-9.4426802e-08
-0.00020315691
-1.149885e-08
-4.0915122e-07
-0.00020235677
-5.7834103e-11
-3.0414793e-07
-0.00020380247
-3.1225661e-12
-6.0104566e-06
-0.00019765819
-2.520825e-12
-0.00020810278
-8.3403019e-14
-6.1068368e-06
-0.0002163904
-1.1529571e-11
-3.1970989e-07
-0.00018875191
-9.9543581e-09
-4.1183359e-07
-0.00021864242
-3.623274e-11
-9.4375205e-08
-0.00021683181
-5.2089023e-11
5.6068384e-12
-0.00018835032
5.1062707e-11
9.4417518e-08
-0.00018834978
-1.0194545e-08
4.1183537e-07
-0.00021683183
5.6821536e-11
3.1967308e-07
-0.00021864244
1.2786e-12
6.1068358e-06
-0.00018875239
2.9616203e-12
-0.0002163905
-2.3433991e-13
7.2244357e-06
-0.00020932521
8.2019758e-12
3.5337178e-07
-0.00019646742
9.8956251e-09
3.4097141e-07
-0.00020380427
2.5970994e-11
1.0049669e-07
-0.00020254145
4.5832008e-11
-5.18873e-12
-0.00020304252
-4.9062043e-11
-1.005355e-07
-0.00020304253
1.0114425e-08
-3.4097683e-07
-0.0002025414
-4.4475353e-11
-3.5333065e-07
-0.0002038043
-2.7693429e-12
-7.2244126e-06
-0.00019646745
-2.0409148e-12
-0.00020932524
5.608933e-14
-7.328553e-06
-0.00018971072
-1.1124789e-11
-3.5932748e-07
-0.00021524806
8.2990537e-09
-3.5174896e-07
-0.00019090688
-3.0370225e-11
-1.0870725e-07
-0.00019078563
-4.5852639e-11
9.4654276e-12
-0.00021519567
4.6340382e-11
1.0875065e-07
-0.00021519593
8.3760021e-09
3.517526e-07
-0.00019078563
4.9491613e-11
3.5932046e-07
-0.0001909069
1.3414309e-12
7.3286157e-06
-0.00021524781
2.7179991e-12
-0.00018971069
-2.8232608e-13
8.7088343e-06
-0.00021059423
8.0471042e-12
3.9952534e-07
-0.0001952358
-8.2095793e-09
2.2340398e-07
-0.00020353103
1.7775204e-11
1.1536839e-07
-0.00020256388
3.7233972e-11
-9.5649846e-12
-0.00020313985
-4.2976667e-11
-1.1540652e-07
-0.00020313978
-8.3185764e-09
-2.2341147e-07
-0.00020256385
-3.2352776e-11
-3.9951922e-07
-0.00020353107
-2.7152267e-12
-8.7088798e-06
-0.00019523589
-1.5652669e-12
-0.00021059425
1.5382175e-13
-8.7952608e-06
-0.00021092529
-1.1603594e-11
-4.1110144e-07
-0.00019424168
-6.3035818e-09
-2.4707689e-07
-0.00021354152
-2.7088222e-11
-1.168554e-07
-0.00021147317
-3.891711e-11
1.1222035e-11
-0.00019359066
3.9459363e-11
1.1690161e-07
-0.00019359029
-6.5639077e-09
2.4708367e-07
-0.00021147321
4.0996882e-11
4.1109314e-07
-0.00021354159
1.2931234e-12
8.7953128e-06
-0.00019424203
2.4765917e-12
-0.00021092532
-2.4820016e-13
1.0509288e-05
-0.00021241221
9.1890909e-12
4.5925516e-07
-0.00019345594
6.2496729e-09
3.1132136e-08
-0.00020337452
1.3781929e-11
1.2395482e-07
-0.00020289374
2.9838703e-11
-1.2064968e-11
-0.00020301719
-3.6827924e-11
-1.2399394e-07
-0.00020301716
6.4707764e-09
-3.1143856e-08
-0.00020289373
-1.8931023e-11
-4.5925871e-07
-0.00020337456
-3.2500525e-12
-1.050934e-05
-0.00019345596
-1.2437375e-12
-0.00021241225
8.1310578e-14
-1.0580385e-05
-0.00019538529
-1.0685417e-11
-4.6323106e-07
-0.00020943747
4.183906e-09
-7.8172283e-08
-0.00019653759
-2.4857198e-11
-1.3076084e-07
-0.00019681679
-3.3078523e-11
1.4772933e-11
-0.00020936022
3.7744123e-11
1.3080708e-07
-0.00020936026
4.3729803e-09
7.8183672e-08
-0.0001968168
3.444129e-11
4.6322937e-07
-0.00019653761
1.6346908e-12
1.0580444e-05
-0.00020943743
2.2605479e-12
-0.00019538529
-7.3533704e-14
1.2646174e-05
-0.00021434702
9.5874858e-12
5.2389847e-07
-0.00019154854
-4.0954077e-09
-2.2537225e-07
-0.00020289791
1.7344024e-11
1.3802057e-07
-0.00020308424
2.4933583e-11
-1.6651019e-11
-0.00020311508
-3.867672e-11
-1.3805801e-07
-0.00020311497
-4.3153927e-09
2.2535944e-07
-0.00020308425
-1.3692301e-11
-5.239115e-07
-0.00020289795
-4.2065118e-12
-1.2646233e-05
-0.00019154861
-1.2213846e-12
-0.00021434707
-2.5924819e-13
-1.3899672e-05
-0.00020217794
-1.0364673e-11
-5.2766393e-07
-0.00020154997
-2.1892331e-09
1.5181664e-07
-0.00020694714
-3.3792322e-11
-1.4104588e-07
-0.0002048213
-2.629101e-11
1.7488076e-11
-0.00020021481
4.0054051e-11
1.4109076e-07
-0.00020021464
-1.9994032e-09
-1.518034e-07
-0.00020482138
2.7813717e-11
5.2767248e-07
-0.00020694724
2.9490003e-12
1.3899735e-05
-0.00020155014
2.3752408e-12
-0.00020217798
5.8937437e-13
1.1228409e-06
1.0935767e-11
5.5487939e-07
2.1150234e-09
-6.3649087e-07
5.729356e-11
1.4797669e-07
1.9649637e-11
-2.144423e-11
-5.5172066e-11
-1.4801203e-07
1.9197221e-09
6.3647691e-07
-2.3776353e-11
-5.549038e-07
-5.8477237e-12
-1.1229097e-06
-2.5503547e-12
-1.9548521e-12
-1.3543749e-08
-0.00011477937
-2.5958573e-09
-0.00011480399
-2.0210397e-11
-0.00011479573
-6.0674688e-10
-0.00011479236
7.8668649e-14
-0.00011479335
6.0759607e-10
-0.00011479335
2.1546666e-11
-0.00011479236
2.5979024e-09
-0.00011479573
1.3545189e-08
-0.00011480399
-0.00011477937
-2.8334559e-08
-0.00018376114
-5.4758177e-09
-0.00018383669
-4.0538016e-11
-0.00018381126
-1.10661e-09
-0.00018380123
-1.3142757e-14
-0.00018380418
1.1070981e-09
-0.00018380419
4.1508464e-11
-0.00018380123
5.4771184e-09
-0.00018381126
2.8335603e-08
-0.00018383669
-0.00018376114
-2.1607992e-08
-0.0001998114
-7.1122734e-09
-0.00019992297
-1.1003653e-10
-0.00019989023
-1.4222036e-09
-0.00019987171
-7.7044663e-15
-0.00019987719
1.4227348e-09
-0.0001998772
1.1099544e-10
-0.0001998717
7.1135717e-09
-0.00019989023
2.160906e-08
-0.00019992297
-0.0001998114
-1.4591127e-08
-0.0002021608
-7.8803822e-09
-0.00020229384
-1.6608507e-10
-0.0002022622
-1.5837161e-09
-0.00020223434
-1.073197e-15
-0.00020224263
1.5842944e-09
-0.00020224264
1.6706566e-10
-0.00020223433
7.8816797e-09
-0.0002022622
1.4592219e-08
-0.00020229383
-0.0002021608
-1.096793e-08
-0.00020240377
-8.1856897e-09
-0.00020255079
-1.9468378e-10
-0.00020252446
-1.6633513e-09
-0.0002024869
6.1236028e-15
-0.00020249814
1.6639709e-09
-0.00020249814
1.9569839e-10
-0.0002024869
8.1869985e-09
-0.00020252446
1.0969046e-08
-0.00020255079
-0.00020240376
-9.1985294e-09
-0.00020241728
-8.2818061e-09
-0.00020257466
-1.9830607e-10
-0.00020255559
-1.7056001e-09
-0.00020250821
1.0982696e-14
-0.00020252247
1.7062504e-09
-0.00020252248
1.9935775e-10
-0.0002025082
8.2831329e-09
-0.00020255559
9.1996667e-09
-0.00020257465
-0.00020241728
-8.5973546e-09
-0.00020241185
-8.2971643e-09
-0.00020257836
-1.9537488e-10
-0.0002025672
-1.7338635e-09
-0.00020250994
1.4014477e-14
-0.00020252728
1.734536e-09
-0.00020252729
1.964527e-10
-0.00020250993
8.2985112e-09
-0.0002025672
8.5985098e-09
-0.00020257836
-0.00020241185
-8.1836641e-09
-0.00020240544
-8.2830355e-09
-0.00020258027
-1.7692981e-10
-0.00020257743
-1.7561825e-09
-0.00020251024
1.5742587e-14
-0.00020253073
1.7568702e-09
-0.00020253074
1.7803727e-10
-0.00020251022
8.2844017e-09
-0.00020257743
8.1848354e-09
-0.00020258026
-0.00020240544
-8.0842565e-09
-0.00020239917
-8.2594871e-09
-0.00020258212
-1.6900412e-10
-0.00020258768
-1.7778668e-09
-0.00020251053
1.677723e-14
-0.00020253423
1.7785685e-09
-0.00020253424
1.7012793e-10
-0.00020251052
8.2608723e-09
-0.00020258768
8.0854424e-09
-0.00020258211
-0.00020239916
-7.8034689e-09
-0.00020239319
-8.231809e-09
-0.00020258373
-1.3766783e-10
-0.00020259796
-1.7969917e-09
-0.00020251079
1.7638231e-14
-0.00020253776
1.7977045e-09
-0.00020253777
1.3882453e-10
-0.00020251078
8.2332127e-09
-0.00020259796
7.8046691e-09
-0.00020258372
-0.00020239318
-7.7829409e-09
-0.00020238741
-8.2021995e-09
-0.00020258552
-1.3428601e-10
-0.0002026084
-1.8181591e-09
-0.00020251122
1.8301369e-14
-0.0002025415
1.8188859e-09
-0.00020254151
1.3545326e-10
-0.0002025112
8.2036228e-09
-0.0002026084
7.784155e-09
-0.00020258551
-0.00020238741
-7.4363097e-09
-0.00020238194
-8.1703394e-09
-0.00020258694
-8.5093121e-11
-0.00020261882
-1.8350377e-09
-0.00020251152
1.9282481e-14
-0.00020254521
1.8357747e-09
-0.00020254523
8.6302091e-11
-0.00020251151
8.1717805e-09
-0.00020261882
7.4375373e-09
-0.00020258693
-0.00020238194
-7.5042728e-09
-0.00020237664
-8.1363359e-09
-0.00020258868
-9.5242411e-11
-0.00020262944
-1.8568803e-09
-0.00020251205
1.9911599e-14
-0.00020254919
1.8576334e-09
-0.0002025492
9.6454635e-11
-0.00020251204
8.1377974e-09
-0.00020262944
7.5055137e-09
-0.00020258867
-0.00020237664
-7.0092343e-09
-0.00020237171
-8.1015292e-09
-0.00020258983
-1.7656925e-11
-0.00020263998
-1.8702723e-09
-0.00020251237
2.1415925e-14
-0.00020255305
1.8710348e-09
-0.00020255306
1.8864958e-11
-0.00020251235
8.103007e-09
-0.00020263998
7.0104873e-09
-0.00020258982
-0.00020237171
-7.2532578e-09
-0.00020236692
-8.0625329e-09
-0.00020259164
-5.5978683e-11
-0.00020265085
-1.8944013e-09
-0.00020251308
2.2045319e-14
-0.00020255732
1.8951831e-09
-0.00020255734
5.7233881e-11
-0.00020251306
8.0640324e-09
-0.00020265085
7.2545245e-09
-0.00020259163
-0.00020236692
-6.4922325e-09
-0.00020236267
-8.0259507e-09
-0.00020259248
8.1207311e-11
-0.00020266159
-1.9018195e-09
-0.00020251341
2.4249981e-14
-0.00020256137
1.9026083e-09
-0.00020256139
-7.9818608e-11
-0.00020251339
8.0274648e-09
-0.00020266159
6.4935084e-09
-0.00020259247
-0.00020236267
-7.0599134e-09
-0.00020235844
-7.9803857e-09
-0.00020259452
-2.3576317e-11
-0.00020267278
-1.9313096e-09
-0.00020251441
2.4558122e-14
-0.00020256605
1.9321225e-09
-0.00020256607
2.4891514e-11
-0.00020251439
7.981924e-09
-0.00020267278
7.0612031e-09
-0.00020259451
-0.00020235844
-5.84478e-09
-0.00020235499
-7.9442041e-09
-0.00020259493
2.1658893e-10
-0.00020268375
-1.9282711e-09
-0.00020251473
2.7988058e-14
-0.00020257028
1.9290866e-09
-0.00020257029
-2.1520331e-10
-0.0002025147
7.9457533e-09
-0.00020268375
5.8460758e-09
-0.00020259491
-0.00020235499
-6.969227e-09
-0.00020235129
-7.8892388e-09
-0.00020259739
-8.6694649e-12
-0.00020269532
-1.9686719e-09
-0.00020251611
2.7555624e-14
-0.00020257543
1.9695192e-09
-0.00020257545
1.0194237e-11
-0.00020251608
7.8908155e-09
-0.00020269532
6.9705374e-09
-0.00020259737
-0.00020235129
-5.0111232e-09
-0.00020234878
-7.8570629e-09
-0.00020259713
4.0578915e-10
-0.00020270652
-1.9474887e-09
-0.00020251632
3.2853916e-14
-0.00020257979
1.9483309e-09
-0.00020257981
-4.043731e-10
-0.00020251629
7.8586453e-09
-0.00020270652
5.0124346e-09
-0.00020259712
-0.00020234878
-7.0416263e-09
-0.00020234553
-7.7883334e-09
-0.00020260027
-3.0668977e-11
-0.00020271851
-2.0081245e-09
-0.00020251819
3.0803221e-14
-0.00020258549
2.0090101e-09
-0.00020258551
3.224668e-11
-0.00020251816
7.7899487e-09
-0.00020271851
7.0429541e-09
-0.00020260026
-0.00020234553
-3.9201678e-09
-0.00020234418
-7.7652513e-09
-0.00020259907
6.7343724e-10
-0.00020272997
-1.9564008e-09
-0.00020251818
3.9525204e-14
-0.00020258992
1.9572693e-09
-0.00020258994
-6.7198218e-10
-0.00020251815
7.7668646e-09
-0.00020272998
3.921487e-09
-0.00020259906
-0.00020234419
-7.3526323e-09
-0.00020234122
-7.6771094e-09
-0.00020260322
-1.1675883e-10
-0.00020274238
-2.0523172e-09
-0.0002025207
3.4654972e-14
-0.00020259627
2.0532428e-09
-0.00020259629
1.1833496e-10
-0.00020252067
7.678763e-09
-0.00020274239
7.3539742e-09
-0.00020260321
-0.00020234123
-2.4873839e-09
-0.00020234133
-7.6690234e-09
-0.0002026007
1.0511399e-09
-0.00020275416
-1.9508852e-09
-0.00020252032
4.841244e-14
-0.00020260071
1.9517791e-09
-0.00020260072
-1.0496433e-09
-0.00020252029
7.6706645e-09
-0.00020275417
2.4886955e-09
-0.00020260068
-0.00020234133
-7.9924268e-09
-0.00020233841
-7.5556901e-09
-0.00020260629
-2.9884849e-10
-0.00020276698
-2.1056145e-09
-0.00020252365
3.866868e-14
-0.00020260779
2.1065823e-09
-0.0002026078
3.0044851e-10
-0.00020252361
7.557382e-09
-0.00020276698
7.9937803e-09
-0.00020260628
-0.00020233842
-6.2674594e-10
-0.00020234034
-7.5675974e-09
-0.00020260197
1.5779483e-09
-0.00020277917
-1.9257222e-09
-0.00020252272
5.9993068e-14
-0.00020261215
1.9266399e-09
-0.00020261216
-1.5764126e-09
-0.00020252269
7.569263e-09
-0.00020277918
6.2799323e-10
-0.00020260196
-0.00020234035
-9.0668723e-09
-0.00020233712
-7.4254816e-09
-0.00020260955
-6.1675843e-10
-0.00020279232
-2.1729108e-09
-0.00020252707
4.2638819e-14
-0.00020262006
2.1739233e-09
-0.00020262008
6.1839477e-10
-0.00020252704
7.4272096e-09
-0.00020279233
9.0682356e-09
-0.00020260954
-0.00020233713
1.8282511e-09
-0.00020234143
-7.4585571e-09
-0.0002026028
2.3005068e-09
-0.00020280507
-1.8745918e-09
-0.00020252539
7.5110003e-14
-0.00020262428
1.8755312e-09
-0.0002026243
-2.2989353e-09
-0.00020252536
7.4602443e-09
-0.00020280508
-1.826927e-09
-0.00020260279
-0.00020234144
-1.0700512e-08
-0.00020233744
-7.2898305e-09
-0.00020261302
-1.1179355e-09
-0.00020281844
-2.2598844e-09
-0.00020253101
4.6498128e-14
-0.00020263313
2.2609451e-09
-0.00020263315
1.1196144e-09
-0.00020253098
7.2915946e-09
-0.00020281846
1.0701884e-08
-0.00020261301
-0.00020233745
4.9973246e-09
-0.00020234482
-7.3372947e-09
-0.00020260313
3.2731929e-09
-0.00020283196
-1.7900618e-09
-0.00020252834
9.4413929e-14
-0.00020263716
1.7910202e-09
-0.00020263718
-3.2715905e-09
-0.00020252831
7.3389998e-09
-0.00020283197
-4.995972e-09
-0.00020260313
-0.00020234483
-1.3041e-08
-0.0002023394
-7.154628e-09
-0.00020261676
-1.857626e-09
-0.00020284538
-2.3728941e-09
-0.00020253551
4.9554255e-14
-0.00020264704
2.3740082e-09
-0.00020264705
1.8593519e-09
-0.00020253548
7.1564249e-09
-0.00020284539
1.3042378e-08
-0.00020261676
-0.00020233942
9.0385566e-09
-0.00020235072
-7.196357e-09
-0.00020260288
4.5584797e-09
-0.00020285992
-1.6634983e-09
-0.00020253157
1.1869823e-13
-0.00020265082
1.6644727e-09
-0.00020265083
-4.5568534e-09
-0.00020253154
7.1980771e-09
-0.00020285994
-9.0371873e-09
-0.00020260287
-0.00020235074
-1.6264475e-08
-0.00020234304
-7.0288449e-09
-0.00020262083
-2.8992707e-09
-0.00020287312
-2.5189206e-09
-0.00020254061
5.1021815e-14
-0.00020266179
2.5200944e-09
-0.0002026618
2.9010463e-09
-0.00020254058
7.0306728e-09
-0.00020287314
1.6265856e-08
-0.00020262082
-0.00020234306
1.4156379e-08
-0.00020235936
-7.0247667e-09
-0.00020260189
6.2274167e-09
-0.00020288903
-1.4848383e-09
-0.00020253506
1.4873236e-13
-0.00020266527
1.485825e-09
-0.00020266528
-6.2257747e-09
-0.00020253503
7.026499e-09
-0.00020288905
-1.4155e-08
-0.00020260188
-0.00020235938
-2.058162e-08
-0.00020234831
-6.9250505e-09
-0.00020262523
-4.3150248e-09
-0.00020290163
-2.705568e-09
-0.00020254629
4.9570185e-14
-0.00020267738
2.7068108e-09
-0.00020267739
4.3168538e-09
-0.00020254626
6.926906e-09
-0.00020290165
2.0583e-08
-0.00020262522
-0.00020234834
2.059148e-08
-0.00020237096
-6.80723e-09
-0.00020259997
8.3601643e-09
-0.00020291932
-1.2420535e-09
-0.00020253875
1.8577317e-13
-0.0002026805
1.2430488e-09
-0.00020268051
-8.3585162e-09
-0.00020253872
6.808972e-09
-0.00020291934
-2.0590096e-08
-0.00020259997
-0.00020237099
-2.6244506e-08
-0.00020235517
-6.8599749e-09
-0.00020262995
-6.1863593e-09
-0.00020293084
-2.9411288e-09
-0.00020255254
4.3668995e-14
-0.00020269377
2.9424517e-09
-0.00020269378
6.1882468e-09
-0.00020255251
6.8618559e-09
-0.00020293086
2.6245878e-08
-0.00020262995
-0.00020235519
2.8630618e-08
-0.0002023858
-6.5232293e-09
-0.00020259688
1.1046533e-08
-0.00020295081
-9.1971828e-10
-0.00020254258
2.3111931e-13
-0.00020269651
9.2072047e-10
-0.00020269652
-1.104489e-08
-0.00020254255
6.5249789e-09
-0.00020295083
-2.8629231e-08
-0.00020259688
-0.00020238583
-3.3554116e-08
-0.00020236353
-6.8550663e-09
-0.00020263501
-8.6046576e-09
-0.00020296066
-3.2346825e-09
-0.00020255935
3.1517673e-14
-0.00020271092
3.2361002e-09
-0.00020271093
8.6066121e-09
-0.00020255932
6.8569686e-09
-0.00020296067
3.3555471e-08
-0.00020263501
-0.00020236356
3.8615313e-08
-0.00020240419
-6.1458445e-09
-0.00020259236
1.4386501e-08
-0.00020298354
-4.9318501e-10
-0.00020254651
2.8704025e-13
-0.00020271328
4.9421301e-10
-0.00020271329
-1.4384876e-08
-0.00020254648
6.1476e-09
-0.00020298355
-3.8613925e-08
-0.00020259236
-0.00020240422
-4.2868625e-08
-0.00020237332
-6.9370099e-09
-0.00020264042
-1.1671739e-08
-0.000202991
-3.5962114e-09
-0.00020256671
1.1448708e-14
-0.00020272879
3.5977429e-09
-0.0002027288
1.1673774e-08
-0.00020256668
6.9389295e-09
-0.00020299102
4.286995e-08
-0.00020264042
-0.00020237336
5.0951365e-08
-0.0002024265
-5.6402478e-09
-0.00020258608
1.8490641e-08
-0.00020301754
7.9023135e-11
-0.00020255051
3.5632124e-13
-0.00020273078
-7.8433904e-11
-0.00020273079
-1.8489051e-08
-0.00020255049
5.6420085e-09
-0.00020301756
-5.0949976e-08
-0.00020258609
-0.00020242653
-5.4613014e-08
-0.00020238444
-7.1383981e-09
-0.0002026462
-1.550029e-08
-0.0002030218
-4.0367279e-09
-0.00020257467
-2.9738855e-14
-0.00020274732
4.0383972e-09
-0.00020274733
1.5502425e-08
-0.00020257464
7.1403304e-09
-0.00020302181
5.4614294e-08
-0.00020264621
-0.00020238447
6.6119679e-08
-0.00020245316
-4.9615736e-09
-0.00020257771
2.3480375e-08
-0.00020305287
5.8138797e-10
-0.00020255435
4.4338054e-13
-0.00020274922
-5.8068714e-10
-0.00020274923
-2.3478843e-08
-0.00020255433
4.9633418e-09
-0.00020305288
-6.6118281e-08
-0.00020257771
-0.00020245319
-6.929012e-08
-0.00020239673
-7.4984763e-09
-0.0002026524
-2.0214106e-08
-0.00020305292
-4.5683509e-09
-0.000202583
-1.0787948e-13
-0.00020276665
4.5701894e-09
-0.00020276666
2.0216373e-08
-0.00020258298
7.5004159e-09
-0.00020305294
6.9291331e-08
-0.0002026524
-0.00020239676
8.4688792e-08
-0.00020248463
-4.0506105e-09
-0.0002025668
2.9487981e-08
-0.00020308953
1.2263857e-09
-0.00020255794
5.5338156e-13
-0.00020276857
-1.2257608e-09
-0.00020276858
-2.9486534e-08
-0.00020255792
4.0523949e-09
-0.00020308955
-8.4687376e-08
-0.00020256681
-0.00020248467
-8.7493393e-08
-0.00020240998
-8.0639329e-09
-0.00020265905
-2.5948038e-08
-0.00020308424
-5.2046038e-09
-0.00020259168
-2.1590184e-13
-0.00020278669
5.2066501e-09
-0.0002027867
2.5950478e-08
-0.00020259166
8.065872e-09
-0.00020308425
8.7494506e-08
-0.00020265905
-0.00020241002
1.0732951e-07
-0.00020252146
-2.8240943e-09
-0.0002025529
3.6656262e-08
-0.00020312752
2.0058558e-09
-0.00020256115
6.9448081e-13
-0.00020278882
-2.0053667e-09
-0.00020278883
-3.6654941e-08
-0.00020256114
2.8259235e-09
-0.00020312753
-1.0732806e-07
-0.00020255291
-0.0002025215
-1.0992174e-07
-0.00020242395
-8.8898473e-09
-0.00020266623
-3.2847548e-08
-0.00020311556
-5.9605729e-09
-0.0002026006
-3.6536808e-13
-0.00020280734
5.9628766e-09
-0.00020280735
3.2850217e-08
-0.00020260058
8.8917789e-09
-0.00020311557
1.0992272e-07
-0.00020266624
-0.000202424
1.3483192e-07
-0.00020256424
-1.1216419e-09
-0.00020253553
4.5137712e-08
-0.00020316674
2.9306323e-09
-0.00020256382
8.765324e-13
-0.00020280995
-2.9303416e-09
-0.00020280996
-4.5136571e-08
-0.00020256381
1.1236774e-09
-0.00020316675
-1.348304e-07
-0.00020253554
-0.00020256429
-1.3739694e-07
-0.00020243832
-1.0040622e-08
-0.00020267417
-4.1067706e-08
-0.00020314663
-6.8531208e-09
-0.00020260965
-5.6796425e-13
-0.00020282849
6.8557444e-09
-0.0002028285
4.107068e-08
-0.00020260964
1.004253e-08
-0.00020314664
1.3739773e-07
-0.00020267418
-0.00020243836
1.6812572e-07
-0.00020261368
8.4237875e-10
-0.00020251384
5.5093048e-08
-0.00020320738
4.0155799e-09
-0.00020256578
1.1128105e-12
-0.00020283189
-4.0155636e-09
-0.0002028319
-5.5092162e-08
-0.00020256578
-8.4103645e-10
-0.00020320739
-1.6812409e-07
-0.00020251385
-0.00020261373
-1.7088445e-07
-0.00020245273
-1.159084e-08
-0.00020268281
-5.0771468e-08
-0.00020317747
-7.9011035e-09
-0.00020261873
-8.3686601e-13
-0.00020285001
7.9041252e-09
-0.00020285003
5.0774844e-08
-0.00020261872
1.1592702e-08
-0.00020317748
1.7088499e-07
-0.00020268282
-0.00020245278
2.0830472e-07
-0.0002026706
2.8745791e-09
-0.00020248661
6.6688744e-08
-0.00020324995
5.2784356e-09
-0.00020256687
1.4181209e-12
-0.0002028546
-5.2787879e-09
-0.00020285461
-6.668821e-08
-0.00020256687
-2.8730582e-09
-0.00020324996
-2.0830292e-07
-0.00020248662
-0.00020267065
-2.1151865e-07
-0.00020246677
-1.3626193e-08
-0.00020269186
-6.2127036e-08
-0.00020320839
-9.1255097e-09
-0.00020262769
-1.1859114e-12
-0.00020287176
9.1290294e-09
-0.00020287178
6.2130936e-08
-0.00020262768
1.3627969e-08
-0.0002032084
2.1151886e-07
-0.00020269188
-0.00020246682
2.5665685e-07
-0.00020273596
5.5272235e-09
-0.0002024529
8.0093538e-08
-0.00020329449
6.7400789e-09
-0.00020256689
1.8005416e-12
-0.00020287797
-6.740919e-09
-0.00020287799
-8.0093491e-08
-0.00020256689
-5.5255931e-09
-0.0002032945
-2.5665479e-07
-0.00020245293
-0.00020273601
-2.6063307e-07
-0.00020247994
-1.6244791e-08
-0.00020270152
-7.5303954e-08
-0.00020323925
-1.0549323e-08
-0.00020263637
-1.6294481e-12
-0.00020289351
1.0553467e-08
-0.00020289354
7.5308528e-08
-0.00020263636
1.6246429e-08
-0.00020323926
2.6063284e-07
-0.00020270155
-0.00020247999
3.1469978e-07
-0.00020281088
8.8626891e-09
-0.00020241156
9.5473127e-08
-0.00020334102
8.4235634e-09
-0.00020256562
2.2781334e-12
-0.00020290185
-8.4250419e-09
-0.00020290187
-9.5473737e-08
-0.00020256562
-8.8609274e-09
-0.00020334104
-3.1469735e-07
-0.00020241159
-0.00020281093
-3.1979594e-07
-0.00020249166
-1.9557817e-08
-0.00020271195
-9.0467562e-08
-0.00020326987
-1.2197613e-08
-0.00020264454
-2.1826839e-12
-0.00020291501
1.2202542e-08
-0.00020291504
9.0472997e-08
-0.00020264454
1.9559237e-08
-0.00020326988
3.1979514e-07
-0.00020271197
-0.00020249172
3.8422391e-07
-0.00020289663
1.2987738e-08
-0.00020236112
1.129828e-07
-0.00020338953
1.0354331e-08
-0.00020256279
2.87109e-12
-0.00020292602
-1.035664e-08
-0.00020292603
-1.1298429e-07
-0.00020256278
-1.2985789e-08
-0.00020338955
-3.8422096e-07
-0.00020236115
-0.00020289668
-3.9085304e-07
-0.00020250125
-2.3690117e-08
-0.00020272327
-1.0777137e-07
-0.00020330008
-1.4097595e-08
-0.00020265195
-2.8594549e-12
-0.00020293594
1.4103516e-08
-0.00020293597
1.077779e-07
-0.00020265194
2.3691201e-08
-0.00020330009
3.9085151e-07
-0.0002027233
-0.00020250131
4.6734503e-07
-0.00020299472
1.8030551e-08
-0.00020229982
1.327572e-07
-0.0002034399
1.2560348e-08
-0.00020255809
3.5994322e-12
-0.00020295019
-1.2563729e-08
-0.0002029502
-1.3275984e-07
-0.00020255808
-1.8028318e-08
-0.00020343992
-4.6734139e-07
-0.00020229985
-0.00020299478
-4.7598052e-07
-0.00020250792
-2.8780702e-08
-0.00020273565
-1.273467e-07
-0.00020332964
-1.6278655e-08
-0.00020265827
-3.6719083e-12
-0.00020295593
1.628583e-08
-0.00020295596
1.2735458e-07
-0.00020265826
2.8781287e-08
-0.00020332965
4.7597806e-07
-0.00020273569
-0.00020250799
5.6657048e-07
-0.00020310696
2.4136972e-08
-0.00020222552
1.5489632e-07
-0.00020349191
1.5072129e-08
-0.00020255121
4.4813677e-12
-0.00020297403
-1.5076891e-08
-0.00020297404
-1.5490046e-07
-0.0002025512
-2.4134307e-08
-0.00020349193
-5.6656592e-07
-0.00020222556
-0.00020310701
-5.7775037e-07
-0.00020251083
-3.4983294e-08
-0.00020274928
-1.4928867e-07
-0.00020335829
-1.8772258e-08
-0.00020266319
-4.6284217e-12
-0.00020297462
1.8781029e-08
-0.00020297465
1.4929822e-07
-0.00020266317
3.4983149e-08
-0.0002033583
5.7774673e-07
-0.00020274933
-0.0002025109
6.8488148e-07
-0.00020323551
3.1470067e-08
-0.00020213564
1.7944664e-07
-0.00020354521
1.7922551e-08
-0.00020254186
5.5296745e-12
-0.00020299719
-1.7929086e-08
-0.0002029972
-1.7945267e-07
-0.00020254185
-3.1466749e-08
-0.00020354524
-6.8487572e-07
-0.00020213569
-0.00020323557
-6.9921219e-07
-0.00020250901
-4.2466995e-08
-0.0002027644
-1.7363762e-07
-0.00020338574
-2.1611678e-08
-0.00020266634
-5.7281116e-12
-0.00020299161
2.1622485e-08
-0.00020299165
1.7364922e-07
-0.00020266631
4.2465796e-08
-0.00020338576
6.9920706e-07
-0.00020276446
-0.00020250908
8.2583825e-07
-0.00020338301
4.0210826e-08
-0.00020202705
2.0637571e-07
-0.00020359932
2.1146341e-08
-0.00020252976
6.7511153e-12
-0.00020301927
-2.1155151e-08
-0.00020301927
-2.0638412e-07
-0.00020252974
-4.0206534e-08
-0.00020359935
-8.2583095e-07
-0.00020202711
-0.00020338308
-8.4399753e-07
-0.00020250142
-5.1417166e-08
-0.00020278129
-2.0035446e-07
-0.00020341169
-2.4831387e-08
-0.00020266735
-6.9541994e-12
-0.00020300652
2.4844797e-08
-0.00020300656
2.0036855e-07
-0.00020266731
5.1414463e-08
-0.0002034117
8.4399055e-07
-0.00020278136
-0.00020250149
9.9371279e-07
-0.00020355269
5.0559508e-08
-0.00020189596
2.3553862e-07
-0.00020365356
2.4779138e-08
-0.00020251472
8.1371542e-12
-0.00020303983
-2.4790868e-08
-0.00020303985
-2.3554994e-07
-0.00020251469
-5.055378e-08
-0.00020365359
-9.9370354e-07
-0.00020189601
-0.00020355275
-1.0164595e-06
-0.00020248706
-6.2037715e-08
-0.00020280051
-2.2929265e-07
-0.00020343594
-2.8467246e-08
-0.00020266609
-8.3136697e-12
-0.0002030188
2.8484026e-08
-0.00020301918
2.2930971e-07
-0.00020266603
6.2032905e-08
-0.00020343595
1.0164502e-06
-0.00020280016
-0.00020248713
1.1951192e-06
-0.00020374959
6.2905188e-08
-0.00020173595
2.6699316e-07
-0.00020370698
2.8915549e-08
-0.00020249584
9.737783e-12
-0.00020305879
-2.8931152e-08
-0.00020305802
-2.6700803e-07
-0.00020249581
-6.2897445e-08
-0.00020370702
-1.1951074e-06
-0.00020173701
-0.00020374965
-1.2193454e-06
-0.00020245727
-7.4936162e-08
-0.000202803
-2.6028645e-07
-0.00020345024
-3.2442844e-08
-0.00020264638
-8.4157249e-12
-0.00020304008
3.2462254e-08
-0.00020301705
2.6030713e-07
-0.0002026463
7.4926202e-08
-0.00020345025
1.2193352e-06
-0.00020283272
-0.00020245735
1.4308901e-06
-0.00020399295
7.7499188e-08
-0.00020156311
2.9951976e-07
-0.00020377036
3.3350929e-08
-0.00020249457
7.926588e-12
-0.00020305933
-3.3367434e-08
-0.00020308989
-2.9953896e-07
-0.00020249454
-7.748351e-08
-0.0002037704
-1.4308797e-06
-0.00020152527
-0.00020399301
-1.4547881e-06
-0.00020295303
-9.1267927e-08
-0.0002034875
-2.937447e-07
-0.00020386616
-3.6865237e-08
-0.00020332772
-1.2915791e-10
-0.00020250733
3.6968111e-08
-0.00020356347
2.9376694e-07
-0.00020332755
9.1348314e-08
-0.00020386626
1.4546859e-06
-0.00020217407
-0.00020295317
1.7065602e-06
-0.00020396216
9.5898373e-08
-0.00020097276
3.3405794e-07
-0.00020357674
3.8192675e-08
-0.00020210731
1.9359093e-10
-0.00020337956
-3.8339326e-08
-0.00020279664
-3.3407811e-07
-0.00020210729
-9.6025633e-08
-0.00020357675
-1.7064087e-06
-0.00020165084
-0.00020396221
-1.7443743e-06
-0.00019115952
-1.0868488e-07
-0.00018932675
-3.2672701e-07
-0.00019433818
-4.3988578e-08
-0.00018889965
2.3613026e-09
-0.00021463858
4.2125331e-08
-0.00019143231
3.2681714e-07
-0.00018890174
1.0682726e-07
-0.00019433538
1.7461281e-06
-0.00021637852
-0.00019115772
2.0417317e-06
-0.00020485226
1.1559961e-07
-0.00020127399
3.6664881e-07
-0.00020420899
4.5975983e-08
-0.00020265972
-2.4770964e-09
-0.00020280738
-4.4017461e-08
-0.0002033896
-3.6674017e-07
-0.00020265977
-1.1365715e-07
-0.00020420893
-2.0435573e-06
-0.00020079359
-0.00020485223
-2.0855119e-06
-0.00022580109
-1.2974297e-07
-0.0002263319
-3.5766122e-07
-0.00022714144
-4.481527e-08
-0.00022604102
-4.9176911e-09
-0.00017952166
4.7672606e-08
-0.00022655361
3.5758243e-07
-0.00022604135
1.3329578e-07
-0.00022714186
2.0823343e-06
-0.00017942848
-0.00022580136
2.4419106e-06
-0.000204956
1.3943805e-07
-0.00020073426
3.9582977e-07
-0.0002039243
4.7205048e-08
-0.00020243818
4.9705758e-09
-0.00020307053
-5.0136432e-08
-0.00020314209
-3.9574857e-07
-0.00020243817
-1.4300479e-07
-0.00020392435
-2.4387086e-06
-0.00020066098
-0.00020495603
-2.4969142e-06
-0.00017960874
-1.533273e-07
-0.00018023671
-3.8680829e-07
-0.00018061335
-5.7753097e-08
-0.00017997959
4.7913054e-09
-0.00022579952
5.3914538e-08
-0.00018026791
3.8693104e-07
-0.00017998003
1.5023386e-07
-0.00018061331
2.4999502e-06
-0.00022559152
-0.00017960865
2.9210068e-06
-0.00020530967
1.6574766e-07
-0.0002002517
4.2048069e-07
-0.00020387699
6.0695082e-08
-0.0002023363
-4.7772621e-09
-0.00020315346
-5.6891139e-08
-0.00020306902
-4.2059913e-07
-0.00020233633
-1.6263873e-07
-0.00020387706
-2.924033e-06
-0.00020033713
-0.00020530971
-2.9851987e-06
-0.00022384512
-1.7947318e-07
-0.00022455527
-4.1262056e-07
-0.0002254367
-5.8230633e-08
-0.00022412057
-4.5948798e-09
-0.0001813245
6.1084745e-08
-0.00022473467
4.1253697e-07
-0.00022412076
1.8268767e-07
-0.000225437
2.9822513e-06
-0.00018135949
-0.00022384533
3.4993014e-06
-0.00020591685
1.9489629e-07
-0.00019984871
4.3813725e-07
-0.00020397934
6.1827607e-08
-0.00020241056
4.5733284e-09
-0.00020306777
-6.4707862e-08
-0.00020315901
-4.38047e-07
-0.00020241064
-1.9807922e-07
-0.00020397941
-3.4963695e-06
-0.00019975599
-0.00020591688
-3.5559057e-06
-0.00018187777
-2.1118182e-07
-0.00018275494
-4.3668476e-07
-0.00018295293
-7.2091812e-08
-0.00018241755
4.2953773e-09
-0.00022339137
6.8796522e-08
-0.00018265655
4.3679353e-07
-0.00018241786
2.0834904e-07
-0.00018295285
3.5586251e-06
-0.00022322323
-0.00018187766
4.1744202e-06
-0.00020644473
2.3014496e-07
-0.00019915872
4.5027344e-07
-0.00020388637
7.6272376e-08
-0.00020231023
-4.2828798e-09
-0.00020316164
-7.300689e-08
-0.0002030644
-4.5037506e-07
-0.00020231033
-2.2730518e-07
-0.00020388646
-4.1771291e-06
-0.00019925689
-0.00020644477
-4.2572388e-06
-0.00022071551
-2.4271962e-07
-0.00022164556
-4.4577543e-07
-0.00022259262
-7.482352e-08
-0.00022104974
-3.9642612e-09
-0.00018427038
7.7423961e-08
-0.00022176781
4.4569564e-07
-0.00022104983
2.4542339e-07
-0.00022259283
4.2547078e-06
-0.00018445837
-0.00022071569
5.0048865e-06
-0.00020729364
2.662286e-07
-0.00019853852
4.4157112e-07
-0.00020396008
7.9716038e-08
-0.00020242366
3.9354541e-09
-0.00020305927
-8.232485e-08
-0.00020316071
-4.4147786e-07
-0.00020242379
-2.689045e-07
-0.00020396015
-5.0023737e-06
-0.00019843573
-0.00020729367
-5.095972e-06
-0.00018522946
-2.7825651e-07
-0.00018645553
-4.4039961e-07
-0.0001863812
-8.8989363e-08
-0.00018600521
3.5617483e-09
-0.00021986157
8.6363019e-08
-0.00018616644
4.404959e-07
-0.00018600542
2.7587348e-07
-0.0001863811
5.0982175e-06
-0.00021979238
-0.00018522936
6.0082214e-06
-0.00020810273
3.0652082e-07
-0.00019755217
4.0910055e-07
-0.00020380241
9.4518656e-08
-0.00020235675
-3.5515769e-09
-0.00020315697
-9.1912196e-08
-0.00020305185
-4.0918971e-07
-0.00020235687
-3.0414095e-07
-0.00020380248
-6.0104559e-06
-0.00019765818
-0.00020810278
-6.1088006e-06
-0.00021639033
-3.1759985e-07
-0.00021766597
-4.1186568e-07
-0.00021864235
-9.4355572e-08
-0.00021683178
-3.0945001e-09
-0.00018835015
9.6481928e-08
-0.00021767217
4.1179599e-07
-0.00021683181
3.196663e-07
-0.00021864245
6.1068352e-06
-0.00018875239
-0.0002163905
7.2263768e-06
-0.00020932522
3.5128536e-07
-0.00019657614
3.4101537e-07
-0.00020380427
1.0048156e-07
-0.00020254137
3.0627737e-09
-0.00020304254
-1.0259888e-07
-0.0002031498
-3.4092548e-07
-0.00020254151
-3.5332514e-07
-0.00020380431
-7.224412e-06
-0.00019646744
-0.00020932524
-7.3269382e-06
-0.00018971081
-3.6102643e-07
-0.00019134687
-3.5170567e-07
-0.00019090698
-1.0877284e-07
-0.00019078562
2.5894922e-09
-0.00021519571
1.069403e-07
-0.0001908229
3.5179126e-07
-0.00019078574
3.5931464e-07
-0.0001909069
7.3286152e-06
-0.00021524781
-0.00018971069
8.7072277e-06
-0.00021059422
4.0121611e-07
-0.00019512535
2.2335714e-07
-0.00020353104
1.1544041e-07
-0.00020256382
-2.5775965e-09
-0.00020313983
-1.1361622e-07
-0.00020303082
-2.2345325e-07
-0.00020256392
-3.9951524e-07
-0.00020353107
-8.7088792e-06
-0.00019523589
-0.00021059425
-8.7965034e-06
-0.00021092526
-4.0977657e-07
-0.0002125139
-2.4710578e-07
-0.00021354156
-1.1682287e-07
-0.0002114732
-1.9803888e-09
-0.00019359053
1.1825243e-07
-0.00021242799
2.4704879e-07
-0.00021147316
4.1108824e-07
-0.00021354159
8.7953123e-06
-0.00019424203
-0.00021092532
1.051051e-05
-0.00021241221
4.5794889e-07
-0.00019356797
3.1246389e-08
-0.00020337457
1.239282e-07
-0.0002028937
1.9496003e-09
-0.00020301717
-1.2533541e-07
-0.00020312697
-3.1013072e-08
-0.00020289379
-4.5925619e-07
-0.00020337456
-1.0509339e-05
-0.00019345596
-0.00021241225
-1.0579571e-05
-0.00019538534
-4.6409731e-07
-0.00019744361
-7.8121361e-08
-0.00019653767
-1.3078213e-07
-0.0001968168
1.3695958e-09
-0.00020936012
1.2987198e-07
-0.00019665811
7.8231686e-08
-0.00019681684
4.6322524e-07
-0.0001965376
1.0580443e-05
-0.00020943742
-0.00019538529
1.2645371e-05
-0.00021434701
5.2475192e-07
-0.00019145622
-2.2540177e-07
-0.00020289796
1.3804547e-07
-0.00020308422
-1.3529064e-09
-0.00020311503
-1.3713826e-07
-0.00020299921
2.2533322e-07
-0.00020308425
-5.2390957e-07
-0.00020289794
-1.2646233e-05
-0.00019154861
-0.00021434707
-1.3900102e-05
-0.00020217795
-5.2721164e-07
-0.00020783107
1.5180358e-07
-0.00020694734
-1.4102596e-07
-0.00020482137
-5.7477806e-10
-0.00020021474
1.4150405e-07
-0.0002058013
-1.5181875e-07
-0.00020482127
5.2766899e-07
-0.00020694721
1.3899735e-05
-0.00020155014
-0.00020217797
1.1232706e-06
5.5444618e-07
-6.3649308e-07
1.4795521e-07
5.454404e-10
-1.4840696e-07
6.3648297e-07
-5.5490061e-07
-1.1229091e-06
)
;

boundaryField
{
    left
    {
        type            calculated;
        value           uniform 0;
    }
    right
    {
        type            calculated;
        value           uniform 0;
    }
    walls
    {
        type            calculated;
        value           uniform 0;
    }
    centreline
    {
        type            calculated;
        value           nonuniform List<scalar> 
20
(
-0.00020168742
-0.00020168743
-0.00020420909
-0.00020439386
-0.00020254534
-0.00020254535
-0.00020369166
-0.00020369166
-0.00020296014
-0.00020296015
-0.00020296015
-0.00020312448
-0.00020369167
-0.00020369168
-0.00020254533
-0.00020254533
-0.00020420908
-0.00020420908
-0.00020168749
-0.00020168749
)
;
    }
    frontAndBack
    {
        type            calculated;
        value           uniform 0;
    }
}


// ************************************************************************* //
