/*--------------------------------*- C++ -*----------------------------------*\
  =========                 |
  \\      /  F ield         | OpenFOAM: The Open Source CFD Toolbox
   \\    /   O peration     | Website:  https://openfoam.org
    \\  /    A nd           | Version:  8
     \\/     M anipulation  |
\*---------------------------------------------------------------------------*/
FoamFile
{
    version     2.0;
    format      ascii;
    class       volScalarField;
    location    "0.8";
    object      T;
}
// * * * * * * * * * * * * * * * * * * * * * * * * * * * * * * * * * * * * * //

dimensions      [0 0 0 1 0 0 0];

internalField   nonuniform List<scalar> 
2000
(
283.75108
283.7511
283.7511
283.75109
283.75109
283.75109
283.75109
283.7511
283.7511
283.75108
299.00459
299.0046
299.0046
299.0046
299.0046
299.0046
299.0046
299.0046
299.0046
299.00459
302.45246
302.45246
302.45246
302.45246
302.45246
302.45246
302.45246
302.45246
302.45246
302.45246
302.94373
302.94373
302.94373
302.94373
302.94373
302.94373
302.94373
302.94373
302.94373
302.94373
302.99541
302.99541
302.99541
302.99541
302.99541
302.99541
302.99541
302.99541
302.99541
302.99541
302.99969
302.99969
302.99969
302.99969
302.99969
302.99969
302.99969
302.99969
302.99969
302.99969
302.99998
302.99998
302.99998
302.99998
302.99998
302.99998
302.99998
302.99998
302.99998
302.99998
303
303
303
303
303
303
303
303
303
303
303
303
303
303
303
303
303
303
303
303
303
303
303
303
303
303
303
303
303
303
303
303
303
303
303
303
303
303
303
303
303
303
303
303
303
303
303
303
303
303
303
303
303
303
303
303
303
303
303
303
303
303
303
303
303
303
303
303
303
303
303
303
303
303
303
303
303
303
303
303
303
303
303
303
303
303
303
303
303
303
303
303
303
303
303
303
303
303
303
303
303
303
303
303
303
303
303
303
303
303
303
303
303
303
303
303
303
303
303
303
303
303
303
303
303
303
303
303
303
303
303
303
303
303
303
303
303
303
303
303
303
303
303
303
303
303
303
303
303
303
303
303
303
303
303
303
303
303
303
303
303
303
303
303
303
303
303
303
303
303
303
303
303
303
303
303
303
303
303
303
303
303
303
303
303
303
303
303
303
303
303
303
303
303
303
303
303
303
303
303
303
303
303
303
303
303
303
303
303
303
303
303
303
303
303
303
303
303
303
303
303
303
303
303
303
303
303
303
303
303
303
303
303
303
303
303
303
303
303
303
303
303
303
303
303
303
303
303
303
303
303
303
303
303
303
303
303
303
303
303
303
303
303
303
303
303
303
303
303
303
303
303
303
303
303
303
303
303
303
303
303
303
303
303
303
303
303
303
303
303
303
303
303
303
303
303
303
303
303
303
303
303
303
303
303
303
303
303
303
303
303
303
303
303
303
303
303
303
303
303
303
303
303
303
303
303
303
303
303
303
303
303
303
303
303
303
303
303
303
303
303
303
303
303
303
303
303
303
303
303
303
303
303
303
303
303
303
303
303
303
303
303
303
303
303
303
303
303
303
303
303
303
303
303
303
303
303
303
303
303
303
303
303
303
303
303
303
303
303
303
303
303
303
303
303
303
303
303
303
303
303
303
303
303
303
303
303
303
303
303
303
303
303
303
303
303
303
303
303
303
302.99999
302.99999
302.99999
302.99999
302.99999
302.99999
302.99999
302.99999
302.99999
302.99999
303
303
303
303
303
303
303
303
303
303
302.99999
302.99999
302.99999
302.99999
302.99999
302.99999
302.99999
302.99999
302.99999
302.99999
303
303
303
303
303
303
303
303
303
303
302.99999
302.99999
302.99999
302.99999
302.99999
302.99999
302.99999
302.99999
302.99999
302.99999
303
303
303
303
303
303
303
303
303
303
302.99999
302.99999
302.99999
302.99999
302.99999
302.99999
302.99999
302.99999
302.99999
302.99999
303
303
303
303.00001
303
303
303.00001
303
303
303
302.99999
302.99999
302.99999
302.99999
302.99999
302.99999
302.99999
302.99999
302.99999
302.99999
303.00001
303.00001
303.00001
303.00001
303.00001
303.00001
303.00001
303.00001
303.00001
303.00001
302.99999
302.99999
302.99999
302.99999
302.99999
302.99999
302.99999
302.99999
302.99999
302.99999
303.00001
303.00001
303.00001
303.00001
303.00001
303.00001
303.00001
303.00001
303.00001
303.00001
302.99999
302.99999
302.99999
302.99999
302.99999
302.99999
302.99999
302.99999
302.99999
302.99999
303.00001
303.00001
303.00001
303.00001
303.00001
303.00001
303.00001
303.00001
303.00001
303.00001
302.99999
302.99999
302.99999
302.99999
302.99999
302.99999
302.99999
302.99999
302.99999
302.99999
303.00001
303.00001
303.00001
303.00001
303.00001
303.00001
303.00001
303.00001
303.00001
303.00001
302.99999
302.99999
302.99999
302.99999
302.99999
302.99999
302.99999
302.99999
302.99999
302.99999
303.00001
303.00001
303.00001
303.00001
303.00001
303.00001
303.00001
303.00001
303.00001
303.00001
302.99999
302.99999
302.99999
302.99999
302.99999
302.99999
302.99999
302.99999
302.99999
302.99999
303.00001
303.00001
303
303.00001
303.00001
303.00001
303.00001
303
303.00001
303.00001
302.99998
302.99998
302.99998
302.99998
302.99998
302.99998
302.99998
302.99998
302.99998
302.99998
303
303
303
303
303
303
303
303
303
303
302.99998
302.99998
302.99998
302.99998
302.99998
302.99998
302.99998
302.99998
302.99998
302.99998
303
303
303
303
303
303
303
303
303
303
302.99998
302.99998
302.99998
302.99998
302.99998
302.99998
302.99998
302.99998
302.99998
302.99998
303
303
303
303
303
303
303
303
303
303
302.99998
302.99998
302.99998
302.99998
302.99998
302.99998
302.99998
302.99998
302.99998
302.99998
303
303
303
303
303
303
303
303
303
303
302.99998
302.99998
302.99998
302.99998
302.99998
302.99998
302.99998
302.99998
302.99998
302.99998
303
303
303
303
303
303
303
303
303
303
302.99998
302.99998
302.99998
302.99998
302.99998
302.99998
302.99998
302.99998
302.99998
302.99998
303
303
303
303
303
303
303
303
303
303
302.99998
302.99998
302.99998
302.99998
302.99998
302.99998
302.99998
302.99998
302.99998
302.99998
302.99999
303
302.99999
302.99999
303
303
302.99999
302.99999
303
302.99999
302.99998
302.99997
302.99998
302.99997
302.99997
302.99997
302.99997
302.99998
302.99997
302.99998
302.99999
302.99999
302.99999
302.99999
302.99999
302.99999
302.99999
302.99999
302.99999
302.99999
302.99997
302.99997
302.99997
302.99997
302.99997
302.99997
302.99997
302.99997
302.99997
302.99997
302.99999
302.99999
302.99999
302.99999
302.99999
302.99999
302.99999
302.99999
302.99999
302.99999
302.99997
302.99997
302.99997
302.99997
302.99997
302.99997
302.99997
302.99997
302.99997
302.99997
302.99998
302.99998
302.99998
302.99998
302.99998
302.99998
302.99998
302.99998
302.99998
302.99998
302.99997
302.99997
302.99997
302.99997
302.99997
302.99997
302.99997
302.99997
302.99997
302.99997
302.99998
302.99998
302.99998
302.99998
302.99998
302.99998
302.99998
302.99998
302.99998
302.99998
302.99997
302.99997
302.99997
302.99997
302.99997
302.99997
302.99997
302.99997
302.99997
302.99997
302.99997
302.99997
302.99997
302.99997
302.99997
302.99997
302.99997
302.99997
302.99997
302.99997
302.99997
302.99997
302.99997
302.99997
302.99997
302.99997
302.99997
302.99997
302.99997
302.99997
302.99997
302.99997
302.99997
302.99997
302.99997
302.99997
302.99997
302.99997
302.99997
302.99997
302.99997
302.99996
302.99997
302.99996
302.99996
302.99996
302.99996
302.99997
302.99996
302.99997
302.99996
302.99996
302.99996
302.99996
302.99996
302.99996
302.99996
302.99996
302.99996
302.99996
302.99996
302.99996
302.99996
302.99996
302.99996
302.99996
302.99996
302.99996
302.99996
302.99996
302.99995
302.99995
302.99995
302.99995
302.99995
302.99995
302.99995
302.99995
302.99995
302.99995
302.99991
302.99991
302.99991
302.99991
302.99991
302.99991
302.99991
302.99991
302.99991
302.99991
283.75108
283.7511
283.7511
283.75109
283.75109
283.75109
283.75109
283.7511
283.7511
283.75108
299.00459
299.0046
299.0046
299.0046
299.0046
299.0046
299.0046
299.0046
299.0046
299.00459
302.45246
302.45246
302.45246
302.45246
302.45246
302.45246
302.45246
302.45246
302.45246
302.45246
302.94373
302.94373
302.94373
302.94373
302.94373
302.94373
302.94373
302.94373
302.94373
302.94373
302.99541
302.99541
302.99541
302.99541
302.99541
302.99541
302.99541
302.99541
302.99541
302.99541
302.99969
302.99969
302.99969
302.99969
302.99969
302.99969
302.99969
302.99969
302.99969
302.99969
302.99998
302.99998
302.99998
302.99998
302.99998
302.99998
302.99998
302.99998
302.99998
302.99998
303
303
303
303
303
303
303
303
303
303
303
303
303
303
303
303
303
303
303
303
303
303
303
303
303
303
303
303
303
303
303
303
303
303
303
303
303
303
303
303
303
303
303
303
303
303
303
303
303
303
303
303
303
303
303
303
303
303
303
303
303
303
303
303
303
303
303
303
303
303
303
303
303
303
303
303
303
303
303
303
303
303
303
303
303
303
303
303
303
303
303
303
303
303
303
303
303
303
303
303
303
303
303
303
303
303
303
303
303
303
303
303
303
303
303
303
303
303
303
303
303
303
303
303
303
303
303
303
303
303
303
303
303
303
303
303
303
303
303
303
303
303
303
303
303
303
303
303
303
303
303
303
303
303
303
303
303
303
303
303
303
303
303
303
303
303
303
303
303
303
303
303
303
303
303
303
303
303
303
303
303
303
303
303
303
303
303
303
303
303
303
303
303
303
303
303
303
303
303
303
303
303
303
303
303
303
303
303
303
303
303
303
303
303
303
303
303
303
303
303
303
303
303
303
303
303
303
303
303
303
303
303
303
303
303
303
303
303
303
303
303
303
303
303
303
303
303
303
303
303
303
303
303
303
303
303
303
303
303
303
303
303
303
303
303
303
303
303
303
303
303
303
303
303
303
303
303
303
303
303
303
303
303
303
303
303
303
303
303
303
303
303
303
303
303
303
303
303
303
303
303
303
303
303
303
303
303
303
303
303
303
303
303
303
303
303
303
303
303
303
303
303
303
303
303
303
303
303
303
303
303
303
303
303
303
303
303
303
303
303
303
303
303
303
303
303
303
303
303
303
303
303
303
303
303
303
303
303
303
303
303
303
303
303
303
303
303
303
303
303
303
303
303
303
303
303
303
303
303
303
303
303
303
303
303
303
303
303
303
303
303
303
303
303
303
303
303
303
303
303
303
303
303
303
303
303
303
303
303
303
303
303
303
303
303
303
303
303
303
303
302.99999
302.99999
302.99999
302.99999
302.99999
302.99999
302.99999
302.99999
302.99999
302.99999
303
303
303
303
303
303
303
303
303
303
302.99999
302.99999
302.99999
302.99999
302.99999
302.99999
302.99999
302.99999
302.99999
302.99999
303
303
303
303
303
303
303
303
303
303
302.99999
302.99999
302.99999
302.99999
302.99999
302.99999
302.99999
302.99999
302.99999
302.99999
303
303
303
303
303
303
303
303
303
303
302.99999
302.99999
302.99999
302.99999
302.99999
302.99999
302.99999
302.99999
302.99999
302.99999
303
303
303
303.00001
303
303
303.00001
303
303
303
302.99999
302.99999
302.99999
302.99999
302.99999
302.99999
302.99999
302.99999
302.99999
302.99999
303.00001
303.00001
303.00001
303.00001
303.00001
303.00001
303.00001
303.00001
303.00001
303.00001
302.99999
302.99999
302.99999
302.99999
302.99999
302.99999
302.99999
302.99999
302.99999
302.99999
303.00001
303.00001
303.00001
303.00001
303.00001
303.00001
303.00001
303.00001
303.00001
303.00001
302.99999
302.99999
302.99999
302.99999
302.99999
302.99999
302.99999
302.99999
302.99999
302.99999
303.00001
303.00001
303.00001
303.00001
303.00001
303.00001
303.00001
303.00001
303.00001
303.00001
302.99999
302.99999
302.99999
302.99999
302.99999
302.99999
302.99999
302.99999
302.99999
302.99999
303.00001
303.00001
303.00001
303.00001
303.00001
303.00001
303.00001
303.00001
303.00001
303.00001
302.99999
302.99999
302.99999
302.99999
302.99999
302.99999
302.99999
302.99999
302.99999
302.99999
303.00001
303.00001
303.00001
303.00001
303.00001
303.00001
303.00001
303.00001
303.00001
303.00001
302.99999
302.99999
302.99999
302.99999
302.99999
302.99999
302.99999
302.99999
302.99999
302.99999
303.00001
303.00001
303
303.00001
303.00001
303.00001
303.00001
303
303.00001
303.00001
302.99998
302.99998
302.99998
302.99998
302.99998
302.99998
302.99998
302.99998
302.99998
302.99998
303
303
303
303
303
303
303
303
303
303
302.99998
302.99998
302.99998
302.99998
302.99998
302.99998
302.99998
302.99998
302.99998
302.99998
303
303
303
303
303
303
303
303
303
303
302.99998
302.99998
302.99998
302.99998
302.99998
302.99998
302.99998
302.99998
302.99998
302.99998
303
303
303
303
303
303
303
303
303
303
302.99998
302.99998
302.99998
302.99998
302.99998
302.99998
302.99998
302.99998
302.99998
302.99998
303
303
303
303
303
303
303
303
303
303
302.99998
302.99998
302.99998
302.99998
302.99998
302.99998
302.99998
302.99998
302.99998
302.99998
303
303
303
303
303
303
303
303
303
303
302.99998
302.99998
302.99998
302.99998
302.99998
302.99998
302.99998
302.99998
302.99998
302.99998
303
303
303
303
303
303
303
303
303
303
302.99998
302.99997
302.99998
302.99998
302.99998
302.99998
302.99998
302.99998
302.99998
302.99998
302.99999
302.99999
302.99999
302.99999
303
302.99999
302.99999
302.99999
303
302.99999
302.99998
302.99997
302.99998
302.99997
302.99997
302.99997
302.99997
302.99998
302.99997
302.99998
302.99999
302.99999
302.99999
302.99999
302.99999
302.99999
302.99999
302.99999
302.99999
302.99999
302.99997
302.99997
302.99997
302.99997
302.99997
302.99997
302.99997
302.99997
302.99997
302.99997
302.99999
302.99999
302.99999
302.99999
302.99999
302.99999
302.99999
302.99999
302.99999
302.99999
302.99997
302.99997
302.99997
302.99997
302.99997
302.99997
302.99997
302.99997
302.99997
302.99997
302.99998
302.99998
302.99998
302.99998
302.99998
302.99998
302.99998
302.99998
302.99998
302.99998
302.99997
302.99997
302.99997
302.99997
302.99997
302.99997
302.99997
302.99997
302.99997
302.99997
302.99998
302.99998
302.99998
302.99998
302.99998
302.99998
302.99998
302.99998
302.99998
302.99998
302.99997
302.99997
302.99997
302.99997
302.99997
302.99997
302.99997
302.99997
302.99997
302.99997
302.99997
302.99997
302.99997
302.99997
302.99997
302.99997
302.99997
302.99997
302.99997
302.99997
302.99997
302.99997
302.99997
302.99997
302.99997
302.99997
302.99997
302.99997
302.99997
302.99997
302.99997
302.99997
302.99997
302.99997
302.99997
302.99997
302.99997
302.99997
302.99997
302.99997
302.99997
302.99996
302.99997
302.99996
302.99996
302.99997
302.99996
302.99997
302.99996
302.99997
302.99996
302.99996
302.99996
302.99996
302.99996
302.99996
302.99996
302.99996
302.99996
302.99996
302.99996
302.99996
302.99996
302.99996
302.99996
302.99996
302.99996
302.99996
302.99996
302.99996
302.99995
302.99995
302.99995
302.99995
302.99995
302.99995
302.99995
302.99995
302.99995
302.99995
302.99991
302.99991
302.99991
302.99991
302.99991
302.99991
302.99991
302.99991
302.99991
302.99991
)
;

boundaryField
{
    left
    {
        type            zeroGradient;
    }
    right
    {
        type            zeroGradient;
    }
    walls
    {
        type            fixedValue;
        value           uniform 293;
    }
    centreline
    {
        type            fixedValue;
        value           uniform 303;
    }
    frontAndBack
    {
        type            zeroGradient;
    }
}


// ************************************************************************* //
