/*--------------------------------*- C++ -*----------------------------------*\
  =========                 |
  \\      /  F ield         | OpenFOAM: The Open Source CFD Toolbox
   \\    /   O peration     | Website:  https://openfoam.org
    \\  /    A nd           | Version:  8
     \\/     M anipulation  |
\*---------------------------------------------------------------------------*/
FoamFile
{
    version     2.0;
    format      ascii;
    class       volScalarField;
    location    "1";
    object      p;
}
// * * * * * * * * * * * * * * * * * * * * * * * * * * * * * * * * * * * * * //

dimensions      [1 -1 -2 0 0 0 0];

internalField   nonuniform List<scalar> 
2000
(
4246.9995
4246.9995
4246.9995
4246.9995
4246.9995
4246.9995
4246.9995
4246.9995
4246.9995
4246.9995
4246.9995
4246.9995
4246.9995
4246.9995
4246.9995
4246.9995
4246.9995
4246.9995
4246.9995
4246.9995
4246.9995
4246.9995
4246.9995
4246.9995
4246.9995
4246.9995
4246.9995
4246.9995
4246.9995
4246.9995
4246.9995
4246.9995
4246.9995
4246.9995
4246.9995
4246.9995
4246.9995
4246.9995
4246.9995
4246.9995
4246.9995
4246.9995
4246.9995
4246.9995
4246.9995
4246.9995
4246.9995
4246.9995
4246.9995
4246.9995
4246.9995
4246.9995
4246.9995
4246.9995
4246.9995
4246.9995
4246.9995
4246.9995
4246.9995
4246.9995
4246.9995
4246.9995
4246.9995
4246.9995
4246.9995
4246.9995
4246.9995
4246.9995
4246.9995
4246.9995
4246.9995
4246.9995
4246.9995
4246.9995
4246.9995
4246.9995
4246.9995
4246.9995
4246.9995
4246.9995
4246.9995
4246.9995
4246.9995
4246.9995
4246.9995
4246.9995
4246.9995
4246.9995
4246.9995
4246.9995
4246.9995
4246.9995
4246.9995
4246.9995
4246.9995
4246.9995
4246.9995
4246.9995
4246.9995
4246.9995
4246.9995
4246.9995
4246.9995
4246.9995
4246.9995
4246.9995
4246.9995
4246.9995
4246.9995
4246.9995
4246.9995
4246.9995
4246.9995
4246.9995
4246.9995
4246.9995
4246.9995
4246.9995
4246.9995
4246.9995
4246.9995
4246.9995
4246.9995
4246.9995
4246.9995
4246.9995
4246.9995
4246.9995
4246.9995
4246.9995
4246.9995
4246.9995
4246.9995
4246.9995
4246.9995
4246.9995
4246.9995
4246.9995
4246.9995
4246.9995
4246.9995
4246.9995
4246.9995
4246.9995
4246.9995
4246.9995
4246.9995
4246.9995
4246.9995
4246.9995
4246.9995
4246.9995
4246.9995
4246.9995
4246.9995
4246.9995
4246.9995
4246.9995
4246.9995
4246.9995
4246.9995
4246.9995
4246.9995
4246.9995
4246.9995
4246.9995
4246.9995
4246.9995
4246.9995
4246.9995
4246.9995
4246.9995
4246.9995
4246.9995
4246.9995
4246.9995
4246.9995
4246.9995
4246.9995
4246.9995
4246.9995
4246.9995
4246.9995
4246.9995
4246.9995
4246.9995
4246.9995
4246.9995
4246.9995
4246.9995
4246.9995
4246.9995
4246.9995
4246.9995
4246.9995
4246.9995
4246.9995
4246.9995
4246.9995
4246.9995
4246.9995
4246.9995
4246.9995
4246.9995
4246.9995
4246.9995
4246.9995
4246.9995
4246.9995
4246.9995
4246.9995
4246.9995
4246.9995
4246.9995
4246.9995
4246.9995
4246.9995
4246.9995
4246.9995
4246.9995
4246.9996
4246.9996
4246.9996
4246.9996
4246.9996
4246.9996
4246.9996
4246.9996
4246.9996
4246.9996
4246.9995
4246.9995
4246.9995
4246.9995
4246.9995
4246.9995
4246.9995
4246.9995
4246.9995
4246.9995
4246.9996
4246.9996
4246.9996
4246.9996
4246.9996
4246.9996
4246.9996
4246.9996
4246.9996
4246.9996
4246.9995
4246.9995
4246.9995
4246.9995
4246.9995
4246.9995
4246.9995
4246.9995
4246.9995
4246.9995
4246.9996
4246.9996
4246.9996
4246.9996
4246.9996
4246.9996
4246.9996
4246.9996
4246.9996
4246.9996
4246.9995
4246.9995
4246.9995
4246.9995
4246.9995
4246.9995
4246.9995
4246.9995
4246.9995
4246.9995
4246.9996
4246.9996
4246.9996
4246.9996
4246.9996
4246.9996
4246.9996
4246.9996
4246.9996
4246.9996
4246.9995
4246.9995
4246.9995
4246.9995
4246.9995
4246.9995
4246.9995
4246.9995
4246.9995
4246.9995
4246.9996
4246.9996
4246.9996
4246.9996
4246.9996
4246.9996
4246.9996
4246.9996
4246.9996
4246.9996
4246.9994
4246.9994
4246.9994
4246.9994
4246.9994
4246.9994
4246.9994
4246.9994
4246.9994
4246.9994
4246.9997
4246.9997
4246.9997
4246.9997
4246.9997
4246.9997
4246.9997
4246.9997
4246.9997
4246.9997
4246.9994
4246.9994
4246.9994
4246.9994
4246.9994
4246.9994
4246.9994
4246.9994
4246.9994
4246.9994
4246.9997
4246.9997
4246.9997
4246.9997
4246.9997
4246.9997
4246.9997
4246.9997
4246.9997
4246.9997
4246.9993
4246.9993
4246.9993
4246.9993
4246.9993
4246.9993
4246.9993
4246.9993
4246.9993
4246.9993
4246.9998
4246.9998
4246.9998
4246.9998
4246.9998
4246.9998
4246.9998
4246.9998
4246.9998
4246.9998
4246.9992
4246.9992
4246.9992
4246.9992
4246.9992
4246.9992
4246.9992
4246.9992
4246.9992
4246.9992
4246.9999
4246.9999
4246.9999
4246.9999
4246.9999
4246.9999
4246.9999
4246.9999
4246.9999
4246.9999
4246.9991
4246.9991
4246.9991
4246.9991
4246.9991
4246.9991
4246.9991
4246.9991
4246.9991
4246.9991
4247
4247
4247
4247
4247
4247
4247
4247
4247
4247
4246.999
4246.999
4246.999
4246.999
4246.999
4246.999
4246.999
4246.999
4246.999
4246.999
4247.0001
4247.0001
4247.0001
4247.0001
4247.0001
4247.0001
4247.0001
4247.0001
4247.0001
4247.0001
4246.9989
4246.9989
4246.9989
4246.9989
4246.9989
4246.9989
4246.9989
4246.9989
4246.9989
4246.9989
4247.0003
4247.0003
4247.0003
4247.0003
4247.0003
4247.0003
4247.0003
4247.0003
4247.0003
4247.0003
4246.9987
4246.9987
4246.9987
4246.9987
4246.9987
4246.9987
4246.9987
4246.9987
4246.9987
4246.9987
4247.0004
4247.0005
4247.0004
4247.0005
4247.0004
4247.0004
4247.0005
4247.0004
4247.0005
4247.0004
4246.9985
4246.9985
4246.9985
4246.9985
4246.9985
4246.9985
4246.9985
4246.9985
4246.9985
4246.9985
4247.0007
4247.0007
4247.0007
4247.0007
4247.0007
4247.0007
4247.0007
4247.0007
4247.0007
4247.0007
4246.9983
4246.9983
4246.9983
4246.9983
4246.9983
4246.9983
4246.9983
4246.9983
4246.9983
4246.9983
4247.0009
4247.0009
4247.0009
4247.0009
4247.0009
4247.0009
4247.0009
4247.0009
4247.0009
4247.0009
4246.998
4246.998
4246.998
4246.998
4246.998
4246.998
4246.998
4246.998
4246.998
4246.998
4247.0012
4247.0012
4247.0012
4247.0012
4247.0012
4247.0012
4247.0012
4247.0012
4247.0012
4247.0012
4246.9977
4246.9977
4246.9977
4246.9977
4246.9977
4246.9977
4246.9977
4246.9977
4246.9977
4246.9977
4247.0015
4247.0015
4247.0015
4247.0015
4247.0015
4247.0015
4247.0015
4247.0015
4247.0015
4247.0015
4246.9974
4246.9974
4246.9974
4246.9974
4246.9974
4246.9974
4246.9974
4246.9974
4246.9974
4246.9974
4247.0019
4247.0019
4247.0019
4247.0019
4247.0019
4247.0019
4247.0019
4247.0019
4247.0019
4247.0019
4246.997
4246.997
4246.997
4246.997
4246.997
4246.997
4246.997
4246.997
4246.997
4246.997
4247.0023
4247.0023
4247.0023
4247.0023
4247.0023
4247.0023
4247.0023
4247.0023
4247.0023
4247.0023
4246.9965
4246.9965
4246.9965
4246.9965
4246.9965
4246.9965
4246.9965
4246.9965
4246.9965
4246.9965
4247.0028
4247.0028
4247.0028
4247.0028
4247.0028
4247.0028
4247.0028
4247.0028
4247.0028
4247.0028
4246.996
4246.996
4246.996
4246.996
4246.996
4246.996
4246.996
4246.996
4246.996
4246.996
4247.0033
4247.0033
4247.0033
4247.0033
4247.0033
4247.0033
4247.0033
4247.0033
4247.0033
4247.0033
4246.9955
4246.9954
4246.9955
4246.9954
4246.9955
4246.9955
4246.9954
4246.9955
4246.9954
4246.9955
4247.0039
4247.0039
4247.0039
4247.0039
4247.0039
4247.0039
4247.0039
4247.0039
4247.0039
4247.0039
4246.9949
4246.9948
4246.9949
4246.9948
4246.9948
4246.9948
4246.9948
4246.9949
4246.9948
4246.9949
4247.0045
4247.0046
4247.0046
4247.0046
4247.0046
4247.0046
4247.0046
4247.0046
4247.0046
4247.0045
4246.9942
4246.9941
4246.9942
4246.9941
4246.9942
4246.9942
4246.9941
4246.9942
4246.9941
4246.9942
4247.0053
4247.0053
4247.0053
4247.0053
4247.0053
4247.0053
4247.0053
4247.0053
4247.0053
4247.0053
4246.9934
4246.9934
4246.9934
4246.9934
4246.9934
4246.9934
4246.9934
4246.9934
4246.9934
4246.9934
4247.006
4247.0061
4247.0061
4247.0061
4247.0061
4247.0061
4247.0061
4247.0061
4247.0061
4247.006
4246.9926
4246.9926
4246.9926
4246.9926
4246.9926
4246.9926
4246.9926
4246.9926
4246.9926
4246.9926
4247.0069
4247.007
4247.0069
4247.0069
4247.0069
4247.0069
4247.0069
4247.0069
4247.007
4247.0069
4246.9917
4246.9917
4246.9917
4246.9917
4246.9917
4246.9917
4246.9917
4246.9917
4246.9917
4246.9917
4247.0078
4247.0079
4247.0078
4247.0079
4247.0079
4247.0079
4247.0079
4247.0078
4247.0079
4247.0078
4246.9907
4246.9907
4246.9907
4246.9907
4246.9907
4246.9907
4246.9907
4246.9907
4246.9907
4246.9907
4247.0088
4247.0089
4247.0089
4247.0089
4247.0089
4247.0089
4247.0089
4247.0089
4247.0089
4247.0088
4246.9897
4246.9896
4246.9897
4246.9896
4246.9896
4246.9896
4246.9896
4246.9897
4246.9896
4246.9897
4247.0099
4247.01
4247.01
4247.01
4247.01
4247.01
4247.01
4247.01
4247.01
4247.0099
4246.9885
4246.9885
4246.9885
4246.9885
4246.9885
4246.9885
4246.9885
4246.9885
4246.9885
4246.9885
4247.0111
4247.0112
4247.0111
4247.0112
4247.0112
4247.0112
4247.0112
4247.0111
4247.0112
4247.0111
4246.9873
4246.9872
4246.9873
4246.9872
4246.9873
4246.9873
4246.9872
4246.9873
4246.9872
4246.9873
4247.0124
4247.0125
4247.0124
4247.0125
4247.0125
4247.0125
4247.0125
4247.0124
4247.0125
4247.0124
4246.986
4246.9859
4246.986
4246.9859
4246.9859
4246.9859
4246.9859
4246.986
4246.9859
4246.986
4247.0137
4247.0138
4247.0137
4247.0138
4247.0137
4247.0137
4247.0138
4247.0137
4247.0138
4247.0137
4246.9847
4246.9846
4246.9846
4246.9846
4246.9846
4246.9846
4246.9846
4246.9846
4246.9846
4246.9847
4247.0153
4247.0154
4247.0154
4247.0154
4247.0154
4247.0154
4247.0154
4247.0154
4247.0154
4247.0153
4246.983
4246.9829
4246.9829
4246.9829
4246.9829
4246.9829
4246.9829
4246.9829
4246.9829
4246.983
4247.0167
4247.0168
4247.0167
4247.0168
4247.0168
4247.0168
4247.0168
4247.0167
4247.0168
4247.0167
4246.9816
4246.9814
4246.9815
4246.9814
4246.9815
4246.9815
4246.9814
4246.9815
4246.9814
4246.9816
4247.0185
4247.0187
4247.0186
4247.0186
4247.0186
4247.0186
4247.0186
4247.0186
4247.0187
4247.0185
4246.9797
4246.9795
4246.9796
4246.9795
4246.9796
4246.9796
4246.9795
4246.9796
4246.9795
4246.9797
4247.0202
4247.0203
4247.0202
4247.0203
4247.0202
4247.0202
4247.0203
4247.0202
4247.0203
4247.0202
4246.978
4246.9778
4246.9779
4246.9778
4246.9779
4246.9779
4246.9778
4246.9779
4246.9778
4246.978
4247.0222
4247.0223
4247.0222
4247.0223
4247.0223
4247.0223
4247.0223
4247.0222
4247.0223
4247.0222
4246.9759
4246.9757
4246.9759
4246.9758
4246.9758
4246.9758
4246.9758
4246.9759
4246.9757
4246.9759
4247.0241
4247.0243
4247.0241
4247.0242
4247.0242
4247.0242
4247.0242
4247.0241
4247.0243
4247.0241
4246.9739
4246.9737
4246.9739
4246.9738
4246.9738
4246.9738
4246.9738
4246.9739
4246.9737
4246.9739
4247.0263
4247.0265
4247.0263
4247.0264
4247.0264
4247.0264
4247.0264
4247.0263
4247.0265
4247.0263
4246.9717
4246.9715
4246.9716
4246.9715
4246.9716
4246.9716
4246.9715
4246.9716
4246.9715
4246.9717
4246.9995
4246.9995
4246.9995
4246.9995
4246.9995
4246.9995
4246.9995
4246.9995
4246.9995
4246.9995
4246.9995
4246.9995
4246.9995
4246.9995
4246.9995
4246.9995
4246.9995
4246.9995
4246.9995
4246.9995
4246.9995
4246.9995
4246.9995
4246.9995
4246.9995
4246.9995
4246.9995
4246.9995
4246.9995
4246.9995
4246.9995
4246.9995
4246.9995
4246.9995
4246.9995
4246.9995
4246.9995
4246.9995
4246.9995
4246.9995
4246.9995
4246.9995
4246.9995
4246.9995
4246.9995
4246.9995
4246.9995
4246.9995
4246.9995
4246.9995
4246.9995
4246.9995
4246.9995
4246.9995
4246.9995
4246.9995
4246.9995
4246.9995
4246.9995
4246.9995
4246.9995
4246.9995
4246.9995
4246.9995
4246.9995
4246.9995
4246.9995
4246.9995
4246.9995
4246.9995
4246.9995
4246.9995
4246.9995
4246.9995
4246.9995
4246.9995
4246.9995
4246.9995
4246.9995
4246.9995
4246.9995
4246.9995
4246.9995
4246.9995
4246.9995
4246.9995
4246.9995
4246.9995
4246.9995
4246.9995
4246.9995
4246.9995
4246.9995
4246.9995
4246.9995
4246.9995
4246.9995
4246.9995
4246.9995
4246.9995
4246.9995
4246.9995
4246.9995
4246.9995
4246.9995
4246.9995
4246.9995
4246.9995
4246.9995
4246.9995
4246.9995
4246.9995
4246.9995
4246.9995
4246.9995
4246.9995
4246.9995
4246.9995
4246.9995
4246.9995
4246.9995
4246.9995
4246.9995
4246.9995
4246.9995
4246.9995
4246.9995
4246.9995
4246.9995
4246.9995
4246.9995
4246.9995
4246.9995
4246.9995
4246.9995
4246.9995
4246.9995
4246.9995
4246.9995
4246.9995
4246.9995
4246.9995
4246.9995
4246.9995
4246.9995
4246.9995
4246.9995
4246.9995
4246.9995
4246.9995
4246.9995
4246.9995
4246.9995
4246.9995
4246.9995
4246.9995
4246.9995
4246.9995
4246.9995
4246.9995
4246.9995
4246.9995
4246.9995
4246.9995
4246.9995
4246.9995
4246.9995
4246.9995
4246.9995
4246.9995
4246.9995
4246.9995
4246.9995
4246.9995
4246.9995
4246.9995
4246.9995
4246.9995
4246.9995
4246.9995
4246.9995
4246.9995
4246.9995
4246.9995
4246.9995
4246.9995
4246.9995
4246.9995
4246.9995
4246.9995
4246.9995
4246.9995
4246.9995
4246.9995
4246.9995
4246.9995
4246.9995
4246.9995
4246.9995
4246.9995
4246.9995
4246.9995
4246.9995
4246.9995
4246.9995
4246.9995
4246.9995
4246.9995
4246.9995
4246.9995
4246.9995
4246.9995
4246.9995
4246.9995
4246.9995
4246.9995
4246.9995
4246.9995
4246.9995
4246.9995
4246.9996
4246.9996
4246.9996
4246.9996
4246.9996
4246.9996
4246.9996
4246.9996
4246.9996
4246.9996
4246.9995
4246.9995
4246.9995
4246.9995
4246.9995
4246.9995
4246.9995
4246.9995
4246.9995
4246.9995
4246.9996
4246.9996
4246.9996
4246.9996
4246.9996
4246.9996
4246.9996
4246.9996
4246.9996
4246.9996
4246.9995
4246.9995
4246.9995
4246.9995
4246.9995
4246.9995
4246.9995
4246.9995
4246.9995
4246.9995
4246.9996
4246.9996
4246.9996
4246.9996
4246.9996
4246.9996
4246.9996
4246.9996
4246.9996
4246.9996
4246.9995
4246.9995
4246.9995
4246.9995
4246.9995
4246.9995
4246.9995
4246.9995
4246.9995
4246.9995
4246.9996
4246.9996
4246.9996
4246.9996
4246.9996
4246.9996
4246.9996
4246.9996
4246.9996
4246.9996
4246.9995
4246.9995
4246.9995
4246.9995
4246.9995
4246.9995
4246.9995
4246.9995
4246.9995
4246.9995
4246.9996
4246.9996
4246.9996
4246.9996
4246.9996
4246.9996
4246.9996
4246.9996
4246.9996
4246.9996
4246.9994
4246.9994
4246.9994
4246.9994
4246.9994
4246.9994
4246.9994
4246.9994
4246.9994
4246.9994
4246.9997
4246.9997
4246.9997
4246.9997
4246.9997
4246.9997
4246.9997
4246.9997
4246.9997
4246.9997
4246.9994
4246.9994
4246.9994
4246.9994
4246.9994
4246.9994
4246.9994
4246.9994
4246.9994
4246.9994
4246.9997
4246.9997
4246.9997
4246.9997
4246.9997
4246.9997
4246.9997
4246.9997
4246.9997
4246.9997
4246.9993
4246.9993
4246.9993
4246.9993
4246.9993
4246.9993
4246.9993
4246.9993
4246.9993
4246.9993
4246.9998
4246.9998
4246.9998
4246.9998
4246.9998
4246.9998
4246.9998
4246.9998
4246.9998
4246.9998
4246.9992
4246.9992
4246.9992
4246.9992
4246.9992
4246.9992
4246.9992
4246.9992
4246.9992
4246.9992
4246.9999
4246.9999
4246.9999
4246.9999
4246.9999
4246.9999
4246.9999
4246.9999
4246.9999
4246.9999
4246.9991
4246.9991
4246.9991
4246.9991
4246.9991
4246.9991
4246.9991
4246.9991
4246.9991
4246.9991
4247
4247
4247
4247
4247
4247
4247
4247
4247
4247
4246.999
4246.999
4246.999
4246.999
4246.999
4246.999
4246.999
4246.999
4246.999
4246.999
4247.0001
4247.0001
4247.0001
4247.0001
4247.0001
4247.0001
4247.0001
4247.0001
4247.0001
4247.0001
4246.9989
4246.9989
4246.9989
4246.9989
4246.9989
4246.9989
4246.9989
4246.9989
4246.9989
4246.9989
4247.0003
4247.0003
4247.0003
4247.0003
4247.0003
4247.0003
4247.0003
4247.0003
4247.0003
4247.0003
4246.9987
4246.9987
4246.9987
4246.9987
4246.9987
4246.9987
4246.9987
4246.9987
4246.9987
4246.9987
4247.0004
4247.0005
4247.0004
4247.0005
4247.0004
4247.0004
4247.0005
4247.0004
4247.0005
4247.0004
4246.9985
4246.9985
4246.9985
4246.9985
4246.9985
4246.9985
4246.9985
4246.9985
4246.9985
4246.9985
4247.0007
4247.0007
4247.0007
4247.0007
4247.0007
4247.0007
4247.0007
4247.0007
4247.0007
4247.0007
4246.9983
4246.9983
4246.9983
4246.9983
4246.9983
4246.9983
4246.9983
4246.9983
4246.9983
4246.9983
4247.0009
4247.0009
4247.0009
4247.0009
4247.0009
4247.0009
4247.0009
4247.0009
4247.0009
4247.0009
4246.998
4246.998
4246.998
4246.998
4246.998
4246.998
4246.998
4246.998
4246.998
4246.998
4247.0012
4247.0012
4247.0012
4247.0012
4247.0012
4247.0012
4247.0012
4247.0012
4247.0012
4247.0012
4246.9977
4246.9977
4246.9977
4246.9977
4246.9977
4246.9977
4246.9977
4246.9977
4246.9977
4246.9977
4247.0015
4247.0015
4247.0015
4247.0015
4247.0015
4247.0015
4247.0015
4247.0015
4247.0015
4247.0015
4246.9974
4246.9974
4246.9974
4246.9974
4246.9974
4246.9974
4246.9974
4246.9974
4246.9974
4246.9974
4247.0019
4247.0019
4247.0019
4247.0019
4247.0019
4247.0019
4247.0019
4247.0019
4247.0019
4247.0019
4246.997
4246.997
4246.997
4246.997
4246.997
4246.997
4246.997
4246.997
4246.997
4246.997
4247.0023
4247.0023
4247.0023
4247.0023
4247.0023
4247.0023
4247.0023
4247.0023
4247.0023
4247.0023
4246.9965
4246.9965
4246.9965
4246.9965
4246.9965
4246.9965
4246.9965
4246.9965
4246.9965
4246.9965
4247.0028
4247.0028
4247.0028
4247.0028
4247.0028
4247.0028
4247.0028
4247.0028
4247.0028
4247.0028
4246.996
4246.996
4246.996
4246.996
4246.996
4246.996
4246.996
4246.996
4246.996
4246.996
4247.0033
4247.0033
4247.0033
4247.0033
4247.0033
4247.0033
4247.0033
4247.0033
4247.0033
4247.0033
4246.9955
4246.9954
4246.9955
4246.9954
4246.9955
4246.9955
4246.9954
4246.9955
4246.9954
4246.9955
4247.0039
4247.0039
4247.0039
4247.0039
4247.0039
4247.0039
4247.0039
4247.0039
4247.0039
4247.0039
4246.9949
4246.9948
4246.9949
4246.9948
4246.9948
4246.9948
4246.9948
4246.9949
4246.9948
4246.9949
4247.0045
4247.0046
4247.0046
4247.0046
4247.0046
4247.0046
4247.0046
4247.0046
4247.0046
4247.0045
4246.9942
4246.9941
4246.9942
4246.9941
4246.9942
4246.9942
4246.9941
4246.9942
4246.9941
4246.9942
4247.0053
4247.0053
4247.0053
4247.0053
4247.0053
4247.0053
4247.0053
4247.0053
4247.0053
4247.0053
4246.9934
4246.9934
4246.9934
4246.9934
4246.9934
4246.9934
4246.9934
4246.9934
4246.9934
4246.9934
4247.006
4247.0061
4247.0061
4247.0061
4247.0061
4247.0061
4247.0061
4247.0061
4247.0061
4247.006
4246.9926
4246.9926
4246.9926
4246.9926
4246.9926
4246.9926
4246.9926
4246.9926
4246.9926
4246.9926
4247.0069
4247.007
4247.0069
4247.0069
4247.0069
4247.0069
4247.0069
4247.0069
4247.007
4247.0069
4246.9917
4246.9917
4246.9917
4246.9917
4246.9917
4246.9917
4246.9917
4246.9917
4246.9917
4246.9917
4247.0078
4247.0079
4247.0078
4247.0079
4247.0079
4247.0079
4247.0079
4247.0078
4247.0079
4247.0078
4246.9907
4246.9907
4246.9907
4246.9907
4246.9907
4246.9907
4246.9907
4246.9907
4246.9907
4246.9907
4247.0088
4247.0089
4247.0089
4247.0089
4247.0089
4247.0089
4247.0089
4247.0089
4247.0089
4247.0088
4246.9897
4246.9896
4246.9897
4246.9896
4246.9896
4246.9896
4246.9896
4246.9897
4246.9896
4246.9897
4247.0099
4247.01
4247.01
4247.01
4247.01
4247.01
4247.01
4247.01
4247.01
4247.0099
4246.9885
4246.9885
4246.9885
4246.9885
4246.9885
4246.9885
4246.9885
4246.9885
4246.9885
4246.9885
4247.0111
4247.0112
4247.0111
4247.0112
4247.0112
4247.0112
4247.0112
4247.0111
4247.0112
4247.0111
4246.9873
4246.9872
4246.9873
4246.9872
4246.9873
4246.9873
4246.9872
4246.9873
4246.9872
4246.9873
4247.0124
4247.0125
4247.0124
4247.0125
4247.0125
4247.0125
4247.0125
4247.0124
4247.0125
4247.0124
4246.986
4246.9859
4246.986
4246.9859
4246.9859
4246.9859
4246.9859
4246.986
4246.9859
4246.986
4247.0137
4247.0138
4247.0137
4247.0138
4247.0137
4247.0137
4247.0138
4247.0137
4247.0138
4247.0137
4246.9847
4246.9846
4246.9846
4246.9846
4246.9846
4246.9846
4246.9846
4246.9846
4246.9846
4246.9847
4247.0153
4247.0154
4247.0154
4247.0154
4247.0154
4247.0154
4247.0154
4247.0154
4247.0154
4247.0153
4246.983
4246.9829
4246.9829
4246.9829
4246.9829
4246.9829
4246.9829
4246.9829
4246.9829
4246.983
4247.0167
4247.0168
4247.0167
4247.0168
4247.0168
4247.0168
4247.0168
4247.0167
4247.0168
4247.0167
4246.9816
4246.9814
4246.9815
4246.9814
4246.9815
4246.9815
4246.9814
4246.9815
4246.9814
4246.9816
4247.0185
4247.0187
4247.0186
4247.0186
4247.0186
4247.0186
4247.0186
4247.0186
4247.0187
4247.0185
4246.9797
4246.9795
4246.9796
4246.9795
4246.9796
4246.9796
4246.9795
4246.9796
4246.9795
4246.9797
4247.0202
4247.0203
4247.0202
4247.0203
4247.0202
4247.0202
4247.0203
4247.0202
4247.0203
4247.0202
4246.978
4246.9778
4246.9779
4246.9778
4246.9779
4246.9779
4246.9778
4246.9779
4246.9778
4246.978
4247.0222
4247.0223
4247.0222
4247.0223
4247.0223
4247.0223
4247.0223
4247.0222
4247.0223
4247.0222
4246.9759
4246.9757
4246.9759
4246.9758
4246.9758
4246.9758
4246.9758
4246.9759
4246.9757
4246.9759
4247.0241
4247.0243
4247.0241
4247.0242
4247.0242
4247.0242
4247.0242
4247.0241
4247.0243
4247.0241
4246.9739
4246.9737
4246.9739
4246.9738
4246.9738
4246.9738
4246.9738
4246.9739
4246.9737
4246.9739
4247.0263
4247.0265
4247.0263
4247.0264
4247.0264
4247.0264
4247.0264
4247.0263
4247.0265
4247.0263
4246.9717
4246.9715
4246.9716
4246.9715
4246.9716
4246.9716
4246.9715
4246.9716
4246.9715
4246.9717
)
;

boundaryField
{
    left
    {
        type            zeroGradient;
    }
    right
    {
        type            zeroGradient;
    }
    walls
    {
        type            zeroGradient;
    }
    centreline
    {
        type            fixedValue;
        value           uniform 4247;
    }
    frontAndBack
    {
        type            zeroGradient;
    }
}


// ************************************************************************* //
