/*--------------------------------*- C++ -*----------------------------------*\
  =========                 |
  \\      /  F ield         | OpenFOAM: The Open Source CFD Toolbox
   \\    /   O peration     | Website:  https://openfoam.org
    \\  /    A nd           | Version:  8
     \\/     M anipulation  |
\*---------------------------------------------------------------------------*/
FoamFile
{
    version     2.0;
    format      ascii;
    class       volVectorField;
    location    "1";
    object      U;
}
// * * * * * * * * * * * * * * * * * * * * * * * * * * * * * * * * * * * * * //

dimensions      [0 1 -1 0 0 0 0];

internalField   nonuniform List<vector> 
2000
(
(-3.1230814e-06 -0.00038840805 -6.3243584e-06)
(-5.7911171e-07 -0.00038840495 -6.3316996e-06)
(-1.24246e-07 -0.0003884125 -6.3316541e-06)
(1.8657029e-07 -0.0003884043 -6.3317363e-06)
(-3.1301919e-07 -0.00038840791 -6.3317032e-06)
(3.1301799e-07 -0.00038840791 -6.3317032e-06)
(-1.8657298e-07 -0.0003884043 -6.3317365e-06)
(1.2424215e-07 -0.0003884125 -6.3316541e-06)
(5.7910507e-07 -0.00038840495 -6.3316998e-06)
(3.1230806e-06 -0.00038840805 -6.3243586e-06)
(-5.3389949e-06 -0.00081036639 -1.0803914e-05)
(-1.2415329e-06 -0.0008105216 -1.0819256e-05)
(-2.682482e-07 -0.00081046427 -1.0819268e-05)
(3.8816222e-07 -0.0008104504 -1.0819269e-05)
(-6.5969567e-07 -0.00081045417 -1.0819273e-05)
(6.5969388e-07 -0.00081045417 -1.0819273e-05)
(-3.8816809e-07 -0.0008104504 -1.0819269e-05)
(2.6824379e-07 -0.00081046427 -1.0819268e-05)
(1.2415237e-06 -0.0008105216 -1.0819256e-05)
(5.3389939e-06 -0.00081036639 -1.0803914e-05)
(-3.3324386e-06 -0.00088399839 -6.8023276e-06)
(-1.5787265e-06 -0.00088426495 -6.8157429e-06)
(-3.4579169e-07 -0.00088419327 -6.8157478e-06)
(4.8097785e-07 -0.00088413507 -6.815744e-06)
(-8.3053253e-07 -0.00088415539 -6.8157504e-06)
(8.3053146e-07 -0.00088415539 -6.8157502e-06)
(-4.8098503e-07 -0.00088413506 -6.815744e-06)
(3.4578847e-07 -0.00088419327 -6.8157478e-06)
(1.5787172e-06 -0.00088426495 -6.8157429e-06)
(3.3324376e-06 -0.00088399839 -6.8023277e-06)
(-1.5828074e-06 -0.00091889837 -3.3279943e-06)
(-1.7220242e-06 -0.00091924988 -3.3363789e-06)
(-3.8340186e-07 -0.00091916631 -3.3364362e-06)
(5.1920216e-07 -0.00091909433 -3.3363945e-06)
(-9.0650082e-07 -0.00091911684 -3.3364186e-06)
(9.06499e-07 -0.00091911684 -3.3364184e-06)
(-5.1920768e-07 -0.00091909433 -3.3363945e-06)
(3.833972e-07 -0.00091916631 -3.3364364e-06)
(1.7220154e-06 -0.00091924988 -3.3363789e-06)
(1.5828059e-06 -0.00091889837 -3.3279943e-06)
(-5.8588538e-07 -0.00090464504 -1.3706888e-06)
(-1.7662146e-06 -0.00090500931 -1.3751059e-06)
(-3.9875437e-07 -0.00090496956 -1.3751049e-06)
(5.3289947e-07 -0.00090483869 -1.375108e-06)
(-9.3670238e-07 -0.00090488375 -1.3751114e-06)
(9.3670004e-07 -0.00090488375 -1.3751113e-06)
(-5.3290389e-07 -0.00090483869 -1.3751082e-06)
(3.9874851e-07 -0.00090496956 -1.375105e-06)
(1.7662062e-06 -0.00090500931 -1.3751059e-06)
(5.8588341e-07 -0.00090464504 -1.370689e-06)
(-1.3692467e-07 -0.00091967469 -5.3148903e-07)
(-1.7618223e-06 -0.0009200997 -5.3343667e-07)
(-4.0391327e-07 -0.0009200599 -5.3351182e-07)
(5.3884444e-07 -0.00091992528 -5.3344683e-07)
(-9.4874292e-07 -0.00091996778 -5.3348111e-07)
(9.4874017e-07 -0.00091996778 -5.3348117e-07)
(-5.3884826e-07 -0.00091992528 -5.3344693e-07)
(4.0390675e-07 -0.0009200599 -5.3351184e-07)
(1.761814e-06 -0.0009200997 -5.3343683e-07)
(1.3692233e-07 -0.00091967469 -5.3148908e-07)
(7.227219e-08 -0.00090551201 -1.7115282e-07)
(-1.7390684e-06 -0.00090590062 -1.7208308e-07)
(-4.0412573e-07 -0.000905936 -1.7205587e-07)
(5.4049444e-07 -0.00090572363 -1.7208222e-07)
(-9.5228565e-07 -0.00090579742 -1.7207453e-07)
(9.5228277e-07 -0.00090579742 -1.7207473e-07)
(-5.4049799e-07 -0.00090572363 -1.7208232e-07)
(4.0411898e-07 -0.000905936 -1.7205587e-07)
(1.7390593e-06 -0.00090590062 -1.7208317e-07)
(-7.2274245e-08 -0.00090551201 -1.7115284e-07)
(1.6720074e-07 -0.00091973609 -5.6056678e-08)
(-1.7071052e-06 -0.00092021 -5.6307061e-08)
(-4.0290279e-07 -0.00092022529 -5.6414518e-08)
(5.437766e-07 -0.00092003265 -5.6315271e-08)
(-9.5531084e-07 -0.00092009333 -5.6364776e-08)
(9.5530774e-07 -0.00092009333 -5.6364995e-08)
(-5.4377995e-07 -0.00092003265 -5.6315328e-08)
(4.0289543e-07 -0.00092022529 -5.6414361e-08)
(1.7070971e-06 -0.00092021 -5.6307149e-08)
(-1.6720349e-07 -0.00091973609 -5.6056745e-08)
(2.1665151e-07 -0.00090454949 -1.7984304e-08)
(-1.6747807e-06 -0.00090493682 -1.8249002e-08)
(-4.0066735e-07 -0.00090506378 -1.8178736e-08)
(5.4412794e-07 -0.00090476079 -1.8246891e-08)
(-9.5516773e-07 -0.00090486795 -1.8219789e-08)
(9.5516469e-07 -0.00090486795 -1.8220227e-08)
(-5.4413113e-07 -0.00090476079 -1.8247102e-08)
(4.0065957e-07 -0.00090506378 -1.8178841e-08)
(1.674773e-06 -0.00090493682 -1.8249085e-08)
(-2.1665442e-07 -0.00090454949 -1.7984268e-08)
(2.701021e-07 -0.00092152409 5.2761407e-09)
(-1.6391155e-06 -0.00092205176 5.4350985e-09)
(-3.9862906e-07 -0.00092211561 5.2706564e-09)
(5.4895778e-07 -0.00092187477 5.4258086e-09)
(-9.585037e-07 -0.00092194969 5.3508056e-09)
(9.5850048e-07 -0.00092194969 5.3505646e-09)
(-5.4896101e-07 -0.00092187477 5.4258107e-09)
(3.9862135e-07 -0.00092211561 5.2708185e-09)
(1.6391078e-06 -0.00092205176 5.4352057e-09)
(-2.7010494e-07 -0.00092152409 5.2761654e-09)
(2.8785455e-07 -0.00090161275 -1.4857854e-08)
(-1.6067819e-06 -0.0009019755 -1.50261e-08)
(-3.9604089e-07 -0.00090221069 -1.4882964e-08)
(5.483907e-07 -0.00090180303 -1.5022722e-08)
(-9.5714741e-07 -0.00090195059 -1.4962928e-08)
(9.5714432e-07 -0.00090195059 -1.4963227e-08)
(-5.483941e-07 -0.00090180303 -1.5022787e-08)
(3.9603316e-07 -0.00090221069 -1.4882877e-08)
(1.6067743e-06 -0.0009019755 -1.5025838e-08)
(-2.8785741e-07 -0.00090161275 -1.4857629e-08)
(3.5425582e-07 -0.00092563498 2.2562384e-08)
(-1.5700516e-06 -0.00092623333 2.2997738e-08)
(-3.9400837e-07 -0.00092633037 2.273713e-08)
(5.5598644e-07 -0.00092605797 2.2985615e-08)
(-9.6254666e-07 -0.0009261401 2.2867704e-08)
(9.625435e-07 -0.0009261401 2.2867613e-08)
(-5.5598997e-07 -0.00092605797 2.2985549e-08)
(3.9400085e-07 -0.00092633037 2.2737095e-08)
(1.5700443e-06 -0.00092623333 2.2997945e-08)
(-3.5425894e-07 -0.00092563498 2.2562685e-08)
(3.4976288e-07 -0.00089588861 -3.0433915e-08)
(-1.5392954e-06 -0.00089619321 -3.0625817e-08)
(-3.9123538e-07 -0.00089656166 -3.036069e-08)
(5.5334968e-07 -0.00089602682 -3.0618973e-08)
(-9.5922731e-07 -0.00089622568 -3.0505102e-08)
(9.5922428e-07 -0.00089622568 -3.0505295e-08)
(-5.5335366e-07 -0.00089602682 -3.0619128e-08)
(3.9122838e-07 -0.00089656166 -3.0360697e-08)
(1.5392873e-06 -0.00089619321 -3.0625617e-08)
(-3.4976534e-07 -0.00089588861 -3.0433821e-08)
(4.4379486e-07 -0.00093315134 4.2693541e-08)
(-1.5009777e-06 -0.00093385088 4.3471419e-08)
(-3.8940654e-07 -0.00093395477 4.3053374e-08)
(5.6538239e-07 -0.00093367792 4.3454054e-08)
(-9.6816665e-07 -0.0009337554 4.3266496e-08)
(9.6816361e-07 -0.0009337554 4.3266381e-08)
(-5.6538592e-07 -0.00093367792 4.3454097e-08)
(3.893984e-07 -0.00093395477 4.3053373e-08)
(1.5009707e-06 -0.00093385088 4.3471381e-08)
(-4.4379782e-07 -0.00093315133 4.269354e-08)
(4.0593908e-07 -0.00088598706 -5.5326245e-08)
(-1.4728738e-06 -0.00088618304 -5.5641899e-08)
(-3.8634733e-07 -0.00088672333 -5.5179196e-08)
(5.5857339e-07 -0.00088602586 -5.5629009e-08)
(-9.6112511e-07 -0.00088629292 -5.5427576e-08)
(9.6112215e-07 -0.00088629292 -5.5427629e-08)
(-5.5857637e-07 -0.00088602586 -5.5628995e-08)
(3.863375e-07 -0.00088672333 -5.5179367e-08)
(1.4728685e-06 -0.00088618304 -5.5641891e-08)
(-4.0594281e-07 -0.00088598706 -5.532629e-08)
(5.4421737e-07 -0.00094581725 7.3305609e-08)
(-1.431703e-06 -0.00094666814 7.4548052e-08)
(-3.8494345e-07 -0.00094673643 7.3880451e-08)
(5.7786513e-07 -0.00094649772 7.4522281e-08)
(-9.7600195e-07 -0.0009465516 7.4224013e-08)
(9.759991e-07 -0.0009465516 7.4224003e-08)
(-5.7786846e-07 -0.00094649772 7.4522201e-08)
(3.8493501e-07 -0.00094673643 7.3880254e-08)
(1.431696e-06 -0.00094666814 7.4547846e-08)
(-5.4422051e-07 -0.00094581725 7.3305358e-08)
(4.5264871e-07 -0.00086976003 -9.3554919e-08)
(-1.4078725e-06 -0.00086977275 -9.4136596e-08)
(-3.8137409e-07 -0.00087054304 -9.3365713e-08)
(5.6330787e-07 -0.00086962897 -9.4112978e-08)
(-9.6221678e-07 -0.00086998964 -9.3775067e-08)
(9.6221376e-07 -0.00086998964 -9.3775157e-08)
(-5.6331139e-07 -0.00086962897 -9.4112853e-08)
(3.8136644e-07 -0.00087054304 -9.3365625e-08)
(1.4078649e-06 -0.00086977275 -9.4136614e-08)
(-4.5265187e-07 -0.00086976003 -9.3555063e-08)
(6.6106364e-07 -0.00096623821 1.2021415e-07)
(-1.3618078e-06 -0.00096731795 1.2209544e-07)
(-3.8075965e-07 -0.00096728569 1.2104674e-07)
(5.9454257e-07 -0.00096714922 1.2205507e-07)
(-9.8700662e-07 -0.00096715063 1.2158849e-07)
(9.8700374e-07 -0.00096715063 1.2158855e-07)
(-5.9454606e-07 -0.00096714922 1.2205503e-07)
(3.807513e-07 -0.00096728569 1.2104652e-07)
(1.3618002e-06 -0.00096731795 1.2209513e-07)
(-6.6106615e-07 -0.00096623821 1.2021357e-07)
(4.839277e-07 -0.00084409398 -1.5151502e-07)
(-1.3447819e-06 -0.00084381641 -1.5255971e-07)
(-3.762827e-07 -0.00084490116 -1.5132841e-07)
(5.6634287e-07 -0.00084369172 -1.5251887e-07)
(-9.614847e-07 -0.00084418287 -1.5197756e-07)
(9.6148161e-07 -0.00084418287 -1.5197753e-07)
(-5.6634648e-07 -0.00084369172 -1.5251865e-07)
(3.7627313e-07 -0.00084490116 -1.5132826e-07)
(1.344777e-06 -0.00084381641 -1.5256001e-07)
(-4.839314e-07 -0.00084409398 -1.5151538e-07)
(8.0188711e-07 -0.00099808306 1.9066434e-07)
(-1.2906497e-06 -0.00099950467 1.9341745e-07)
(-3.7706236e-07 -0.00099927778 1.9181467e-07)
(6.1707467e-07 -0.00099933533 1.9335537e-07)
(-1.0026091e-06 -0.00099924261 1.9264423e-07)
(1.0026062e-06 -0.00099924261 1.926441e-07)
(-6.1707822e-07 -0.00099933533 1.9335519e-07)
(3.7705329e-07 -0.00099927778 1.918145e-07)
(1.2906436e-06 -0.00099950467 1.9341723e-07)
(-8.0189031e-07 -0.00099808306 1.9066411e-07)
(4.9156581e-07 -0.00080472953 -2.3720283e-07)
(-1.2843185e-06 -0.00080401439 -2.3896515e-07)
(-3.7097827e-07 -0.00080553061 -2.3707995e-07)
(5.6583353e-07 -0.00080391663 -2.3889652e-07)
(-9.5737089e-07 -0.00080458922 -2.3806731e-07)
(9.5736776e-07 -0.00080458922 -2.3806728e-07)
(-5.6583692e-07 -0.00080391663 -2.3889663e-07)
(3.7096882e-07 -0.00080553061 -2.3707999e-07)
(1.2843133e-06 -0.00080401439 -2.3896547e-07)
(-4.9156946e-07 -0.00080472953 -2.3720301e-07)
(9.7667581e-07 -0.0010462248 2.9330585e-07)
(-1.2173227e-06 -0.0010481437 2.9721831e-07)
(-3.7414613e-07 -0.0010475937 2.9485232e-07)
(6.4785355e-07 -0.0010479693 2.9712332e-07)
(-1.0248661e-06 -0.0010477258 2.9607595e-07)
(1.024863e-06 -0.0010477258 2.9607599e-07)
(-6.4785688e-07 -0.0010479693 2.9712344e-07)
(3.7413663e-07 -0.0010475937 2.9485233e-07)
(1.2173174e-06 -0.0010481437 2.9721816e-07)
(-9.7667948e-07 -0.0010462248 2.9330564e-07)
(4.6490782e-07 -0.00074617738 -3.5975886e-07)
(-1.2274769e-06 -0.00074483171 -3.6254191e-07)
(-3.6527986e-07 -0.00074693283 -3.597803e-07)
(5.5912631e-07 -0.00074477156 -3.6243324e-07)
(-9.4762216e-07 -0.00074569219 -3.6121849e-07)
(9.4761883e-07 -0.00074569219 -3.6121836e-07)
(-5.591295e-07 -0.00074477156 -3.6243279e-07)
(3.6527133e-07 -0.00074693283 -3.5978028e-07)
(1.2274703e-06 -0.00074483171 -3.6254194e-07)
(-4.6491083e-07 -0.00074617738 -3.5975891e-07)
(1.197939e-06 -0.0011167536 4.3755926e-07)
(-1.1405698e-06 -0.0011193711 4.4295807e-07)
(-3.7243681e-07 -0.001118333 4.3960102e-07)
(6.9016017e-07 -0.0011191842 4.4281702e-07)
(-1.0566102e-06 -0.0011187177 4.4133321e-07)
(1.0566072e-06 -0.0011187177 4.4133334e-07)
(-6.9016357e-07 -0.0011191842 4.4281709e-07)
(3.7242877e-07 -0.001118333 4.396008e-07)
(1.1405624e-06 -0.0011193711 4.4295812e-07)
(-1.1979417e-06 -0.0011167536 4.3755904e-07)
(3.9089436e-07 -0.00066178535 -5.2863969e-07)
(-1.1755937e-06 -0.00065956899 -5.3277513e-07)
(-3.5888242e-07 -0.00066244489 -5.2890781e-07)
(5.4261852e-07 -0.00065956076 -5.3261099e-07)
(-9.2916365e-07 -0.00066081146 -5.3091075e-07)
(9.2916053e-07 -0.00066081146 -5.3091066e-07)
(-5.4262202e-07 -0.00065956076 -5.3261085e-07)
(3.5887465e-07 -0.00066244489 -5.2890806e-07)
(1.1755861e-06 -0.00065956899 -5.3277498e-07)
(-3.9089689e-07 -0.00066178535 -5.2863967e-07)
(1.4805701e-06 -0.0012168287 6.3265931e-07)
(-1.0587303e-06 -0.0012203917 6.3989286e-07)
(-3.7253446e-07 -0.001218666 6.3531993e-07)
(7.4828648e-07 -0.0012201812 6.3968789e-07)
(-1.1015574e-06 -0.0012194048 6.3767095e-07)
(1.1015543e-06 -0.0012194048 6.3767096e-07)
(-7.4829002e-07 -0.0012201812 6.3968813e-07)
(3.7252645e-07 -0.001218666 6.3531969e-07)
(1.0587223e-06 -0.0012203917 6.3989303e-07)
(-1.4805719e-06 -0.0012168287 6.3265916e-07)
(2.5428831e-07 -0.00054395872 -7.5262139e-07)
(-1.1304203e-06 -0.0005405861 -7.5844535e-07)
(-3.513076e-07 -0.00054445957 -7.5326115e-07)
(5.1167761e-07 -0.00054064872 -7.5820943e-07)
(-8.9801644e-07 -0.00054232502 -7.5593156e-07)
(8.9801321e-07 -0.00054232502 -7.5593134e-07)
(-5.1168105e-07 -0.00054064872 -7.5820947e-07)
(3.5129927e-07 -0.00054445957 -7.532613e-07)
(1.1304129e-06 -0.0005405861 -7.5844556e-07)
(-2.5429051e-07 -0.00054395871 -7.5262159e-07)
(1.8416196e-06 -0.0013544023 8.867118e-07)
(-9.6965195e-07 -0.0013591988 8.9612244e-07)
(-3.7527301e-07 -0.0013565572 8.9013957e-07)
(8.2758303e-07 -0.0013589496 8.9583686e-07)
(-1.1643644e-06 -0.0013577643 8.9320196e-07)
(1.1643615e-06 -0.0013577643 8.9320208e-07)
(-8.275867e-07 -0.0013589496 8.9583686e-07)
(3.7526546e-07 -0.0013565572 8.9013953e-07)
(9.6964427e-07 -0.0013591988 8.9612218e-07)
(-1.8416225e-06 -0.0013544023 8.8671175e-07)
(3.7903741e-08 -0.0003844726 -1.0389844e-06)
(-1.0941878e-06 -0.00037961811 -1.0468196e-06)
(-3.4185522e-07 -0.00038473827 -1.0401454e-06)
(4.606163e-07 -0.00037977553 -1.0464944e-06)
(-8.492625e-07 -0.00038198339 -1.0435635e-06)
(8.4925909e-07 -0.00038198339 -1.0435632e-06)
(-4.6061967e-07 -0.00037977553 -1.0464946e-06)
(3.4184802e-07 -0.00038473827 -1.0401455e-06)
(1.0941806e-06 -0.00037961811 -1.0468197e-06)
(-3.790716e-08 -0.0003844726 -1.0389847e-06)
(2.3001264e-06 -0.0015378925 1.2060733e-06)
(-8.7062615e-07 -0.0015442469 1.2179834e-06)
(-3.8176936e-07 -0.0015404385 1.2104432e-06)
(9.3446021e-07 -0.0015439387 1.2176018e-06)
(-1.2506444e-06 -0.001542237 1.2142842e-06)
(1.2506413e-06 -0.001542237 1.2142843e-06)
(-9.3446378e-07 -0.0015439387 1.2176015e-06)
(3.8176234e-07 -0.0015404385 1.2104431e-06)
(8.7061893e-07 -0.0015442469 1.2179839e-06)
(-2.30013e-06 -0.0015378925 1.2060736e-06)
(-2.7731402e-07 -0.00017479168 -1.3931247e-06)
(-1.069686e-06 -0.00016809478 -1.4032708e-06)
(-3.2954944e-07 -0.00017473029 -1.3949819e-06)
(3.8270904e-07 -0.00016837659 -1.4028395e-06)
(-7.7704157e-07 -0.00017122913 -1.3992016e-06)
(7.7703806e-07 -0.00017122913 -1.3992017e-06)
(-3.8271256e-07 -0.00016837659 -1.4028398e-06)
(3.2954234e-07 -0.00017473029 -1.3949818e-06)
(1.0696788e-06 -0.00016809478 -1.4032701e-06)
(2.7731115e-07 -0.00017479168 -1.3931245e-06)
(2.8771547e-06 -0.0017758879 1.5951881e-06)
(-7.5829695e-07 -0.0017841553 1.6098982e-06)
(-3.9348537e-07 -0.001778914 1.6007028e-06)
(1.0763623e-06 -0.0017837627 1.6094052e-06)
(-1.3669615e-06 -0.0017814316 1.6053621e-06)
(1.3669587e-06 -0.0017814316 1.605362e-06)
(-1.0763664e-06 -0.0017837627 1.6094049e-06)
(3.9347836e-07 -0.001778914 1.6007023e-06)
(7.5828921e-07 -0.0017841553 1.6098986e-06)
(-2.8771574e-06 -0.0017758879 1.5951884e-06)
(-7.1241554e-07 9.3669028e-05 -1.8185879e-06)
(-1.0603505e-06 0.00010259954 -1.8313218e-06)
(-3.1307683e-07 9.4166309e-05 -1.8213452e-06)
(2.702242e-07 0.0001021576 -1.8307702e-06)
(-6.7456466e-07 9.8542953e-05 -1.8263939e-06)
(6.7456147e-07 9.8542956e-05 -1.8263937e-06)
(-2.7022779e-07 0.00010215759 -1.8307706e-06)
(3.1306974e-07 9.416631e-05 -1.821346e-06)
(1.060343e-06 0.00010259954 -1.8313221e-06)
(7.1241268e-07 9.3669029e-05 -1.8185881e-06)
(3.5960204e-06 -0.0020769274 2.0567779e-06)
(-6.2855831e-07 -0.0020874905 2.0745693e-06)
(-4.12298e-07 -0.0020805394 2.0636687e-06)
(1.2617481e-06 -0.0020869822 2.073954e-06)
(-1.5208289e-06 -0.0020839056 2.0691625e-06)
(1.520826e-06 -0.0020839056 2.0691626e-06)
(-1.2617524e-06 -0.0020869822 2.073954e-06)
(4.1229075e-07 -0.0020805394 2.0636687e-06)
(6.2855071e-07 -0.0020874905 2.0745696e-06)
(-3.596023e-06 -0.0020769274 2.0567779e-06)
(-1.2907305e-06 0.00042936591 -2.317366e-06)
(-1.0703537e-06 0.00044094926 -2.3329476e-06)
(-2.9072513e-07 0.00043042653 -2.3212545e-06)
(1.1444224e-07 0.00044030474 -2.3322668e-06)
(-5.3411544e-07 0.00043580848 -2.3271367e-06)
(5.341122e-07 0.00043580848 -2.3271366e-06)
(-1.1444581e-07 0.00044030474 -2.3322673e-06)
(2.9071795e-07 0.00043042653 -2.3212553e-06)
(1.0703462e-06 0.00044094926 -2.332948e-06)
(1.2907276e-06 0.00042936591 -2.3173662e-06)
(4.4826504e-06 -0.0024493612 2.5921962e-06)
(-4.7645577e-07 -0.0024626281 2.6133384e-06)
(-4.4057154e-07 -0.0024536834 2.6007279e-06)
(1.5000752e-06 -0.0024619667 2.6125959e-06)
(-1.7207091e-06 -0.0024580271 2.6070503e-06)
(1.7207065e-06 -0.0024580271 2.6070501e-06)
(-1.5000797e-06 -0.0024619667 2.6125956e-06)
(4.4056444e-07 -0.0024536834 2.6007275e-06)
(4.764479e-07 -0.0024626281 2.6133386e-06)
(-4.482653e-06 -0.0024493612 2.5921965e-06)
(-2.0382346e-06 0.00084052311 -2.8902701e-06)
(-1.104702e-06 0.00085520557 -2.9089506e-06)
(-2.6031607e-07 0.00084229475 -2.8955511e-06)
(-9.4350642e-08 0.00085430875 -2.9081363e-06)
(-3.4702986e-07 0.00084881076 -2.902253e-06)
(3.4702625e-07 0.00084881076 -2.902253e-06)
(9.43471e-08 0.00085430875 -2.9081359e-06)
(2.6030898e-07 0.00084229475 -2.8955511e-06)
(1.1046948e-06 0.00085520557 -2.908951e-06)
(2.0382318e-06 0.00084052311 -2.89027e-06)
(5.5659844e-06 -0.0029012777 3.2017921e-06)
(-2.9606491e-07 -0.0029176816 3.2265501e-06)
(-4.8124614e-07 -0.0029064543 3.2122599e-06)
(1.8018078e-06 -0.0029168229 3.2256796e-06)
(-1.9760316e-06 -0.0029119029 3.2193897e-06)
(1.976029e-06 -0.002911903 3.2193896e-06)
(-1.8018122e-06 -0.0029168229 3.2256793e-06)
(4.8123913e-07 -0.0029064543 3.2122599e-06)
(2.9605688e-07 -0.0029176816 3.2265505e-06)
(-5.5659869e-06 -0.0029012777 3.2017924e-06)
(-2.983949e-06 0.001335084 -3.5372636e-06)
(-1.1693525e-06 0.0013533392 -3.5592934e-06)
(-2.1911394e-07 0.0013377362 -3.5442299e-06)
(-3.6686743e-07 0.0013521324 -3.5583465e-06)
(-1.0368099e-07 0.0013455129 -3.5517248e-06)
(1.0367732e-07 0.0013455129 -3.5517248e-06)
(3.6686398e-07 0.0013521324 -3.5583465e-06)
(2.1910687e-07 0.0013377362 -3.5442299e-06)
(1.1693453e-06 0.0013533392 -3.5592935e-06)
(2.9839462e-06 0.001335084 -3.5372638e-06)
(6.8783995e-06 -0.0034404742 3.8852042e-06)
(-8.0368551e-08 -0.0034604741 3.9138463e-06)
(-5.3793895e-07 -0.0034466712 3.8979394e-06)
(2.1784365e-06 -0.0034593665 3.9128553e-06)
(-2.2972195e-06 -0.0034533494 3.9058421e-06)
(2.297217e-06 -0.0034533494 3.9058424e-06)
(-2.1784412e-06 -0.0034593665 3.9128553e-06)
(5.3793233e-07 -0.0034466712 3.8979392e-06)
(8.0360442e-08 -0.0034604741 3.9138466e-06)
(-6.878402e-06 -0.0034404742 3.8852044e-06)
(-4.1603441e-06 0.0019206972 -4.2577162e-06)
(-1.2713298e-06 0.0019430278 -4.2833511e-06)
(-1.6372579e-07 0.0019244234 -4.2666942e-06)
(-7.1484735e-07 0.0019414442 -4.2822802e-06)
(2.0655114e-07 0.0019335847 -4.2749438e-06)
(-2.0655469e-07 0.0019335848 -4.2749435e-06)
(7.1484408e-07 0.0019414442 -4.2822807e-06)
(1.6371837e-07 0.0019244234 -4.2666946e-06)
(1.2713227e-06 0.0019430278 -4.2833513e-06)
(4.1603413e-06 0.0019206972 -4.2577165e-06)
(8.4561429e-06 -0.0040744551 4.6415691e-06)
(1.7888521e-07 -0.0040985377 4.6743728e-06)
(-6.150675e-07 -0.0040818615 4.6569403e-06)
(2.6425124e-06 -0.0040971211 4.6732775e-06)
(-2.6957248e-06 -0.0040898913 4.6655721e-06)
(2.6957222e-06 -0.0040898913 4.6655724e-06)
(-2.6425174e-06 -0.0040971211 4.6732775e-06)
(6.150611e-07 -0.0040818615 4.6569406e-06)
(-1.7889338e-07 -0.0040985377 4.6743734e-06)
(-8.4561451e-06 -0.0040744551 4.6415693e-06)
(-5.6037527e-06 0.0026047232 -5.0505696e-06)
(-1.4188566e-06 0.0026316633 -5.0800769e-06)
(-8.9979482e-08 0.0026097423 -5.061922e-06)
(-1.1510936e-06 0.0026296261 -5.0789e-06)
(5.9532443e-07 0.0026204094 -5.0708794e-06)
(-5.9532799e-07 0.0026204094 -5.0708792e-06)
(1.1510901e-06 0.0026296261 -5.0789004e-06)
(8.997213e-08 0.0026097423 -5.0619222e-06)
(1.4188495e-06 0.0026316633 -5.080077e-06)
(5.6037499e-06 0.0026047232 -5.0505699e-06)
(1.0339779e-05 -0.0048104441 5.4696554e-06)
(4.913369e-07 -0.0048391268 5.5069111e-06)
(-7.1799414e-07 -0.0048192742 5.4880732e-06)
(3.2076868e-06 -0.0048373314 5.5057389e-06)
(-3.1840654e-06 -0.0048287745 5.497382e-06)
(3.1840633e-06 -0.0048287745 5.4973821e-06)
(-3.2076919e-06 -0.0048373313 5.5057383e-06)
(7.1798785e-07 -0.0048192742 5.4880725e-06)
(-4.9134505e-07 -0.0048391268 5.506911e-06)
(-1.0339781e-05 -0.0048104441 5.4696554e-06)
(-7.3548059e-06 0.0033942512 -5.9144423e-06)
(-1.6214967e-06 0.0034263698 -5.9481074e-06)
(7.2194094e-09 0.0034008102 -5.9285695e-06)
(-1.689517e-06 0.0034237906 -5.9468496e-06)
(1.0753818e-06 0.0034131013 -5.938182e-06)
(-1.0753859e-06 0.0034131013 -5.9381821e-06)
(1.6895138e-06 0.0034237906 -5.9468493e-06)
(-7.2274808e-09 0.0034008103 -5.928569e-06)
(1.6214909e-06 0.0034263698 -5.9481068e-06)
(7.3548029e-06 0.0033942512 -5.9144419e-06)
(1.2574669e-05 -0.0056554045 6.3679404e-06)
(8.6819718e-07 -0.0056892391 6.4099523e-06)
(-8.5320051e-07 -0.0056658997 6.3898648e-06)
(3.8887571e-06 -0.0056869839 6.4087541e-06)
(-3.7758694e-06 -0.0056769867 6.3997815e-06)
(3.7758676e-06 -0.0056769867 6.3997815e-06)
(-3.8887625e-06 -0.0056869839 6.4087537e-06)
(8.531942e-07 -0.0056658997 6.3898641e-06)
(-8.6820503e-07 -0.0056892391 6.4099523e-06)
(-1.2574671e-05 -0.0056554045 6.3679405e-06)
(-9.4589077e-06 0.0042961212 -6.8476886e-06)
(-1.890318e-06 0.0043340256 -6.8858176e-06)
(1.3406608e-07 0.0043044984 -6.8650317e-06)
(-2.3451891e-06 0.0043308047 -6.8845135e-06)
(1.6606117e-06 0.0043185268 -6.875246e-06)
(-1.6606158e-06 0.0043185268 -6.8752459e-06)
(2.3451863e-06 0.0043308047 -6.8845136e-06)
(-1.3407459e-07 0.0043044984 -6.8650319e-06)
(1.8903111e-06 0.0043340256 -6.8858166e-06)
(9.4589057e-06 0.0042961212 -6.8476876e-06)
(1.5211465e-05 -0.0066160623 7.3346575e-06)
(1.3224835e-06 -0.00665564 7.3817776e-06)
(-1.0284047e-06 -0.0066284931 7.3605695e-06)
(4.7016277e-06 -0.0066528308 7.3805903e-06)
(-4.4860276e-06 -0.0066412812 7.3710476e-06)
(4.4860256e-06 -0.0066412812 7.3710477e-06)
(-4.7016329e-06 -0.0066528308 7.3805904e-06)
(1.0283983e-06 -0.0066284931 7.3605695e-06)
(-1.3224911e-06 -0.00665564 7.3817777e-06)
(-1.5211467e-05 -0.0066160623 7.3346577e-06)
(-1.1966775e-05 0.0053169476 -7.8484267e-06)
(-2.2380621e-06 0.0053612939 -7.8913464e-06)
(2.9808175e-07 0.0053274502 -7.8694805e-06)
(-3.1344144e-06 0.0053573121 -7.8900497e-06)
(2.3660955e-06 0.005343331 -7.8802323e-06)
(-2.3661e-06 0.005343331 -7.8802323e-06)
(3.1344125e-06 0.0053573121 -7.8900497e-06)
(-2.9809082e-07 0.0053274502 -7.8694803e-06)
(2.2380564e-06 0.0053612939 -7.8913458e-06)
(1.1966772e-05 0.0053169476 -7.848426e-06)
(1.8306932e-05 -0.00769893 8.3678039e-06)
(1.8690342e-06 -0.0077448864 8.4204038e-06)
(-1.2530765e-06 -0.0077135993 8.3982483e-06)
(5.6636261e-06 -0.0077414137 8.4192896e-06)
(-5.3306639e-06 -0.0077282005 8.4092287e-06)
(5.3306622e-06 -0.0077282006 8.4092289e-06)
(-5.6636318e-06 -0.0077414137 8.4192897e-06)
(1.2530707e-06 -0.0077135994 8.3982484e-06)
(-1.8690421e-06 -0.0077448864 8.4204036e-06)
(-1.8306934e-05 -0.00769893 8.3678035e-06)
(-1.4935019e-05 0.0064631429 -8.9145389e-06)
(-2.6793836e-06 0.006514638 -8.9626035e-06)
(5.0835387e-07 0.0064761149 -8.9398487e-06)
(-4.0747762e-06 0.0065097584 -8.9613838e-06)
(3.2081759e-06 0.0064939606 -8.9510716e-06)
(-3.2081807e-06 0.0064939606 -8.9510716e-06)
(4.0747748e-06 0.0065097584 -8.9613837e-06)
(-5.0836323e-07 0.0064761149 -8.9398486e-06)
(2.6793783e-06 0.006514638 -8.9626029e-06)
(1.4935015e-05 0.0064631429 -8.9145382e-06)
(2.1924473e-05 -0.0089103298 9.465135e-06)
(2.5249515e-06 -0.008963352 9.5236123e-06)
(-1.5385658e-06 -0.0089275764 9.50072e-06)
(6.7933886e-06 -0.0089590886 9.5226574e-06)
(-6.3272121e-06 -0.0089441012 9.5121354e-06)
(6.3272108e-06 -0.0089441013 9.5121355e-06)
(-6.7933948e-06 -0.0089590886 9.5226576e-06)
(1.5385603e-06 -0.0089275764 9.50072e-06)
(-2.5249596e-06 -0.008963352 9.5236123e-06)
(-2.1924474e-05 -0.0089103298 9.4651351e-06)
(-1.8426841e-05 0.0077409405 -1.004366e-05)
(-3.2311026e-06 0.0078003505 -1.0097258e-05)
(7.7584429e-07 0.0077567656 -1.0073827e-05)
(-5.1852039e-06 0.0077944147 -1.0096202e-05)
(4.2045218e-06 0.0077766872 -1.0085454e-05)
(-4.2045271e-06 0.0077766872 -1.0085453e-05)
(5.1852027e-06 0.0077944147 -1.0096202e-05)
(-7.7585378e-07 0.0077567657 -1.0073827e-05)
(3.2310984e-06 0.0078003505 -1.0097258e-05)
(1.8426836e-05 0.0077409405 -1.0043659e-05)
(2.6134965e-05 -0.010256416 1.0624159e-05)
(3.3099006e-06 -0.01031725 1.0688947e-05)
(-1.8984909e-06 -0.010276618 1.0665556e-05)
(8.1109427e-06 -0.010312048 1.068826e-05)
(-7.4944847e-06 -0.010295176 1.0677338e-05)
(7.494484e-06 -0.010295176 1.0677338e-05)
(-8.1109493e-06 -0.010312048 1.068826e-05)
(1.8984861e-06 -0.010276618 1.0665556e-05)
(-3.3099107e-06 -0.01031725 1.0688946e-05)
(-2.6134965e-05 -0.010256416 1.0624159e-05)
(-2.2512859e-05 0.0091564157 -1.1233181e-05)
(-3.9125117e-06 0.009224575 -1.129274e-05)
(1.1137611e-06 0.0091755221 -1.1268871e-05)
(-6.4860455e-06 0.0092173993 -1.1291955e-05)
(5.3742036e-06 0.0091976294 -1.1280832e-05)
(-5.3742094e-06 0.0091976294 -1.1280831e-05)
(6.4860447e-06 0.0092173993 -1.1291955e-05)
(-1.1137713e-06 0.0091755221 -1.126887e-05)
(3.9125068e-06 0.009224575 -1.129274e-05)
(2.2512855e-05 0.0091564157 -1.123318e-05)
(3.1017748e-05 -0.011743195 1.1842144e-05)
(4.2464888e-06 -0.011812657 1.1913718e-05)
(-2.3491907e-06 -0.011766774 1.1890099e-05)
(9.6377811e-06 -0.011806342 1.1913436e-05)
(-8.8527463e-06 -0.011787474 1.1902176e-05)
(8.8527464e-06 -0.011787474 1.1902176e-05)
(-9.6377889e-06 -0.011806342 1.1913436e-05)
(2.3491868e-06 -0.011766774 1.1890099e-05)
(-4.2464993e-06 -0.011812657 1.1913718e-05)
(-3.1017747e-05 -0.011743195 1.1842144e-05)
(-2.7272088e-05 0.010715507 -1.2480263e-05)
(-4.7457497e-06 0.010793329 -1.2546253e-05)
(1.5380056e-06 0.010738372 -1.2522209e-05)
(-7.9991439e-06 0.010784699 -1.254587e-05)
(6.7377745e-06 0.010762774 -1.2534437e-05)
(-6.7377806e-06 0.010762774 -1.2534436e-05)
(7.9991432e-06 0.010784699 -1.2545871e-05)
(-1.5380156e-06 0.010738372 -1.252221e-05)
(4.7457453e-06 0.010793329 -1.2546253e-05)
(2.7272084e-05 0.010715507 -1.2480263e-05)
(3.6661776e-05 -0.013376547 1.3116126e-05)
(5.3607241e-06 -0.01345553 1.3195008e-05)
(-2.9102676e-06 -0.013403974 1.3171461e-05)
(1.139694e-05 -0.013447899 1.3195297e-05)
(-1.0423796e-05 -0.013426925 1.3183765e-05)
(1.0423796e-05 -0.013426925 1.3183765e-05)
(-1.1396948e-05 -0.013447899 1.3195297e-05)
(2.9102643e-06 -0.013403974 1.3171461e-05)
(-5.3607334e-06 -0.01345553 1.3195008e-05)
(-3.6661776e-05 -0.013376547 1.3116127e-05)
(-3.2793083e-05 0.012424032 -1.378181e-05)
(-5.7562502e-06 0.012512521 -1.3854747e-05)
(2.067708e-06 0.012451189 -1.3830828e-05)
(-9.7479145e-06 0.012502189 -1.3854934e-05)
(8.3173526e-06 0.012477995 -1.3843253e-05)
(-8.3173597e-06 0.012477995 -1.3843252e-05)
(9.747915e-06 0.012502189 -1.3854935e-05)
(-2.0677195e-06 0.012451189 -1.3830828e-05)
(5.7562469e-06 0.012512521 -1.3854747e-05)
(3.2793078e-05 0.012424032 -1.378181e-05)
(4.3166965e-05 -0.01516224 1.4442845e-05)
(6.6825773e-06 -0.01525173 1.4529608e-05)
(-3.6052361e-06 -0.015194042 1.4506471e-05)
(1.3413071e-05 -0.015242547 1.453067e-05)
(-1.2231044e-05 -0.015219353 1.4518933e-05)
(1.2231045e-05 -0.015219353 1.4518933e-05)
(-1.3413079e-05 -0.015242547 1.4530671e-05)
(3.6052333e-06 -0.015194042 1.4506472e-05)
(-6.682587e-06 -0.01525173 1.4529607e-05)
(-4.3166965e-05 -0.01516224 1.4442845e-05)
(-3.9175266e-05 0.014287709 -1.5134381e-05)
(-6.9732945e-06 0.014387975 -1.5214834e-05)
(2.7258816e-06 0.014319752 -1.5191372e-05)
(-1.1757435e-05 0.014375649 -1.5215792e-05)
(1.0136719e-05 0.014349072 -1.5203927e-05)
(-1.0136727e-05 0.014349072 -1.5203927e-05)
(1.1757436e-05 0.014375649 -1.5215792e-05)
(-2.7258937e-06 0.014319752 -1.5191372e-05)
(6.9732917e-06 0.014387975 -1.5214834e-05)
(3.917526e-05 0.014287709 -1.5134381e-05)
(5.0645784e-05 -0.017105949 1.5818642e-05)
(8.2466695e-06 -0.017207039 1.5913916e-05)
(-4.4623123e-06 -0.017142714 1.5891571e-05)
(1.5712526e-05 -0.017196024 1.5916003e-05)
(-1.4299611e-05 -0.017170496 1.5904123e-05)
(1.4299613e-05 -0.017170496 1.5904123e-05)
(-1.5712534e-05 -0.017196024 1.5916003e-05)
(4.4623107e-06 -0.017142714 1.5891571e-05)
(-8.2466797e-06 -0.017207039 1.5913916e-05)
(-5.0645783e-05 -0.017105949 1.5818642e-05)
(-4.6530539e-05 0.016312165 -1.6534106e-05)
(-8.4306816e-06 0.01642544 -1.6622701e-05)
(3.5401995e-06 0.016349762 -1.6600068e-05)
(-1.4054531e-05 0.016410781 -1.6624674e-05)
(1.2221417e-05 0.016381706 -1.6612689e-05)
(-1.2221427e-05 0.016381706 -1.6612689e-05)
(1.4054532e-05 0.016410781 -1.6624674e-05)
(-3.5402125e-06 0.016349762 -1.6600067e-05)
(8.4306792e-06 0.01642544 -1.6622701e-05)
(4.6530533e-05 0.016312165 -1.6534107e-05)
(5.9225183e-05 -0.019213269 1.7239409e-05)
(1.0093111e-05 -0.019327177 1.7343887e-05)
(-5.5153641e-06 -0.019255657 1.7322759e-05)
(1.8323433e-05 -0.019314001 1.73473e-05)
(-1.6656412e-05 -0.019286022 1.7335341e-05)
(1.6656416e-05 -0.019286022 1.7335341e-05)
(-1.8323442e-05 -0.019314001 1.73473e-05)
(5.5153637e-06 -0.019255657 1.732276e-05)
(-1.0093122e-05 -0.019327177 1.7343888e-05)
(-5.9225181e-05 -0.019213269 1.7239409e-05)
(-5.4985236e-05 0.018502958 -1.7976641e-05)
(-1.0167556e-05 0.018630617 -1.8074067e-05)
(4.5439435e-06 0.018546856 -1.8052679e-05)
(-1.6667874e-05 0.018613225 -1.8077351e-05)
(1.4598866e-05 0.018581534 -1.8065307e-05)
(-1.4598877e-05 0.018581534 -1.8065306e-05)
(1.6667877e-05 0.018613225 -1.8077352e-05)
(-4.5439578e-06 0.018546856 -1.8052679e-05)
(1.0167554e-05 0.018630617 -1.8074068e-05)
(5.4985229e-05 0.018502958 -1.7976642e-05)
(6.9048948e-05 -0.021489729 1.8700542e-05)
(1.2268536e-05 -0.021617818 1.8814984e-05)
(-6.8050608e-06 -0.021538482 1.8795553e-05)
(2.1275785e-05 -0.021602094 1.882009e-05)
(-1.9330261e-05 -0.021571544 1.8808108e-05)
(1.9330267e-05 -0.021571544 1.8808108e-05)
(-2.1275795e-05 -0.021602094 1.882009e-05)
(6.8050619e-06 -0.021538482 1.8795554e-05)
(-1.2268547e-05 -0.021617818 1.8814985e-05)
(-6.9048945e-05 -0.021489729 1.8700542e-05)
(-6.4682495e-05 0.020865584 -1.9457162e-05)
(-1.2229424e-05 0.021009164 -1.9564178e-05)
(5.7771462e-06 0.020916623 -1.95445e-05)
(-1.9628086e-05 0.020988573 -1.9569132e-05)
(1.7298474e-05 0.020954148 -1.9557082e-05)
(-1.7298487e-05 0.020954148 -1.9557081e-05)
(1.9628088e-05 0.020988573 -1.9569133e-05)
(-5.7771614e-06 0.020916623 -1.95445e-05)
(1.2229422e-05 0.021009164 -1.9564178e-05)
(6.4682487e-05 0.020865584 -1.9457162e-05)
(8.0280588e-05 -0.023940804 2.0197051e-05)
(1.482737e-05 -0.024084603 2.0322292e-05)
(-8.380264e-06 -0.023996756 2.0305099e-05)
(2.4601516e-05 -0.024065877 2.0329535e-05)
(-2.235197e-05 -0.024032632 2.031758e-05)
(2.2351978e-05 -0.024032632 2.0317579e-05)
(-2.4601527e-05 -0.024065877 2.0329534e-05)
(8.3802672e-06 -0.023996756 2.0305098e-05)
(-1.4827381e-05 -0.024084603 2.0322293e-05)
(-8.0280584e-05 -0.023940804 2.0197051e-05)
(-7.5785248e-05 0.023405488 -2.097062e-05)
(-1.4669402e-05 0.023566721 -2.1088061e-05)
(7.2879688e-06 0.023464615 -2.107062e-05)
(-2.2967835e-05 0.02354238 -2.1095123e-05)
(2.0351765e-05 0.023505099 -2.1083112e-05)
(-2.0351781e-05 0.023505099 -2.1083111e-05)
(2.2967837e-05 0.02354238 -2.1095122e-05)
(-7.2879861e-06 0.023464615 -2.1070619e-05)
(1.4669401e-05 0.023566721 -2.1088062e-05)
(7.5785239e-05 0.023405488 -2.097062e-05)
(9.310693e-05 -0.026571927 2.1723869e-05)
(1.7833398e-05 -0.02673316 2.1860831e-05)
(-1.0299717e-05 -0.026636019 2.184648e-05)
(2.8334588e-05 -0.026710894 2.1870744e-05)
(-2.5754453e-05 -0.026674827 2.1858855e-05)
(2.5754464e-05 -0.026674827 2.1858855e-05)
(-2.8334598e-05 -0.026710894 2.1870744e-05)
(1.0299722e-05 -0.026636019 2.1846479e-05)
(-1.7833409e-05 -0.02673316 2.1860831e-05)
(-9.3106926e-05 -0.026571927 2.1723869e-05)
(-8.8479807e-05 0.026128079 -2.2511986e-05)
(-1.7549759e-05 0.026308918 -2.2640779e-05)
(9.1343813e-06 0.026196363 -2.2626161e-05)
(-2.6721959e-05 0.026280181 -2.2650471e-05)
(2.3792517e-05 0.02623992 -2.2638535e-05)
(-2.3792535e-05 0.02623992 -2.2638534e-05)
(2.6721961e-05 0.026280181 -2.265047e-05)
(-9.1344009e-06 0.026196363 -2.2626161e-05)
(1.7549758e-05 0.026308918 -2.264078e-05)
(8.8479798e-05 0.026128079 -2.2511987e-05)
(0.00010774233 -0.029388495 2.3276005e-05)
(2.1361682e-05 -0.029569115 2.3425705e-05)
(-1.263409e-05 -0.029461791 2.3414883e-05)
(3.2511054e-05 -0.029542674 2.3438935e-05)
(-2.9572819e-05 -0.029503654 2.3427135e-05)
(2.9572833e-05 -0.029503654 2.3427134e-05)
(-3.2511064e-05 -0.029542674 2.3438934e-05)
(1.2634097e-05 -0.029461791 2.3414882e-05)
(-2.1361692e-05 -0.029569115 2.3425705e-05)
(-0.00010774233 -0.029388495 2.3276005e-05)
(-0.00010298007 0.029038733 -2.407635e-05)
(-2.0943801e-05 0.029241389 -2.4217523e-05)
(1.1386189e-05 0.029117385 -2.4206393e-05)
(-3.0927569e-05 0.029207495 -2.4230476e-05)
(2.7656888e-05 0.02916413 -2.4218635e-05)
(-2.765691e-05 0.02916413 -2.4218633e-05)
(3.0927572e-05 0.029207495 -2.4230475e-05)
(-1.1386212e-05 0.029117385 -2.4206392e-05)
(2.09438e-05 0.029241389 -2.4217524e-05)
(0.00010298006 0.029038733 -2.4076351e-05)
(0.00012443372 -0.032395879 2.4848603e-05)
(2.5500929e-05 -0.032598106 2.5012169e-05)
(-1.5468482e-05 -0.032479587 2.5005653e-05)
(3.7169129e-05 -0.032566739 2.5029495e-05)
(-3.3844467e-05 -0.032524629 2.5017787e-05)
(3.3844484e-05 -0.032524629 2.5017786e-05)
(-3.7169139e-05 -0.032566739 2.5029494e-05)
(1.5468492e-05 -0.032479587 2.5005652e-05)
(-2.5500938e-05 -0.032598106 2.501217e-05)
(-0.00012443372 -0.032395879 2.4848604e-05)
(-0.00011953258 0.032142805 -2.5658917e-05)
(-2.4938198e-05 0.032369791 -2.5813617e-05)
(1.4127507e-05 0.032233199 -2.5806723e-05)
(-3.5624171e-05 0.032329842 -2.5830592e-05)
(3.1983559e-05 0.032283246 -2.5818843e-05)
(-3.1983584e-05 0.032283246 -2.5818842e-05)
(3.5624174e-05 0.032329842 -2.5830591e-05)
(-1.4127532e-05 0.032233199 -2.5806722e-05)
(2.4938196e-05 0.032369791 -2.5813617e-05)
(0.00011953257 0.032142805 -2.5658918e-05)
(0.00014346664 -0.035599434 2.643687e-05)
(3.0356401e-05 -0.035825795 2.6615554e-05)
(-1.8905456e-05 -0.035694926 2.6614228e-05)
(4.2349234e-05 -0.035788614 2.6637918e-05)
(-3.8609153e-05 -0.035743275 2.6626278e-05)
(3.8609174e-05 -0.035743275 2.6626276e-05)
(-4.2349245e-05 -0.035788614 2.6637917e-05)
(1.890547e-05 -0.035694926 2.6614226e-05)
(-3.035641e-05 -0.035825795 2.6615554e-05)
(-0.00014346663 -0.035599434 2.6436871e-05)
(-0.00013842254 0.035445628 -2.7254906e-05)
(-2.9635826e-05 0.035699814 -2.742441e-05)
(1.7459758e-05 0.035549332 -2.7422603e-05)
(-4.0853767e-05 0.035652748 -2.7446327e-05)
(3.6813859e-05 0.035602795 -2.7434643e-05)
(-3.6813887e-05 0.035602795 -2.743464e-05)
(4.085377e-05 0.035652748 -2.7446327e-05)
(-1.7459787e-05 0.035549332 -2.7422603e-05)
(2.9635823e-05 0.035699814 -2.742441e-05)
(0.00013842253 0.035445628 -2.7254907e-05)
(0.00016517255 -0.039004497 2.8036041e-05)
(3.6053496e-05 -0.039257886 2.8231231e-05)
(-2.306876e-05 -0.03911334 2.8236103e-05)
(4.8094018e-05 -0.039213838 2.825977e-05)
(-4.3909041e-05 -0.039165126 2.8248142e-05)
(4.3909066e-05 -0.039165126 2.8248139e-05)
(-4.8094029e-05 -0.039213838 2.825977e-05)
(2.3068777e-05 -0.03911334 2.8236103e-05)
(-3.6053504e-05 -0.039257886 2.8231231e-05)
(-0.00016517254 -0.039004497 2.8036042e-05)
(-0.00015998014 0.038952528 -2.8859395e-05)
(-3.5159045e-05 0.039237192 -2.9045187e-05)
(2.1505274e-05 0.039071332 -2.904937e-05)
(-4.6660697e-05 0.039181757 -2.9073112e-05)
(4.2191627e-05 0.039128321 -2.9061415e-05)
(-4.2191658e-05 0.039128321 -2.9061411e-05)
(4.66607e-05 0.039181757 -2.9073112e-05)
(-2.1505308e-05 0.039071333 -2.904937e-05)
(3.5159041e-05 0.039237192 -2.9045188e-05)
(0.00015998013 0.038952528 -2.8859397e-05)
(0.000190042 -0.042616378 2.9659856e-05)
(4.2774654e-05 -0.042900111 2.9878286e-05)
(-2.812118e-05 -0.042740364 2.9887678e-05)
(5.448419e-05 -0.042847948 2.9912912e-05)
(-4.9820026e-05 -0.042795719 2.990057e-05)
(4.9820054e-05 -0.042795719 2.9900566e-05)
(-5.4484201e-05 -0.042847948 2.9912911e-05)
(2.8121201e-05 -0.042740364 2.9887677e-05)
(-4.2774659e-05 -0.042900111 2.9878286e-05)
(-0.00019004199 -0.042616378 2.9659857e-05)
(-0.00018415359 0.042668711 -3.0486382e-05)
(-4.1448867e-05 0.04298763 -3.0694651e-05)
(2.6267167e-05 0.042804675 -3.0703318e-05)
(-5.304821e-05 0.042922336 -3.0728633e-05)
(4.812875e-05 0.042865296 -3.0716218e-05)
(-4.8128785e-05 0.042865296 -3.0716212e-05)
(5.3048214e-05 0.042922336 -3.0728633e-05)
(-2.6267205e-05 0.042804675 -3.0703317e-05)
(4.1448862e-05 0.04298763 -3.0694651e-05)
(0.00018415357 0.042668711 -3.0486384e-05)
(0.00021787542 -0.046440289 3.1287574e-05)
(5.0412778e-05 -0.046758064 3.1521716e-05)
(-3.4065752e-05 -0.046581393 3.1541876e-05)
(6.1442051e-05 -0.046696371 3.1566674e-05)
(-5.6284819e-05 -0.046640464 3.155451e-05)
(5.628485e-05 -0.046640464 3.1554504e-05)
(-6.1442062e-05 -0.046696371 3.1566674e-05)
(3.4065777e-05 -0.046581393 3.1541875e-05)
(-5.0412781e-05 -0.046758063 3.1521717e-05)
(-0.00021787541 -0.046440289 3.1287576e-05)
(-0.0002121682 0.046599388 -3.21146e-05)
(-4.903387e-05 0.046956776 -3.2338806e-05)
(3.2147454e-05 0.046754788 -3.2357831e-05)
(-6.0153681e-05 0.046879931 -3.2382805e-05)
(5.4744361e-05 0.046819156 -3.2370522e-05)
(-5.4744399e-05 0.046819156 -3.2370515e-05)
(6.0153685e-05 0.046879931 -3.2382804e-05)
(-3.2147495e-05 0.046754788 -3.2357829e-05)
(4.9033864e-05 0.046956776 -3.2338807e-05)
(0.00021216818 0.046599388 -3.2114603e-05)
(0.000249989 -0.050480946 3.2903519e-05)
(5.9570709e-05 -0.050836932 3.3158811e-05)
(-4.1344116e-05 -0.05064149 3.3189173e-05)
(6.9141477e-05 -0.050764037 3.3215271e-05)
(-6.3451285e-05 -0.050704356 3.3202465e-05)
(6.345132e-05 -0.050704356 3.3202456e-05)
(-6.9141489e-05 -0.050764037 3.321527e-05)
(4.1344144e-05 -0.05064149 3.3189171e-05)
(-5.9570712e-05 -0.050836932 3.3158812e-05)
(-0.00024998898 -0.050480946 3.2903522e-05)
(-0.00024426484 0.050749304 -3.3698408e-05)
(-5.8002263e-05 0.051149912 -3.3898121e-05)
(3.9325429e-05 0.050926809 -3.3969289e-05)
(-6.7990616e-05 0.051059524 -3.3969623e-05)
(6.2060562e-05 0.05099496 -3.3969851e-05)
(-6.2060604e-05 0.05099496 -3.3969841e-05)
(6.7990621e-05 0.051059524 -3.3969622e-05)
(-3.9325473e-05 0.050926809 -3.3969287e-05)
(5.8002256e-05 0.051149911 -3.3898123e-05)
(0.00024426482 0.050749304 -3.3698413e-05)
(0.00028684881 -0.05472118 3.4497263e-05)
(7.0402057e-05 -0.055104445 3.4733346e-05)
(-5.0210169e-05 -0.054902417 3.4815379e-05)
(7.7605899e-05 -0.055023259 3.481883e-05)
(-7.1352419e-05 -0.054964196 3.4817606e-05)
(7.1352459e-05 -0.054964196 3.4817595e-05)
(-7.7605911e-05 -0.055023259 3.4818829e-05)
(5.0210201e-05 -0.054902417 3.4815376e-05)
(-7.0402059e-05 -0.055104445 3.4733348e-05)
(-0.00028684879 -0.05472118 3.4497268e-05)
(-0.00027964717 0.055100844 -3.5009676e-05)
(-6.8483719e-05 0.05553418 -3.5273634e-05)
(4.7614477e-05 0.055302101 -3.5317299e-05)
(-7.6225234e-05 0.055432857 -3.5343139e-05)
(6.9779885e-05 0.055369018 -3.53304e-05)
(-6.9779931e-05 0.055369018 -3.5330387e-05)
(7.622524e-05 0.055432857 -3.5343138e-05)
(-4.7614524e-05 0.055302101 -3.5317295e-05)
(6.8483711e-05 0.05553418 -3.5273636e-05)
(0.00027964715 0.055100844 -3.5009681e-05)
(0.00032768436 -0.059176602 3.5819325e-05)
(8.3091024e-05 -0.059612267 3.6115639e-05)
(-6.0504526e-05 -0.059383403 3.6178416e-05)
(8.647974e-05 -0.059514294 3.6204919e-05)
(-7.9671432e-05 -0.059450244 3.6191929e-05)
(7.9671475e-05 -0.059450244 3.6191914e-05)
(-8.6479753e-05 -0.059514294 3.6204917e-05)
(6.0504561e-05 -0.059383403 3.6178412e-05)
(-8.3091027e-05 -0.059612267 3.6115641e-05)
(-0.00032768434 -0.059176602 3.5819331e-05)
(-0.0003207878 0.059669899 -3.660441e-05)
(-8.0897431e-05 0.060162163 -3.6927024e-05)
(5.7837513e-05 0.059900289 -3.6956047e-05)
(-8.5352525e-05 0.060040874 -3.7002288e-05)
(7.8357668e-05 0.059972141 -3.6979962e-05)
(-7.8357717e-05 0.059972141 -3.6979945e-05)
(8.5352532e-05 0.060040874 -3.7002286e-05)
(-5.7837561e-05 0.059900289 -3.6956042e-05)
(8.0897425e-05 0.060162163 -3.6927027e-05)
(0.00032078777 0.059669899 -3.6604418e-05)
(0.00037512701 -0.063887031 3.7356515e-05)
(9.8137092e-05 -0.064381532 3.7711578e-05)
(-7.3144138e-05 -0.064123054 3.776422e-05)
(9.6269411e-05 -0.064263973 3.7811052e-05)
(-8.8873886e-05 -0.064194923 3.7788467e-05)
(8.8873933e-05 -0.064194923 3.7788448e-05)
(-9.6269427e-05 -0.064263973 3.7811049e-05)
(7.3144175e-05 -0.064123054 3.7764215e-05)
(-9.8137097e-05 -0.064381532 3.7711581e-05)
(-0.00037512699 -0.063887031 3.7356524e-05)
(-0.00036844284 0.064496544 -3.8371295e-05)
(-9.5621047e-05 0.065055089 -3.8720565e-05)
(7.0318365e-05 0.064760301 -3.8768656e-05)
(-9.5426177e-05 0.06491051 -3.8816405e-05)
(8.7850345e-05 0.064836958 -3.8793365e-05)
(-8.7850395e-05 0.064836958 -3.8793344e-05)
(9.5426187e-05 0.064910509 -3.8816402e-05)
(-7.0318415e-05 0.064760301 -3.8768651e-05)
(9.5621044e-05 0.065055089 -3.8720569e-05)
(0.00036844282 0.064496544 -3.8371305e-05)
(0.00043014707 -0.068849016 3.9055772e-05)
(0.00011600812 -0.069409786 3.9444138e-05)
(-8.8557347e-05 -0.069118523 3.9515286e-05)
(0.00010702295 -0.069269302 3.9567662e-05)
(-9.9011491e-05 -0.069195312 3.9542436e-05)
(9.9011538e-05 -0.069195312 3.9542412e-05)
(-0.00010702296 -0.069269302 3.9567659e-05)
(8.8557383e-05 -0.069118523 3.951528e-05)
(-0.00011600812 -0.069409786 3.9444142e-05)
(-0.00043014705 -0.068849016 3.9055783e-05)
(-0.00042357221 0.069577515 -4.0090841e-05)
(-0.00011312376 0.070210862 -4.0466924e-05)
(8.5542482e-05 0.069879588 -4.0539443e-05)
(-0.00010650272 0.070039022 -4.0588948e-05)
(9.8315974e-05 0.069960825 -4.0565039e-05)
(-9.8316025e-05 0.069960825 -4.0565014e-05)
(0.00010650274 0.070039022 -4.0588945e-05)
(-8.5542532e-05 0.069879588 -4.0539438e-05)
(0.00011312377 0.070210862 -4.0466929e-05)
(0.00042357218 0.069577515 -4.0090852e-05)
(0.00049390286 -0.074070512 4.074288e-05)
(0.00013728488 -0.074705845 4.1162626e-05)
(-0.00010732779 -0.074378428 4.1260473e-05)
(0.00011878026 -0.074538599 4.1317612e-05)
(-0.00011012683 -0.074459881 4.1290078e-05)
(0.00011012688 -0.074459881 4.1290052e-05)
(-0.00011878027 -0.074538599 4.1317609e-05)
(0.00010732782 -0.074378428 4.1260467e-05)
(-0.00013728489 -0.074705844 4.116263e-05)
(-0.00049390284 -0.074070511 4.0742892e-05)
(-0.00048731566 0.074920416 -4.1721461e-05)
(-0.00013394673 0.075638141 -4.2123162e-05)
(0.00010404718 0.075266557 -4.2227308e-05)
(-0.00011862126 0.075434452 -4.2278604e-05)
(0.00010979822 0.075351966 -4.22538e-05)
(-0.00010979827 0.075351966 -4.2253771e-05)
(0.00011862127 0.075434452 -4.2278601e-05)
(-0.00010404723 0.075266557 -4.2227302e-05)
(0.00013394674 0.075638141 -4.2123167e-05)
(0.00048731563 0.074920416 -4.1721473e-05)
(0.0005677641 -0.079547047 4.2325239e-05)
(0.00016265526 -0.080266537 4.2774291e-05)
(-0.00013013206 -0.079899102 4.2907373e-05)
(0.00013156482 -0.080067998 4.2969733e-05)
(-0.00012224866 -0.079984868 4.2939638e-05)
(0.0001222487 -0.079984869 4.293961e-05)
(-0.00013156484 -0.080067998 4.2969729e-05)
(0.00013013209 -0.079899102 4.2907365e-05)
(-0.00016265528 -0.080266536 4.2774295e-05)
(-0.00056776407 -0.079547046 4.2325251e-05)
(-0.00056138632 0.08052085 -4.3858481e-05)
(-0.00015876615 0.081334049 -4.4289138e-05)
(0.0001264987 0.080917798 -4.443227e-05)
(-0.00013181609 0.081093067 -4.4486236e-05)
(0.00012233331 0.081006815 -4.4460116e-05)
(-0.00012233335 0.081006815 -4.4460084e-05)
(0.0001318161 0.081093066 -4.4486231e-05)
(-0.00012649874 0.080917798 -4.4432261e-05)
(0.00015876617 0.081334048 -4.4289144e-05)
(0.00056138629 0.080520849 -4.3858495e-05)
(0.00064747429 -0.08528051 3.1939396e-05)
(0.00019297144 -0.08609465 3.2329166e-05)
(-0.00015780628 -0.085683281 3.2526658e-05)
(0.00014538672 -0.085859755 3.258705e-05)
(-0.00013539038 -0.085772775 3.2557947e-05)
(0.00013539042 -0.085772775 3.2557907e-05)
(-0.00014538674 -0.085859755 3.2587042e-05)
(0.00015780631 -0.085683281 3.2526652e-05)
(-0.00019297147 -0.08609465 3.2329173e-05)
(-0.00064747426 -0.085280509 3.1939414e-05)
(-0.00073619808 0.086380648 -0.00022356481)
(-0.00018840709 0.087300984 -0.0002255446)
(0.00015361766 0.086835802 -0.00022526877)
(-0.0001460238 0.087016941 -0.00022549913)
(0.00013586726 0.086927657 -0.00022538616)
(-0.00013586729 0.086927657 -0.00022538618)
(0.00014602381 0.087016941 -0.00022549914)
(-0.0001536177 0.086835802 -0.00022526876)
(0.00018840712 0.087300983 -0.0002255446)
(0.00073619803 0.086380647 -0.0002235648)
(-0.00026272928 -0.091249391 -0.0019703075)
(0.00022682783 -0.09219812 -0.0019875876)
(-0.00019004315 -0.091724472 -0.0019806142)
(0.00015971775 -0.091906864 -0.0019832698)
(-0.00014904608 -0.091816853 -0.0019819622)
(0.0001490461 -0.091816853 -0.0019819622)
(-0.00015971775 -0.091906863 -0.0019832698)
(0.00019004319 -0.091724472 -0.0019806142)
(-0.00022682787 -0.092198119 -0.0019875876)
(0.00026272933 -0.091249391 -0.0019703075)
(-3.1230813e-06 -0.00038840805 6.3243583e-06)
(-5.7911156e-07 -0.00038840495 6.3316996e-06)
(-1.2424621e-07 -0.0003884125 6.3316543e-06)
(1.8657039e-07 -0.0003884043 6.3317366e-06)
(-3.1301911e-07 -0.00038840791 6.3317034e-06)
(3.1301784e-07 -0.00038840791 6.3317035e-06)
(-1.8657295e-07 -0.0003884043 6.3317365e-06)
(1.2424203e-07 -0.0003884125 6.3316541e-06)
(5.7910503e-07 -0.00038840495 6.3316995e-06)
(3.1230806e-06 -0.00038840805 6.3243582e-06)
(-5.3389948e-06 -0.00081036639 1.0803914e-05)
(-1.2415326e-06 -0.0008105216 1.0819256e-05)
(-2.6824885e-07 -0.00081046427 1.0819268e-05)
(3.8816257e-07 -0.0008104504 1.081927e-05)
(-6.5969563e-07 -0.00081045417 1.0819273e-05)
(6.5969377e-07 -0.00081045417 1.0819273e-05)
(-3.8816809e-07 -0.0008104504 1.0819269e-05)
(2.6824357e-07 -0.00081046427 1.0819268e-05)
(1.2415237e-06 -0.0008105216 1.0819256e-05)
(5.338994e-06 -0.00081036639 1.0803914e-05)
(-3.3324386e-06 -0.00088399839 6.8023275e-06)
(-1.5787261e-06 -0.00088426495 6.8157429e-06)
(-3.4579293e-07 -0.00088419327 6.8157478e-06)
(4.8097864e-07 -0.00088413507 6.8157438e-06)
(-8.3053266e-07 -0.00088415539 6.81575e-06)
(8.305316e-07 -0.00088415539 6.81575e-06)
(-4.809852e-07 -0.00088413507 6.8157438e-06)
(3.4578824e-07 -0.00088419327 6.8157478e-06)
(1.5787168e-06 -0.00088426495 6.8157425e-06)
(3.3324381e-06 -0.00088399839 6.8023272e-06)
(-1.5828073e-06 -0.00091889837 3.3279941e-06)
(-1.7220244e-06 -0.00091924988 3.3363788e-06)
(-3.8340203e-07 -0.00091916631 3.3364365e-06)
(5.1920258e-07 -0.00091909433 3.3363945e-06)
(-9.0650095e-07 -0.00091911684 3.3364182e-06)
(9.0649917e-07 -0.00091911684 3.3364182e-06)
(-5.1920791e-07 -0.00091909433 3.3363944e-06)
(3.8339663e-07 -0.00091916631 3.3364364e-06)
(1.722016e-06 -0.00091924988 3.3363785e-06)
(1.5828059e-06 -0.00091889837 3.327994e-06)
(-5.8588534e-07 -0.00090464504 1.3706887e-06)
(-1.7662147e-06 -0.00090500931 1.3751058e-06)
(-3.987545e-07 -0.00090496956 1.375105e-06)
(5.3289951e-07 -0.00090483869 1.3751082e-06)
(-9.3670217e-07 -0.00090488375 1.3751114e-06)
(9.3670008e-07 -0.00090488375 1.3751113e-06)
(-5.3290414e-07 -0.00090483869 1.3751081e-06)
(3.987483e-07 -0.00090496956 1.375105e-06)
(1.7662066e-06 -0.00090500931 1.3751055e-06)
(5.858833e-07 -0.00090464504 1.3706886e-06)
(-1.3692464e-07 -0.00091967469 5.3148887e-07)
(-1.7618223e-06 -0.0009200997 5.3343667e-07)
(-4.0391343e-07 -0.0009200599 5.3351176e-07)
(5.3884387e-07 -0.00091992528 5.3344664e-07)
(-9.4874215e-07 -0.00091996778 5.3348101e-07)
(9.4874007e-07 -0.00091996778 5.3348107e-07)
(-5.3884835e-07 -0.00091992528 5.3344672e-07)
(4.0390667e-07 -0.0009200599 5.3351174e-07)
(1.7618141e-06 -0.0009200997 5.3343633e-07)
(1.3692229e-07 -0.00091967469 5.3148875e-07)
(7.2272234e-08 -0.00090551201 1.7115255e-07)
(-1.7390684e-06 -0.00090590062 1.7208298e-07)
(-4.041258e-07 -0.000905936 1.7205568e-07)
(5.4049413e-07 -0.00090572363 1.7208221e-07)
(-9.5228509e-07 -0.00090579742 1.7207477e-07)
(9.5228243e-07 -0.00090579742 1.7207466e-07)
(-5.4049794e-07 -0.00090572363 1.7208208e-07)
(4.0411899e-07 -0.000905936 1.7205568e-07)
(1.7390593e-06 -0.00090590062 1.7208278e-07)
(-7.2274302e-08 -0.00090551201 1.7115245e-07)
(1.6720078e-07 -0.00091973609 5.6056542e-08)
(-1.7071052e-06 -0.00092021 5.6307084e-08)
(-4.0290288e-07 -0.00092022529 5.6414233e-08)
(5.4377631e-07 -0.00092003265 5.6315215e-08)
(-9.5531034e-07 -0.00092009333 5.6365231e-08)
(9.5530741e-07 -0.00092009333 5.6365049e-08)
(-5.4377981e-07 -0.00092003265 5.6315212e-08)
(4.0289541e-07 -0.00092022529 5.6414227e-08)
(1.707097e-06 -0.00092021 5.6306826e-08)
(-1.6720348e-07 -0.00091973609 5.605644e-08)
(2.1665154e-07 -0.00090454949 1.7984105e-08)
(-1.6747807e-06 -0.00090493682 1.8248936e-08)
(-4.0066723e-07 -0.00090506378 1.817852e-08)
(5.4412767e-07 -0.00090476079 1.8247364e-08)
(-9.5516726e-07 -0.00090486795 1.8220824e-08)
(9.5516424e-07 -0.00090486795 1.8220463e-08)
(-5.4413105e-07 -0.00090476079 1.8247171e-08)
(4.0065945e-07 -0.00090506378 1.8178423e-08)
(1.6747729e-06 -0.00090493682 1.8248769e-08)
(-2.1665442e-07 -0.00090454949 1.7983894e-08)
(2.7010213e-07 -0.00092152409 -5.2762441e-09)
(-1.6391155e-06 -0.00092205176 -5.4351717e-09)
(-3.9862905e-07 -0.00092211561 -5.270864e-09)
(5.4895743e-07 -0.00092187476 -5.4258895e-09)
(-9.5850326e-07 -0.00092194969 -5.3503208e-09)
(9.5850017e-07 -0.00092194969 -5.3505297e-09)
(-5.4896082e-07 -0.00092187476 -5.4259981e-09)
(3.9862127e-07 -0.00092211561 -5.270719e-09)
(1.6391077e-06 -0.00092205176 -5.4351113e-09)
(-2.7010497e-07 -0.00092152409 -5.2764099e-09)
(2.8785457e-07 -0.00090161275 1.4857649e-08)
(-1.6067819e-06 -0.0009019755 1.5025918e-08)
(-3.9604075e-07 -0.00090221069 1.4882826e-08)
(5.4839051e-07 -0.00090180303 1.5022771e-08)
(-9.5714713e-07 -0.00090195059 1.4963526e-08)
(9.5714401e-07 -0.00090195059 1.4963211e-08)
(-5.4839396e-07 -0.00090180304 1.5022664e-08)
(3.9603309e-07 -0.00090221069 1.4882925e-08)
(1.6067741e-06 -0.0009019755 1.5026161e-08)
(-2.8785749e-07 -0.00090161275 1.4857557e-08)
(3.5425579e-07 -0.00092563498 -2.2562512e-08)
(-1.5700516e-06 -0.00092623333 -2.2997882e-08)
(-3.9400833e-07 -0.00092633037 -2.273728e-08)
(5.5598624e-07 -0.00092605797 -2.2985803e-08)
(-9.6254643e-07 -0.0009261401 -2.2867595e-08)
(9.6254333e-07 -0.0009261401 -2.2867758e-08)
(-5.5598985e-07 -0.00092605797 -2.298581e-08)
(3.9400096e-07 -0.00092633038 -2.2737281e-08)
(1.5700439e-06 -0.00092623333 -2.2997506e-08)
(-3.54259e-07 -0.00092563498 -2.2562445e-08)
(3.4976273e-07 -0.00089588861 3.0433731e-08)
(-1.5392953e-06 -0.00089619321 3.0625463e-08)
(-3.9123532e-07 -0.00089656166 3.0360661e-08)
(5.5334962e-07 -0.00089602682 3.0619032e-08)
(-9.5922705e-07 -0.00089622568 3.0505586e-08)
(9.5922397e-07 -0.00089622568 3.050534e-08)
(-5.5335354e-07 -0.00089602682 3.0619049e-08)
(3.9122843e-07 -0.00089656166 3.0360604e-08)
(1.5392868e-06 -0.00089619321 3.0625665e-08)
(-3.4976537e-07 -0.00089588861 3.0433728e-08)
(4.4379432e-07 -0.00093315134 -4.2693548e-08)
(-1.5009772e-06 -0.00093385089 -4.347147e-08)
(-3.8940673e-07 -0.00093395477 -4.3053485e-08)
(5.6538249e-07 -0.00093367792 -4.3454272e-08)
(-9.6816643e-07 -0.0009337554 -4.326631e-08)
(9.6816331e-07 -0.0009337554 -4.3266421e-08)
(-5.653858e-07 -0.00093367792 -4.3454223e-08)
(3.8939839e-07 -0.00093395477 -4.30535e-08)
(1.5009705e-06 -0.00093385088 -4.3471621e-08)
(-4.4379784e-07 -0.00093315133 -4.2693749e-08)
(4.0593892e-07 -0.00088598706 5.5326044e-08)
(-1.4728736e-06 -0.00088618304 5.5641684e-08)
(-3.8634756e-07 -0.00088672333 5.5179326e-08)
(5.5857354e-07 -0.00088602586 5.5628918e-08)
(-9.6112492e-07 -0.00088629292 5.5427652e-08)
(9.611218e-07 -0.00088629292 5.542762e-08)
(-5.5857623e-07 -0.00088602586 5.5628806e-08)
(3.8633753e-07 -0.00088672333 5.5179318e-08)
(1.4728686e-06 -0.00088618304 5.5641639e-08)
(-4.0594306e-07 -0.00088598706 5.5325965e-08)
(5.4421733e-07 -0.00094581725 -7.3305625e-08)
(-1.4317028e-06 -0.00094666814 -7.454808e-08)
(-3.8494368e-07 -0.00094673643 -7.388016e-08)
(5.7786541e-07 -0.00094649772 -7.4521855e-08)
(-9.7600183e-07 -0.0009465516 -7.4223446e-08)
(9.7599872e-07 -0.0009465516 -7.4223651e-08)
(-5.7786847e-07 -0.00094649772 -7.4521906e-08)
(3.8493493e-07 -0.00094673643 -7.38803e-08)
(1.4316967e-06 -0.00094666814 -7.4548335e-08)
(-5.442213e-07 -0.00094581725 -7.330583e-08)
(4.5264866e-07 -0.00086976003 9.3554832e-08)
(-1.4078723e-06 -0.00086977275 9.413629e-08)
(-3.8137439e-07 -0.00087054304 9.3365546e-08)
(5.6330808e-07 -0.00086962897 9.4112252e-08)
(-9.6221669e-07 -0.00086998964 9.3774869e-08)
(9.6221358e-07 -0.00086998964 9.3774787e-08)
(-5.6331139e-07 -0.00086962897 9.4112565e-08)
(3.8136657e-07 -0.00087054304 9.336565e-08)
(1.407864e-06 -0.00086977275 9.4136265e-08)
(-4.5265109e-07 -0.00086976003 9.3554788e-08)
(6.6106352e-07 -0.00096623821 -1.2021367e-07)
(-1.3618074e-06 -0.00096731795 -1.2209516e-07)
(-3.8075986e-07 -0.00096728569 -1.2104653e-07)
(5.9454288e-07 -0.00096714922 -1.2205517e-07)
(-9.8700683e-07 -0.00096715063 -1.215885e-07)
(9.8700372e-07 -0.00096715063 -1.2158858e-07)
(-5.9454623e-07 -0.00096714922 -1.2205525e-07)
(3.8075129e-07 -0.00096728569 -1.2104664e-07)
(1.3617999e-06 -0.00096731795 -1.2209531e-07)
(-6.6106592e-07 -0.00096623821 -1.2021394e-07)
(4.8392764e-07 -0.00084409398 1.5151532e-07)
(-1.3447816e-06 -0.00084381641 1.5255989e-07)
(-3.7628314e-07 -0.00084490116 1.5132818e-07)
(5.6634301e-07 -0.00084369172 1.5251773e-07)
(-9.6148464e-07 -0.00084418287 1.5197691e-07)
(9.6148156e-07 -0.00084418287 1.5197689e-07)
(-5.6634642e-07 -0.00084369172 1.52518e-07)
(3.7627325e-07 -0.00084490116 1.5132821e-07)
(1.3447767e-06 -0.00084381641 1.5255982e-07)
(-4.8393134e-07 -0.00084409398 1.5151512e-07)
(8.0188701e-07 -0.00099808306 -1.9066397e-07)
(-1.2906492e-06 -0.00099950467 -1.9341719e-07)
(-3.7706256e-07 -0.00099927778 -1.9181432e-07)
(6.170748e-07 -0.00099933533 -1.9335469e-07)
(-1.0026088e-06 -0.00099924261 -1.9264361e-07)
(1.0026058e-06 -0.00099924261 -1.9264374e-07)
(-6.1707821e-07 -0.00099933533 -1.9335472e-07)
(3.7705329e-07 -0.00099927778 -1.9181473e-07)
(1.2906433e-06 -0.00099950467 -1.9341717e-07)
(-8.018903e-07 -0.00099808306 -1.9066408e-07)
(4.9156577e-07 -0.00080472953 2.3720309e-07)
(-1.2843182e-06 -0.00080401439 2.3896537e-07)
(-3.7097867e-07 -0.00080553061 2.3707982e-07)
(5.6583342e-07 -0.00080391662 2.3889648e-07)
(-9.5737038e-07 -0.00080458922 2.380673e-07)
(9.573673e-07 -0.00080458922 2.3806729e-07)
(-5.6583681e-07 -0.00080391663 2.3889661e-07)
(3.7096903e-07 -0.00080553061 2.3707961e-07)
(1.2843131e-06 -0.00080401439 2.3896528e-07)
(-4.9156943e-07 -0.00080472953 2.3720306e-07)
(9.7667574e-07 -0.0010462248 -2.9330598e-07)
(-1.2173224e-06 -0.0010481437 -2.9721855e-07)
(-3.7414612e-07 -0.0010475937 -2.9485223e-07)
(6.4785337e-07 -0.0010479693 -2.9712284e-07)
(-1.0248656e-06 -0.0010477258 -2.9607537e-07)
(1.0248626e-06 -0.0010477258 -2.9607548e-07)
(-6.4785686e-07 -0.0010479693 -2.9712256e-07)
(3.7413672e-07 -0.0010475937 -2.9485218e-07)
(1.2173172e-06 -0.0010481437 -2.9721855e-07)
(-9.7667952e-07 -0.0010462248 -2.9330594e-07)
(4.6490777e-07 -0.00074617738 3.5975881e-07)
(-1.2274769e-06 -0.00074483171 3.6254165e-07)
(-3.6527998e-07 -0.00074693283 3.597801e-07)
(5.5912606e-07 -0.00074477156 3.6243309e-07)
(-9.476215e-07 -0.00074569219 3.6121872e-07)
(9.4761837e-07 -0.00074569219 3.6121865e-07)
(-5.5912946e-07 -0.00074477156 3.6243348e-07)
(3.6527155e-07 -0.00074693283 3.5978045e-07)
(1.2274702e-06 -0.00074483171 3.6254174e-07)
(-4.6491084e-07 -0.00074617738 3.5975892e-07)
(1.1979389e-06 -0.0011167536 -4.3755934e-07)
(-1.1405697e-06 -0.0011193711 -4.4295837e-07)
(-3.7243687e-07 -0.001118333 -4.3960073e-07)
(6.9015998e-07 -0.0011191842 -4.4281657e-07)
(-1.0566098e-06 -0.0011187177 -4.4133305e-07)
(1.0566067e-06 -0.0011187177 -4.4133298e-07)
(-6.9016345e-07 -0.0011191842 -4.428167e-07)
(3.7242876e-07 -0.001118333 -4.3960069e-07)
(1.1405622e-06 -0.0011193711 -4.4295832e-07)
(-1.1979417e-06 -0.0011167536 -4.3755927e-07)
(3.9089431e-07 -0.00066178535 5.2863963e-07)
(-1.1755936e-06 -0.00065956899 5.3277492e-07)
(-3.5888256e-07 -0.00066244488 5.2890792e-07)
(5.4261852e-07 -0.00065956076 5.3261135e-07)
(-9.2916332e-07 -0.00066081146 5.3091101e-07)
(9.2916014e-07 -0.00066081146 5.3091108e-07)
(-5.4262189e-07 -0.00065956076 5.3261105e-07)
(3.588745e-07 -0.00066244489 5.2890788e-07)
(1.175586e-06 -0.00065956899 5.3277501e-07)
(-3.9089685e-07 -0.00066178535 5.2863992e-07)
(1.48057e-06 -0.0012168287 -6.3265922e-07)
(-1.0587303e-06 -0.0012203917 -6.3989308e-07)
(-3.7253466e-07 -0.001218666 -6.3532002e-07)
(7.482864e-07 -0.0012201812 -6.3968844e-07)
(-1.1015572e-06 -0.0012194048 -6.3767133e-07)
(1.1015541e-06 -0.0012194048 -6.3767109e-07)
(-7.4828982e-07 -0.0012201812 -6.3968838e-07)
(3.7252639e-07 -0.001218666 -6.3531992e-07)
(1.0587223e-06 -0.0012203917 -6.3989283e-07)
(-1.480572e-06 -0.0012168287 -6.3265906e-07)
(2.5428826e-07 -0.00054395872 7.5262131e-07)
(-1.1304201e-06 -0.0005405861 7.584452e-07)
(-3.5130765e-07 -0.00054445957 7.5326099e-07)
(5.1167755e-07 -0.00054064872 7.582092e-07)
(-8.9801625e-07 -0.00054232502 7.5593137e-07)
(8.9801301e-07 -0.00054232502 7.5593153e-07)
(-5.1168093e-07 -0.00054064872 7.5820926e-07)
(3.512989e-07 -0.00054445957 7.53261e-07)
(1.1304131e-06 -0.0005405861 7.5844521e-07)
(-2.5429051e-07 -0.00054395871 7.5262138e-07)
(1.8416196e-06 -0.0013544023 -8.8671156e-07)
(-9.696517e-07 -0.0013591988 -8.9612211e-07)
(-3.752731e-07 -0.0013565572 -8.9013973e-07)
(8.2758282e-07 -0.0013589496 -8.9583709e-07)
(-1.1643642e-06 -0.0013577643 -8.9320227e-07)
(1.1643612e-06 -0.0013577643 -8.9320205e-07)
(-8.2758636e-07 -0.0013589496 -8.9583713e-07)
(3.7526496e-07 -0.0013565572 -8.9013975e-07)
(9.6964461e-07 -0.0013591988 -8.9612231e-07)
(-1.8416224e-06 -0.0013544023 -8.867117e-07)
(3.7903617e-08 -0.0003844726 1.0389846e-06)
(-1.0941875e-06 -0.00037961811 1.0468197e-06)
(-3.4185525e-07 -0.00038473827 1.040145e-06)
(4.6061584e-07 -0.00037977553 1.0464944e-06)
(-8.4926178e-07 -0.00038198339 1.0435635e-06)
(8.4925854e-07 -0.00038198339 1.0435637e-06)
(-4.606193e-07 -0.00037977553 1.0464944e-06)
(3.4184731e-07 -0.00038473827 1.0401448e-06)
(1.0941807e-06 -0.00037961811 1.0468195e-06)
(-3.790688e-08 -0.0003844726 1.0389844e-06)
(2.3001263e-06 -0.0015378925 -1.2060735e-06)
(-8.706258e-07 -0.0015442469 -1.2179836e-06)
(-3.8176929e-07 -0.0015404385 -1.210443e-06)
(9.3445954e-07 -0.0015439387 -1.217601e-06)
(-1.2506437e-06 -0.001542237 -1.2142836e-06)
(1.2506408e-06 -0.001542237 -1.2142836e-06)
(-9.3446315e-07 -0.0015439387 -1.2176011e-06)
(3.817614e-07 -0.0015404385 -1.2104432e-06)
(8.7061846e-07 -0.0015442469 -1.2179832e-06)
(-2.3001292e-06 -0.0015378925 -1.2060731e-06)
(-2.7731412e-07 -0.00017479168 1.3931247e-06)
(-1.069686e-06 -0.00016809478 1.4032706e-06)
(-3.2954962e-07 -0.00017473029 1.3949817e-06)
(3.8270856e-07 -0.00016837659 1.4028397e-06)
(-7.7704072e-07 -0.00017122913 1.3992018e-06)
(7.7703748e-07 -0.00017122912 1.3992019e-06)
(-3.8271194e-07 -0.00016837659 1.4028395e-06)
(3.295418e-07 -0.00017473029 1.394982e-06)
(1.0696786e-06 -0.00016809478 1.4032712e-06)
(2.7731122e-07 -0.00017479168 1.3931248e-06)
(2.8771547e-06 -0.0017758879 -1.5951883e-06)
(-7.5829677e-07 -0.0017841553 -1.6098984e-06)
(-3.9348567e-07 -0.001778914 -1.600702e-06)
(1.0763624e-06 -0.0017837627 -1.6094041e-06)
(-1.3669611e-06 -0.0017814316 -1.6053616e-06)
(1.3669583e-06 -0.0017814316 -1.6053615e-06)
(-1.0763661e-06 -0.0017837627 -1.6094045e-06)
(3.9347793e-07 -0.001778914 -1.6007021e-06)
(7.5828917e-07 -0.0017841553 -1.609898e-06)
(-2.8771573e-06 -0.0017758879 -1.5951879e-06)
(-7.1241551e-07 9.3669029e-05 1.8185879e-06)
(-1.0603505e-06 0.00010259954 1.8313216e-06)
(-3.1307741e-07 9.416631e-05 1.8213458e-06)
(2.7022432e-07 0.0001021576 1.8307703e-06)
(-6.7456455e-07 9.8542954e-05 1.8263931e-06)
(6.7456128e-07 9.8542957e-05 1.8263932e-06)
(-2.7022779e-07 0.00010215759 1.8307697e-06)
(3.1306957e-07 9.4166311e-05 1.8213452e-06)
(1.0603432e-06 0.00010259954 1.8313212e-06)
(7.1241285e-07 9.3669029e-05 1.8185878e-06)
(3.5960205e-06 -0.0020769274 -2.0567781e-06)
(-6.2855841e-07 -0.0020874905 -2.0745697e-06)
(-4.1229834e-07 -0.0020805394 -2.0636684e-06)
(1.2617485e-06 -0.0020869822 -2.0739536e-06)
(-1.5208288e-06 -0.0020839056 -2.0691623e-06)
(1.5208261e-06 -0.0020839056 -2.0691624e-06)
(-1.2617524e-06 -0.0020869822 -2.0739534e-06)
(4.1229067e-07 -0.0020805394 -2.0636684e-06)
(6.2855067e-07 -0.0020874905 -2.0745694e-06)
(-3.596023e-06 -0.0020769274 -2.0567778e-06)
(-1.2907296e-06 0.00042936591 2.3173658e-06)
(-1.0703544e-06 0.00044094927 2.3329474e-06)
(-2.9072602e-07 0.00043042653 2.321255e-06)
(1.1444259e-07 0.00044030474 2.3322667e-06)
(-5.3411538e-07 0.00043580848 2.3271358e-06)
(5.3411206e-07 0.00043580848 2.327136e-06)
(-1.1444593e-07 0.00044030474 2.3322665e-06)
(2.9071809e-07 0.00043042653 2.3212541e-06)
(1.0703464e-06 0.00044094926 2.3329469e-06)
(1.2907277e-06 0.00042936591 2.3173657e-06)
(4.4826505e-06 -0.0024493612 -2.5921963e-06)
(-4.7645551e-07 -0.0024626281 -2.6133388e-06)
(-4.4057205e-07 -0.0024536834 -2.6007261e-06)
(1.5000757e-06 -0.0024619667 -2.6125939e-06)
(-1.7207089e-06 -0.0024580271 -2.6070495e-06)
(1.7207062e-06 -0.0024580271 -2.6070496e-06)
(-1.5000796e-06 -0.0024619667 -2.6125942e-06)
(4.4056443e-07 -0.0024536834 -2.6007267e-06)
(4.7644779e-07 -0.0024626281 -2.6133385e-06)
(-4.482653e-06 -0.0024493612 -2.5921963e-06)
(-2.0382346e-06 0.00084052311 2.8902699e-06)
(-1.104702e-06 0.00085520557 2.9089503e-06)
(-2.6031697e-07 0.00084229475 2.895551e-06)
(-9.4350261e-08 0.00085430875 2.908136e-06)
(-3.4702924e-07 0.00084881076 2.9022525e-06)
(3.4702587e-07 0.00084881076 2.9022528e-06)
(9.4346971e-08 0.00085430875 2.9081361e-06)
(2.60309e-07 0.00084229475 2.8955508e-06)
(1.104695e-06 0.00085520557 2.9089499e-06)
(2.0382319e-06 0.00084052312 2.8902695e-06)
(5.5659843e-06 -0.0029012777 -3.2017922e-06)
(-2.9606459e-07 -0.0029176816 -3.2265504e-06)
(-4.8124673e-07 -0.0029064543 -3.2122585e-06)
(1.8018082e-06 -0.0029168229 -3.2256781e-06)
(-1.9760313e-06 -0.0029119029 -3.2193891e-06)
(1.9760287e-06 -0.002911903 -3.2193892e-06)
(-1.8018122e-06 -0.0029168229 -3.2256785e-06)
(4.8123917e-07 -0.0029064543 -3.2122586e-06)
(2.9605703e-07 -0.0029176816 -3.2265502e-06)
(-5.565987e-06 -0.0029012777 -3.2017923e-06)
(-2.983949e-06 0.001335084 3.5372635e-06)
(-1.1693524e-06 0.0013533392 3.5592932e-06)
(-2.1911474e-07 0.0013377362 3.5442303e-06)
(-3.6686704e-07 0.0013521324 3.5583472e-06)
(-1.0368069e-07 0.0013455129 3.5517247e-06)
(1.0367717e-07 0.0013455129 3.5517246e-06)
(3.6686391e-07 0.0013521324 3.5583471e-06)
(2.1910669e-07 0.0013377362 3.5442303e-06)
(1.1693455e-06 0.0013533392 3.5592931e-06)
(2.9839462e-06 0.001335084 3.5372632e-06)
(6.8783995e-06 -0.0034404742 -3.8852044e-06)
(-8.036827e-08 -0.0034604741 -3.9138466e-06)
(-5.3793976e-07 -0.0034466712 -3.8979386e-06)
(2.178437e-06 -0.0034593665 -3.9128547e-06)
(-2.297219e-06 -0.0034533494 -3.9058417e-06)
(2.2972165e-06 -0.0034533494 -3.9058419e-06)
(-2.1784412e-06 -0.0034593665 -3.9128548e-06)
(5.3793238e-07 -0.0034466712 -3.8979388e-06)
(8.0360638e-08 -0.0034604741 -3.9138466e-06)
(-6.878402e-06 -0.0034404742 -3.8852043e-06)
(-4.160344e-06 0.0019206972 4.257716e-06)
(-1.2713295e-06 0.0019430278 4.2833509e-06)
(-1.6372625e-07 0.0019244234 4.266695e-06)
(-7.1484704e-07 0.0019414442 4.2822816e-06)
(2.0655135e-07 0.0019335847 4.274944e-06)
(-2.0655497e-07 0.0019335848 4.2749437e-06)
(7.1484412e-07 0.0019414442 4.2822814e-06)
(1.6371809e-07 0.0019244234 4.2666948e-06)
(1.2713227e-06 0.0019430278 4.2833505e-06)
(4.1603413e-06 0.0019206972 4.2577158e-06)
(8.4561429e-06 -0.0040744551 -4.6415694e-06)
(1.7888532e-07 -0.0040985377 -4.6743731e-06)
(-6.150683e-07 -0.0040818615 -4.6569408e-06)
(2.6425129e-06 -0.0040971211 -4.6732785e-06)
(-2.6957242e-06 -0.0040898913 -4.6655723e-06)
(2.6957219e-06 -0.0040898913 -4.6655724e-06)
(-2.6425174e-06 -0.0040971211 -4.673278e-06)
(6.150611e-07 -0.0040818615 -4.6569403e-06)
(-1.78893e-07 -0.0040985377 -4.6743729e-06)
(-8.4561452e-06 -0.0040744551 -4.6415691e-06)
(-5.6037526e-06 0.0026047232 5.0505695e-06)
(-1.4188561e-06 0.0026316633 5.080077e-06)
(-8.9980128e-08 0.0026097423 5.0619226e-06)
(-1.151093e-06 0.0026296261 5.0789006e-06)
(5.953244e-07 0.0026204094 5.0708793e-06)
(-5.9532803e-07 0.0026204094 5.0708793e-06)
(1.1510902e-06 0.0026296261 5.0789004e-06)
(8.9971834e-08 0.0026097423 5.0619226e-06)
(1.4188494e-06 0.0026316633 5.0800768e-06)
(5.6037498e-06 0.0026047232 5.0505693e-06)
(1.0339779e-05 -0.0048104441 -5.4696547e-06)
(4.9133735e-07 -0.0048391268 -5.5069106e-06)
(-7.1799504e-07 -0.0048192742 -5.4880726e-06)
(3.2076874e-06 -0.0048373314 -5.5057386e-06)
(-3.1840655e-06 -0.0048287745 -5.4973823e-06)
(3.1840633e-06 -0.0048287745 -5.4973822e-06)
(-3.207692e-06 -0.0048373314 -5.5057389e-06)
(7.1798796e-07 -0.0048192742 -5.4880729e-06)
(-4.9134516e-07 -0.0048391268 -5.5069108e-06)
(-1.0339781e-05 -0.0048104441 -5.4696549e-06)
(-7.354806e-06 0.0033942512 5.9144416e-06)
(-1.6214966e-06 0.0034263698 5.9481065e-06)
(7.2189302e-09 0.0034008102 5.9285687e-06)
(-1.6895162e-06 0.0034237906 5.9468489e-06)
(1.075382e-06 0.0034131013 5.9381819e-06)
(-1.0753859e-06 0.0034131013 5.938182e-06)
(1.6895137e-06 0.0034237906 5.9468492e-06)
(-7.2273828e-09 0.0034008103 5.9285692e-06)
(1.6214903e-06 0.0034263698 5.948107e-06)
(7.3548029e-06 0.0033942512 5.9144419e-06)
(1.2574669e-05 -0.0056554045 -6.3679401e-06)
(8.6819752e-07 -0.0056892391 -6.409952e-06)
(-8.5320128e-07 -0.0056658997 -6.3898637e-06)
(3.8887577e-06 -0.0056869839 -6.4087534e-06)
(-3.7758696e-06 -0.0056769867 -6.3997816e-06)
(3.7758674e-06 -0.0056769867 -6.3997816e-06)
(-3.8887626e-06 -0.0056869839 -6.4087543e-06)
(8.5319442e-07 -0.0056658997 -6.3898644e-06)
(-8.6820558e-07 -0.0056892391 -6.4099521e-06)
(-1.2574671e-05 -0.0056554045 -6.3679402e-06)
(-9.4589078e-06 0.0042961212 6.8476877e-06)
(-1.8903176e-06 0.0043340256 6.8858166e-06)
(1.3406561e-07 0.0043044984 6.865032e-06)
(-2.3451885e-06 0.0043308047 6.8845137e-06)
(1.6606116e-06 0.0043185268 6.8752457e-06)
(-1.6606158e-06 0.0043185268 6.8752456e-06)
(2.3451863e-06 0.0043308047 6.8845134e-06)
(-1.3407428e-07 0.0043044984 6.8650317e-06)
(1.8903104e-06 0.0043340256 6.8858174e-06)
(9.4589057e-06 0.0042961212 6.8476884e-06)
(1.5211465e-05 -0.0066160623 -7.3346571e-06)
(1.3224835e-06 -0.00665564 -7.3817774e-06)
(-1.0284051e-06 -0.0066284931 -7.3605696e-06)
(4.701628e-06 -0.0066528308 -7.3805909e-06)
(-4.4860275e-06 -0.0066412812 -7.3710477e-06)
(4.4860255e-06 -0.0066412812 -7.3710477e-06)
(-4.7016331e-06 -0.0066528308 -7.3805908e-06)
(1.0283985e-06 -0.0066284931 -7.3605697e-06)
(-1.3224918e-06 -0.00665564 -7.3817772e-06)
(-1.5211467e-05 -0.0066160623 -7.3346569e-06)
(-1.1966775e-05 0.0053169476 7.8484258e-06)
(-2.2380618e-06 0.0053612939 7.8913456e-06)
(2.9808172e-07 0.0053274502 7.8694802e-06)
(-3.1344143e-06 0.0053573121 7.8900493e-06)
(2.3660955e-06 0.005343331 7.8802319e-06)
(-2.3661001e-06 0.005343331 7.8802319e-06)
(3.1344125e-06 0.0053573121 7.8900493e-06)
(-2.9809075e-07 0.0053274502 7.8694801e-06)
(2.2380562e-06 0.0053612939 7.891346e-06)
(1.1966772e-05 0.0053169476 7.8484266e-06)
(1.8306932e-05 -0.00769893 -8.3678036e-06)
(1.8690341e-06 -0.0077448864 -8.4204035e-06)
(-1.2530767e-06 -0.0077135993 -8.3982483e-06)
(5.6636261e-06 -0.0077414137 -8.41929e-06)
(-5.3306637e-06 -0.0077282005 -8.4092287e-06)
(5.3306622e-06 -0.0077282006 -8.4092287e-06)
(-5.6636318e-06 -0.0077414137 -8.4192898e-06)
(1.2530705e-06 -0.0077135994 -8.3982483e-06)
(-1.8690424e-06 -0.0077448864 -8.4204039e-06)
(-1.8306934e-05 -0.00769893 -8.3678039e-06)
(-1.4935019e-05 0.0064631429 8.914538e-06)
(-2.6793836e-06 0.006514638 8.9626026e-06)
(5.0835396e-07 0.0064761149 8.9398482e-06)
(-4.0747762e-06 0.0065097584 8.9613832e-06)
(3.2081759e-06 0.0064939606 8.9510711e-06)
(-3.2081808e-06 0.0064939606 8.9510712e-06)
(4.0747748e-06 0.0065097584 8.9613832e-06)
(-5.0836328e-07 0.0064761149 8.9398483e-06)
(2.6793783e-06 0.006514638 8.9626032e-06)
(1.4935015e-05 0.0064631429 8.9145387e-06)
(2.1924473e-05 -0.0089103298 -9.4651348e-06)
(2.5249515e-06 -0.008963352 -9.5236119e-06)
(-1.538566e-06 -0.0089275764 -9.5007198e-06)
(6.7933886e-06 -0.0089590886 -9.5226576e-06)
(-6.3272119e-06 -0.0089441012 -9.5121353e-06)
(6.3272107e-06 -0.0089441013 -9.5121352e-06)
(-6.7933947e-06 -0.0089590886 -9.5226576e-06)
(1.5385599e-06 -0.0089275764 -9.5007196e-06)
(-2.5249596e-06 -0.008963352 -9.5236118e-06)
(-2.1924474e-05 -0.0089103298 -9.4651347e-06)
(-1.8426841e-05 0.0077409405 1.0043659e-05)
(-3.2311023e-06 0.0078003505 1.0097258e-05)
(7.7584431e-07 0.0077567656 1.0073826e-05)
(-5.1852041e-06 0.0077944147 1.0096201e-05)
(4.2045219e-06 0.0077766872 1.0085453e-05)
(-4.2045271e-06 0.0077766872 1.0085453e-05)
(5.185203e-06 0.0077944147 1.0096201e-05)
(-7.7585406e-07 0.0077567657 1.0073827e-05)
(3.2310984e-06 0.0078003505 1.0097258e-05)
(1.8426836e-05 0.0077409405 1.0043659e-05)
(2.6134965e-05 -0.010256416 -1.0624158e-05)
(3.3099009e-06 -0.01031725 -1.0688946e-05)
(-1.8984912e-06 -0.010276618 -1.0665556e-05)
(8.1109425e-06 -0.010312048 -1.068826e-05)
(-7.4944842e-06 -0.010295176 -1.0677337e-05)
(7.4944836e-06 -0.010295176 -1.0677337e-05)
(-8.1109492e-06 -0.010312048 -1.068826e-05)
(1.8984857e-06 -0.010276618 -1.0665556e-05)
(-3.3099109e-06 -0.01031725 -1.0688947e-05)
(-2.6134964e-05 -0.010256416 -1.0624158e-05)
(-2.2512859e-05 0.0091564157 1.1233181e-05)
(-3.9125112e-06 0.009224575 1.129274e-05)
(1.1137609e-06 0.0091755221 1.126887e-05)
(-6.4860454e-06 0.0092173993 1.1291955e-05)
(5.3742039e-06 0.0091976294 1.1280832e-05)
(-5.3742098e-06 0.0091976294 1.1280832e-05)
(6.486045e-06 0.0092173993 1.1291955e-05)
(-1.113771e-06 0.0091755221 1.126887e-05)
(3.912506e-06 0.009224575 1.1292741e-05)
(2.2512855e-05 0.0091564157 1.1233181e-05)
(3.1017748e-05 -0.011743195 -1.1842144e-05)
(4.2464891e-06 -0.011812657 -1.1913718e-05)
(-2.3491915e-06 -0.011766774 -1.1890098e-05)
(9.6377815e-06 -0.011806342 -1.1913436e-05)
(-8.8527462e-06 -0.011787474 -1.1902176e-05)
(8.8527461e-06 -0.011787474 -1.1902176e-05)
(-9.6377888e-06 -0.011806342 -1.1913436e-05)
(2.3491869e-06 -0.011766774 -1.1890099e-05)
(-4.2464998e-06 -0.011812657 -1.1913719e-05)
(-3.1017747e-05 -0.011743195 -1.1842144e-05)
(-2.7272089e-05 0.010715507 1.2480262e-05)
(-4.7457491e-06 0.010793329 1.2546252e-05)
(1.538005e-06 0.010738372 1.252221e-05)
(-7.9991436e-06 0.010784699 1.2545873e-05)
(6.7377745e-06 0.010762774 1.2534437e-05)
(-6.7377809e-06 0.010762774 1.2534437e-05)
(7.9991435e-06 0.010784699 1.2545872e-05)
(-1.5380156e-06 0.010738372 1.2522209e-05)
(4.7457448e-06 0.010793329 1.2546253e-05)
(2.7272084e-05 0.010715507 1.2480263e-05)
(3.6661776e-05 -0.013376547 -1.3116126e-05)
(5.360724e-06 -0.01345553 -1.3195008e-05)
(-2.9102682e-06 -0.013403974 -1.3171461e-05)
(1.139694e-05 -0.013447899 -1.3195296e-05)
(-1.0423795e-05 -0.013426925 -1.3183764e-05)
(1.0423796e-05 -0.013426925 -1.3183764e-05)
(-1.1396948e-05 -0.013447899 -1.3195296e-05)
(2.9102641e-06 -0.013403974 -1.3171461e-05)
(-5.3607335e-06 -0.01345553 -1.3195008e-05)
(-3.6661776e-05 -0.013376547 -1.3116126e-05)
(-3.2793083e-05 0.012424032 1.3781809e-05)
(-5.7562501e-06 0.012512521 1.3854746e-05)
(2.067708e-06 0.012451189 1.3830828e-05)
(-9.7479146e-06 0.012502189 1.3854934e-05)
(8.3173525e-06 0.012477995 1.3843252e-05)
(-8.3173598e-06 0.012477995 1.3843252e-05)
(9.7479151e-06 0.012502189 1.3854934e-05)
(-2.0677193e-06 0.012451189 1.3830828e-05)
(5.7562466e-06 0.012512521 1.3854746e-05)
(3.2793078e-05 0.012424032 1.3781809e-05)
(4.3166965e-05 -0.01516224 -1.4442844e-05)
(6.6825771e-06 -0.01525173 -1.4529607e-05)
(-3.6052364e-06 -0.015194042 -1.4506472e-05)
(1.3413071e-05 -0.015242547 -1.4530671e-05)
(-1.2231044e-05 -0.015219353 -1.4518932e-05)
(1.2231045e-05 -0.015219353 -1.4518932e-05)
(-1.3413079e-05 -0.015242547 -1.453067e-05)
(3.6052331e-06 -0.015194042 -1.4506472e-05)
(-6.6825869e-06 -0.01525173 -1.4529608e-05)
(-4.3166965e-05 -0.01516224 -1.4442844e-05)
(-3.9175266e-05 0.014287709 1.5134381e-05)
(-6.9732944e-06 0.014387975 1.5214834e-05)
(2.7258815e-06 0.014319752 1.5191372e-05)
(-1.1757435e-05 0.014375649 1.5215791e-05)
(1.0136719e-05 0.014349072 1.5203926e-05)
(-1.0136727e-05 0.014349072 1.5203926e-05)
(1.1757436e-05 0.014375649 1.5215791e-05)
(-2.7258938e-06 0.014319752 1.5191372e-05)
(6.9732915e-06 0.014387975 1.5214833e-05)
(3.917526e-05 0.014287709 1.513438e-05)
(5.0645784e-05 -0.017105949 -1.5818641e-05)
(8.2466694e-06 -0.017207039 -1.5913916e-05)
(-4.4623125e-06 -0.017142714 -1.5891571e-05)
(1.5712526e-05 -0.017196024 -1.5916003e-05)
(-1.4299611e-05 -0.017170496 -1.5904123e-05)
(1.4299613e-05 -0.017170496 -1.5904123e-05)
(-1.5712535e-05 -0.017196024 -1.5916003e-05)
(4.4623104e-06 -0.017142714 -1.5891571e-05)
(-8.2466795e-06 -0.017207039 -1.5913916e-05)
(-5.0645782e-05 -0.017105949 -1.5818641e-05)
(-4.6530539e-05 0.016312165 1.6534106e-05)
(-8.4306815e-06 0.01642544 1.6622701e-05)
(3.5401995e-06 0.016349762 1.6600068e-05)
(-1.4054531e-05 0.016410781 1.6624673e-05)
(1.2221417e-05 0.016381706 1.6612688e-05)
(-1.2221427e-05 0.016381706 1.6612688e-05)
(1.4054533e-05 0.016410781 1.6624673e-05)
(-3.5402128e-06 0.016349762 1.6600068e-05)
(8.4306791e-06 0.01642544 1.6622701e-05)
(4.6530533e-05 0.016312165 1.6534106e-05)
(5.9225183e-05 -0.019213269 -1.7239409e-05)
(1.0093111e-05 -0.019327177 -1.7343887e-05)
(-5.5153643e-06 -0.019255657 -1.732276e-05)
(1.8323433e-05 -0.019314001 -1.73473e-05)
(-1.6656411e-05 -0.019286022 -1.733534e-05)
(1.6656415e-05 -0.019286022 -1.733534e-05)
(-1.8323442e-05 -0.019314001 -1.73473e-05)
(5.5153636e-06 -0.019255657 -1.7322759e-05)
(-1.0093121e-05 -0.019327177 -1.7343886e-05)
(-5.9225181e-05 -0.019213269 -1.7239408e-05)
(-5.4985236e-05 0.018502958 1.7976641e-05)
(-1.0167556e-05 0.018630617 1.8074067e-05)
(4.5439434e-06 0.018546856 1.8052679e-05)
(-1.6667875e-05 0.018613225 1.8077351e-05)
(1.4598866e-05 0.018581534 1.8065306e-05)
(-1.4598877e-05 0.018581534 1.8065306e-05)
(1.6667877e-05 0.018613225 1.8077351e-05)
(-4.5439583e-06 0.018546856 1.8052678e-05)
(1.0167554e-05 0.018630617 1.8074066e-05)
(5.4985229e-05 0.018502958 1.7976641e-05)
(6.9048948e-05 -0.021489729 -1.8700542e-05)
(1.2268536e-05 -0.021617818 -1.8814984e-05)
(-6.8050611e-06 -0.021538482 -1.8795553e-05)
(2.1275785e-05 -0.021602094 -1.882009e-05)
(-1.9330261e-05 -0.021571544 -1.8808107e-05)
(1.9330266e-05 -0.021571544 -1.8808108e-05)
(-2.1275795e-05 -0.021602094 -1.882009e-05)
(6.8050619e-06 -0.021538482 -1.8795553e-05)
(-1.2268546e-05 -0.021617818 -1.8814983e-05)
(-6.9048945e-05 -0.021489729 -1.8700541e-05)
(-6.4682495e-05 0.020865584 1.9457162e-05)
(-1.2229424e-05 0.021009164 1.9564177e-05)
(5.7771455e-06 0.020916623 1.9544501e-05)
(-1.9628086e-05 0.020988573 1.9569133e-05)
(1.7298474e-05 0.020954148 1.9557081e-05)
(-1.7298486e-05 0.020954148 1.9557081e-05)
(1.9628088e-05 0.020988573 1.9569132e-05)
(-5.7771617e-06 0.020916623 1.9544501e-05)
(1.2229422e-05 0.021009164 1.9564177e-05)
(6.4682487e-05 0.020865584 1.9457162e-05)
(8.0280588e-05 -0.023940804 -2.0197051e-05)
(1.482737e-05 -0.024084603 -2.0322293e-05)
(-8.3802642e-06 -0.023996756 -2.0305097e-05)
(2.4601517e-05 -0.024065877 -2.0329533e-05)
(-2.235197e-05 -0.024032632 -2.0317579e-05)
(2.2351978e-05 -0.024032632 -2.0317579e-05)
(-2.4601527e-05 -0.024065877 -2.0329534e-05)
(8.3802669e-06 -0.023996756 -2.0305098e-05)
(-1.4827381e-05 -0.024084603 -2.0322293e-05)
(-8.0280584e-05 -0.023940804 -2.0197051e-05)
(-7.5785248e-05 0.023405488 2.0970621e-05)
(-1.4669402e-05 0.023566721 2.1088061e-05)
(7.287968e-06 0.023464615 2.1070619e-05)
(-2.2967835e-05 0.02354238 2.1095121e-05)
(2.0351766e-05 0.023505099 2.1083111e-05)
(-2.0351781e-05 0.023505099 2.1083111e-05)
(2.2967837e-05 0.02354238 2.1095122e-05)
(-7.2879862e-06 0.023464615 2.1070619e-05)
(1.46694e-05 0.023566721 2.1088061e-05)
(7.5785239e-05 0.023405488 2.097062e-05)
(9.310693e-05 -0.026571927 -2.172387e-05)
(1.7833399e-05 -0.02673316 -2.1860832e-05)
(-1.0299717e-05 -0.026636019 -2.1846479e-05)
(2.8334588e-05 -0.026710894 -2.1870743e-05)
(-2.5754453e-05 -0.026674827 -2.1858854e-05)
(2.5754464e-05 -0.026674827 -2.1858854e-05)
(-2.8334599e-05 -0.026710894 -2.1870743e-05)
(1.0299721e-05 -0.026636019 -2.184648e-05)
(-1.7833409e-05 -0.02673316 -2.1860832e-05)
(-9.3106926e-05 -0.026571927 -2.1723869e-05)
(-8.8479807e-05 0.026128079 2.2511987e-05)
(-1.7549759e-05 0.026308918 2.264078e-05)
(9.1343806e-06 0.026196363 2.2626161e-05)
(-2.6721959e-05 0.026280181 2.2650469e-05)
(2.3792518e-05 0.02623992 2.2638533e-05)
(-2.3792535e-05 0.02623992 2.2638534e-05)
(2.6721962e-05 0.026280181 2.2650469e-05)
(-9.1344011e-06 0.026196363 2.2626162e-05)
(1.7549757e-05 0.026308918 2.2640779e-05)
(8.8479798e-05 0.026128079 2.2511987e-05)
(0.00010774233 -0.029388495 -2.3276006e-05)
(2.1361682e-05 -0.029569115 -2.3425706e-05)
(-1.263409e-05 -0.029461791 -2.3414883e-05)
(3.2511054e-05 -0.029542674 -2.3438934e-05)
(-2.9572819e-05 -0.029503654 -2.3427133e-05)
(2.9572832e-05 -0.029503654 -2.3427134e-05)
(-3.2511064e-05 -0.029542674 -2.3438934e-05)
(1.2634097e-05 -0.029461791 -2.3414883e-05)
(-2.1361692e-05 -0.029569115 -2.3425706e-05)
(-0.00010774233 -0.029388495 -2.3276005e-05)
(-0.00010298007 0.029038733 2.4076351e-05)
(-2.0943802e-05 0.029241389 2.4217525e-05)
(1.1386189e-05 0.029117385 2.4206392e-05)
(-3.092757e-05 0.029207495 2.4230475e-05)
(2.7656889e-05 0.02916413 2.4218633e-05)
(-2.7656909e-05 0.02916413 2.4218634e-05)
(3.0927572e-05 0.029207495 2.4230475e-05)
(-1.1386212e-05 0.029117385 2.4206393e-05)
(2.0943799e-05 0.029241389 2.4217524e-05)
(0.00010298006 0.029038733 2.4076351e-05)
(0.00012443372 -0.032395879 -2.4848603e-05)
(2.550093e-05 -0.032598106 -2.5012169e-05)
(-1.5468482e-05 -0.032479587 -2.5005652e-05)
(3.716913e-05 -0.032566739 -2.5029493e-05)
(-3.3844467e-05 -0.032524629 -2.5017785e-05)
(3.3844484e-05 -0.032524629 -2.5017786e-05)
(-3.7169139e-05 -0.032566739 -2.5029494e-05)
(1.5468492e-05 -0.032479587 -2.5005654e-05)
(-2.5500939e-05 -0.032598106 -2.5012169e-05)
(-0.00012443372 -0.032395879 -2.4848602e-05)
(-0.00011953258 0.032142805 2.5658918e-05)
(-2.4938198e-05 0.032369791 2.5813617e-05)
(1.4127506e-05 0.032233199 2.5806722e-05)
(-3.5624172e-05 0.032329842 2.583059e-05)
(3.198356e-05 0.032283246 2.581884e-05)
(-3.1983583e-05 0.032283246 2.5818843e-05)
(3.5624174e-05 0.032329842 2.5830591e-05)
(-1.4127532e-05 0.032233199 2.5806723e-05)
(2.4938195e-05 0.032369791 2.5813617e-05)
(0.00011953257 0.032142805 2.5658917e-05)
(0.00014346664 -0.035599434 -2.6436871e-05)
(3.0356402e-05 -0.035825795 -2.6615555e-05)
(-1.8905456e-05 -0.035694926 -2.6614227e-05)
(4.2349236e-05 -0.035788614 -2.6637915e-05)
(-3.8609154e-05 -0.035743275 -2.6626275e-05)
(3.8609173e-05 -0.035743275 -2.6626277e-05)
(-4.2349245e-05 -0.035788614 -2.6637916e-05)
(1.890547e-05 -0.035694926 -2.6614229e-05)
(-3.0356409e-05 -0.035825795 -2.6615555e-05)
(-0.00014346663 -0.035599434 -2.6436871e-05)
(-0.00013842254 0.035445628 2.7254908e-05)
(-2.9635826e-05 0.035699814 2.7424411e-05)
(1.7459757e-05 0.035549332 2.7422605e-05)
(-4.0853768e-05 0.035652748 2.7446327e-05)
(3.681386e-05 0.035602795 2.7434639e-05)
(-3.6813886e-05 0.035602795 2.7434641e-05)
(4.085377e-05 0.035652748 2.7446327e-05)
(-1.7459787e-05 0.035549332 2.7422605e-05)
(2.9635822e-05 0.035699814 2.742441e-05)
(0.00013842253 0.035445628 2.7254907e-05)
(0.00016517255 -0.039004497 -2.8036043e-05)
(3.6053497e-05 -0.039257886 -2.8231232e-05)
(-2.3068759e-05 -0.03911334 -2.8236105e-05)
(4.8094019e-05 -0.039213838 -2.825977e-05)
(-4.3909042e-05 -0.039165126 -2.8248138e-05)
(4.3909065e-05 -0.039165126 -2.8248141e-05)
(-4.8094029e-05 -0.039213838 -2.825977e-05)
(2.3068777e-05 -0.03911334 -2.8236106e-05)
(-3.6053503e-05 -0.039257886 -2.8231232e-05)
(-0.00016517254 -0.039004497 -2.8036042e-05)
(-0.00015998014 0.038952528 2.8859398e-05)
(-3.5159046e-05 0.039237192 2.9045189e-05)
(2.1505274e-05 0.039071332 2.9049372e-05)
(-4.6660698e-05 0.039181757 2.9073112e-05)
(4.2191627e-05 0.039128321 2.906141e-05)
(-4.2191657e-05 0.039128321 2.9061413e-05)
(4.6660701e-05 0.039181757 2.9073112e-05)
(-2.1505307e-05 0.039071332 2.9049373e-05)
(3.515904e-05 0.039237192 2.9045189e-05)
(0.00015998013 0.038952528 2.8859396e-05)
(0.000190042 -0.042616378 -2.9659859e-05)
(4.2774655e-05 -0.042900111 -2.9878288e-05)
(-2.8121179e-05 -0.042740364 -2.988768e-05)
(5.4484192e-05 -0.042847948 -2.9912911e-05)
(-4.9820026e-05 -0.042795719 -2.9900564e-05)
(4.9820052e-05 -0.042795719 -2.9900569e-05)
(-5.4484201e-05 -0.042847948 -2.9912911e-05)
(2.8121201e-05 -0.042740364 -2.9887681e-05)
(-4.2774659e-05 -0.042900111 -2.9878288e-05)
(-0.00019004199 -0.042616378 -2.9659857e-05)
(-0.00018415359 0.042668711 3.0486386e-05)
(-4.1448868e-05 0.04298763 3.0694653e-05)
(2.6267166e-05 0.042804675 3.070332e-05)
(-5.3048212e-05 0.042922336 3.0728633e-05)
(4.8128751e-05 0.042865296 3.0716211e-05)
(-4.8128783e-05 0.042865296 3.0716216e-05)
(5.3048214e-05 0.042922336 3.0728633e-05)
(-2.6267204e-05 0.042804675 3.0703321e-05)
(4.144886e-05 0.04298763 3.0694653e-05)
(0.00018415357 0.042668711 3.0486385e-05)
(0.00021787542 -0.046440289 -3.1287578e-05)
(5.0412778e-05 -0.046758064 -3.1521719e-05)
(-3.4065751e-05 -0.046581393 -3.1541879e-05)
(6.1442053e-05 -0.046696371 -3.1566674e-05)
(-5.6284819e-05 -0.046640464 -3.1554502e-05)
(5.6284848e-05 -0.046640464 -3.1554508e-05)
(-6.1442062e-05 -0.046696371 -3.1566674e-05)
(3.4065777e-05 -0.046581393 -3.1541881e-05)
(-5.041278e-05 -0.046758063 -3.1521719e-05)
(-0.00021787541 -0.046440289 -3.1287576e-05)
(-0.0002121682 0.046599388 3.2114605e-05)
(-4.903387e-05 0.046956776 3.2338809e-05)
(3.2147453e-05 0.046754788 3.2357834e-05)
(-6.0153684e-05 0.046879931 3.2382805e-05)
(5.4744362e-05 0.046819156 3.2370513e-05)
(-5.4744397e-05 0.046819156 3.237052e-05)
(6.0153686e-05 0.046879931 3.2382805e-05)
(-3.2147495e-05 0.046754788 3.2357836e-05)
(4.9033861e-05 0.046956776 3.2338809e-05)
(0.00021216818 0.046599388 3.2114603e-05)
(0.000249989 -0.050480946 -3.2903524e-05)
(5.957071e-05 -0.050836932 -3.3158815e-05)
(-4.1344115e-05 -0.05064149 -3.3189177e-05)
(6.9141481e-05 -0.050764037 -3.3215271e-05)
(-6.3451286e-05 -0.050704356 -3.3202454e-05)
(6.3451317e-05 -0.050704356 -3.3202462e-05)
(-6.914149e-05 -0.050764037 -3.3215271e-05)
(4.1344144e-05 -0.05064149 -3.3189179e-05)
(-5.957071e-05 -0.050836932 -3.3158814e-05)
(-0.00024998898 -0.050480946 -3.290352e-05)
(-0.00024426484 0.050749304 3.3698418e-05)
(-5.8002263e-05 0.051149912 3.3898127e-05)
(3.9325427e-05 0.050926809 3.3969294e-05)
(-6.7990619e-05 0.051059524 3.3969623e-05)
(6.2060564e-05 0.05099496 3.3969839e-05)
(-6.2060601e-05 0.05099496 3.3969848e-05)
(6.7990621e-05 0.051059524 3.3969623e-05)
(-3.9325473e-05 0.050926809 3.3969297e-05)
(5.8002253e-05 0.051149911 3.3898125e-05)
(0.00024426481 0.050749304 3.3698413e-05)
(0.00028684881 -0.05472118 -3.4497271e-05)
(7.0402058e-05 -0.055104445 -3.4733352e-05)
(-5.0210168e-05 -0.054902417 -3.4815384e-05)
(7.7605903e-05 -0.055023259 -3.481883e-05)
(-7.1352421e-05 -0.054964196 -3.4817592e-05)
(7.1352455e-05 -0.054964196 -3.4817603e-05)
(-7.7605912e-05 -0.055023259 -3.4818831e-05)
(5.0210201e-05 -0.054902417 -3.4815387e-05)
(-7.0402056e-05 -0.055104445 -3.4733351e-05)
(-0.00028684879 -0.05472118 -3.4497267e-05)
(-0.00027964717 0.055100844 3.5009683e-05)
(-6.848372e-05 0.05553418 3.527364e-05)
(4.7614475e-05 0.055302101 3.5317302e-05)
(-7.6225239e-05 0.055432857 3.5343137e-05)
(6.9779888e-05 0.055369018 3.5330383e-05)
(-6.9779927e-05 0.055369018 3.5330395e-05)
(7.6225241e-05 0.055432857 3.5343138e-05)
(-4.7614524e-05 0.055302101 3.5317306e-05)
(6.8483708e-05 0.05553418 3.5273638e-05)
(0.00027964715 0.055100844 3.5009678e-05)
(0.00032768436 -0.059176602 -3.5819333e-05)
(8.3091025e-05 -0.059612267 -3.6115646e-05)
(-6.0504524e-05 -0.059383403 -3.617842e-05)
(8.6479745e-05 -0.059514294 -3.6204916e-05)
(-7.9671434e-05 -0.059450244 -3.6191908e-05)
(7.967147e-05 -0.059450244 -3.6191923e-05)
(-8.6479754e-05 -0.059514294 -3.6204918e-05)
(6.050456e-05 -0.059383403 -3.6178425e-05)
(-8.3091023e-05 -0.059612267 -3.6115645e-05)
(-0.00032768434 -0.059176602 -3.5819327e-05)
(-0.0003207878 0.059669899 3.6604419e-05)
(-8.0897432e-05 0.060162163 3.6927033e-05)
(5.783751e-05 0.059900289 3.6956049e-05)
(-8.5352531e-05 0.060040874 3.7002284e-05)
(7.8357671e-05 0.059972141 3.6979938e-05)
(-7.8357711e-05 0.059972141 3.6979954e-05)
(8.5352533e-05 0.060040874 3.7002286e-05)
(-5.7837561e-05 0.059900289 3.6956054e-05)
(8.0897421e-05 0.060162163 3.692703e-05)
(0.00032078777 0.059669899 3.6604411e-05)
(0.00037512701 -0.063887031 -3.7356525e-05)
(9.8137094e-05 -0.064381532 -3.7711587e-05)
(-7.3144135e-05 -0.064123054 -3.7764222e-05)
(9.6269419e-05 -0.064263973 -3.7811047e-05)
(-8.887389e-05 -0.064194923 -3.7788439e-05)
(8.8873926e-05 -0.064194923 -3.7788458e-05)
(-9.6269427e-05 -0.064263973 -3.7811049e-05)
(7.3144174e-05 -0.064123054 -3.7764228e-05)
(-9.8137091e-05 -0.064381532 -3.7711584e-05)
(-0.00037512698 -0.063887031 -3.7356516e-05)
(-0.00036844284 0.064496544 3.8371304e-05)
(-9.5621049e-05 0.065055089 3.8720574e-05)
(7.0318361e-05 0.064760301 3.8768658e-05)
(-9.5426185e-05 0.06491051 3.8816399e-05)
(8.7850348e-05 0.064836958 3.8793334e-05)
(-8.7850388e-05 0.064836958 3.8793354e-05)
(9.5426187e-05 0.064910509 3.8816402e-05)
(-7.0318414e-05 0.064760301 3.8768663e-05)
(9.5621039e-05 0.065055089 3.8720571e-05)
(0.00036844281 0.064496544 3.8371295e-05)
(0.00043014707 -0.068849016 -3.9055782e-05)
(0.00011600812 -0.069409786 -3.9444149e-05)
(-8.8557343e-05 -0.069118523 -3.9515288e-05)
(0.00010702296 -0.069269303 -3.9567656e-05)
(-9.9011494e-05 -0.069195312 -3.9542401e-05)
(9.9011529e-05 -0.069195312 -3.9542423e-05)
(-0.00010702296 -0.069269302 -3.9567659e-05)
(8.8557382e-05 -0.069118523 -3.9515295e-05)
(-0.00011600812 -0.069409786 -3.9444145e-05)
(-0.00043014704 -0.068849016 -3.9055772e-05)
(-0.00042357221 0.069577515 4.0090851e-05)
(-0.00011312377 0.070210862 4.0466936e-05)
(8.5542478e-05 0.069879588 4.0539445e-05)
(-0.00010650274 0.070039022 4.0588942e-05)
(9.8315979e-05 0.069960825 4.0565002e-05)
(-9.8316017e-05 0.069960825 4.0565027e-05)
(0.00010650274 0.070039022 4.0588945e-05)
(-8.5542531e-05 0.069879588 4.0539452e-05)
(0.00011312376 0.070210862 4.0466931e-05)
(0.00042357217 0.069577515 4.009084e-05)
(0.00049390286 -0.074070512 -4.074289e-05)
(0.00013728488 -0.074705845 -4.1162638e-05)
(-0.00010732778 -0.074378428 -4.1260476e-05)
(0.00011878027 -0.074538599 -4.1317604e-05)
(-0.00011012683 -0.074459881 -4.1290037e-05)
(0.00011012687 -0.074459881 -4.1290063e-05)
(-0.00011878027 -0.074538599 -4.1317607e-05)
(0.00010732782 -0.074378428 -4.1260482e-05)
(-0.00013728488 -0.074705844 -4.1162634e-05)
(-0.00049390283 -0.074070511 -4.0742879e-05)
(-0.00048731566 0.074920416 4.1721471e-05)
(-0.00013394673 0.075638141 4.2123175e-05)
(0.00010404717 0.075266557 4.2227311e-05)
(-0.00011862127 0.075434452 4.2278595e-05)
(0.00010979822 0.075351966 4.2253754e-05)
(-0.00010979826 0.075351966 4.2253783e-05)
(0.00011862127 0.075434452 4.2278598e-05)
(-0.00010404723 0.075266557 4.2227317e-05)
(0.00013394673 0.075638141 4.212317e-05)
(0.00048731563 0.074920416 4.1721458e-05)
(0.0005677641 -0.079547047 -4.2325249e-05)
(0.00016265526 -0.080266537 -4.2774304e-05)
(-0.00013013205 -0.079899102 -4.2907372e-05)
(0.00013156483 -0.080067998 -4.2969722e-05)
(-0.00012224866 -0.079984868 -4.2939594e-05)
(0.00012224869 -0.079984869 -4.2939622e-05)
(-0.00013156484 -0.080067998 -4.2969726e-05)
(0.00013013209 -0.079899102 -4.290738e-05)
(-0.00016265527 -0.080266536 -4.2774299e-05)
(-0.00056776406 -0.079547046 -4.2325236e-05)
(-0.00056138632 0.08052085 4.3858491e-05)
(-0.00015876615 0.081334049 4.4289153e-05)
(0.00012649869 0.080917798 4.443227e-05)
(-0.0001318161 0.081093067 4.4486225e-05)
(0.00012233332 0.081006815 4.4460067e-05)
(-0.00012233334 0.081006815 4.4460098e-05)
(0.0001318161 0.081093066 4.448623e-05)
(-0.00012649874 0.080917798 4.4432279e-05)
(0.00015876616 0.081334048 4.4289147e-05)
(0.00056138629 0.080520849 4.3858478e-05)
(0.00064747429 -0.08528051 -3.1939408e-05)
(0.00019297144 -0.08609465 -3.2329182e-05)
(-0.00015780628 -0.085683281 -3.2526659e-05)
(0.00014538673 -0.085859755 -3.2587038e-05)
(-0.00013539039 -0.085772775 -3.2557892e-05)
(0.00013539041 -0.085772775 -3.2557923e-05)
(-0.00014538674 -0.085859755 -3.2587042e-05)
(0.00015780631 -0.085683281 -3.2526672e-05)
(-0.00019297146 -0.08609465 -3.2329178e-05)
(-0.00064747426 -0.085280509 -3.1939395e-05)
(-0.00073619807 0.086380648 0.00022356481)
(-0.00018840709 0.087300984 0.0002255446)
(0.00015361766 0.086835802 0.00022526877)
(-0.00014602381 0.087016941 0.00022549914)
(0.00013586726 0.086927657 0.00022538618)
(-0.00013586728 0.086927657 0.00022538618)
(0.00014602381 0.087016941 0.00022549914)
(-0.0001536177 0.086835802 0.00022526876)
(0.00018840711 0.087300983 0.0002255446)
(0.00073619804 0.086380647 0.00022356481)
(-0.00026272929 -0.091249391 0.0019703075)
(0.00022682783 -0.09219812 0.0019875877)
(-0.00019004315 -0.091724472 0.0019806142)
(0.00015971775 -0.091906864 0.0019832698)
(-0.00014904608 -0.091816853 0.0019819622)
(0.0001490461 -0.091816853 0.0019819622)
(-0.00015971775 -0.091906863 0.0019832698)
(0.00019004319 -0.091724472 0.0019806142)
(-0.00022682787 -0.092198119 0.0019875877)
(0.00026272932 -0.091249391 0.0019703075)
)
;

boundaryField
{
    left
    {
        type            noSlip;
    }
    right
    {
        type            noSlip;
    }
    walls
    {
        type            noSlip;
    }
    centreline
    {
        type            noSlip;
    }
    frontAndBack
    {
        type            noSlip;
    }
}


// ************************************************************************* //
