/*--------------------------------*- C++ -*----------------------------------*\
  =========                 |
  \\      /  F ield         | OpenFOAM: The Open Source CFD Toolbox
   \\    /   O peration     | Website:  https://openfoam.org
    \\  /    A nd           | Version:  8
     \\/     M anipulation  |
\*---------------------------------------------------------------------------*/
FoamFile
{
    version     2.0;
    format      ascii;
    class       volScalarField;
    location    "0.6";
    object      p;
}
// * * * * * * * * * * * * * * * * * * * * * * * * * * * * * * * * * * * * * //

dimensions      [1 -1 -2 0 0 0 0];

internalField   nonuniform List<scalar> 
2000
(
4246.9995
4246.9995
4246.9995
4246.9995
4246.9995
4246.9995
4246.9995
4246.9995
4246.9995
4246.9995
4246.9995
4246.9995
4246.9995
4246.9995
4246.9995
4246.9995
4246.9995
4246.9995
4246.9995
4246.9995
4246.9995
4246.9995
4246.9995
4246.9995
4246.9995
4246.9995
4246.9995
4246.9995
4246.9995
4246.9995
4246.9996
4246.9996
4246.9996
4246.9996
4246.9996
4246.9996
4246.9996
4246.9996
4246.9996
4246.9996
4246.9995
4246.9995
4246.9995
4246.9995
4246.9995
4246.9995
4246.9995
4246.9995
4246.9995
4246.9995
4246.9996
4246.9996
4246.9996
4246.9996
4246.9996
4246.9996
4246.9996
4246.9996
4246.9996
4246.9996
4246.9995
4246.9995
4246.9995
4246.9995
4246.9995
4246.9995
4246.9995
4246.9995
4246.9995
4246.9995
4246.9996
4246.9996
4246.9996
4246.9996
4246.9996
4246.9996
4246.9996
4246.9996
4246.9996
4246.9996
4246.9995
4246.9995
4246.9995
4246.9995
4246.9995
4246.9995
4246.9995
4246.9995
4246.9995
4246.9995
4246.9996
4246.9996
4246.9996
4246.9996
4246.9996
4246.9996
4246.9996
4246.9996
4246.9996
4246.9996
4246.9996
4246.9996
4246.9996
4246.9996
4246.9996
4246.9996
4246.9996
4246.9996
4246.9996
4246.9996
4246.9996
4246.9996
4246.9996
4246.9996
4246.9996
4246.9996
4246.9996
4246.9996
4246.9996
4246.9996
4246.9996
4246.9996
4246.9996
4246.9996
4246.9996
4246.9996
4246.9996
4246.9996
4246.9996
4246.9996
4246.9996
4246.9996
4246.9996
4246.9996
4246.9996
4246.9996
4246.9996
4246.9996
4246.9996
4246.9996
4246.9996
4246.9996
4246.9996
4246.9996
4246.9996
4246.9996
4246.9996
4246.9996
4246.9996
4246.9996
4246.9996
4246.9996
4246.9996
4246.9996
4246.9996
4246.9996
4246.9996
4246.9996
4246.9996
4246.9996
4246.9996
4246.9996
4246.9996
4246.9996
4246.9996
4246.9996
4246.9996
4246.9996
4246.9996
4246.9996
4246.9996
4246.9996
4246.9996
4246.9996
4246.9996
4246.9996
4246.9996
4246.9996
4246.9996
4246.9996
4246.9996
4246.9996
4246.9996
4246.9996
4246.9996
4246.9996
4246.9996
4246.9996
4246.9996
4246.9996
4246.9996
4246.9996
4246.9996
4246.9996
4246.9996
4246.9996
4246.9996
4246.9996
4246.9996
4246.9996
4246.9996
4246.9996
4246.9996
4246.9996
4246.9996
4246.9996
4246.9996
4246.9996
4246.9996
4246.9996
4246.9996
4246.9996
4246.9996
4246.9996
4246.9996
4246.9996
4246.9996
4246.9996
4246.9996
4246.9996
4246.9996
4246.9996
4246.9996
4246.9996
4246.9996
4246.9996
4246.9996
4246.9996
4246.9996
4246.9996
4246.9996
4246.9996
4246.9996
4246.9996
4246.9996
4246.9996
4246.9996
4246.9996
4246.9996
4246.9996
4246.9996
4246.9996
4246.9996
4246.9996
4246.9996
4246.9996
4246.9996
4246.9996
4246.9996
4246.9996
4246.9996
4246.9996
4246.9996
4246.9996
4246.9996
4246.9996
4246.9996
4246.9996
4246.9996
4246.9996
4246.9996
4246.9996
4246.9996
4246.9996
4246.9996
4246.9996
4246.9996
4246.9996
4246.9996
4246.9996
4246.9995
4246.9995
4246.9995
4246.9995
4246.9995
4246.9995
4246.9995
4246.9995
4246.9995
4246.9995
4246.9996
4246.9996
4246.9996
4246.9996
4246.9996
4246.9996
4246.9996
4246.9996
4246.9996
4246.9996
4246.9995
4246.9995
4246.9995
4246.9995
4246.9995
4246.9995
4246.9995
4246.9995
4246.9995
4246.9995
4246.9996
4246.9996
4246.9996
4246.9996
4246.9996
4246.9996
4246.9996
4246.9996
4246.9996
4246.9996
4246.9995
4246.9995
4246.9995
4246.9995
4246.9995
4246.9995
4246.9995
4246.9995
4246.9995
4246.9995
4246.9996
4246.9996
4246.9996
4246.9996
4246.9996
4246.9996
4246.9996
4246.9996
4246.9996
4246.9996
4246.9995
4246.9995
4246.9995
4246.9995
4246.9995
4246.9995
4246.9995
4246.9995
4246.9995
4246.9995
4246.9996
4246.9996
4246.9996
4246.9996
4246.9996
4246.9996
4246.9996
4246.9996
4246.9996
4246.9996
4246.9995
4246.9995
4246.9995
4246.9995
4246.9995
4246.9995
4246.9995
4246.9995
4246.9995
4246.9995
4246.9996
4246.9996
4246.9996
4246.9996
4246.9996
4246.9996
4246.9996
4246.9996
4246.9996
4246.9996
4246.9995
4246.9995
4246.9995
4246.9995
4246.9995
4246.9995
4246.9995
4246.9995
4246.9995
4246.9995
4246.9997
4246.9997
4246.9997
4246.9997
4246.9997
4246.9997
4246.9997
4246.9997
4246.9997
4246.9997
4246.9994
4246.9994
4246.9994
4246.9994
4246.9994
4246.9994
4246.9994
4246.9994
4246.9994
4246.9994
4246.9997
4246.9997
4246.9997
4246.9997
4246.9997
4246.9997
4246.9997
4246.9997
4246.9997
4246.9997
4246.9994
4246.9994
4246.9994
4246.9994
4246.9994
4246.9994
4246.9994
4246.9994
4246.9994
4246.9994
4246.9998
4246.9998
4246.9998
4246.9998
4246.9998
4246.9998
4246.9998
4246.9998
4246.9998
4246.9998
4246.9993
4246.9993
4246.9993
4246.9993
4246.9993
4246.9993
4246.9993
4246.9993
4246.9993
4246.9993
4246.9998
4246.9999
4246.9999
4246.9999
4246.9999
4246.9999
4246.9999
4246.9999
4246.9999
4246.9998
4246.9992
4246.9992
4246.9992
4246.9992
4246.9992
4246.9992
4246.9992
4246.9992
4246.9992
4246.9992
4247
4247
4247
4247
4247
4247
4247
4247
4247
4247
4246.9991
4246.9991
4246.9991
4246.9991
4246.9991
4246.9991
4246.9991
4246.9991
4246.9991
4246.9991
4247.0001
4247.0001
4247.0001
4247.0001
4247.0001
4247.0001
4247.0001
4247.0001
4247.0001
4247.0001
4246.999
4246.9989
4246.999
4246.9989
4246.9989
4246.9989
4246.9989
4246.999
4246.9989
4246.999
4247.0002
4247.0002
4247.0002
4247.0002
4247.0002
4247.0002
4247.0002
4247.0002
4247.0002
4247.0002
4246.9988
4246.9988
4246.9988
4246.9988
4246.9988
4246.9988
4246.9988
4246.9988
4246.9988
4246.9988
4247.0004
4247.0004
4247.0004
4247.0004
4247.0004
4247.0004
4247.0004
4247.0004
4247.0004
4247.0004
4246.9986
4246.9986
4246.9986
4246.9986
4246.9986
4246.9986
4246.9986
4246.9986
4246.9986
4246.9986
4247.0007
4247.0007
4247.0007
4247.0007
4247.0007
4247.0007
4247.0007
4247.0007
4247.0007
4247.0007
4246.9983
4246.9983
4246.9983
4246.9983
4246.9983
4246.9983
4246.9983
4246.9983
4246.9983
4246.9983
4247.0009
4247.0009
4247.0009
4247.0009
4247.0009
4247.0009
4247.0009
4247.0009
4247.0009
4247.0009
4246.998
4246.998
4246.998
4246.998
4246.998
4246.998
4246.998
4246.998
4246.998
4246.998
4247.0013
4247.0013
4247.0013
4247.0013
4247.0013
4247.0013
4247.0013
4247.0013
4247.0013
4247.0013
4246.9977
4246.9977
4246.9977
4246.9977
4246.9977
4246.9977
4246.9977
4246.9977
4246.9977
4246.9977
4247.0016
4247.0016
4247.0016
4247.0016
4247.0016
4247.0016
4247.0016
4247.0016
4247.0016
4247.0016
4246.9973
4246.9973
4246.9973
4246.9973
4246.9973
4246.9973
4246.9973
4246.9973
4246.9973
4246.9973
4247.002
4247.002
4247.002
4247.002
4247.002
4247.002
4247.002
4247.002
4247.002
4247.002
4246.9968
4246.9968
4246.9968
4246.9968
4246.9968
4246.9968
4246.9968
4246.9968
4246.9968
4246.9968
4247.0025
4247.0025
4247.0025
4247.0025
4247.0025
4247.0025
4247.0025
4247.0025
4247.0025
4247.0025
4246.9963
4246.9963
4246.9963
4246.9963
4246.9963
4246.9963
4246.9963
4246.9963
4246.9963
4246.9963
4247.0031
4247.0031
4247.0031
4247.0031
4247.0031
4247.0031
4247.0031
4247.0031
4247.0031
4247.0031
4246.9957
4246.9957
4246.9957
4246.9957
4246.9957
4246.9957
4246.9957
4246.9957
4246.9957
4246.9957
4247.0037
4247.0037
4247.0037
4247.0037
4247.0037
4247.0037
4247.0037
4247.0037
4247.0037
4247.0037
4246.9951
4246.9951
4246.9951
4246.9951
4246.9951
4246.9951
4246.9951
4246.9951
4246.9951
4246.9951
4247.0044
4247.0044
4247.0044
4247.0044
4247.0044
4247.0044
4247.0044
4247.0044
4247.0044
4247.0044
4246.9943
4246.9943
4246.9943
4246.9943
4246.9943
4246.9943
4246.9943
4246.9943
4246.9943
4246.9943
4247.0051
4247.0052
4247.0051
4247.0052
4247.0052
4247.0052
4247.0052
4247.0051
4247.0052
4247.0051
4246.9935
4246.9935
4246.9935
4246.9935
4246.9935
4246.9935
4246.9935
4246.9935
4246.9935
4246.9935
4247.006
4247.006
4247.006
4247.006
4247.006
4247.006
4247.006
4247.006
4247.006
4247.006
4246.9926
4246.9926
4246.9926
4246.9926
4246.9926
4246.9926
4246.9926
4246.9926
4246.9926
4246.9926
4247.007
4247.007
4247.007
4247.007
4247.007
4247.007
4247.007
4247.007
4247.007
4247.007
4246.9916
4246.9916
4246.9916
4246.9916
4246.9916
4246.9916
4246.9916
4246.9916
4246.9916
4246.9916
4247.008
4247.0081
4247.008
4247.008
4247.008
4247.008
4247.008
4247.008
4247.0081
4247.008
4246.9905
4246.9904
4246.9905
4246.9905
4246.9905
4246.9905
4246.9905
4246.9905
4246.9904
4246.9905
4247.0092
4247.0092
4247.0092
4247.0092
4247.0092
4247.0092
4247.0092
4247.0092
4247.0092
4247.0092
4246.9893
4246.9892
4246.9893
4246.9892
4246.9892
4246.9892
4246.9892
4246.9893
4246.9892
4246.9893
4247.0104
4247.0105
4247.0105
4247.0105
4247.0105
4247.0105
4247.0105
4247.0105
4247.0105
4247.0104
4246.9879
4246.9879
4246.9879
4246.9879
4246.9879
4246.9879
4246.9879
4246.9879
4246.9879
4246.9879
4247.0118
4247.0119
4247.0118
4247.0119
4247.0119
4247.0119
4247.0119
4247.0118
4247.0119
4247.0118
4246.9865
4246.9864
4246.9865
4246.9864
4246.9865
4246.9865
4246.9864
4246.9865
4246.9864
4246.9865
4247.0133
4247.0134
4247.0134
4247.0134
4247.0134
4247.0134
4247.0134
4247.0134
4247.0134
4247.0133
4246.9849
4246.9848
4246.9849
4246.9848
4246.9849
4246.9849
4246.9848
4246.9849
4246.9848
4246.9849
4247.0149
4247.0149
4247.0149
4247.0149
4247.0149
4247.0149
4247.0149
4247.0149
4247.0149
4247.0149
4246.9833
4246.9832
4246.9833
4246.9832
4246.9833
4246.9833
4246.9832
4246.9833
4246.9832
4246.9833
4247.0168
4247.0169
4247.0168
4247.0169
4247.0168
4247.0168
4247.0169
4247.0168
4247.0169
4247.0168
4246.9813
4246.9812
4246.9813
4246.9812
4246.9813
4246.9813
4246.9812
4246.9813
4246.9812
4246.9813
4247.0185
4247.0186
4247.0186
4247.0186
4247.0186
4247.0186
4247.0186
4247.0186
4247.0186
4247.0185
4246.9795
4246.9794
4246.9795
4246.9794
4246.9794
4246.9794
4246.9794
4246.9795
4246.9794
4246.9795
4247.0207
4247.0208
4247.0207
4247.0208
4247.0207
4247.0207
4247.0208
4247.0207
4247.0208
4247.0207
4246.9773
4246.9771
4246.9772
4246.9772
4246.9772
4246.9772
4246.9772
4246.9772
4246.9771
4246.9773
4247.0228
4247.0229
4247.0228
4247.0229
4247.0228
4247.0228
4247.0229
4247.0228
4247.0229
4247.0228
4246.9751
4246.975
4246.9751
4246.975
4246.975
4246.975
4246.975
4246.9751
4246.975
4246.9751
4247.0251
4247.0253
4247.0252
4247.0252
4247.0252
4247.0252
4247.0252
4247.0252
4247.0253
4247.0251
4246.9727
4246.9725
4246.9726
4246.9726
4246.9726
4246.9726
4246.9726
4246.9726
4246.9725
4246.9727
4246.9995
4246.9995
4246.9995
4246.9995
4246.9995
4246.9995
4246.9995
4246.9995
4246.9995
4246.9995
4246.9995
4246.9995
4246.9995
4246.9995
4246.9995
4246.9995
4246.9995
4246.9995
4246.9995
4246.9995
4246.9995
4246.9995
4246.9995
4246.9995
4246.9995
4246.9995
4246.9995
4246.9995
4246.9995
4246.9995
4246.9996
4246.9996
4246.9996
4246.9996
4246.9996
4246.9996
4246.9996
4246.9996
4246.9996
4246.9996
4246.9995
4246.9995
4246.9995
4246.9995
4246.9995
4246.9995
4246.9995
4246.9995
4246.9995
4246.9995
4246.9996
4246.9996
4246.9996
4246.9996
4246.9996
4246.9996
4246.9996
4246.9996
4246.9996
4246.9996
4246.9995
4246.9995
4246.9995
4246.9995
4246.9995
4246.9995
4246.9995
4246.9995
4246.9995
4246.9995
4246.9996
4246.9996
4246.9996
4246.9996
4246.9996
4246.9996
4246.9996
4246.9996
4246.9996
4246.9996
4246.9995
4246.9995
4246.9995
4246.9995
4246.9995
4246.9995
4246.9995
4246.9995
4246.9995
4246.9995
4246.9996
4246.9996
4246.9996
4246.9996
4246.9996
4246.9996
4246.9996
4246.9996
4246.9996
4246.9996
4246.9996
4246.9996
4246.9996
4246.9996
4246.9996
4246.9996
4246.9996
4246.9996
4246.9996
4246.9996
4246.9996
4246.9996
4246.9996
4246.9996
4246.9996
4246.9996
4246.9996
4246.9996
4246.9996
4246.9996
4246.9996
4246.9996
4246.9996
4246.9996
4246.9996
4246.9996
4246.9996
4246.9996
4246.9996
4246.9996
4246.9996
4246.9996
4246.9996
4246.9996
4246.9996
4246.9996
4246.9996
4246.9996
4246.9996
4246.9996
4246.9996
4246.9996
4246.9996
4246.9996
4246.9996
4246.9996
4246.9996
4246.9996
4246.9996
4246.9996
4246.9996
4246.9996
4246.9996
4246.9996
4246.9996
4246.9996
4246.9996
4246.9996
4246.9996
4246.9996
4246.9996
4246.9996
4246.9996
4246.9996
4246.9996
4246.9996
4246.9996
4246.9996
4246.9996
4246.9996
4246.9996
4246.9996
4246.9996
4246.9996
4246.9996
4246.9996
4246.9996
4246.9996
4246.9996
4246.9996
4246.9996
4246.9996
4246.9996
4246.9996
4246.9996
4246.9996
4246.9996
4246.9996
4246.9996
4246.9996
4246.9996
4246.9996
4246.9996
4246.9996
4246.9996
4246.9996
4246.9996
4246.9996
4246.9996
4246.9996
4246.9996
4246.9996
4246.9996
4246.9996
4246.9996
4246.9996
4246.9996
4246.9996
4246.9996
4246.9996
4246.9996
4246.9996
4246.9996
4246.9996
4246.9996
4246.9996
4246.9996
4246.9996
4246.9996
4246.9996
4246.9996
4246.9996
4246.9996
4246.9996
4246.9996
4246.9996
4246.9996
4246.9996
4246.9996
4246.9996
4246.9996
4246.9996
4246.9996
4246.9996
4246.9996
4246.9996
4246.9996
4246.9996
4246.9996
4246.9996
4246.9996
4246.9996
4246.9996
4246.9996
4246.9996
4246.9996
4246.9996
4246.9996
4246.9996
4246.9996
4246.9996
4246.9996
4246.9996
4246.9996
4246.9996
4246.9996
4246.9996
4246.9996
4246.9996
4246.9996
4246.9996
4246.9996
4246.9996
4246.9996
4246.9996
4246.9996
4246.9996
4246.9996
4246.9996
4246.9996
4246.9995
4246.9995
4246.9995
4246.9995
4246.9995
4246.9995
4246.9995
4246.9995
4246.9995
4246.9995
4246.9996
4246.9996
4246.9996
4246.9996
4246.9996
4246.9996
4246.9996
4246.9996
4246.9996
4246.9996
4246.9995
4246.9995
4246.9995
4246.9995
4246.9995
4246.9995
4246.9995
4246.9995
4246.9995
4246.9995
4246.9996
4246.9996
4246.9996
4246.9996
4246.9996
4246.9996
4246.9996
4246.9996
4246.9996
4246.9996
4246.9995
4246.9995
4246.9995
4246.9995
4246.9995
4246.9995
4246.9995
4246.9995
4246.9995
4246.9995
4246.9996
4246.9996
4246.9996
4246.9996
4246.9996
4246.9996
4246.9996
4246.9996
4246.9996
4246.9996
4246.9995
4246.9995
4246.9995
4246.9995
4246.9995
4246.9995
4246.9995
4246.9995
4246.9995
4246.9995
4246.9996
4246.9996
4246.9996
4246.9996
4246.9996
4246.9996
4246.9996
4246.9996
4246.9996
4246.9996
4246.9995
4246.9995
4246.9995
4246.9995
4246.9995
4246.9995
4246.9995
4246.9995
4246.9995
4246.9995
4246.9996
4246.9996
4246.9996
4246.9996
4246.9996
4246.9996
4246.9996
4246.9996
4246.9996
4246.9996
4246.9995
4246.9995
4246.9995
4246.9995
4246.9995
4246.9995
4246.9995
4246.9995
4246.9995
4246.9995
4246.9997
4246.9997
4246.9997
4246.9997
4246.9997
4246.9997
4246.9997
4246.9997
4246.9997
4246.9997
4246.9994
4246.9994
4246.9994
4246.9994
4246.9994
4246.9994
4246.9994
4246.9994
4246.9994
4246.9994
4246.9997
4246.9997
4246.9997
4246.9997
4246.9997
4246.9997
4246.9997
4246.9997
4246.9997
4246.9997
4246.9994
4246.9994
4246.9994
4246.9994
4246.9994
4246.9994
4246.9994
4246.9994
4246.9994
4246.9994
4246.9998
4246.9998
4246.9998
4246.9998
4246.9998
4246.9998
4246.9998
4246.9998
4246.9998
4246.9998
4246.9993
4246.9993
4246.9993
4246.9993
4246.9993
4246.9993
4246.9993
4246.9993
4246.9993
4246.9993
4246.9998
4246.9999
4246.9999
4246.9999
4246.9999
4246.9999
4246.9999
4246.9999
4246.9999
4246.9998
4246.9992
4246.9992
4246.9992
4246.9992
4246.9992
4246.9992
4246.9992
4246.9992
4246.9992
4246.9992
4247
4247
4247
4247
4247
4247
4247
4247
4247
4247
4246.9991
4246.9991
4246.9991
4246.9991
4246.9991
4246.9991
4246.9991
4246.9991
4246.9991
4246.9991
4247.0001
4247.0001
4247.0001
4247.0001
4247.0001
4247.0001
4247.0001
4247.0001
4247.0001
4247.0001
4246.999
4246.9989
4246.999
4246.9989
4246.9989
4246.9989
4246.9989
4246.999
4246.9989
4246.999
4247.0002
4247.0002
4247.0002
4247.0002
4247.0002
4247.0002
4247.0002
4247.0002
4247.0002
4247.0002
4246.9988
4246.9988
4246.9988
4246.9988
4246.9988
4246.9988
4246.9988
4246.9988
4246.9988
4246.9988
4247.0004
4247.0004
4247.0004
4247.0004
4247.0004
4247.0004
4247.0004
4247.0004
4247.0004
4247.0004
4246.9986
4246.9986
4246.9986
4246.9986
4246.9986
4246.9986
4246.9986
4246.9986
4246.9986
4246.9986
4247.0007
4247.0007
4247.0007
4247.0007
4247.0007
4247.0007
4247.0007
4247.0007
4247.0007
4247.0007
4246.9983
4246.9983
4246.9983
4246.9983
4246.9983
4246.9983
4246.9983
4246.9983
4246.9983
4246.9983
4247.0009
4247.0009
4247.0009
4247.0009
4247.0009
4247.0009
4247.0009
4247.0009
4247.0009
4247.0009
4246.998
4246.998
4246.998
4246.998
4246.998
4246.998
4246.998
4246.998
4246.998
4246.998
4247.0013
4247.0013
4247.0013
4247.0013
4247.0013
4247.0013
4247.0013
4247.0013
4247.0013
4247.0013
4246.9977
4246.9977
4246.9977
4246.9977
4246.9977
4246.9977
4246.9977
4246.9977
4246.9977
4246.9977
4247.0016
4247.0016
4247.0016
4247.0016
4247.0016
4247.0016
4247.0016
4247.0016
4247.0016
4247.0016
4246.9973
4246.9973
4246.9973
4246.9973
4246.9973
4246.9973
4246.9973
4246.9973
4246.9973
4246.9973
4247.002
4247.002
4247.002
4247.002
4247.002
4247.002
4247.002
4247.002
4247.002
4247.002
4246.9968
4246.9968
4246.9968
4246.9968
4246.9968
4246.9968
4246.9968
4246.9968
4246.9968
4246.9968
4247.0025
4247.0025
4247.0025
4247.0025
4247.0025
4247.0025
4247.0025
4247.0025
4247.0025
4247.0025
4246.9963
4246.9963
4246.9963
4246.9963
4246.9963
4246.9963
4246.9963
4246.9963
4246.9963
4246.9963
4247.0031
4247.0031
4247.0031
4247.0031
4247.0031
4247.0031
4247.0031
4247.0031
4247.0031
4247.0031
4246.9957
4246.9957
4246.9957
4246.9957
4246.9957
4246.9957
4246.9957
4246.9957
4246.9957
4246.9957
4247.0037
4247.0037
4247.0037
4247.0037
4247.0037
4247.0037
4247.0037
4247.0037
4247.0037
4247.0037
4246.9951
4246.9951
4246.9951
4246.9951
4246.9951
4246.9951
4246.9951
4246.9951
4246.9951
4246.9951
4247.0044
4247.0044
4247.0044
4247.0044
4247.0044
4247.0044
4247.0044
4247.0044
4247.0044
4247.0044
4246.9943
4246.9943
4246.9943
4246.9943
4246.9943
4246.9943
4246.9943
4246.9943
4246.9943
4246.9943
4247.0051
4247.0052
4247.0051
4247.0052
4247.0052
4247.0052
4247.0052
4247.0051
4247.0052
4247.0051
4246.9935
4246.9935
4246.9935
4246.9935
4246.9935
4246.9935
4246.9935
4246.9935
4246.9935
4246.9935
4247.006
4247.006
4247.006
4247.006
4247.006
4247.006
4247.006
4247.006
4247.006
4247.006
4246.9926
4246.9926
4246.9926
4246.9926
4246.9926
4246.9926
4246.9926
4246.9926
4246.9926
4246.9926
4247.007
4247.007
4247.007
4247.007
4247.007
4247.007
4247.007
4247.007
4247.007
4247.007
4246.9916
4246.9916
4246.9916
4246.9916
4246.9916
4246.9916
4246.9916
4246.9916
4246.9916
4246.9916
4247.008
4247.0081
4247.008
4247.008
4247.008
4247.008
4247.008
4247.008
4247.0081
4247.008
4246.9905
4246.9904
4246.9905
4246.9905
4246.9905
4246.9905
4246.9905
4246.9905
4246.9904
4246.9905
4247.0092
4247.0092
4247.0092
4247.0092
4247.0092
4247.0092
4247.0092
4247.0092
4247.0092
4247.0092
4246.9893
4246.9892
4246.9893
4246.9892
4246.9892
4246.9892
4246.9892
4246.9893
4246.9892
4246.9893
4247.0104
4247.0105
4247.0105
4247.0105
4247.0105
4247.0105
4247.0105
4247.0105
4247.0105
4247.0104
4246.9879
4246.9879
4246.9879
4246.9879
4246.9879
4246.9879
4246.9879
4246.9879
4246.9879
4246.9879
4247.0118
4247.0119
4247.0118
4247.0119
4247.0119
4247.0119
4247.0119
4247.0118
4247.0119
4247.0118
4246.9865
4246.9864
4246.9865
4246.9864
4246.9865
4246.9865
4246.9864
4246.9865
4246.9864
4246.9865
4247.0133
4247.0134
4247.0134
4247.0134
4247.0134
4247.0134
4247.0134
4247.0134
4247.0134
4247.0133
4246.9849
4246.9848
4246.9849
4246.9848
4246.9849
4246.9849
4246.9848
4246.9849
4246.9848
4246.9849
4247.0149
4247.0149
4247.0149
4247.0149
4247.0149
4247.0149
4247.0149
4247.0149
4247.0149
4247.0149
4246.9833
4246.9832
4246.9833
4246.9832
4246.9833
4246.9833
4246.9832
4246.9833
4246.9832
4246.9833
4247.0168
4247.0169
4247.0168
4247.0169
4247.0168
4247.0168
4247.0169
4247.0168
4247.0169
4247.0168
4246.9813
4246.9812
4246.9813
4246.9812
4246.9813
4246.9813
4246.9812
4246.9813
4246.9812
4246.9813
4247.0185
4247.0186
4247.0186
4247.0186
4247.0186
4247.0186
4247.0186
4247.0186
4247.0186
4247.0185
4246.9795
4246.9794
4246.9795
4246.9794
4246.9794
4246.9794
4246.9794
4246.9795
4246.9794
4246.9795
4247.0207
4247.0208
4247.0207
4247.0208
4247.0207
4247.0207
4247.0208
4247.0207
4247.0208
4247.0207
4246.9773
4246.9771
4246.9772
4246.9772
4246.9772
4246.9772
4246.9772
4246.9772
4246.9771
4246.9773
4247.0228
4247.0229
4247.0228
4247.0229
4247.0228
4247.0228
4247.0229
4247.0228
4247.0229
4247.0228
4246.9751
4246.975
4246.9751
4246.975
4246.975
4246.975
4246.975
4246.9751
4246.975
4246.9751
4247.0251
4247.0253
4247.0252
4247.0252
4247.0252
4247.0252
4247.0252
4247.0252
4247.0253
4247.0251
4246.9727
4246.9725
4246.9726
4246.9726
4246.9726
4246.9726
4246.9726
4246.9726
4246.9725
4246.9727
)
;

boundaryField
{
    left
    {
        type            zeroGradient;
    }
    right
    {
        type            zeroGradient;
    }
    walls
    {
        type            zeroGradient;
    }
    centreline
    {
        type            fixedValue;
        value           uniform 4247;
    }
    frontAndBack
    {
        type            zeroGradient;
    }
}


// ************************************************************************* //
