/*--------------------------------*- C++ -*----------------------------------*\
  =========                 |
  \\      /  F ield         | OpenFOAM: The Open Source CFD Toolbox
   \\    /   O peration     | Website:  https://openfoam.org
    \\  /    A nd           | Version:  8
     \\/     M anipulation  |
\*---------------------------------------------------------------------------*/
FoamFile
{
    version     2.0;
    format      ascii;
    class       surfaceScalarField;
    location    "0.6";
    object      phi;
}
// * * * * * * * * * * * * * * * * * * * * * * * * * * * * * * * * * * * * * //

dimensions      [1 0 -1 0 0 0 0];

internalField   nonuniform List<scalar> 
4780
(
-1.7350832e-09
-4.153615e-05
-2.1533586e-16
-3.3969164e-10
-4.1539249e-05
2.9129861e-16
1.3102901e-11
-4.1538229e-05
-5.0504789e-17
-6.3022914e-11
-4.15378e-05
5.2362772e-16
-1.2183777e-14
-4.1537917e-05
-1.0639445e-16
6.3048648e-11
-4.1537917e-05
-3.3480971e-16
-1.2964133e-11
-4.15378e-05
-8.5248142e-18
3.398794e-10
-4.1538229e-05
4.0564989e-16
1.7352181e-09
-4.1539249e-05
1.44439e-16
-4.153615e-05
-5.903138e-16
-2.6506015e-09
-5.1525203e-05
-2.3694325e-16
-6.6603101e-10
-5.1532915e-05
1.4757144e-16
-1.4600005e-12
-5.1530594e-05
1.2651713e-16
-1.229408e-10
-5.1529378e-05
5.9024138e-16
-1.1810173e-14
-5.1529719e-05
-4.5485651e-16
1.2296495e-10
-5.1529719e-05
-3.5604071e-16
1.5584774e-12
-5.1529378e-05
2.8090886e-17
6.6621587e-10
-5.1530594e-05
3.0299976e-16
2.650734e-09
-5.1532915e-05
2.5757799e-18
-5.1525203e-05
-6.7119401e-16
-1.6693672e-09
-5.2970601e-05
-3.6354696e-16
-8.0384931e-10
-5.2980831e-05
3.7625868e-17
-1.1958536e-11
-5.2978454e-05
-1.4956854e-16
-1.4961928e-10
-5.2976306e-05
-2.549061e-16
-1.1959052e-14
-5.2976913e-05
-8.6361989e-16
1.4964352e-10
-5.2976913e-05
-8.7271249e-16
1.207745e-11
-5.2976306e-05
-2.5025544e-16
8.0403661e-10
-5.2978454e-05
5.6667909e-16
1.6695011e-09
-5.2980831e-05
-9.8923598e-17
-5.2970601e-05
-6.3751859e-16
-1.1424598e-09
-5.3117684e-05
-2.4591952e-16
-8.5300358e-10
-5.312933e-05
2.538971e-16
-1.7870012e-11
-5.3127515e-05
5.8823563e-17
-1.6087599e-10
-5.3124388e-05
9.5968082e-17
-1.2672903e-14
-5.3125277e-05
-8.3933756e-16
1.6090121e-10
-5.3125277e-05
-8.7629411e-16
1.7992442e-11
-5.3124388e-05
-4.672238e-17
8.5319257e-10
-5.3127515e-05
5.5815516e-16
1.1425953e-09
-5.312933e-05
-1.0390016e-16
-5.3117684e-05
-5.6522511e-16
-8.715604e-10
-5.312954e-05
-3.8863755e-16
-8.6752446e-10
-5.3142048e-05
1.3317893e-16
-1.9656054e-11
-5.3141092e-05
7.8288269e-17
-1.6594022e-10
-5.3136969e-05
1.5171908e-16
-1.315965e-14
-5.313815e-05
-3.9830525e-16
1.6596603e-10
-5.3138149e-05
-7.1650016e-16
1.9780108e-11
-5.3136969e-05
-2.6022425e-16
8.6771533e-10
-5.3141092e-05
6.6880092e-16
8.7169754e-10
-5.3142048e-05
-1.2420301e-16
-5.312954e-05
-6.2039012e-16
-8.1344649e-10
-5.3130835e-05
-2.7809631e-16
-8.6957543e-10
-5.314409e-05
2.2636088e-16
-1.9755285e-11
-5.3144054e-05
-2.8872241e-16
-1.6885347e-10
-5.3138931e-05
-3.114694e-16
-1.3576853e-14
-5.3140407e-05
-4.4191351e-16
1.6887969e-10
-5.3140407e-05
-6.639734e-16
1.9880795e-11
-5.3138931e-05
-2.9319689e-16
8.6976859e-10
-5.3144053e-05
3.3776628e-16
8.1358531e-10
-5.314409e-05
-1.9865154e-17
-5.3130835e-05
-4.844993e-16
-7.5116997e-10
-5.3131549e-05
-1.695777e-16
-8.6809037e-10
-5.314543e-05
2.76017e-16
-1.8874726e-11
-5.3146371e-05
-1.9737063e-16
-1.710932e-10
-5.3140246e-05
-1.3365389e-16
-1.3793506e-14
-5.3142025e-05
-1.2858055e-17
1.7111984e-10
-5.3142025e-05
-4.144285e-16
1.9001726e-11
-5.3140246e-05
-1.8888709e-16
8.6828608e-10
-5.3146371e-05
4.2544039e-16
7.513105e-10
-5.314543e-05
2.3969664e-17
-5.3131549e-05
-8.1314584e-16
-7.4842769e-10
-5.3132242e-05
-1.1867352e-16
-8.6536673e-10
-5.3146748e-05
2.5752152e-16
-1.7828177e-11
-5.3148663e-05
-7.5530164e-16
-1.7312353e-10
-5.3141536e-05
2.6115326e-17
-1.4001737e-14
-5.3143622e-05
-4.5412934e-17
1.7315056e-10
-5.3143622e-05
-3.7477164e-16
1.7956322e-11
-5.3141536e-05
-3.0945823e-16
8.6556501e-10
-5.3148663e-05
2.305183e-16
7.4857033e-10
-5.3146748e-05
1.6540187e-16
-5.3132242e-05
-6.275318e-16
-7.1116166e-10
-5.3132984e-05
-1.8140279e-16
-8.6226968e-10
-5.3148047e-05
2.6392012e-16
-1.6412286e-11
-5.3150967e-05
-2.3710573e-16
-1.7506615e-10
-5.3142836e-05
4.942741e-16
-1.4123111e-14
-5.3145235e-05
7.8815054e-16
1.7509366e-10
-5.3145235e-05
3.8231568e-17
1.6541719e-11
-5.3142836e-05
1.2784904e-16
8.6247052e-10
-5.3150966e-05
1.342512e-16
7.1130621e-10
-5.3148047e-05
7.6272059e-18
-5.3132984e-05
-6.4130406e-16
-7.0533201e-10
-5.3133739e-05
-2.0263915e-16
-8.5891961e-10
-5.3149355e-05
1.3177385e-17
-1.4957827e-11
-5.3153277e-05
-4.2717014e-16
-1.7694671e-10
-5.3144142e-05
-3.8378647e-16
-1.4322948e-14
-5.3146859e-05
-1.4874503e-16
1.7697453e-10
-5.3146859e-05
-2.4838101e-16
1.5088388e-11
-5.3144142e-05
-3.6242288e-16
8.5912322e-10
-5.3153276e-05
6.0974279e-16
7.0547863e-10
-5.3149355e-05
5.9140049e-16
-5.3133739e-05
-7.4508415e-16
-6.728728e-10
-5.3134537e-05
-3.4635879e-16
-8.5530932e-10
-5.3150648e-05
1.8193263e-16
-1.3210888e-11
-5.3155596e-05
-3.4839832e-16
-1.7877162e-10
-5.3145457e-05
-1.2783774e-16
-1.434077e-14
-5.3148498e-05
1.0058804e-16
1.7879994e-10
-5.3148498e-05
-1.6117307e-16
1.3342289e-11
-5.3145457e-05
-2.1022054e-16
8.5551568e-10
-5.3155596e-05
6.7008702e-16
6.7302145e-10
-5.3150648e-05
1.0898742e-15
-5.3134538e-05
-3.1763333e-16
-6.6122138e-10
-5.3135353e-05
-1.806725e-16
-8.5153347e-10
-5.3151943e-05
7.9496109e-17
-1.1384324e-11
-5.315792e-05
-3.3293388e-16
-1.8053316e-10
-5.3146775e-05
-7.1203355e-16
-1.45229e-14
-5.3150147e-05
-6.196517e-16
1.8056194e-10
-5.3150147e-05
-6.1763001e-16
1.1516473e-11
-5.3146775e-05
-5.3748464e-16
8.5174282e-10
-5.315792e-05
4.8335944e-16
6.6137204e-10
-5.3151942e-05
1.0343846e-15
-5.3135353e-05
-7.5259588e-17
-6.3104346e-10
-5.3136206e-05
-1.7222644e-16
-8.4747349e-10
-5.3153223e-05
-1.2371225e-16
-9.3184182e-12
-5.3160251e-05
-2.0731815e-16
-1.8223985e-10
-5.31481e-05
1.6348672e-16
-1.4517113e-14
-5.315181e-05
1.5623626e-17
1.8226903e-10
-5.3151809e-05
-2.9279032e-16
9.4508625e-12
-5.31481e-05
-2.0164491e-16
8.4768547e-10
-5.3160251e-05
2.6263101e-17
6.3119591e-10
-5.3153223e-05
5.3371628e-16
-5.3136207e-05
-3.0836948e-16
-6.1433964e-10
-5.313708e-05
4.9997206e-17
-8.4324301e-10
-5.3154498e-05
1.7711802e-16
-7.1172951e-12
-5.3162586e-05
-1.8841118e-16
-1.838715e-10
-5.3149427e-05
-6.6205612e-16
-1.4683119e-14
-5.3153481e-05
-4.7744682e-16
1.8390132e-10
-5.3153481e-05
-5.5557935e-16
7.2488698e-12
-5.3149426e-05
-1.4641023e-16
8.4345785e-10
-5.3162586e-05
2.1206063e-16
6.1449448e-10
-5.3154498e-05
2.1431619e-16
-5.3137081e-05
-8.1745491e-16
-5.8558846e-10
-5.3137992e-05
-2.3681221e-16
-8.3875048e-10
-5.3155761e-05
-1.0428673e-16
-4.7840091e-12
-5.3164929e-05
2.5852161e-16
-1.8545396e-10
-5.3150761e-05
-1.2380599e-16
-1.4602803e-14
-5.3155166e-05
-3.2551293e-16
1.8548454e-10
-5.3155166e-05
-5.0254633e-16
4.9126784e-12
-5.315076e-05
-4.5339574e-16
8.38968e-10
-5.3164928e-05
2.4508807e-16
5.8574576e-10
-5.3155761e-05
4.0745837e-16
-5.3137992e-05
-1.0088053e-15
-5.6408887e-10
-5.3138927e-05
-6.2976545e-17
-8.340236e-10
-5.3157012e-05
2.1561811e-16
-2.2932911e-12
-5.3167272e-05
3.4548394e-16
-1.8694242e-10
-5.3152094e-05
3.5116399e-16
-1.4687121e-14
-5.3156859e-05
2.9573934e-16
1.8697342e-10
-5.3156858e-05
1.2447544e-16
2.4150824e-12
-5.3152093e-05
3.9723867e-16
8.3424403e-10
-5.3167272e-05
2.8961659e-16
5.6424754e-10
-5.3157012e-05
-3.0932064e-17
-5.3138927e-05
-9.1281012e-16
-5.3665028e-10
-5.3139899e-05
-4.1546181e-16
-8.2912873e-10
-5.3158253e-05
-5.5317164e-17
1.6950342e-13
-5.3169625e-05
-2.558732e-16
-1.8840086e-10
-5.3153434e-05
-1.3124052e-15
-1.4863843e-14
-5.3158567e-05
-6.8777013e-16
1.8843227e-10
-5.3158567e-05
-1.0353895e-15
-1.6509379e-14
-5.3153434e-05
-7.762524e-16
8.2935217e-10
-5.3169625e-05
4.2403038e-16
5.3681044e-10
-5.3158253e-05
4.0631968e-17
-5.3139899e-05
-1.0743344e-15
-5.0980104e-10
-5.3140895e-05
4.1257751e-16
-8.2384618e-10
-5.3159472e-05
6.6213675e-16
4.6699362e-12
-5.3171976e-05
3.6225199e-16
-1.8972814e-10
-5.3154768e-05
-6.581036e-16
-1.4816877e-14
-5.3160278e-05
-4.1195765e-16
1.8976036e-10
-5.3160278e-05
-2.1064407e-16
-4.485314e-12
-5.3154767e-05
-3.0558075e-16
8.240722e-10
-5.3171976e-05
1.7138457e-16
5.0996364e-10
-5.3159471e-05
1.4326085e-16
-5.3140895e-05
-9.08801e-16
-4.8448935e-10
-5.3141928e-05
2.7709972e-16
-8.1861262e-10
-5.3160684e-05
3.6509978e-16
8.4992979e-12
-5.317434e-05
-6.21236e-16
-1.9107414e-10
-5.315611e-05
-2.2672551e-15
-1.5028215e-14
-5.3162008e-05
-1.3916852e-15
1.9110672e-10
-5.3162007e-05
-1.434264e-15
-8.3247043e-12
-5.3156109e-05
-1.2875506e-15
8.1884222e-10
-5.317434e-05
1.0803546e-16
4.8465488e-10
-5.3160684e-05
3.9965728e-16
-5.3141928e-05
-9.9720366e-16
-4.5054345e-10
-5.3142984e-05
1.8927015e-16
-8.1267599e-10
-5.3161859e-05
3.1637086e-16
1.336584e-11
-5.3176694e-05
7.4567639e-16
-1.922155e-10
-5.3157435e-05
9.7851399e-16
-1.4857759e-14
-5.3163732e-05
8.7293695e-16
1.9224902e-10
-5.3163732e-05
5.7877762e-16
-1.3193979e-11
-5.3157435e-05
4.0448984e-16
8.1290801e-10
-5.3176694e-05
-1.1100776e-16
4.5071043e-10
-5.3161859e-05
2.9963394e-16
-5.3142985e-05
-1.4250674e-16
-4.2966533e-10
-5.3144079e-05
6.082478e-16
-8.0723552e-10
-5.3163036e-05
5.1017953e-16
1.708486e-11
-5.3179066e-05
-2.1626628e-16
-1.9348099e-10
-5.3158775e-05
-5.1896219e-16
-1.4986104e-14
-5.316548e-05
-4.2623902e-16
1.9351499e-10
-5.316548e-05
-5.2582595e-16
-1.6913608e-11
-5.3158774e-05
-2.9213429e-16
8.0747087e-10
-5.3179066e-05
-3.0414105e-16
4.2983475e-10
-5.3163036e-05
4.1505839e-16
-5.3144079e-05
-4.6134736e-16
-3.848795e-10
-5.3145196e-05
-5.0563997e-16
-8.0046297e-10
-5.3164154e-05
-5.1070967e-16
2.3045108e-11
-5.3181418e-05
1.5425732e-16
-1.9438549e-10
-5.3160085e-05
2.1915549e-16
-1.4976563e-14
-5.3167212e-05
7.5428854e-16
1.9442052e-10
-5.3167211e-05
2.5562324e-16
-2.2873771e-11
-5.3160084e-05
8.1463071e-16
8.0070118e-10
-5.3181418e-05
2.5669944e-16
3.850509e-10
-5.3164154e-05
-4.5612073e-16
-5.3145197e-05
-9.8669e-16
-3.7333207e-10
-5.3146356e-05
5.2875255e-17
-7.9506951e-10
-5.3165296e-05
-5.1601155e-17
2.6355756e-11
-5.3183801e-05
-6.2494601e-16
-1.9564064e-10
-5.3161422e-05
-6.7606151e-16
-1.516319e-14
-5.3168979e-05
-3.7458688e-18
1.9567613e-10
-5.3168979e-05
-1.9421274e-17
-2.618281e-11
-5.3161421e-05
7.4631425e-16
7.9531069e-10
-5.3183801e-05
4.27533e-16
3.7350505e-10
-5.3165296e-05
-1.6421033e-16
-5.3146357e-05
-7.3854565e-16
-3.1047776e-10
-5.3147539e-05
-3.0481655e-16
-7.8711857e-10
-5.3166342e-05
-5.2587657e-16
3.4180881e-11
-5.3186147e-05
3.7207402e-16
-1.9620942e-10
-5.316271e-05
3.3627073e-16
-1.4850599e-14
-5.3170711e-05
2.6699526e-16
1.9624593e-10
-5.3170711e-05
-3.1947557e-16
-3.4006749e-11
-5.3162709e-05
8.8597225e-17
7.8736272e-10
-5.3186147e-05
2.3975627e-16
3.1065243e-10
-5.3166342e-05
-2.4005441e-17
-5.3147539e-05
-1.0136418e-15
-3.177111e-10
-5.3148769e-05
-7.6366983e-17
-7.8225292e-10
-5.3167455e-05
-4.5265644e-16
3.6209305e-11
-5.3188548e-05
3.2075622e-16
-1.9759466e-10
-5.316405e-05
3.0662593e-16
-1.4863255e-14
-5.3172503e-05
3.6284366e-16
1.9763158e-10
-5.3172503e-05
3.0170901e-16
-3.6033803e-11
-5.316405e-05
2.7967294e-16
7.8249991e-10
-5.3188548e-05
-1.360744e-16
3.1788794e-10
-5.3167455e-05
7.3246979e-16
-5.314877e-05
-3.7098392e-16
-2.2355148e-10
-5.3150025e-05
-5.3832222e-17
-7.7248747e-10
-5.3168412e-05
-3.023861e-16
4.7271097e-11
-5.3190884e-05
1.6980446e-17
-1.9762919e-10
-5.316531e-05
-1.0676151e-15
-1.4772435e-14
-5.3174228e-05
-7.1697485e-16
1.9766715e-10
-5.3174228e-05
-8.618086e-16
-4.7093971e-11
-5.3165309e-05
-9.072288e-16
7.7273762e-10
-5.3190884e-05
-2.354212e-16
2.2373008e-10
-5.3168412e-05
6.2374007e-16
-5.3150026e-05
-1.7661492e-16
-2.667991e-10
-5.3151334e-05
-1.8934626e-16
-7.6902471e-10
-5.3169513e-05
-3.5842308e-16
4.6251593e-11
-5.3193315e-05
-3.8664124e-16
-1.9941654e-10
-5.3166666e-05
-4.3818177e-16
-1.4838719e-14
-5.3176054e-05
-6.019991e-17
1.9945487e-10
-5.3176054e-05
1.1717688e-16
-4.6073314e-11
-5.3166665e-05
-2.6445043e-16
7.6927833e-10
-5.3193314e-05
-2.699185e-19
2.6698028e-10
-5.3169513e-05
-1.4505374e-16
-5.3151335e-05
-1.0222208e-15
-1.182141e-10
-5.3152675e-05
3.7347299e-16
-7.5628862e-10
-5.3170358e-05
3.4591383e-16
6.3075409e-11
-5.3195633e-05
-2.6594756e-16
-1.9852971e-10
-5.3167888e-05
-3.8778897e-16
-1.4563017e-14
-5.3177762e-05
-4.1553898e-16
1.9856955e-10
-5.3177761e-05
-7.0408454e-16
-6.2894453e-11
-5.3167887e-05
-8.875289e-16
7.5654498e-10
-5.3195633e-05
-4.1767725e-17
1.1839527e-10
-5.3170358e-05
9.903524e-17
-5.3152675e-05
-7.3997776e-16
-2.272871e-10
-5.315407e-05
5.1176666e-16
-7.5577583e-10
-5.3171476e-05
5.4869121e-16
5.5686299e-11
-5.319811e-05
-6.4599505e-16
-2.012283e-10
-5.316928e-05
1.04979e-16
-1.4742793e-14
-5.3179637e-05
6.6244752e-16
2.0126825e-10
-5.3179636e-05
3.5455645e-16
-5.5503246e-11
-5.3169279e-05
-4.253265e-16
7.5603501e-10
-5.3198109e-05
-4.7108423e-16
2.2747103e-10
-5.3171476e-05
-4.0572486e-16
-5.315407e-05
-1.1116045e-15
1.3025041e-11
-5.3155509e-05
-1.8456657e-16
-7.3803478e-10
-5.3172174e-05
-5.7260877e-16
8.279691e-11
-5.32004e-05
-3.0965807e-16
-1.9869883e-10
-5.3170452e-05
1.2762292e-15
-1.4447876e-14
-5.3181312e-05
1.3264605e-15
1.9874068e-10
-5.3181311e-05
5.5948364e-16
-8.26115e-11
-5.3170451e-05
2.3871069e-16
7.3829776e-10
-5.32004e-05
3.1836925e-17
-1.282091e-11
-5.3172174e-05
9.5871435e-16
-5.315551e-05
-1.3190053e-16
-2.0957259e-10
-5.3156994e-05
2.9827756e-16
-7.4311135e-10
-5.3173358e-05
2.2529321e-16
6.3128732e-11
-5.3202944e-05
-3.1978021e-16
-2.0322357e-10
-5.3171911e-05
1.7806294e-16
-1.4725676e-14
-5.3183259e-05
8.6437865e-16
2.0326488e-10
-5.3183259e-05
-1.845398e-16
-6.2942558e-11
-5.3171911e-05
-3.7406309e-16
7.4337708e-10
-5.3202944e-05
6.0475324e-16
2.0976145e-10
-5.3173358e-05
2.2918863e-15
-5.3156995e-05
1.7188516e-17
1.9319365e-10
-5.3158569e-05
-2.1767333e-16
-7.1692843e-10
-5.3173849e-05
-3.8587966e-16
1.082729e-10
-5.3205193e-05
1.3045917e-15
-1.9777895e-10
-5.3173019e-05
2.1701367e-15
-1.3820427e-14
-5.3184885e-05
1.1736688e-15
1.9782299e-10
-5.3184885e-05
2.4951323e-16
-1.0808363e-10
-5.3173018e-05
5.4193329e-17
7.1719728e-10
-5.3205193e-05
6.4698025e-16
-1.9300099e-10
-5.3173849e-05
1.329199e-15
-5.315857e-05
-3.5744338e-17
-2.286374e-10
-5.3160142e-05
-2.0855826e-16
-7.3191193e-10
-5.3175171e-05
-1.2102797e-16
6.6407087e-11
-5.3207834e-05
1.2176719e-15
-2.0569089e-10
-5.317459e-05
3.1616153e-16
-1.4174159e-14
-5.3186941e-05
-9.3381571e-16
2.0573402e-10
-5.318694e-05
-1.2014974e-15
-6.6217243e-11
-5.3174589e-05
-1.6886982e-15
7.3218336e-10
-5.3207834e-05
-1.5015002e-15
2.2882982e-10
-5.3175172e-05
-1.147123e-15
-5.3160143e-05
-1.2193613e-15
4.3233375e-10
-5.3161895e-05
-2.3176759e-16
-6.9173495e-10
-5.3175386e-05
-4.3219452e-16
1.4212243e-10
-5.3210024e-05
-4.325347e-16
-1.9522706e-10
-5.3175614e-05
-4.526881e-17
-1.3507547e-14
-5.3188501e-05
7.1925306e-16
1.9527316e-10
-5.31885e-05
4.4912077e-16
-1.4192879e-10
-5.3175613e-05
6.6965848e-16
6.9201026e-10
-5.3210024e-05
1.0787442e-15
-4.3213754e-10
-5.3175387e-05
9.5838483e-16
-5.3161896e-05
-8.7473681e-16
-3.0453825e-10
-5.3163546e-05
-2.142292e-16
-7.2336809e-10
-5.3176947e-05
-3.3768239e-16
6.2392039e-11
-5.3212799e-05
1.3300763e-15
-2.0902582e-10
-5.3177351e-05
-1.6409006e-16
-1.396018e-14
-5.3190713e-05
-1.0334933e-15
2.0907021e-10
-5.3190712e-05
-1.343775e-15
-6.2198935e-11
-5.317735e-05
-1.8565491e-15
7.2364556e-10
-5.3212799e-05
-2.1034387e-15
3.0473477e-10
-5.3176947e-05
-1.6971008e-15
-5.3163548e-05
-1.3005592e-15
7.5647428e-10
-5.3165544e-05
-2.3655221e-16
-6.6067148e-10
-5.3176788e-05
-2.9884352e-16
1.8784682e-10
-5.3214915e-05
2.9097239e-15
-1.9029808e-10
-5.3178267e-05
3.921607e-15
-1.2458238e-14
-5.3192189e-05
1.6918385e-15
1.9034725e-10
-5.3192189e-05
7.8138334e-16
-1.8764853e-10
-5.3178266e-05
2.4333097e-15
6.6095292e-10
-5.3214914e-05
1.6147614e-15
-7.562745e-10
-5.3176788e-05
8.134897e-16
-5.3165545e-05
-9.5808143e-16
-4.6171854e-10
-5.3167245e-05
-1.6911121e-16
-7.1904531e-10
-5.3178717e-05
-6.9129594e-16
4.6631559e-11
-5.3217864e-05
-6.8530512e-16
-2.1369568e-10
-5.3180235e-05
-7.7173034e-16
-1.4050683e-14
-5.3194617e-05
-3.1887365e-16
2.1374095e-10
-5.3194617e-05
-6.3633519e-16
-4.6436142e-11
-5.3180234e-05
-4.1080114e-16
7.1932856e-10
-5.3217864e-05
-5.5104232e-16
4.6191917e-10
-5.3178718e-05
-1.5004874e-15
-5.3167246e-05
-1.7092965e-15
1.1946862e-09
-5.316958e-05
5.9020002e-17
-6.213024e-10
-5.3178057e-05
-2.2219851e-16
2.498435e-10
-5.321989e-05
2.2926656e-15
-1.8206025e-10
-5.3181008e-05
2.7237883e-15
-1.1660891e-14
-5.3195991e-05
9.1104471e-16
1.8211289e-10
-5.3195991e-05
5.7965833e-16
-2.4964031e-10
-5.3181007e-05
9.3388744e-16
6.2159024e-10
-5.321989e-05
1.8436697e-15
-1.1944824e-09
-5.3178058e-05
1.3595368e-15
-5.3169582e-05
-5.9243607e-16
-7.289563e-10
-5.317128e-05
-2.8333321e-16
-7.2184146e-10
-5.3180517e-05
-5.5857589e-16
1.5833342e-11
-5.3223065e-05
1.0463806e-15
-2.2059677e-10
-5.3183277e-05
1.113836e-15
-1.388133e-14
-5.3198702e-05
3.2733725e-18
2.2064358e-10
-5.3198701e-05
-6.7918516e-16
-1.5642693e-11
-5.3183276e-05
8.2197193e-16
7.2212878e-10
-5.3223065e-05
1.1635336e-15
7.2916033e-10
-5.3180517e-05
-8.8186136e-16
-5.3171282e-05
-1.7530925e-15
1.78084e-09
-5.317408e-05
-2.5179148e-16
-5.7045571e-10
-5.3179196e-05
1.8760469e-16
3.3338249e-10
-5.322499e-05
1.3411232e-15
-1.69417e-10
-5.3183862e-05
1.0539291e-15
-1.057979e-14
-5.3199952e-05
9.7255338e-16
1.6947292e-10
-5.3199952e-05
4.2291668e-16
-3.3317433e-10
-5.3183861e-05
6.5641592e-17
5.7075091e-10
-5.322499e-05
3.0947889e-16
-1.7806325e-09
-5.3179197e-05
3.0096855e-16
-5.3174082e-05
-6.0054725e-16
-1.1401837e-09
-5.31757e-05
-5.3343024e-16
-7.3520123e-10
-5.3182384e-05
-1.0583473e-15
-3.652722e-11
-5.3228448e-05
2.7722803e-15
-2.3117168e-10
-5.3186508e-05
2.8603063e-15
-1.3417066e-14
-5.3203018e-05
5.763761e-16
2.3121992e-10
-5.3203017e-05
2.8514326e-16
3.6742012e-11
-5.3186508e-05
1.7126391e-15
7.3549184e-10
-5.3228448e-05
4.4033213e-16
1.1403912e-09
-5.3182384e-05
-1.556613e-15
-5.3175702e-05
-2.0004444e-15
2.554138e-09
-5.3179129e-05
1.9817489e-16
-5.0410948e-10
-5.3180207e-05
-5.3577897e-17
4.445819e-10
-5.3230267e-05
-1.2897469e-15
-1.5109632e-10
-5.3186852e-05
-2.2821174e-15
-9.406461e-15
-5.3204116e-05
-9.5805977e-17
1.5115601e-10
-5.3204116e-05
-3.3810945e-16
-4.44369e-10
-5.3186851e-05
-1.5460513e-15
5.044126e-10
-5.3230267e-05
2.7577188e-16
-2.5539266e-09
-5.3180208e-05
1.2245149e-15
-5.3179131e-05
-2.2512285e-16
-1.7345714e-09
-5.3180555e-05
-2.7448838e-16
-7.6313301e-10
-5.3184362e-05
-3.4531315e-16
-1.194052e-10
-5.3234071e-05
1.823245e-15
-2.4678905e-10
-5.3189961e-05
1.6821809e-15
-1.3475854e-14
-5.3207609e-05
-1.0953033e-16
2.4683766e-10
-5.3207609e-05
-6.768597e-16
1.1961873e-10
-5.318996e-05
3.7858819e-16
7.6342707e-10
-5.3234071e-05
1.1879935e-15
1.7347821e-09
-5.3184363e-05
-1.0024632e-15
-5.3180557e-05
-2.4485092e-15
3.5599794e-09
-5.3184818e-05
1.8949389e-15
-4.1716489e-10
-5.3181091e-05
1.6118961e-15
5.9038862e-10
-5.3235781e-05
2.1011126e-15
-1.255585e-10
-5.3189999e-05
6.4549546e-16
-7.4132614e-15
-5.3208515e-05
-1.7766084e-16
1.2562356e-10
-5.3208515e-05
6.3360073e-17
-5.9017082e-10
-5.3189998e-05
-1.0950735e-15
4.1747709e-10
-5.3235781e-05
-5.5281692e-16
-3.5597646e-09
-5.3181092e-05
4.2500315e-16
-5.318482e-05
1.0392321e-15
-2.5575259e-09
-5.3185896e-05
-1.7943477e-15
-8.1031503e-10
-5.3186497e-05
-2.3338625e-15
-2.3845106e-10
-5.3239997e-05
-2.097441e-15
-2.6892552e-10
-5.3193665e-05
-1.910954e-15
-1.3911289e-14
-5.3212506e-05
-4.4730002e-16
2.6897436e-10
-5.3212506e-05
-8.5469189e-16
2.3866567e-10
-5.3193664e-05
-3.3721003e-16
8.1061183e-10
-5.3239997e-05
3.8095085e-16
2.5577404e-09
-5.3186498e-05
-1.0818534e-16
-5.3185898e-05
-1.3671997e-15
4.8511412e-09
-5.3191243e-05
1.7603651e-15
-3.0287256e-10
-5.3181841e-05
1.2166563e-15
7.7854402e-10
-5.3241588e-05
2.8089065e-15
-9.0736646e-11
-5.3193323e-05
1.7512084e-15
-5.4447647e-15
-5.3213165e-05
4.4197997e-16
9.0808067e-11
-5.3213164e-05
1.8115559e-16
-7.7832143e-10
-5.3193323e-05
-4.6307866e-16
3.0319745e-10
-5.3241588e-05
5.1631534e-17
-4.8509222e-09
-5.3181842e-05
3.0143442e-16
-5.3191245e-05
2.0659366e-16
-3.6619637e-09
-5.3191765e-05
-1.7261545e-15
-8.8209243e-10
-5.3188835e-05
-2.9512444e-15
-4.0209773e-10
-5.3246281e-05
4.8648364e-16
-2.9909562e-10
-5.3197657e-05
7.4374955e-16
-1.3854494e-14
-5.3217726e-05
-1.5453064e-15
2.9914499e-10
-5.3217725e-05
-1.5221228e-15
4.0231419e-10
-5.3197657e-05
-8.1141081e-16
8.8239015e-10
-5.3246281e-05
-8.3614712e-17
3.6621806e-09
-5.3188836e-05
1.4491339e-15
-5.3191767e-05
-1.5688238e-16
6.4891828e-09
-5.3198494e-05
1.5619998e-15
-1.5058442e-10
-5.3182442e-05
1.6701111e-15
1.0175118e-09
-5.3247726e-05
1.9433505e-16
-4.3074418e-11
-5.3196852e-05
-6.3065858e-16
-3.6333209e-15
-5.3218065e-05
1.0067953e-15
4.3156072e-11
-5.3218065e-05
7.0351877e-16
-1.0172844e-09
-5.3196851e-05
1.0898315e-16
1.5093358e-10
-5.3247727e-05
8.4443709e-16
-6.4889597e-09
-5.3182443e-05
1.1465614e-15
-5.3198497e-05
6.8963551e-16
-5.1097659e-09
-5.3198193e-05
-1.9344224e-15
-9.8450095e-10
-5.3191422e-05
-3.2988302e-15
-6.1934709e-10
-5.3252954e-05
-8.3151638e-16
-3.3883479e-10
-5.3201982e-05
-1.1249927e-15
-1.4563498e-14
-5.3223277e-05
-2.3398117e-15
3.3888418e-10
-5.3223276e-05
-1.2523547e-15
6.1956572e-10
-5.3201981e-05
-1.5848898e-15
9.8479994e-10
-5.3252954e-05
-1.1232005e-15
5.1099846e-09
-5.3191423e-05
4.3117274e-16
-5.3198195e-05
-6.2961267e-16
8.5460364e-09
-5.3206656e-05
2.0497713e-15
4.6919838e-11
-5.3182861e-05
1.68784e-15
1.3163447e-09
-5.3254204e-05
5.6657814e-16
1.7567952e-11
-5.3200609e-05
-2.0319731e-16
-5.6170924e-16
-5.3223217e-05
1.3964146e-15
-1.7506336e-11
-5.3223217e-05
7.1754349e-16
-1.316112e-09
-5.3200608e-05
9.7459092e-16
-4.665854e-11
-5.3254205e-05
1.3778167e-15
-8.5458103e-09
-5.3182862e-05
-5.5756471e-16
-5.3206658e-05
-1.3335948e-15
-6.9734203e-09
-5.3205193e-05
-2.3641609e-15
-1.1243271e-09
-5.3194294e-05
-3.5496721e-15
-8.9987535e-10
-5.326002e-05
-1.2914079e-15
-3.8973834e-10
-5.3206681e-05
-7.4422083e-16
-1.5406358e-14
-5.3229176e-05
-2.6252359e-15
3.8978671e-10
-5.3229175e-05
-1.2898276e-15
9.0009542e-10
-5.320668e-05
-1.664706e-15
1.1246269e-09
-5.326002e-05
-1.1137384e-15
6.9736405e-09
-5.3194295e-05
6.5335799e-16
-5.3205196e-05
-1.1073354e-15
1.1105832e-08
-5.3215804e-05
2.7043648e-15
2.4752667e-10
-5.3182987e-05
1.878809e-15
1.6845042e-09
-5.3261053e-05
1.3957482e-15
7.8136889e-11
-5.3204598e-05
8.0087566e-16
2.3291577e-15
-5.3228639e-05
2.7920457e-15
-7.8062258e-11
-5.3228638e-05
8.4849081e-16
-1.6842666e-09
-5.3204597e-05
1.1491143e-15
-2.4722435e-10
-5.3261054e-05
2.1499866e-15
-1.1105603e-08
-5.3182988e-05
1.2059935e-15
-5.3215807e-05
9.3706728e-16
-9.3378877e-09
-5.3212771e-05
-3.0008938e-15
-1.3091858e-09
-5.3197428e-05
-3.2833877e-15
-1.2539609e-09
-5.3267517e-05
-1.493164e-15
-4.5355581e-10
-5.3211775e-05
-1.6985902e-15
-1.6726793e-14
-5.3235462e-05
-4.1954923e-15
4.5360198e-10
-5.3235462e-05
-1.4248463e-15
1.2541818e-09
-5.3211774e-05
-1.9330735e-15
1.3094868e-09
-5.3267517e-05
6.2289903e-16
9.3381092e-09
-5.3197429e-05
2.6126861e-16
-5.3212774e-05
-2.7143464e-15
1.4267049e-08
-5.3226024e-05
4.0531958e-15
5.0668965e-10
-5.318273e-05
2.5146946e-15
2.1316376e-09
-5.3268243e-05
1.8721483e-15
1.5601503e-10
-5.3208822e-05
1.4276397e-15
5.8189521e-15
-5.3234338e-05
4.3165686e-15
-1.5593164e-10
-5.3234337e-05
1.7892734e-15
-2.1313945e-09
-5.3208821e-05
1.8345025e-15
-5.0637387e-10
-5.3268244e-05
-4.2796491e-17
-1.4266818e-08
-5.3182732e-05
-3.6252389e-16
-5.3226027e-05
1.1066483e-15
-1.2302776e-08
-5.3220937e-05
-1.9176878e-15
-1.5476235e-09
-5.3200841e-05
-1.6157255e-15
-1.6922857e-09
-5.3275433e-05
-1.9554093e-15
-5.3227714e-10
-5.3217291e-05
-2.4019506e-16
-1.8368673e-14
-5.3242163e-05
-3.2441849e-15
5.3232087e-10
-5.3242163e-05
-2.01717e-16
1.6925062e-09
-5.321729e-05
-8.4493644e-16
1.5479227e-09
-5.3275433e-05
-6.0552951e-16
1.2302998e-08
-5.3200842e-05
1.8571466e-15
-5.322094e-05
-3.8582791e-16
1.8145159e-08
-5.3237437e-05
1.5677e-15
8.2834783e-10
-5.3181973e-05
-3.2347204e-16
2.6673215e-09
-5.3275752e-05
3.9913434e-15
2.5193765e-10
-5.3213272e-05
1.4874644e-15
1.0247524e-14
-5.3240314e-05
2.7138296e-15
-2.5184642e-10
-5.3240314e-05
-2.0157625e-16
-2.6670736e-09
-5.3213272e-05
2.5682546e-16
-8.2802113e-10
-5.3275752e-05
5.6174424e-16
-1.8144925e-08
-5.3181974e-05
3.2388973e-16
-5.3237441e-05
1.2389207e-15
-1.5984832e-08
-5.3229735e-05
-2.2096648e-15
-1.8491798e-09
-5.320454e-05
-2.7895436e-15
-2.2256032e-09
-5.328377e-05
2.5409671e-15
-6.2815093e-10
-5.3223246e-05
4.3547852e-15
-2.0001957e-14
-5.3249296e-05
-3.6458354e-15
6.2819109e-10
-5.3249296e-05
-3.284716e-17
2.225823e-09
-5.3223245e-05
-7.7939773e-16
1.8494775e-09
-5.328377e-05
-8.0564292e-16
1.5985053e-08
-5.3204542e-05
-1.5542435e-15
-5.3229738e-05
-1.6628738e-15
2.2875759e-08
-5.3250216e-05
1.0927126e-15
1.2215438e-09
-5.3180567e-05
5.0562901e-16
3.3007122e-09
-5.3283561e-05
1.472555e-15
3.6797394e-10
-5.3217931e-05
2.3368613e-15
1.4904838e-14
-5.324655e-05
5.6047114e-15
-3.6787388e-10
-5.324655e-05
3.0303068e-15
-3.3004585e-09
-5.321793e-05
3.1607849e-15
-1.2212064e-09
-5.3283561e-05
1.0797941e-15
-2.2875522e-08
-5.3180569e-05
1.9820231e-15
-5.325022e-05
3.0510612e-15
-2.0520744e-08
-5.3239231e-05
-2.6597766e-15
-2.2243703e-09
-5.3208526e-05
-2.7272794e-15
-2.8643028e-09
-5.3292534e-05
-1.141848e-15
-7.4363344e-10
-5.3229652e-05
-1.564498e-15
-2.3175505e-14
-5.3256862e-05
-5.5550416e-15
7.4366922e-10
-5.3256862e-05
-2.9410434e-15
2.8645207e-09
-5.3229651e-05
-2.8545627e-15
2.2246646e-09
-5.3292535e-05
-1.1581441e-15
2.0520965e-08
-5.3208528e-05
-4.2450001e-15
-5.3239234e-05
-4.5923271e-15
2.8618162e-08
-5.3264564e-05
1.8400059e-15
1.6970057e-09
-5.3178337e-05
1.2479709e-15
4.0400008e-09
-5.3291642e-05
1.8601656e-15
5.0664355e-10
-5.3222779e-05
1.383491e-15
2.0790752e-14
-5.3253011e-05
6.204188e-15
-5.0653304e-10
-5.3253011e-05
2.2165923e-15
-4.0397411e-09
-5.3222778e-05
3.3937684e-15
-1.6966598e-09
-5.3291643e-05
1.7484915e-15
-2.8617922e-08
-5.3178339e-05
2.1700252e-15
-5.3264568e-05
2.8480772e-15
-2.6070488e-08
-5.3249473e-05
-2.3248108e-15
-2.6845935e-09
-5.3212793e-05
-3.1121181e-15
-3.6178786e-09
-5.3301715e-05
-2.2570109e-15
-8.8133998e-10
-5.3236519e-05
-1.9988313e-15
-2.6759122e-14
-5.326485e-05
-6.5045218e-15
8.8136967e-10
-5.326485e-05
-3.948131e-15
3.618093e-09
-5.3236518e-05
-4.310428e-15
2.6848827e-09
-5.3301715e-05
-1.0216162e-15
2.6070707e-08
-5.3212795e-05
-4.1611019e-15
-5.3249477e-05
-5.1893634e-15
3.5559481e-08
-5.3280661e-05
1.5677921e-15
2.2667329e-09
-5.3175069e-05
8.8244585e-16
4.8916203e-09
-5.3299942e-05
2.2939674e-15
6.708029e-10
-5.3227793e-05
2.5264047e-15
2.7258634e-14
-5.3259657e-05
7.1277814e-15
-6.7068106e-10
-5.3259657e-05
2.8604443e-15
-4.8913535e-09
-5.3227793e-05
4.4235993e-15
-2.2663779e-09
-5.3299943e-05
1.2965279e-15
-3.5559239e-08
-5.3175071e-05
2.0604632e-15
-5.3280664e-05
3.8073195e-15
-3.2821638e-08
-5.3260441e-05
-2.6919105e-15
-3.2420549e-09
-5.3217321e-05
-2.8142017e-15
-4.4942362e-09
-5.3311277e-05
-2.64147e-15
-1.044063e-09
-5.3243848e-05
-1.9777825e-15
-3.1286664e-14
-5.3273248e-05
-7.5647482e-15
1.0440855e-09
-5.3273247e-05
-3.2004929e-15
4.4944462e-09
-5.3243847e-05
-4.3332175e-15
3.2423372e-09
-5.3311278e-05
-1.1464892e-16
3.2821854e-08
-5.3217323e-05
-3.3344956e-15
-5.3260445e-05
-4.9413373e-15
4.3919397e-08
-5.3298632e-05
1.7813541e-15
2.9438802e-09
-5.3170512e-05
7.4955554e-16
5.8591882e-09
-5.3308388e-05
2.5959448e-15
8.6356926e-10
-5.3232948e-05
4.1272129e-15
3.481414e-14
-5.3266454e-05
9.2141412e-15
-8.6343538e-10
-5.3266453e-05
2.8115529e-15
-5.8589154e-09
-5.3232947e-05
4.5852646e-15
-2.9435162e-09
-5.3308389e-05
4.54402e-15
-4.3919151e-08
-5.3170514e-05
7.5594145e-15
-5.3298635e-05
7.6749274e-15
-4.099484e-08
-5.3272036e-05
-2.8875478e-15
-3.909797e-09
-5.322208e-05
-2.8791447e-15
-5.4987233e-09
-5.3321174e-05
-2.572778e-15
-1.2348361e-09
-5.3251631e-05
-2.9102622e-15
-3.6547855e-14
-5.3282042e-05
-9.2197131e-15
1.2348508e-09
-5.3282042e-05
-2.3316893e-15
5.4989281e-09
-5.325163e-05
-4.7179114e-15
3.9100706e-09
-5.3321175e-05
-3.2078867e-15
4.0995051e-08
-5.3222083e-05
-8.2188784e-15
-5.327204e-05
-9.3905908e-15
5.3955875e-08
-5.3318607e-05
9.6359781e-16
3.7425914e-09
-5.3164375e-05
5.9308963e-16
6.9422055e-09
-5.3316906e-05
2.4910626e-15
1.0882212e-09
-5.323822e-05
4.9905228e-15
4.311253e-14
-5.3273371e-05
1.1247972e-14
-1.0880744e-09
-5.3273371e-05
2.575739e-15
-6.9419258e-09
-5.3238219e-05
5.2002643e-15
-3.7422175e-09
-5.3316907e-05
4.3389076e-15
-5.3955627e-08
-5.3164377e-05
8.3328512e-15
-5.3318611e-05
8.3203746e-15
-5.0850308e-08
-5.3284159e-05
-2.815935e-15
-4.7017914e-09
-5.3227041e-05
-2.7005442e-15
-6.632807e-09
-5.3331361e-05
-2.0845298e-15
-1.4569488e-09
-5.3259852e-05
-2.1702641e-15
-4.2221825e-14
-5.3291215e-05
-1.1541323e-14
1.4569529e-09
-5.3291214e-05
-1.9150659e-15
6.6330039e-09
-5.3259851e-05
-5.8511393e-15
4.7020544e-09
-5.3331362e-05
3.8064341e-16
5.0850513e-08
-5.3227043e-05
-3.258758e-15
-5.3284163e-05
-7.9414379e-15
6.5972809e-08
-5.3340822e-05
8.5945593e-16
4.677792e-09
-5.3156339e-05
9.5298643e-17
8.1344038e-09
-5.3325432e-05
9.1785098e-15
1.3481632e-09
-5.3243603e-05
1.2181737e-14
5.2621181e-14
-5.3280381e-05
1.3820382e-14
-1.3480015e-09
-5.328038e-05
2.6127385e-15
-8.1341166e-09
-5.3243602e-05
5.9773501e-15
-4.6774087e-09
-5.3325433e-05
1.0780166e-15
-6.597256e-08
-5.3156342e-05
2.7372884e-15
-5.3340826e-05
6.0860303e-15
-6.2695774e-08
-5.3296762e-05
-1.4145257e-15
-5.6329076e-09
-5.3232179e-05
-1.7898446e-15
-7.8923611e-09
-5.3341792e-05
-8.7517898e-15
-1.7138858e-09
-5.3268497e-05
-8.9694888e-15
-4.9587008e-14
-5.3300736e-05
-1.3816123e-14
1.713879e-09
-5.3300736e-05
-1.8541998e-15
7.8925501e-09
-5.3268497e-05
-7.3022164e-15
5.6331583e-09
-5.3341793e-05
-3.8903435e-17
6.2695973e-08
-5.3232181e-05
-4.2714982e-15
-5.3296766e-05
-8.3819624e-15
8.0330083e-08
-5.3365643e-05
-1.2141157e-16
5.7651242e-09
-5.3146056e-05
2.7614507e-16
9.4215775e-09
-5.3333905e-05
7.555857e-15
1.6469396e-09
-5.3249117e-05
1.1725253e-14
6.234952e-14
-5.3287464e-05
1.7717316e-14
-1.646763e-09
-5.3287463e-05
2.0923108e-15
-9.4212842e-09
-5.3249116e-05
5.2565677e-15
-5.7647324e-09
-5.3333906e-05
2.7309135e-16
-8.0329832e-08
-5.3146059e-05
3.8870722e-15
-5.3365647e-05
7.1793154e-15
-7.6896045e-08
-5.3309825e-05
-1.3599082e-15
-6.7187047e-09
-5.3237477e-05
5.9102181e-17
-9.2654868e-09
-5.3352413e-05
-9.4068771e-15
-2.009258e-09
-5.3277552e-05
-9.8153703e-15
-5.6208954e-14
-5.3310573e-05
-1.8002661e-14
2.0092404e-09
-5.3310573e-05
-7.6872084e-16
9.2656676e-09
-5.3277552e-05
-7.991269e-15
6.7189415e-09
-5.3352414e-05
1.7326622e-16
7.6896237e-08
-5.323748e-05
-4.6670337e-15
-5.3309829e-05
-9.5850391e-15
9.7455228e-08
-5.3393498e-05
-4.2261197e-16
7.0209818e-09
-5.3133136e-05
-2.9555179e-16
1.0778724e-08
-5.3342262e-05
8.6130939e-15
1.9882035e-09
-5.3254813e-05
1.3407938e-14
7.2250409e-14
-5.3294623e-05
2.2976145e-14
-1.9880133e-09
-5.3294623e-05
1.2936541e-15
-1.0778426e-08
-5.3254812e-05
5.6313887e-15
-7.0205815e-09
-5.3342263e-05
-9.2863084e-16
-9.7454976e-08
-5.3133138e-05
2.2448568e-15
-5.3393503e-05
9.9079653e-15
-9.3884671e-08
-5.3323285e-05
9.2058209e-16
-7.9751828e-09
-5.3242923e-05
2.3640501e-15
-1.0729668e-08
-5.3363157e-05
-9.9283249e-15
-2.3467681e-09
-5.3286998e-05
-1.0682132e-14
-6.3008002e-14
-5.3320689e-05
-2.3772458e-14
2.3467402e-09
-5.3320688e-05
-2.924636e-16
1.0729841e-08
-5.3286997e-05
-8.4054146e-15
7.975405e-09
-5.3363158e-05
2.1165963e-15
9.3884855e-08
-5.3242926e-05
-3.4302807e-15
-5.332329e-05
-1.1178977e-14
1.1785691e-07
-5.3424867e-05
1.9987984e-15
8.4623736e-09
-5.3117128e-05
8.6187359e-16
1.216637e-08
-5.3350446e-05
1.0575243e-14
2.3755665e-09
-5.3260774e-05
1.3889908e-14
8.19452e-14
-5.3301887e-05
2.9212283e-14
-2.3753639e-09
-5.3301887e-05
-1.5915564e-15
-1.2166069e-08
-5.3260773e-05
7.7848387e-15
-8.4619669e-09
-5.3350447e-05
-2.2747295e-15
-1.1785666e-07
-5.311713e-05
6.2311783e-15
-5.3424872e-05
1.639069e-14
-1.1417828e-07
-5.3337041e-05
-6.6006634e-16
-9.4185725e-09
-5.3248503e-05
5.874543e-16
-1.2248024e-08
-5.3373953e-05
-1.0606243e-14
-2.7301135e-09
-5.3296812e-05
-1.1387913e-14
-6.9775765e-14
-5.3331042e-05
-2.9600426e-14
2.7300759e-09
-5.3331042e-05
2.4495206e-15
1.2248191e-08
-5.3296811e-05
-7.5606227e-15
9.4187807e-09
-5.3373954e-05
5.9274427e-15
1.1417846e-07
-5.3248506e-05
-2.218355e-15
-5.3337046e-05
-1.4290276e-14
1.4214122e-07
-5.346035e-05
3.921402e-16
1.0106419e-08
-5.3097517e-05
-2.3048357e-15
1.3525857e-08
-5.3358416e-05
1.2810783e-14
2.8123837e-09
-5.3267132e-05
1.7372111e-14
9.1622787e-14
-5.3309298e-05
3.8097067e-14
-2.8121716e-09
-5.3309298e-05
-3.5875165e-15
-1.3525559e-08
-5.3267132e-05
9.177414e-15
-1.0106008e-08
-5.3358417e-05
-5.3430478e-15
-1.4214097e-07
-5.309752e-05
1.0902224e-15
-5.3460355e-05
1.512904e-14
-1.3839392e-07
-5.3350975e-05
2.0349869e-15
-1.1064827e-08
-5.3254216e-05
4.0515331e-15
-1.3764477e-08
-5.3384728e-05
-4.1759317e-15
-3.1627158e-09
-5.3306973e-05
-5.0208284e-15
-7.5265356e-14
-5.3341581e-05
-3.934997e-14
3.1626714e-09
-5.3341581e-05
3.9281242e-15
1.3764642e-08
-5.3306973e-05
-8.2438516e-15
1.1065022e-08
-5.3384729e-05
9.6411818e-15
1.3839409e-07
-5.3254219e-05
-2.4383766e-16
-5.3350979e-05
-1.797877e-14
1.7103283e-07
-5.3500739e-05
-1.7051789e-15
1.1969467e-08
-5.3073709e-05
-5.1958343e-15
1.4773239e-08
-5.3366129e-05
6.4812936e-15
3.3016357e-09
-5.3274086e-05
1.2381167e-14
9.9856915e-14
-5.3316917e-05
4.8814524e-14
-3.3014169e-09
-5.3316917e-05
-6.2972481e-15
-1.4772949e-08
-5.3274086e-05
8.6892266e-15
-1.1969059e-08
-5.3366131e-05
-9.6639771e-15
-1.7103259e-07
-5.3073712e-05
-7.6854527e-18
-5.3500744e-05
1.9964498e-14
-1.672718e-07
-5.3364988e-05
6.5765292e-15
-1.2928577e-08
-5.3260086e-05
1.2089639e-14
-1.5197515e-08
-5.3395398e-05
-4.1943646e-15
-3.6474711e-09
-5.3317473e-05
-8.5683911e-15
-8.1544917e-14
-5.3352239e-05
-5.0871221e-14
3.6474223e-09
-5.3352239e-05
1.0320984e-14
1.5197682e-08
-5.3317473e-05
-7.3050095e-15
1.2928764e-08
-5.33954e-05
1.5523279e-14
1.6727197e-07
-5.3260089e-05
3.0688912e-15
-5.3364993e-05
-2.0896065e-14
2.0540322e-07
-5.3546952e-05
-6.1156106e-15
1.4066137e-08
-5.3045e-05
-1.2479416e-14
1.5791064e-08
-5.3373516e-05
6.3627141e-15
3.8458657e-09
-5.3281895e-05
1.5212855e-14
1.0792928e-13
-5.3324833e-05
6.5454226e-14
-3.8456433e-09
-5.3324833e-05
-1.1750392e-14
-1.579079e-08
-5.3281895e-05
8.4994447e-15
-1.406574e-08
-5.3373517e-05
-1.6023602e-14
-2.0540298e-07
-5.3045004e-05
-3.0030252e-15
-5.3546957e-05
2.3495562e-14
-2.0170486e-07
-5.337896e-05
1.2854268e-14
-1.5021731e-08
-5.3266175e-05
2.1515222e-14
-1.6431843e-08
-5.340585e-05
-1.7226287e-15
-4.1864069e-09
-5.3328312e-05
-7.7573212e-15
-8.7131814e-14
-5.3362951e-05
-6.5973877e-14
4.1863551e-09
-5.3362951e-05
1.9132997e-14
1.6432019e-08
-5.3328312e-05
-3.9283939e-15
1.5021917e-08
-5.3405851e-05
2.350147e-14
2.0170503e-07
-5.3266179e-05
1.6295593e-14
-5.3378966e-05
-2.0221536e-14
2.4630492e-07
-5.3600047e-05
-1.3255862e-14
1.6407759e-08
-5.3010544e-05
-2.3651365e-14
1.6417432e-08
-5.338049e-05
4.0957653e-15
4.4465603e-09
-5.329088e-05
1.5928551e-14
1.1555832e-13
-5.3333174e-05
8.4226124e-14
-4.4463388e-09
-5.3333174e-05
-2.0085184e-14
-1.6417183e-08
-5.329088e-05
5.6241101e-15
-1.6407386e-08
-5.3380491e-05
-2.6175732e-14
-2.463047e-07
-5.3010548e-05
-9.9273277e-15
-5.3600052e-05
2.7883463e-14
-2.4277538e-07
-5.3392968e-05
2.3872171e-14
-1.7350605e-08
-5.3273274e-05
3.7796803e-14
-1.7307381e-08
-5.3416346e-05
3.4533013e-15
-4.780071e-09
-5.3340037e-05
-5.8778597e-15
-9.220684e-14
-5.3374135e-05
-8.3901337e-14
4.7800189e-09
-5.3374135e-05
3.1910051e-14
1.7307573e-08
-5.3340037e-05
2.7616671e-15
1.7350801e-08
-5.3416348e-05
3.7535673e-14
2.4277556e-07
-5.3273278e-05
2.4614275e-14
-5.3392973e-05
-2.7034777e-14
2.9502956e-07
-5.3660632e-05
-2.4306153e-14
1.9002745e-08
-5.2967942e-05
-4.1306554e-14
1.6434977e-08
-5.3386139e-05
-9.854557e-16
5.1039958e-09
-5.3300311e-05
1.3427718e-14
1.2300198e-13
-5.3341131e-05
1.0684004e-13
-5.1037785e-09
-5.3341131e-05
-3.5064869e-14
-1.6434765e-08
-5.3300311e-05
-1.0911763e-15
-1.9002409e-08
-5.3386141e-05
-4.2745244e-14
-2.9502938e-07
-5.2967946e-05
-1.9135278e-14
-5.3660638e-05
3.9085716e-14
-2.9135831e-07
-5.3376801e-05
4.508641e-14
-1.9926711e-08
-5.3225278e-05
7.1448524e-14
-1.7705704e-08
-5.3393614e-05
1.4170784e-14
-5.4250793e-09
-5.3307182e-05
2.361986e-15
-9.7608952e-14
-5.334662e-05
-1.0223477e-13
5.4250281e-09
-5.334662e-05
5.4728915e-14
1.7705922e-08
-5.3307182e-05
1.8506987e-14
1.9926926e-08
-5.3393616e-05
5.9426812e-14
2.9135849e-07
-5.3225282e-05
4.8813317e-14
-5.3376807e-05
-2.6177791e-14
3.5275339e-07
-5.3758614e-05
-4.3339622e-14
2.1844862e-08
-5.2964195e-05
-7.2682396e-14
1.5644007e-08
-5.3420771e-05
-1.1953324e-14
5.8131598e-09
-5.3350997e-05
6.3312372e-15
1.2999512e-13
-5.3384131e-05
1.2816708e-13
-5.8129492e-09
-5.338413e-05
-5.9227052e-14
-1.5643842e-08
-5.3350997e-05
-1.8754839e-14
-2.1844578e-08
-5.3420772e-05
-6.7085552e-14
-3.5275324e-07
-5.2964198e-05
-4.4476615e-14
-5.375862e-05
4.0739314e-14
-3.4986204e-07
-5.474342e-05
6.6552625e-14
-2.2775702e-08
-5.5548064e-05
1.1631006e-13
-1.7339693e-08
-5.4860021e-05
3.5223438e-14
-6.1038173e-09
-5.5253252e-05
2.5757923e-14
-1.0383368e-13
-5.5046733e-05
-1.1444804e-13
6.1037669e-09
-5.5046733e-05
9.1194017e-14
1.7339944e-08
-5.5253249e-05
5.1015275e-14
2.2775951e-08
-5.4860017e-05
9.4478627e-14
3.4986224e-07
-5.5548044e-05
8.6333302e-14
-5.4743407e-05
-2.4550805e-14
4.2194933e-07
-5.3721935e-05
-7.3698453e-14
2.4961968e-08
-5.2786228e-05
-1.2838449e-13
1.3654974e-08
-5.3306109e-05
-3.7347833e-14
6.5496589e-09
-5.3246846e-05
-2.0397126e-14
1.3626038e-13
-5.3275232e-05
1.4131798e-13
-6.5494559e-09
-5.3275232e-05
-9.9864068e-14
-1.3654867e-08
-5.3246846e-05
-5.3936104e-14
-2.4961754e-08
-5.330611e-05
-1.0731867e-13
-4.2194921e-07
-5.2786231e-05
-9.5487782e-14
-5.372194e-05
3.4164966e-14
-4.1859393e-07
-4.7217308e-05
6.3169683e-14
-2.6233299e-08
-4.7122103e-05
9.9451351e-14
-1.5527935e-08
-4.7232436e-05
1.6142948e-14
-6.9369113e-09
-4.7185779e-05
-1.3318661e-14
-1.1336575e-13
-4.7206106e-05
-1.8898018e-13
6.9368526e-09
-4.7206106e-05
7.7747089e-14
1.5528202e-08
-4.7185779e-05
1.8501685e-14
2.623356e-08
-4.7232437e-05
9.3219936e-14
4.1859415e-07
-4.7122106e-05
5.6713835e-14
-4.7217312e-05
-5.6968036e-14
5.0331047e-07
-5.3900099e-05
-7.2516924e-14
2.8727312e-08
-5.277747e-05
-1.1239917e-13
9.6455126e-09
-5.3389264e-05
-1.8782772e-14
7.4426739e-09
-5.3334704e-05
1.9475847e-14
1.4612879e-13
-5.3361357e-05
2.2128701e-13
-7.4424688e-09
-5.3361356e-05
-8.6799404e-14
-9.6454459e-09
-5.3334704e-05
-2.046523e-14
-2.8727145e-08
-5.3389266e-05
-1.0114942e-13
-5.033104e-07
-5.2777474e-05
-6.0352013e-14
-5.3900105e-05
6.9181908e-14
-5.0189727e-07
-5.9275671e-05
6.4578001e-14
-2.9804662e-08
-5.9058245e-05
9.4931623e-14
-1.1914352e-08
-5.927702e-05
7.348489e-15
-7.8149433e-09
-5.9175745e-05
-3.9045405e-14
-1.2420778e-13
-5.9221397e-05
-2.5631811e-13
7.8148725e-09
-5.9221397e-05
7.654622e-14
1.1914642e-08
-5.9175745e-05
1.1761699e-15
2.9804951e-08
-5.9277022e-05
9.6150373e-14
5.0189752e-07
-5.9058251e-05
3.9285445e-14
-5.9275679e-05
-8.722553e-14
6.0172257e-07
-5.4036424e-05
-7.2818756e-14
3.2626324e-08
-5.2717872e-05
-1.091274e-13
2.8319184e-09
-5.3414338e-05
-9.015871e-15
8.3847339e-09
-5.3381472e-05
4.5355791e-14
1.5672401e-13
-5.3397837e-05
2.8932332e-13
-8.3845208e-09
-5.3397837e-05
-8.783678e-14
-2.8318943e-09
-5.3381472e-05
-4.8420843e-15
-3.2626218e-08
-5.341434e-05
-1.1121017e-13
-6.0172255e-07
-5.2717876e-05
-4.8325591e-14
-5.403643e-05
9.9772758e-14
-6.0252238e-07
-4.8208993e-05
6.9492833e-14
-3.3547204e-08
-4.816212e-05
1.0076953e-13
-5.5831523e-09
-4.8231381e-05
2.1082395e-15
-8.7596442e-09
-4.8213699e-05
-5.7185533e-14
-1.374393e-13
-4.8220376e-05
-3.1892468e-13
8.7595504e-09
-4.8220377e-05
8.8679522e-14
5.5834653e-09
-4.8213699e-05
-3.3254162e-15
3.3547512e-08
-4.8231383e-05
1.1140292e-13
6.0252265e-07
-4.8162123e-05
3.3187506e-14
-4.8208997e-05
-1.1383792e-13
7.204239e-07
-5.4135478e-05
-7.664254e-14
3.6715867e-08
-5.2582886e-05
-1.1107665e-13
-6.3205153e-09
-5.3380352e-05
-6.9056693e-15
9.3941579e-09
-5.3374363e-05
6.7864189e-14
1.6610507e-13
-5.3377881e-05
3.4754877e-13
-9.3939259e-09
-5.3377881e-05
-9.1656405e-14
6.3205148e-09
-5.3374363e-05
1.0937667e-14
-3.6715811e-08
-5.3380354e-05
-1.1799605e-13
-7.2042392e-07
-5.258289e-05
-4.1407129e-14
-5.4135484e-05
1.2296017e-13
-7.2369601e-07
-5.7795417e-05
7.8476269e-14
-3.7531547e-08
-5.7516006e-05
1.1160712e-13
3.8673741e-09
-5.7784349e-05
4.6913612e-15
-9.7802006e-09
-5.7661456e-05
-7.9695855e-14
-1.5030597e-13
-5.7717313e-05
-3.8789218e-13
9.7800641e-09
-5.7717313e-05
9.5734756e-14
-3.8671491e-09
-5.7661456e-05
-1.8510861e-14
3.7531841e-08
-5.7784352e-05
1.2295766e-13
7.2369628e-07
-5.7516013e-05
3.368001e-14
-5.7795425e-05
-1.393772e-13
8.6333865e-07
-5.43297e-05
-7.8180566e-14
4.1072233e-08
-5.2502662e-05
-1.1387106e-13
-1.943723e-08
-5.3416321e-05
2.2856847e-15
1.0480428e-08
-5.3446092e-05
9.1437209e-14
1.7488717e-13
-5.3432443e-05
3.7825783e-13
-1.0480154e-08
-5.3432443e-05
-9.679374e-14
1.9437257e-08
-5.3446092e-05
1.6516728e-14
-4.1072183e-08
-5.3416323e-05
-1.2478811e-13
-8.6333868e-07
-5.2502667e-05
-3.6582628e-14
-5.4329707e-05
1.3586563e-13
-8.698301e-07
-5.0324634e-05
8.3092536e-14
-4.1726635e-08
-5.0386116e-05
1.2315928e-13
1.6620077e-08
-5.0371283e-05
-6.9350325e-15
-1.0861398e-08
-5.0400007e-05
-9.8798813e-14
-1.6297602e-13
-5.0384847e-05
-4.3119712e-13
1.0861187e-08
-5.0384848e-05
1.1329397e-13
-1.6619938e-08
-5.0400007e-05
-1.2033629e-14
4.1726842e-08
-5.0371284e-05
1.3943688e-13
8.6983032e-07
-5.038612e-05
3.5775077e-14
-5.0324639e-05
-1.5780534e-13
1.0328389e-06
-5.4457295e-05
-8.1878382e-14
4.5664343e-08
-5.2307335e-05
-1.2348288e-13
-3.8445262e-08
-5.335545e-05
-2.5782177e-15
1.1624861e-08
-5.343264e-05
9.4738101e-14
1.7336952e-13
-5.3396091e-05
4.1758395e-13
-1.1624513e-08
-5.339609e-05
-1.1330664e-13
3.8445406e-08
-5.343264e-05
2.1325077e-15
-4.5664205e-08
-5.3355452e-05
-1.4209571e-13
-1.0328388e-06
-5.230734e-05
-4.0959357e-14
-5.4457302e-05
1.5271289e-13
-1.1155676e-06
-5.4666763e-05
-4.3920418e-15
-4.628934e-08
-5.4525737e-05
4.0107118e-15
3.5514323e-08
-5.4760346e-05
-2.7225525e-14
-1.201211e-08
-5.4591186e-05
4.0509534e-14
-1.643074e-13
-5.4669275e-05
4.5200921e-14
1.2011789e-08
-5.4669274e-05
1.9793001e-14
-3.5514399e-08
-5.4591186e-05
-1.4140545e-14
4.6289327e-08
-5.4760349e-05
-1.1995705e-14
1.1155676e-06
-5.4525742e-05
-2.0802829e-14
-5.4666771e-05
3.6556035e-14
-1.2359876e-07
4.0869815e-14
4.9724968e-08
4.6258901e-14
-6.4548055e-08
2.457815e-14
1.2821329e-08
-1.0074666e-13
1.460828e-13
-2.6085269e-13
-1.2820872e-08
2.082718e-14
6.4548469e-08
4.3206868e-15
-4.9724578e-08
8.1946134e-14
1.23599e-07
4.7085398e-14
-1.2214812e-13
-1.7350831e-09
-4.153615e-05
-3.396917e-10
-4.1539249e-05
1.3102835e-11
-4.1538229e-05
-6.3022921e-11
-4.15378e-05
-1.2313979e-14
-4.1537917e-05
6.304878e-11
-4.1537917e-05
-1.2963946e-11
-4.15378e-05
3.3987924e-10
-4.1538229e-05
1.7352179e-09
-4.1539249e-05
-4.153615e-05
-2.6506013e-09
-5.1525203e-05
-6.660311e-10
-5.1532915e-05
-1.4600981e-12
-5.1530594e-05
-1.2294083e-10
-5.1529378e-05
-1.1925317e-14
-5.1529719e-05
1.2296513e-10
-5.1529719e-05
1.5585523e-12
-5.1529378e-05
6.6621583e-10
-5.1530594e-05
2.6507339e-09
-5.1532915e-05
-5.1525203e-05
-1.6693669e-09
-5.2970601e-05
-8.0384961e-10
-5.2980831e-05
-1.1958789e-11
-5.2978454e-05
-1.4961915e-10
-5.2976306e-05
-1.1996143e-14
-5.2976913e-05
1.4964372e-10
-5.2976913e-05
1.2077516e-11
-5.2976306e-05
8.0403668e-10
-5.2978454e-05
1.669501e-09
-5.2980831e-05
-5.2970601e-05
-1.1424598e-09
-5.3117684e-05
-8.5300377e-10
-5.312933e-05
-1.7869931e-11
-5.3127515e-05
-1.6087599e-10
-5.3124388e-05
-1.2738021e-14
-5.3125277e-05
1.6090138e-10
-5.3125277e-05
1.7992299e-11
-5.3124388e-05
8.5319267e-10
-5.3127515e-05
1.1425954e-09
-5.312933e-05
-5.3117684e-05
-8.7156033e-10
-5.312954e-05
-8.6752454e-10
-5.3142048e-05
-1.9656132e-11
-5.3141092e-05
-1.6594019e-10
-5.3136969e-05
-1.3193763e-14
-5.313815e-05
1.6596611e-10
-5.3138149e-05
1.978017e-11
-5.3136969e-05
8.6771535e-10
-5.3141092e-05
8.716974e-10
-5.3142048e-05
-5.312954e-05
-8.1344641e-10
-5.3130835e-05
-8.6957556e-10
-5.314409e-05
-1.9755656e-11
-5.3144054e-05
-1.6885343e-10
-5.3138931e-05
-1.3379098e-14
-5.3140407e-05
1.6887977e-10
-5.3140407e-05
1.9880954e-11
-5.3138931e-05
8.6976859e-10
-5.3144053e-05
8.1358516e-10
-5.314409e-05
-5.3130835e-05
-7.5116991e-10
-5.3131549e-05
-8.6809045e-10
-5.314543e-05
-1.8874917e-11
-5.3146371e-05
-1.7109312e-10
-5.3140246e-05
-1.3779554e-14
-5.3142025e-05
1.7111987e-10
-5.3142025e-05
1.9001897e-11
-5.3140246e-05
8.6828597e-10
-5.3146371e-05
7.5131024e-10
-5.314543e-05
-5.3131549e-05
-7.4842767e-10
-5.3132242e-05
-8.6536684e-10
-5.3146748e-05
-1.782839e-11
-5.3148663e-05
-1.7312344e-10
-5.3141536e-05
-1.4017277e-14
-5.3143622e-05
1.7315057e-10
-5.3143622e-05
1.7956574e-11
-5.3141536e-05
8.6556495e-10
-5.3148663e-05
7.4857007e-10
-5.3146748e-05
-5.3132242e-05
-7.1116158e-10
-5.3132984e-05
-8.6226965e-10
-5.3148047e-05
-1.6412486e-11
-5.3150967e-05
-1.7506601e-10
-5.3142836e-05
-1.4128318e-14
-5.3145235e-05
1.750936e-10
-5.3145235e-05
1.6541792e-11
-5.3142836e-05
8.6247039e-10
-5.3150966e-05
7.1130603e-10
-5.3148047e-05
-5.3132984e-05
-7.05332e-10
-5.3133739e-05
-8.5891968e-10
-5.3149355e-05
-1.4958149e-11
-5.3153277e-05
-1.7694663e-10
-5.3144142e-05
-1.4235152e-14
-5.3146859e-05
1.7697467e-10
-5.3146859e-05
1.5088608e-11
-5.3144142e-05
8.5912309e-10
-5.3153276e-05
7.054783e-10
-5.3149355e-05
-5.3133739e-05
-6.7287275e-10
-5.3134537e-05
-8.5530938e-10
-5.3150648e-05
-1.3210989e-11
-5.3155596e-05
-1.7877152e-10
-5.3145457e-05
-1.4411966e-14
-5.3148498e-05
1.7879999e-10
-5.3148498e-05
1.3342463e-11
-5.3145457e-05
8.5551559e-10
-5.3155596e-05
6.7302103e-10
-5.3150648e-05
-5.3134538e-05
-6.6122142e-10
-5.3135353e-05
-8.5153361e-10
-5.3151943e-05
-1.1384515e-11
-5.315792e-05
-1.8053312e-10
-5.3146775e-05
-1.453995e-14
-5.3150147e-05
1.8056208e-10
-5.3150147e-05
1.1516772e-11
-5.3146775e-05
8.5174265e-10
-5.315792e-05
6.6137152e-10
-5.3151942e-05
-5.3135353e-05
-6.310435e-10
-5.3136206e-05
-8.4747348e-10
-5.3153223e-05
-9.318459e-12
-5.3160251e-05
-1.8223979e-10
-5.31481e-05
-1.4628214e-14
-5.315181e-05
1.8226908e-10
-5.3151809e-05
9.4510715e-12
-5.31481e-05
8.4768527e-10
-5.3160251e-05
6.3119545e-10
-5.3153223e-05
-5.3136207e-05
-6.1433969e-10
-5.313708e-05
-8.4324315e-10
-5.3154498e-05
-7.1174793e-12
-5.3162586e-05
-1.8387139e-10
-5.3149427e-05
-1.4663065e-14
-5.3153481e-05
1.839015e-10
-5.3153481e-05
7.2490316e-12
-5.3149426e-05
8.4345762e-10
-5.3162586e-05
6.1449406e-10
-5.3154498e-05
-5.3137081e-05
-5.8558842e-10
-5.3137992e-05
-8.3875067e-10
-5.3155761e-05
-4.7840999e-12
-5.3164929e-05
-1.8545378e-10
-5.3150761e-05
-1.478628e-14
-5.3155166e-05
1.8548456e-10
-5.3155166e-05
4.9129263e-12
-5.315076e-05
8.3896799e-10
-5.3164928e-05
5.8574537e-10
-5.3155761e-05
-5.3137992e-05
-5.6408878e-10
-5.3138927e-05
-8.3402372e-10
-5.3157012e-05
-2.2933525e-12
-5.3167272e-05
-1.8694216e-10
-5.3152094e-05
-1.4785343e-14
-5.3156859e-05
1.8697334e-10
-5.3156858e-05
2.4151567e-12
-5.3152093e-05
8.3424421e-10
-5.3167272e-05
5.6424724e-10
-5.3157012e-05
-5.3138927e-05
-5.3665015e-10
-5.3139899e-05
-8.2912883e-10
-5.3158253e-05
1.6933727e-13
-5.3169625e-05
-1.8840068e-10
-5.3153434e-05
-1.4936487e-14
-5.3158567e-05
1.8843233e-10
-5.3158567e-05
-1.6298604e-14
-5.3153434e-05
8.2935187e-10
-5.3169625e-05
5.3681014e-10
-5.3158253e-05
-5.3139899e-05
-5.0980079e-10
-5.3140895e-05
-8.2384609e-10
-5.3159472e-05
4.669816e-12
-5.3171976e-05
-1.8972806e-10
-5.3154768e-05
-1.4943499e-14
-5.3160278e-05
1.8976033e-10
-5.3160278e-05
-4.4853083e-12
-5.3154767e-05
8.2407218e-10
-5.3171976e-05
5.0996338e-10
-5.3159471e-05
-5.3140895e-05
-4.844892e-10
-5.3141928e-05
-8.1861272e-10
-5.3160684e-05
8.498966e-12
-5.317434e-05
-1.9107403e-10
-5.315611e-05
-1.5015242e-14
-5.3162008e-05
1.9110688e-10
-5.3162007e-05
-8.3243671e-12
-5.3156109e-05
8.1884226e-10
-5.317434e-05
4.8465447e-10
-5.3160684e-05
-5.3141928e-05
-4.5054313e-10
-5.3142984e-05
-8.1267564e-10
-5.3161859e-05
1.336581e-11
-5.3176694e-05
-1.9221527e-10
-5.3157435e-05
-1.5011426e-14
-5.3163732e-05
1.9224884e-10
-5.3163732e-05
-1.3193912e-11
-5.3157435e-05
8.129078e-10
-5.3176694e-05
4.5071012e-10
-5.3161859e-05
-5.3142985e-05
-4.296652e-10
-5.3144079e-05
-8.0723561e-10
-5.3163036e-05
1.708443e-11
-5.3179066e-05
-1.9348072e-10
-5.3158775e-05
-1.5032277e-14
-5.316548e-05
1.9351496e-10
-5.316548e-05
-1.6913195e-11
-5.3158774e-05
8.074708e-10
-5.3179066e-05
4.2983434e-10
-5.3163036e-05
-5.3144079e-05
-3.8487934e-10
-5.3145196e-05
-8.0046268e-10
-5.3164154e-05
2.3044988e-11
-5.3181418e-05
-1.9438527e-10
-5.3160085e-05
-1.4992399e-14
-5.3167212e-05
1.9442027e-10
-5.3167211e-05
-2.287366e-11
-5.3160084e-05
8.0070107e-10
-5.3181418e-05
3.8505056e-10
-5.3164154e-05
-5.3145197e-05
-3.7333208e-10
-5.3146356e-05
-7.9506959e-10
-5.3165296e-05
2.6355361e-11
-5.3183801e-05
-1.9564031e-10
-5.3161422e-05
-1.4998169e-14
-5.3168979e-05
1.9567593e-10
-5.3168979e-05
-2.6182584e-11
-5.3161421e-05
7.9531075e-10
-5.3183801e-05
3.7350477e-10
-5.3165296e-05
-5.3146357e-05
-3.1047767e-10
-5.3147539e-05
-7.8711842e-10
-5.3166342e-05
3.4180656e-11
-5.3186147e-05
-1.9620927e-10
-5.316271e-05
-1.5018056e-14
-5.3170711e-05
1.9624573e-10
-5.3170711e-05
-3.40065e-11
-5.3162709e-05
7.8736267e-10
-5.3186147e-05
3.1065215e-10
-5.3166342e-05
-5.3147539e-05
-3.1771116e-10
-5.3148769e-05
-7.8225282e-10
-5.3167455e-05
3.6209227e-11
-5.3188548e-05
-1.9759447e-10
-5.316405e-05
-1.5005031e-14
-5.3172503e-05
1.9763143e-10
-5.3172503e-05
-3.6033651e-11
-5.316405e-05
7.8249983e-10
-5.3188548e-05
3.1788762e-10
-5.3167455e-05
-5.314877e-05
-2.2355155e-10
-5.3150025e-05
-7.7248745e-10
-5.3168412e-05
4.7270858e-11
-5.3190884e-05
-1.9762916e-10
-5.316531e-05
-1.4907662e-14
-5.3174228e-05
1.9766716e-10
-5.3174228e-05
-4.7093685e-11
-5.3165309e-05
7.7273764e-10
-5.3190884e-05
2.2372986e-10
-5.3168412e-05
-5.3150026e-05
-2.6679907e-10
-5.3151334e-05
-7.6902457e-10
-5.3169513e-05
4.6251587e-11
-5.3193315e-05
-1.9941642e-10
-5.3166666e-05
-1.4914489e-14
-5.3176054e-05
1.994549e-10
-5.3176054e-05
-4.607333e-11
-5.3166665e-05
7.6927812e-10
-5.3193314e-05
2.6698005e-10
-5.3169513e-05
-5.3151335e-05
-1.1821399e-10
-5.3152675e-05
-7.5628843e-10
-5.3170358e-05
6.3075217e-11
-5.3195633e-05
-1.9852979e-10
-5.3167888e-05
-1.4772838e-14
-5.3177762e-05
1.9856965e-10
-5.3177761e-05
-6.2894355e-11
-5.3167887e-05
7.5654492e-10
-5.3195633e-05
1.1839533e-10
-5.3170358e-05
-5.3152675e-05
-2.27287e-10
-5.315407e-05
-7.5577572e-10
-5.3171476e-05
5.5686042e-11
-5.319811e-05
-2.0122815e-10
-5.316928e-05
-1.4856832e-14
-5.3179637e-05
2.0126822e-10
-5.3179636e-05
-5.5503764e-11
-5.3169279e-05
7.5603473e-10
-5.3198109e-05
2.2747151e-10
-5.3171476e-05
-5.315407e-05
1.3025117e-11
-5.3155509e-05
-7.3803451e-10
-5.3172174e-05
8.2796667e-11
-5.32004e-05
-1.9869876e-10
-5.3170452e-05
-1.4439039e-14
-5.3181312e-05
1.9874075e-10
-5.3181311e-05
-8.2611579e-11
-5.3170451e-05
7.38297e-10
-5.32004e-05
-1.2820878e-11
-5.3172174e-05
-5.315551e-05
-2.0957277e-10
-5.3156994e-05
-7.4311157e-10
-5.3173358e-05
6.3128348e-11
-5.3202944e-05
-2.0322332e-10
-5.3171911e-05
-1.4596708e-14
-5.3183259e-05
2.0326498e-10
-5.3183259e-05
-6.2942399e-11
-5.3171911e-05
7.4337676e-10
-5.3202944e-05
2.0976112e-10
-5.3173358e-05
-5.3156995e-05
1.9319372e-10
-5.3158568e-05
-7.1692834e-10
-5.3173849e-05
1.0827294e-10
-5.3205193e-05
-1.9777875e-10
-5.3173019e-05
-1.4028812e-14
-5.3184885e-05
1.9782287e-10
-5.3184885e-05
-1.0808352e-10
-5.3173018e-05
7.1719709e-10
-5.3205193e-05
-1.9300128e-10
-5.3173849e-05
-5.315857e-05
-2.2863722e-10
-5.3160142e-05
-7.3191226e-10
-5.3175171e-05
6.6406697e-11
-5.3207834e-05
-2.0569084e-10
-5.317459e-05
-1.4380949e-14
-5.3186941e-05
2.0573387e-10
-5.318694e-05
-6.621722e-11
-5.3174589e-05
7.3218347e-10
-5.3207834e-05
2.2882984e-10
-5.3175172e-05
-5.3160143e-05
4.3233368e-10
-5.3161895e-05
-6.9173527e-10
-5.3175386e-05
1.4212254e-10
-5.3210024e-05
-1.9522658e-10
-5.3175614e-05
-1.3386528e-14
-5.31885e-05
1.9527324e-10
-5.31885e-05
-1.4192871e-10
-5.3175613e-05
6.9201015e-10
-5.3210024e-05
-4.32138e-10
-5.3175387e-05
-5.3161896e-05
-3.0453816e-10
-5.3163546e-05
-7.2336848e-10
-5.3176947e-05
6.2391633e-11
-5.3212799e-05
-2.0902553e-10
-5.3177351e-05
-1.4196535e-14
-5.3190713e-05
2.0907002e-10
-5.3190712e-05
-6.2198901e-11
-5.317735e-05
7.2364579e-10
-5.3212799e-05
3.0473489e-10
-5.3176947e-05
-5.3163548e-05
7.5647461e-10
-5.3165544e-05
-6.6067137e-10
-5.3176788e-05
1.8784687e-10
-5.3214915e-05
-1.9029772e-10
-5.3178267e-05
-1.2683652e-14
-5.3192189e-05
1.9034719e-10
-5.3192189e-05
-1.876484e-10
-5.3178266e-05
6.609527e-10
-5.3214914e-05
-7.5627503e-10
-5.3176788e-05
-5.3165545e-05
-4.6171877e-10
-5.3167245e-05
-7.1904594e-10
-5.3178717e-05
4.6631252e-11
-5.3217864e-05
-2.1369489e-10
-5.3180235e-05
-1.3960403e-14
-5.3194617e-05
2.1374054e-10
-5.3194617e-05
-4.6436079e-11
-5.3180234e-05
7.1932868e-10
-5.3217864e-05
4.6191909e-10
-5.3178718e-05
-5.3167246e-05
1.1946864e-09
-5.316958e-05
-6.2130242e-10
-5.3178057e-05
2.4984329e-10
-5.321989e-05
-1.8205986e-10
-5.3181008e-05
-1.1819727e-14
-5.3195991e-05
1.8211254e-10
-5.3195991e-05
-2.496401e-10
-5.3181007e-05
6.2159043e-10
-5.321989e-05
-1.1944827e-09
-5.3178058e-05
-5.3169582e-05
-7.2895612e-10
-5.317128e-05
-7.2184184e-10
-5.3180517e-05
1.5833001e-11
-5.3223065e-05
-2.2059631e-10
-5.3183277e-05
-1.3845707e-14
-5.3198702e-05
2.2064348e-10
-5.3198701e-05
-1.5642821e-11
-5.3183276e-05
7.2212871e-10
-5.3223065e-05
7.2916018e-10
-5.3180517e-05
-5.3171282e-05
1.7808403e-09
-5.317408e-05
-5.7045616e-10
-5.3179196e-05
3.3338204e-10
-5.322499e-05
-1.6941633e-10
-5.3183862e-05
-1.073426e-14
-5.3199952e-05
1.6947253e-10
-5.3199952e-05
-3.3317414e-10
-5.3183861e-05
5.7075122e-10
-5.322499e-05
-1.7806326e-09
-5.3179197e-05
-5.3174082e-05
-1.1401833e-09
-5.31757e-05
-7.3520101e-10
-5.3182384e-05
-3.6527384e-11
-5.3228448e-05
-2.3117151e-10
-5.3186508e-05
-1.3703915e-14
-5.3203018e-05
2.3121998e-10
-5.3203017e-05
3.6741824e-11
-5.3186508e-05
7.3549134e-10
-5.3228448e-05
1.1403909e-09
-5.3182384e-05
-5.3175702e-05
2.5541378e-09
-5.3179129e-05
-5.0411018e-10
-5.3180207e-05
4.445815e-10
-5.3230267e-05
-1.5109531e-10
-5.3186852e-05
-9.2726024e-15
-5.3204116e-05
1.5115575e-10
-5.3204116e-05
-4.4436889e-10
-5.3186851e-05
5.0441291e-10
-5.3230267e-05
-2.5539265e-09
-5.3180208e-05
-5.3179131e-05
-1.7345709e-09
-5.3180555e-05
-7.6313292e-10
-5.3184362e-05
-1.1940528e-10
-5.3234071e-05
-2.467887e-10
-5.3189961e-05
-1.3608509e-14
-5.3207609e-05
2.468379e-10
-5.3207609e-05
1.1961837e-10
-5.318996e-05
7.6342642e-10
-5.3234071e-05
1.7347817e-09
-5.3184363e-05
-5.3180557e-05
3.5599796e-09
-5.3184818e-05
-4.1716525e-10
-5.3181091e-05
5.9038822e-10
-5.3235781e-05
-1.2555815e-10
-5.3189999e-05
-7.6059901e-15
-5.3208515e-05
1.2562346e-10
-5.3208515e-05
-5.9017086e-10
-5.3189998e-05
4.1747714e-10
-5.3235781e-05
-3.5597646e-09
-5.3181092e-05
-5.318482e-05
-2.557526e-09
-5.3185896e-05
-8.1031523e-10
-5.3186497e-05
-2.3845079e-10
-5.3239997e-05
-2.6892474e-10
-5.3193665e-05
-1.3846437e-14
-5.3212506e-05
2.6897449e-10
-5.3212506e-05
2.3866584e-10
-5.3193664e-05
8.1061116e-10
-5.3239997e-05
2.5577396e-09
-5.3186498e-05
-5.3185898e-05
4.8511413e-09
-5.3191243e-05
-3.0287305e-10
-5.3181841e-05
7.7854371e-10
-5.3241588e-05
-9.0736393e-11
-5.3193323e-05
-5.8618446e-15
-5.3213165e-05
9.0807888e-11
-5.3213164e-05
-7.7832129e-10
-5.3193323e-05
3.031971e-10
-5.3241588e-05
-4.8509228e-09
-5.3181842e-05
-5.3191245e-05
-3.6619636e-09
-5.3191765e-05
-8.8209219e-10
-5.3188835e-05
-4.020976e-10
-5.3246281e-05
-2.9909549e-10
-5.3197657e-05
-1.4057279e-14
-5.3217726e-05
2.9914516e-10
-5.3217725e-05
4.0231469e-10
-5.3197657e-05
8.8238967e-10
-5.3246281e-05
3.6621796e-09
-5.3188836e-05
-5.3191767e-05
6.4891826e-09
-5.3198494e-05
-1.50585e-10
-5.3182442e-05
1.0175116e-09
-5.3247726e-05
-4.3073899e-11
-5.3196852e-05
-3.6258947e-15
-5.3218065e-05
4.3155857e-11
-5.3218065e-05
-1.0172842e-09
-5.3196851e-05
1.5093293e-10
-5.3247727e-05
-6.4889606e-09
-5.3182443e-05
-5.3198497e-05
-5.1097659e-09
-5.3198193e-05
-9.8450053e-10
-5.3191422e-05
-6.1934697e-10
-5.3252954e-05
-3.3883501e-10
-5.3201982e-05
-1.4462085e-14
-5.3223277e-05
3.388842e-10
-5.3223276e-05
6.1956579e-10
-5.3201981e-05
9.8479994e-10
-5.3252954e-05
5.1099841e-09
-5.3191423e-05
-5.3198195e-05
8.5460362e-09
-5.3206656e-05
4.6919492e-11
-5.3182861e-05
1.3163445e-09
-5.3254204e-05
1.7568111e-11
-5.3200609e-05
-5.485347e-16
-5.3223217e-05
-1.7506433e-11
-5.3223217e-05
-1.3161122e-09
-5.3200608e-05
-4.6658919e-11
-5.3254205e-05
-8.5458109e-09
-5.3182862e-05
-5.3206658e-05
-6.9734202e-09
-5.3205193e-05
-1.1243266e-09
-5.3194294e-05
-8.9987527e-10
-5.326002e-05
-3.8973861e-10
-5.3206681e-05
-1.5358457e-14
-5.3229176e-05
3.8978678e-10
-5.3229175e-05
9.0009548e-10
-5.320668e-05
1.124627e-09
-5.3260021e-05
6.9736401e-09
-5.3194295e-05
-5.3205196e-05
1.1105832e-08
-5.3215804e-05
2.4752635e-10
-5.3182987e-05
1.6845042e-09
-5.3261053e-05
7.8137015e-11
-5.3204598e-05
2.2319155e-15
-5.3228639e-05
-7.8062284e-11
-5.3228638e-05
-1.684267e-09
-5.3204597e-05
-2.4722484e-10
-5.3261054e-05
-1.1105603e-08
-5.3182988e-05
-5.3215807e-05
-9.3378876e-09
-5.3212771e-05
-1.3091854e-09
-5.3197428e-05
-1.2539612e-09
-5.3267517e-05
-4.5355594e-10
-5.3211775e-05
-1.6301036e-14
-5.3235462e-05
4.5360253e-10
-5.3235462e-05
1.254182e-09
-5.3211775e-05
1.3094866e-09
-5.3267517e-05
9.3381086e-09
-5.3197429e-05
-5.3212774e-05
1.4267049e-08
-5.3226024e-05
5.0668952e-10
-5.3182731e-05
2.1316373e-09
-5.3268243e-05
1.5601543e-10
-5.3208822e-05
5.6284544e-15
-5.3234338e-05
-1.5593209e-10
-5.3234337e-05
-2.1313948e-09
-5.3208821e-05
-5.063745e-10
-5.3268244e-05
-1.4266818e-08
-5.3182732e-05
-5.3226027e-05
-1.2302776e-08
-5.3220937e-05
-1.5476231e-09
-5.3200841e-05
-1.6922861e-09
-5.3275433e-05
-5.3227715e-10
-5.3217291e-05
-1.7973105e-14
-5.3242163e-05
5.3232112e-10
-5.3242163e-05
1.692507e-09
-5.321729e-05
1.5479222e-09
-5.3275433e-05
1.2302997e-08
-5.3200842e-05
-5.322094e-05
1.8145159e-08
-5.3237437e-05
8.2834754e-10
-5.3181973e-05
2.6673214e-09
-5.3275752e-05
2.5193812e-10
-5.3213272e-05
9.6289067e-15
-5.3240314e-05
-2.5184656e-10
-5.3240314e-05
-2.6670732e-09
-5.3213272e-05
-8.2802161e-10
-5.3275752e-05
-1.8144925e-08
-5.3181974e-05
-5.3237441e-05
-1.5984831e-08
-5.3229735e-05
-1.8491796e-09
-5.320454e-05
-2.2256036e-09
-5.328377e-05
-6.2815093e-10
-5.3223246e-05
-2.0148303e-14
-5.3249296e-05
6.2819142e-10
-5.3249296e-05
2.2258234e-09
-5.3223245e-05
1.8494767e-09
-5.328377e-05
1.5985053e-08
-5.3204542e-05
-5.3229738e-05
2.2875759e-08
-5.3250216e-05
1.2215434e-09
-5.3180567e-05
3.3007122e-09
-5.3283561e-05
3.6797509e-10
-5.3217931e-05
1.4834034e-14
-5.324655e-05
-3.6787434e-10
-5.324655e-05
-3.3004584e-09
-5.321793e-05
-1.2212067e-09
-5.3283561e-05
-2.2875522e-08
-5.3180569e-05
-5.325022e-05
-2.0520744e-08
-5.3239231e-05
-2.2243701e-09
-5.3208526e-05
-2.8643034e-09
-5.3292534e-05
-7.436339e-10
-5.3229652e-05
-2.3066131e-14
-5.3256862e-05
7.4366969e-10
-5.3256862e-05
2.8645208e-09
-5.3229651e-05
2.2246639e-09
-5.3292535e-05
2.0520965e-08
-5.3208528e-05
-5.3239234e-05
2.8618162e-08
-5.3264564e-05
1.6970056e-09
-5.3178337e-05
4.0400015e-09
-5.3291642e-05
5.066443e-10
-5.3222779e-05
2.0206012e-14
-5.3253011e-05
-5.0653337e-10
-5.3253011e-05
-4.0397412e-09
-5.3222778e-05
-1.6966598e-09
-5.3291643e-05
-2.8617922e-08
-5.3178339e-05
-5.3264568e-05
-2.6070488e-08
-5.3249473e-05
-2.6845935e-09
-5.3212793e-05
-3.617879e-09
-5.3301715e-05
-8.813406e-10
-5.3236519e-05
-2.6809036e-14
-5.326485e-05
8.8137039e-10
-5.326485e-05
3.6180932e-09
-5.3236518e-05
2.6848822e-09
-5.3301715e-05
2.6070706e-08
-5.3212795e-05
-5.3249477e-05
3.5559481e-08
-5.3280661e-05
2.2667331e-09
-5.3175069e-05
4.8916211e-09
-5.3299942e-05
6.7080355e-10
-5.3227793e-05
2.6964661e-14
-5.3259657e-05
-6.7068165e-10
-5.3259657e-05
-4.8913542e-09
-5.3227793e-05
-2.2663778e-09
-5.3299943e-05
-3.5559238e-08
-5.3175071e-05
-5.3280664e-05
-3.2821638e-08
-5.3260441e-05
-3.2420549e-09
-5.3217321e-05
-4.4942367e-09
-5.3311277e-05
-1.0440637e-09
-5.3243848e-05
-3.0978546e-14
-5.3273248e-05
1.0440864e-09
-5.3273247e-05
4.4944461e-09
-5.3243847e-05
3.2423362e-09
-5.3311278e-05
3.2821853e-08
-5.3217323e-05
-5.3260445e-05
4.3919397e-08
-5.3298632e-05
2.9438806e-09
-5.3170512e-05
5.8591894e-09
-5.3308388e-05
8.6356996e-10
-5.3232948e-05
3.4267458e-14
-5.3266454e-05
-8.6343587e-10
-5.3266453e-05
-5.8589154e-09
-5.3232947e-05
-2.9435159e-09
-5.3308389e-05
-4.3919151e-08
-5.3170514e-05
-5.3298635e-05
-4.099484e-08
-5.3272036e-05
-3.9097971e-09
-5.322208e-05
-5.4987244e-09
-5.3321174e-05
-1.2348366e-09
-5.3251631e-05
-3.5894989e-14
-5.3282042e-05
1.2348509e-09
-5.3282042e-05
5.4989274e-09
-5.325163e-05
3.9100695e-09
-5.3321175e-05
4.099505e-08
-5.3222083e-05
-5.327204e-05
5.3955876e-08
-5.3318607e-05
3.7425918e-09
-5.3164375e-05
6.942207e-09
-5.3316906e-05
1.0882222e-09
-5.323822e-05
4.2243889e-14
-5.3273371e-05
-1.0880748e-09
-5.3273371e-05
-6.9419256e-09
-5.3238219e-05
-3.7422171e-09
-5.3316907e-05
-5.3955627e-08
-5.3164377e-05
-5.3318611e-05
-5.0850308e-08
-5.3284159e-05
-4.7017921e-09
-5.3227041e-05
-6.6328083e-09
-5.3331361e-05
-1.456949e-09
-5.3259852e-05
-4.1335015e-14
-5.3291215e-05
1.4569539e-09
-5.3291214e-05
6.6330041e-09
-5.3259851e-05
4.7020533e-09
-5.3331362e-05
5.0850511e-08
-5.3227043e-05
-5.3284163e-05
6.597281e-08
-5.3340822e-05
4.6777933e-09
-5.3156339e-05
8.1344059e-09
-5.3325432e-05
1.3481636e-09
-5.3243603e-05
5.0954299e-14
-5.3280381e-05
-1.3480026e-09
-5.328038e-05
-8.1341173e-09
-5.3243602e-05
-4.6774087e-09
-5.3325433e-05
-6.5972559e-08
-5.3156342e-05
-5.3340826e-05
-6.2695775e-08
-5.3296762e-05
-5.6329096e-09
-5.3232179e-05
-7.8923626e-09
-5.3341792e-05
-1.7138855e-09
-5.3268497e-05
-4.7548646e-14
-5.3300736e-05
1.71388e-09
-5.3300736e-05
7.8925505e-09
-5.3268497e-05
5.6331578e-09
-5.3341793e-05
6.2695972e-08
-5.3232181e-05
-5.3296766e-05
8.0330084e-08
-5.3365643e-05
5.7651264e-09
-5.3146056e-05
9.4215803e-09
-5.3333905e-05
1.6469397e-09
-5.3249117e-05
5.9874424e-14
-5.3287464e-05
-1.6467649e-09
-5.3287463e-05
-9.4212849e-09
-5.3249116e-05
-5.7647317e-09
-5.3333906e-05
-8.032983e-08
-5.3146059e-05
-5.3365647e-05
-7.6896046e-08
-5.3309825e-05
-6.718707e-09
-5.3237477e-05
-9.265489e-09
-5.3352413e-05
-2.0092579e-09
-5.3277552e-05
-5.362836e-14
-5.3310573e-05
2.0092418e-09
-5.3310573e-05
9.2656681e-09
-5.3277552e-05
6.7189407e-09
-5.3352414e-05
7.6896235e-08
-5.323748e-05
-5.3309829e-05
9.745523e-08
-5.3393498e-05
7.0209844e-09
-5.3133136e-05
1.0778728e-08
-5.3342262e-05
1.9882038e-09
-5.3254813e-05
6.8852842e-14
-5.3294623e-05
-1.9880157e-09
-5.3294623e-05
-1.0778427e-08
-5.3254812e-05
-7.0205807e-09
-5.3342263e-05
-9.7454973e-08
-5.3133138e-05
-5.3393503e-05
-9.3884671e-08
-5.3323285e-05
-7.9751852e-09
-5.3242923e-05
-1.0729671e-08
-5.3363157e-05
-2.3467686e-09
-5.3286998e-05
-5.9587203e-14
-5.3320689e-05
2.3467426e-09
-5.3320688e-05
1.0729842e-08
-5.3286997e-05
7.9754032e-09
-5.3363158e-05
9.3884852e-08
-5.3242926e-05
-5.332329e-05
1.1785691e-07
-5.3424867e-05
8.4623766e-09
-5.3117128e-05
1.2166374e-08
-5.3350446e-05
2.3755668e-09
-5.3260774e-05
7.7405888e-14
-5.3301887e-05
-2.3753662e-09
-5.3301887e-05
-1.216607e-08
-5.3260773e-05
-8.461966e-09
-5.3350447e-05
-1.1785665e-07
-5.311713e-05
-5.3424872e-05
-1.1417828e-07
-5.3337041e-05
-9.4185755e-09
-5.3248503e-05
-1.2248028e-08
-5.3373953e-05
-2.7301139e-09
-5.3296812e-05
-6.5500643e-14
-5.3331042e-05
2.730079e-09
-5.3331042e-05
1.2248193e-08
-5.3296811e-05
9.4187783e-09
-5.3373954e-05
1.1417846e-07
-5.3248506e-05
-5.3337045e-05
1.4214122e-07
-5.346035e-05
1.0106421e-08
-5.3097517e-05
1.3525862e-08
-5.3358416e-05
2.8123852e-09
-5.3267132e-05
8.5725439e-14
-5.3309298e-05
-2.8121753e-09
-5.3309298e-05
-1.352556e-08
-5.3267132e-05
-1.0106007e-08
-5.3358417e-05
-1.4214097e-07
-5.309752e-05
-5.3460355e-05
-1.3839392e-07
-5.3350975e-05
-1.106483e-08
-5.3254216e-05
-1.3764483e-08
-5.3384728e-05
-3.1627177e-09
-5.3306973e-05
-7.0022376e-14
-5.3341581e-05
3.1626758e-09
-5.3341581e-05
1.3764644e-08
-5.3306973e-05
1.106502e-08
-5.3384729e-05
1.3839409e-07
-5.3254219e-05
-5.3350979e-05
1.7103283e-07
-5.3500739e-05
1.196947e-08
-5.3073709e-05
1.4773246e-08
-5.3366129e-05
3.3016385e-09
-5.3274086e-05
9.2649761e-14
-5.3316917e-05
-3.3014223e-09
-5.3316917e-05
-1.477295e-08
-5.3274086e-05
-1.1969057e-08
-5.3366131e-05
-1.7103258e-07
-5.3073712e-05
-5.3500744e-05
-1.672718e-07
-5.3364988e-05
-1.2928581e-08
-5.3260086e-05
-1.5197523e-08
-5.3395398e-05
-3.6474744e-09
-5.3317473e-05
-7.3560726e-14
-5.3352239e-05
3.6474279e-09
-5.3352239e-05
1.5197684e-08
-5.3317473e-05
1.2928761e-08
-5.33954e-05
1.6727196e-07
-5.3260089e-05
-5.3364993e-05
2.0540322e-07
-5.3546952e-05
1.4066142e-08
-5.3045e-05
1.5791075e-08
-5.3373516e-05
3.8458695e-09
-5.3281895e-05
9.7732374e-14
-5.3324833e-05
-3.8456508e-09
-5.3324833e-05
-1.5790792e-08
-5.3281895e-05
-1.4065738e-08
-5.3373518e-05
-2.0540298e-07
-5.3045004e-05
-5.3546957e-05
-2.0170486e-07
-5.337896e-05
-1.5021736e-08
-5.3266175e-05
-1.6431855e-08
-5.340585e-05
-4.1864112e-09
-5.3328312e-05
-7.581953e-14
-5.3362951e-05
4.1863628e-09
-5.3362951e-05
1.6432021e-08
-5.3328312e-05
1.5021914e-08
-5.3405851e-05
2.0170501e-07
-5.3266179e-05
-5.3378966e-05
2.4630492e-07
-5.3600047e-05
1.6407766e-08
-5.3010544e-05
1.6417447e-08
-5.338049e-05
4.4465657e-09
-5.329088e-05
1.0178275e-13
-5.3333174e-05
-4.446349e-09
-5.3333174e-05
-1.6417186e-08
-5.329088e-05
-1.6407382e-08
-5.3380491e-05
-2.4630469e-07
-5.3010548e-05
-5.3600052e-05
-2.4277539e-07
-5.3392968e-05
-1.7350613e-08
-5.3273274e-05
-1.7307396e-08
-5.3416346e-05
-4.7800769e-09
-5.3340037e-05
-7.6673858e-14
-5.3374135e-05
4.7800298e-09
-5.3374135e-05
1.7307576e-08
-5.3340037e-05
1.7350795e-08
-5.3416347e-05
2.4277554e-07
-5.3273277e-05
-5.3392973e-05
2.9502957e-07
-5.3660632e-05
1.9002755e-08
-5.2967942e-05
1.6434998e-08
-5.3386139e-05
5.104003e-09
-5.3300311e-05
1.0362931e-13
-5.3341131e-05
-5.1037922e-09
-5.3341131e-05
-1.6434768e-08
-5.3300311e-05
-1.9002403e-08
-5.3386141e-05
-2.9502936e-07
-5.2967946e-05
-5.3660638e-05
-2.913583e-07
-5.3376802e-05
-1.9926721e-08
-5.3225278e-05
-1.7705726e-08
-5.3393615e-05
-5.4250868e-09
-5.3307182e-05
-7.6467438e-14
-5.3346621e-05
5.4250425e-09
-5.3346621e-05
1.7705926e-08
-5.3307183e-05
1.9926919e-08
-5.3393617e-05
2.9135847e-07
-5.3225283e-05
-5.3376808e-05
3.5275339e-07
-5.3758614e-05
2.1844875e-08
-5.2964195e-05
1.5644034e-08
-5.342077e-05
5.8131692e-09
-5.3350996e-05
1.0383779e-13
-5.338413e-05
-5.8129676e-09
-5.338413e-05
-1.5643845e-08
-5.3350996e-05
-2.1844569e-08
-5.3420772e-05
-3.5275321e-07
-5.2964198e-05
-5.3758619e-05
-3.4986204e-07
-5.474341e-05
-2.2775716e-08
-5.5548052e-05
-1.7339722e-08
-5.4860011e-05
-6.1038281e-09
-5.525324e-05
-7.5334639e-14
-5.5046722e-05
6.1037873e-09
-5.5046723e-05
1.7339948e-08
-5.5253237e-05
2.2775942e-08
-5.4860006e-05
3.4986221e-07
-5.5548032e-05
-5.4743398e-05
4.2194932e-07
-5.3721934e-05
2.4961986e-08
-5.2786227e-05
1.365501e-08
-5.3306108e-05
6.5496714e-09
-5.3246846e-05
1.0255686e-13
-5.3275231e-05
-6.5494804e-09
-5.3275232e-05
-1.3654872e-08
-5.3246846e-05
-2.4961743e-08
-5.330611e-05
-4.2194917e-07
-5.2786231e-05
-5.372194e-05
-4.1859393e-07
-4.7217308e-05
-2.6233316e-08
-4.7122102e-05
-1.5527974e-08
-4.7232436e-05
-6.9369253e-09
-4.7185779e-05
-7.6336482e-14
-4.7206106e-05
6.9368787e-09
-4.7206106e-05
1.5528208e-08
-4.7185779e-05
2.6233547e-08
-4.7232437e-05
4.1859412e-07
-4.7122106e-05
-4.7217312e-05
5.0331047e-07
-5.3900099e-05
2.8727334e-08
-5.277747e-05
9.6455605e-09
-5.3389264e-05
7.4426902e-09
-5.3334704e-05
1.0288731e-13
-5.3361356e-05
-7.4424991e-09
-5.3361357e-05
-9.6454531e-09
-5.3334704e-05
-2.872713e-08
-5.3389266e-05
-5.0331036e-07
-5.2777474e-05
-5.3900105e-05
-5.0189727e-07
-5.9275671e-05
-2.9804685e-08
-5.9058245e-05
-1.1914402e-08
-5.927702e-05
-7.8149611e-09
-5.9175745e-05
-7.8011033e-14
-5.9221397e-05
7.8149052e-09
-5.9221397e-05
1.191465e-08
-5.9175745e-05
2.9804934e-08
-5.9277022e-05
5.0189748e-07
-5.9058251e-05
-5.9275679e-05
6.0172257e-07
-5.4036424e-05
3.2626349e-08
-5.2717872e-05
2.8319814e-09
-5.3414338e-05
8.3847538e-09
-5.3381472e-05
1.035746e-13
-5.3397837e-05
-8.3845584e-09
-5.3397837e-05
-2.8319023e-09
-5.3381472e-05
-3.2626198e-08
-5.341434e-05
-6.017225e-07
-5.2717876e-05
-5.403643e-05
-6.0252238e-07
-4.8208993e-05
-3.354723e-08
-4.816212e-05
-5.5832172e-09
-4.8231381e-05
-8.7596642e-09
-4.8213699e-05
-8.112595e-14
-4.8220377e-05
8.7595889e-09
-4.8220377e-05
5.5834743e-09
-4.8213699e-05
3.3547492e-08
-4.8231383e-05
6.025226e-07
-4.8162123e-05
-4.8208997e-05
7.204239e-07
-5.4135478e-05
3.6715896e-08
-5.2582886e-05
-6.3204565e-09
-5.3380352e-05
9.3941811e-09
-5.3374363e-05
1.0523411e-13
-5.337788e-05
-9.3939695e-09
-5.3377881e-05
6.3205068e-09
-5.3374363e-05
-3.6715788e-08
-5.3380354e-05
-7.2042387e-07
-5.258289e-05
-5.4135484e-05
-7.2369602e-07
-5.7795417e-05
-3.7531578e-08
-5.7516006e-05
3.8673135e-09
-5.7784349e-05
-9.7802237e-09
-5.7661456e-05
-8.5762357e-14
-5.7717313e-05
9.7801084e-09
-5.7717313e-05
-3.8671406e-09
-5.7661456e-05
3.7531819e-08
-5.7784351e-05
7.2369622e-07
-5.7516013e-05
-5.7795426e-05
8.6333866e-07
-5.43297e-05
4.1072264e-08
-5.2502662e-05
-1.9437164e-08
-5.3416321e-05
1.0480451e-08
-5.3446092e-05
1.0909826e-13
-5.3432443e-05
-1.04802e-08
-5.3432443e-05
1.9437248e-08
-5.3446092e-05
-4.1072158e-08
-5.3416323e-05
-8.6333862e-07
-5.2502667e-05
-5.4329707e-05
-8.6983011e-07
-5.0324634e-05
-4.1726669e-08
-5.0386116e-05
1.6620008e-08
-5.0371282e-05
-1.0861419e-08
-5.0400007e-05
-9.3019501e-14
-5.0384847e-05
1.0861233e-08
-5.0384847e-05
-1.6619929e-08
-5.0400007e-05
4.1726817e-08
-5.0371284e-05
8.6983026e-07
-5.038612e-05
-5.0324639e-05
1.0328389e-06
-5.4457295e-05
4.566437e-08
-5.2307335e-05
-3.8445206e-08
-5.335545e-05
1.1624879e-08
-5.343264e-05
1.1667156e-13
-5.339609e-05
-1.1624552e-08
-5.339609e-05
3.84454e-08
-5.343264e-05
-4.5664184e-08
-5.3355453e-05
-1.0328388e-06
-5.230734e-05
-5.4457302e-05
-1.1155676e-06
-5.4666763e-05
-4.6289367e-08
-5.4525737e-05
3.5514264e-08
-5.4760346e-05
-1.2012128e-08
-5.4591186e-05
-1.0371419e-13
-5.4669274e-05
1.2011828e-08
-5.4669274e-05
-3.5514396e-08
-5.4591186e-05
4.6289307e-08
-5.4760349e-05
1.1155676e-06
-5.4525743e-05
-5.4666771e-05
-1.2359878e-07
4.9724973e-08
-6.4548048e-08
1.282133e-08
1.3648729e-13
-1.2820875e-08
6.4548473e-08
-4.9724577e-08
1.2359898e-07
)
;

boundaryField
{
    left
    {
        type            calculated;
        value           uniform 0;
    }
    right
    {
        type            calculated;
        value           uniform 0;
    }
    walls
    {
        type            calculated;
        value           uniform 0;
    }
    centreline
    {
        type            calculated;
        value           nonuniform List<scalar> 
20
(
-5.3303471e-05
-5.3303471e-05
-5.3629537e-05
-5.3629537e-05
-5.3407875e-05
-5.3407875e-05
-5.3544208e-05
-5.3544208e-05
-5.347851e-05
-5.347851e-05
-5.347851e-05
-5.347851e-05
-5.3544208e-05
-5.3544208e-05
-5.3407878e-05
-5.3407878e-05
-5.3629543e-05
-5.3629543e-05
-5.3303478e-05
-5.3303478e-05
)
;
    }
    frontAndBack
    {
        type            calculated;
        value           uniform 0;
    }
}


// ************************************************************************* //
