/*--------------------------------*- C++ -*----------------------------------*\
  =========                 |
  \\      /  F ield         | OpenFOAM: The Open Source CFD Toolbox
   \\    /   O peration     | Website:  https://openfoam.org
    \\  /    A nd           | Version:  8
     \\/     M anipulation  |
\*---------------------------------------------------------------------------*/
FoamFile
{
    version     2.0;
    format      ascii;
    class       volScalarField;
    location    "0.6";
    object      rho;
}
// * * * * * * * * * * * * * * * * * * * * * * * * * * * * * * * * * * * * * //

dimensions      [1 -3 0 0 0 0 0];

internalField   nonuniform List<scalar> 
2000
(
0.030600102
0.030600102
0.030600102
0.030600102
0.030600102
0.030600102
0.030600102
0.030600102
0.030600102
0.030600102
0.0303951
0.0303951
0.0303951
0.0303951
0.0303951
0.0303951
0.0303951
0.0303951
0.0303951
0.0303951
0.030366326
0.030366326
0.030366326
0.030366326
0.030366326
0.030366326
0.030366326
0.030366326
0.030366326
0.030366326
0.030363442
0.030363442
0.030363442
0.030363442
0.030363442
0.030363442
0.030363442
0.030363442
0.030363442
0.030363442
0.03036322
0.03036322
0.03036322
0.03036322
0.03036322
0.03036322
0.03036322
0.03036322
0.03036322
0.03036322
0.030363207
0.030363207
0.030363207
0.030363207
0.030363207
0.030363207
0.030363207
0.030363207
0.030363207
0.030363207
0.030363206
0.030363206
0.030363206
0.030363206
0.030363206
0.030363206
0.030363206
0.030363206
0.030363206
0.030363206
0.030363206
0.030363206
0.030363206
0.030363206
0.030363206
0.030363206
0.030363206
0.030363206
0.030363206
0.030363206
0.030363206
0.030363206
0.030363206
0.030363206
0.030363206
0.030363206
0.030363206
0.030363206
0.030363206
0.030363206
0.030363206
0.030363206
0.030363206
0.030363206
0.030363206
0.030363206
0.030363206
0.030363206
0.030363206
0.030363206
0.030363206
0.030363206
0.030363206
0.030363206
0.030363206
0.030363206
0.030363206
0.030363206
0.030363206
0.030363206
0.030363206
0.030363206
0.030363206
0.030363206
0.030363206
0.030363206
0.030363206
0.030363206
0.030363206
0.030363206
0.030363206
0.030363206
0.030363206
0.030363206
0.030363206
0.030363206
0.030363206
0.030363206
0.030363206
0.030363206
0.030363206
0.030363206
0.030363206
0.030363206
0.030363206
0.030363206
0.030363206
0.030363206
0.030363206
0.030363206
0.030363206
0.030363206
0.030363206
0.030363206
0.030363206
0.030363206
0.030363206
0.030363206
0.030363206
0.030363206
0.030363206
0.030363206
0.030363206
0.030363206
0.030363206
0.030363206
0.030363206
0.030363206
0.030363206
0.030363206
0.030363206
0.030363206
0.030363206
0.030363206
0.030363206
0.030363206
0.030363206
0.030363206
0.030363206
0.030363206
0.030363206
0.030363206
0.030363206
0.030363206
0.030363206
0.030363206
0.030363206
0.030363206
0.030363206
0.030363206
0.030363206
0.030363206
0.030363206
0.030363206
0.030363206
0.030363206
0.030363206
0.030363206
0.030363206
0.030363206
0.030363206
0.030363206
0.030363206
0.030363206
0.030363206
0.030363206
0.030363206
0.030363206
0.030363206
0.030363206
0.030363206
0.030363206
0.030363206
0.030363206
0.030363206
0.030363206
0.030363206
0.030363206
0.030363206
0.030363206
0.030363206
0.030363206
0.030363206
0.030363206
0.030363206
0.030363206
0.030363206
0.030363206
0.030363206
0.030363206
0.030363206
0.030363206
0.030363206
0.030363206
0.030363206
0.030363206
0.030363206
0.030363206
0.030363206
0.030363206
0.030363206
0.030363206
0.030363206
0.030363206
0.030363206
0.030363206
0.030363206
0.030363206
0.030363206
0.030363206
0.030363206
0.030363206
0.030363206
0.030363206
0.030363206
0.030363206
0.030363206
0.030363206
0.030363206
0.030363206
0.030363206
0.030363206
0.030363206
0.030363206
0.030363206
0.030363206
0.030363206
0.030363206
0.030363206
0.030363206
0.030363206
0.030363206
0.030363206
0.030363206
0.030363206
0.030363206
0.030363206
0.030363206
0.030363206
0.030363206
0.030363206
0.030363206
0.030363206
0.030363206
0.030363206
0.030363206
0.030363206
0.030363206
0.030363206
0.030363206
0.030363206
0.030363206
0.030363206
0.030363206
0.030363206
0.030363206
0.030363206
0.030363206
0.030363206
0.030363206
0.030363206
0.030363206
0.030363206
0.030363206
0.030363206
0.030363206
0.030363206
0.030363206
0.030363206
0.030363206
0.030363206
0.030363206
0.030363206
0.030363206
0.030363206
0.030363206
0.030363206
0.030363206
0.030363206
0.030363206
0.030363206
0.030363206
0.030363206
0.030363206
0.030363206
0.030363206
0.030363206
0.030363206
0.030363206
0.030363206
0.030363206
0.030363206
0.030363206
0.030363206
0.030363206
0.030363206
0.030363206
0.030363206
0.030363206
0.030363206
0.030363206
0.030363206
0.030363206
0.030363206
0.030363206
0.030363206
0.030363206
0.030363206
0.030363206
0.030363206
0.030363206
0.030363206
0.030363206
0.030363206
0.030363206
0.030363206
0.030363206
0.030363206
0.030363206
0.030363206
0.030363206
0.030363206
0.030363206
0.030363206
0.030363206
0.030363206
0.030363206
0.030363206
0.030363206
0.030363206
0.030363206
0.030363206
0.030363206
0.030363206
0.030363206
0.030363206
0.030363206
0.030363206
0.030363206
0.030363206
0.030363205
0.030363205
0.030363205
0.030363205
0.030363205
0.030363205
0.030363205
0.030363205
0.030363205
0.030363205
0.030363207
0.030363207
0.030363207
0.030363207
0.030363207
0.030363207
0.030363207
0.030363207
0.030363207
0.030363207
0.030363205
0.030363205
0.030363205
0.030363205
0.030363205
0.030363205
0.030363205
0.030363205
0.030363205
0.030363205
0.030363207
0.030363207
0.030363207
0.030363207
0.030363207
0.030363207
0.030363207
0.030363207
0.030363207
0.030363207
0.030363205
0.030363205
0.030363205
0.030363205
0.030363205
0.030363205
0.030363205
0.030363205
0.030363205
0.030363205
0.030363208
0.030363208
0.030363208
0.030363208
0.030363208
0.030363208
0.030363208
0.030363208
0.030363208
0.030363208
0.030363204
0.030363204
0.030363204
0.030363204
0.030363204
0.030363204
0.030363204
0.030363204
0.030363204
0.030363204
0.030363208
0.030363208
0.030363208
0.030363208
0.030363208
0.030363208
0.030363208
0.030363208
0.030363208
0.030363208
0.030363204
0.030363204
0.030363204
0.030363204
0.030363204
0.030363204
0.030363204
0.030363204
0.030363204
0.030363204
0.030363209
0.030363209
0.030363209
0.030363209
0.030363209
0.030363209
0.030363209
0.030363209
0.030363209
0.030363209
0.030363203
0.030363203
0.030363203
0.030363203
0.030363203
0.030363203
0.030363203
0.030363203
0.030363203
0.030363203
0.03036321
0.03036321
0.03036321
0.03036321
0.03036321
0.03036321
0.03036321
0.03036321
0.03036321
0.03036321
0.030363202
0.030363202
0.030363202
0.030363202
0.030363202
0.030363202
0.030363202
0.030363202
0.030363202
0.030363202
0.030363211
0.030363211
0.030363211
0.030363211
0.030363211
0.030363211
0.030363211
0.030363211
0.030363211
0.030363211
0.030363201
0.0303632
0.030363201
0.0303632
0.0303632
0.0303632
0.0303632
0.030363201
0.0303632
0.030363201
0.030363212
0.030363212
0.030363212
0.030363212
0.030363212
0.030363212
0.030363212
0.030363212
0.030363212
0.030363212
0.030363199
0.030363199
0.030363199
0.030363199
0.030363199
0.030363199
0.030363199
0.030363199
0.030363199
0.030363199
0.030363214
0.030363214
0.030363214
0.030363214
0.030363214
0.030363214
0.030363214
0.030363214
0.030363214
0.030363214
0.030363197
0.030363197
0.030363197
0.030363197
0.030363197
0.030363197
0.030363197
0.030363197
0.030363197
0.030363197
0.030363216
0.030363216
0.030363216
0.030363216
0.030363216
0.030363216
0.030363216
0.030363216
0.030363216
0.030363216
0.030363195
0.030363195
0.030363195
0.030363195
0.030363195
0.030363195
0.030363195
0.030363195
0.030363195
0.030363195
0.030363218
0.030363218
0.030363218
0.030363218
0.030363218
0.030363218
0.030363218
0.030363218
0.030363218
0.030363218
0.030363193
0.030363193
0.030363193
0.030363193
0.030363193
0.030363193
0.030363193
0.030363193
0.030363193
0.030363193
0.030363221
0.030363221
0.030363221
0.030363221
0.030363221
0.030363221
0.030363221
0.030363221
0.030363221
0.030363221
0.03036319
0.03036319
0.03036319
0.03036319
0.03036319
0.03036319
0.03036319
0.03036319
0.03036319
0.03036319
0.030363224
0.030363224
0.030363224
0.030363224
0.030363224
0.030363224
0.030363224
0.030363224
0.030363224
0.030363224
0.030363187
0.030363187
0.030363187
0.030363187
0.030363187
0.030363187
0.030363187
0.030363187
0.030363187
0.030363187
0.030363227
0.030363227
0.030363227
0.030363227
0.030363227
0.030363227
0.030363227
0.030363227
0.030363227
0.030363227
0.030363183
0.030363183
0.030363183
0.030363183
0.030363183
0.030363183
0.030363183
0.030363183
0.030363183
0.030363183
0.030363231
0.030363231
0.030363231
0.030363231
0.030363231
0.030363231
0.030363231
0.030363231
0.030363231
0.030363231
0.030363179
0.030363179
0.030363179
0.030363179
0.030363179
0.030363179
0.030363179
0.030363179
0.030363179
0.030363179
0.030363235
0.030363235
0.030363235
0.030363235
0.030363235
0.030363235
0.030363235
0.030363235
0.030363235
0.030363235
0.030363174
0.030363174
0.030363174
0.030363174
0.030363174
0.030363174
0.030363174
0.030363174
0.030363174
0.030363174
0.03036324
0.03036324
0.03036324
0.03036324
0.03036324
0.03036324
0.03036324
0.03036324
0.03036324
0.03036324
0.030363169
0.030363169
0.030363169
0.030363169
0.030363169
0.030363169
0.030363169
0.030363169
0.030363169
0.030363169
0.030363245
0.030363246
0.030363245
0.030363246
0.030363246
0.030363246
0.030363246
0.030363245
0.030363246
0.030363245
0.030363163
0.030363163
0.030363163
0.030363163
0.030363163
0.030363163
0.030363163
0.030363163
0.030363163
0.030363163
0.030363251
0.030363252
0.030363252
0.030363252
0.030363252
0.030363252
0.030363252
0.030363252
0.030363252
0.030363251
0.030363157
0.030363157
0.030363157
0.030363157
0.030363157
0.030363157
0.030363157
0.030363157
0.030363157
0.030363157
0.030363258
0.030363258
0.030363258
0.030363258
0.030363258
0.030363258
0.030363258
0.030363258
0.030363258
0.030363258
0.03036315
0.03036315
0.03036315
0.03036315
0.03036315
0.03036315
0.03036315
0.03036315
0.03036315
0.03036315
0.030363266
0.030363266
0.030363266
0.030363266
0.030363266
0.030363266
0.030363266
0.030363266
0.030363266
0.030363266
0.030363142
0.030363142
0.030363142
0.030363142
0.030363142
0.030363142
0.030363142
0.030363142
0.030363142
0.030363142
0.030363274
0.030363274
0.030363274
0.030363274
0.030363274
0.030363274
0.030363274
0.030363274
0.030363274
0.030363274
0.030363134
0.030363133
0.030363133
0.030363133
0.030363133
0.030363133
0.030363133
0.030363133
0.030363133
0.030363134
0.030363283
0.030363283
0.030363283
0.030363283
0.030363283
0.030363283
0.030363283
0.030363283
0.030363283
0.030363283
0.030363124
0.030363124
0.030363124
0.030363124
0.030363124
0.030363124
0.030363124
0.030363124
0.030363124
0.030363124
0.030363293
0.030363293
0.030363293
0.030363293
0.030363293
0.030363293
0.030363293
0.030363293
0.030363293
0.030363293
0.030363114
0.030363113
0.030363114
0.030363114
0.030363114
0.030363114
0.030363114
0.030363114
0.030363113
0.030363114
0.030363303
0.030363304
0.030363304
0.030363304
0.030363304
0.030363304
0.030363304
0.030363304
0.030363304
0.030363303
0.030363103
0.030363102
0.030363102
0.030363102
0.030363102
0.030363102
0.030363102
0.030363102
0.030363102
0.030363103
0.030363314
0.030363314
0.030363314
0.030363314
0.030363314
0.030363314
0.030363314
0.030363314
0.030363314
0.030363314
0.030363092
0.030363091
0.030363092
0.030363091
0.030363092
0.030363092
0.030363091
0.030363092
0.030363091
0.030363092
0.030363328
0.030363329
0.030363328
0.030363328
0.030363328
0.030363328
0.030363328
0.030363328
0.030363329
0.030363328
0.030363077
0.030363076
0.030363077
0.030363077
0.030363077
0.030363077
0.030363077
0.030363077
0.030363076
0.030363077
0.03036334
0.03036334
0.03036334
0.03036334
0.03036334
0.03036334
0.03036334
0.03036334
0.03036334
0.03036334
0.030363065
0.030363064
0.030363065
0.030363064
0.030363064
0.030363064
0.030363064
0.030363065
0.030363064
0.030363065
0.030363355
0.030363356
0.030363356
0.030363356
0.030363356
0.030363356
0.030363356
0.030363356
0.030363356
0.030363355
0.030363049
0.030363048
0.030363048
0.030363048
0.030363048
0.030363048
0.030363048
0.030363048
0.030363048
0.030363049
0.03036337
0.03036337
0.03036337
0.03036337
0.03036337
0.03036337
0.03036337
0.03036337
0.03036337
0.03036337
0.030363034
0.030363033
0.030363034
0.030363033
0.030363033
0.030363033
0.030363033
0.030363034
0.030363033
0.030363034
0.030363386
0.030363387
0.030363387
0.030363387
0.030363387
0.030363387
0.030363387
0.030363387
0.030363387
0.030363386
0.030363017
0.030363015
0.030363016
0.030363016
0.030363016
0.030363016
0.030363016
0.030363016
0.030363015
0.030363017
0.030600102
0.030600102
0.030600102
0.030600102
0.030600102
0.030600102
0.030600102
0.030600102
0.030600102
0.030600102
0.0303951
0.0303951
0.0303951
0.0303951
0.0303951
0.0303951
0.0303951
0.0303951
0.0303951
0.0303951
0.030366326
0.030366326
0.030366326
0.030366326
0.030366326
0.030366326
0.030366326
0.030366326
0.030366326
0.030366326
0.030363442
0.030363442
0.030363442
0.030363442
0.030363442
0.030363442
0.030363442
0.030363442
0.030363442
0.030363442
0.03036322
0.03036322
0.03036322
0.03036322
0.03036322
0.03036322
0.03036322
0.03036322
0.03036322
0.03036322
0.030363207
0.030363207
0.030363207
0.030363207
0.030363207
0.030363207
0.030363207
0.030363207
0.030363207
0.030363207
0.030363206
0.030363206
0.030363206
0.030363206
0.030363206
0.030363206
0.030363206
0.030363206
0.030363206
0.030363206
0.030363206
0.030363206
0.030363206
0.030363206
0.030363206
0.030363206
0.030363206
0.030363206
0.030363206
0.030363206
0.030363206
0.030363206
0.030363206
0.030363206
0.030363206
0.030363206
0.030363206
0.030363206
0.030363206
0.030363206
0.030363206
0.030363206
0.030363206
0.030363206
0.030363206
0.030363206
0.030363206
0.030363206
0.030363206
0.030363206
0.030363206
0.030363206
0.030363206
0.030363206
0.030363206
0.030363206
0.030363206
0.030363206
0.030363206
0.030363206
0.030363206
0.030363206
0.030363206
0.030363206
0.030363206
0.030363206
0.030363206
0.030363206
0.030363206
0.030363206
0.030363206
0.030363206
0.030363206
0.030363206
0.030363206
0.030363206
0.030363206
0.030363206
0.030363206
0.030363206
0.030363206
0.030363206
0.030363206
0.030363206
0.030363206
0.030363206
0.030363206
0.030363206
0.030363206
0.030363206
0.030363206
0.030363206
0.030363206
0.030363206
0.030363206
0.030363206
0.030363206
0.030363206
0.030363206
0.030363206
0.030363206
0.030363206
0.030363206
0.030363206
0.030363206
0.030363206
0.030363206
0.030363206
0.030363206
0.030363206
0.030363206
0.030363206
0.030363206
0.030363206
0.030363206
0.030363206
0.030363206
0.030363206
0.030363206
0.030363206
0.030363206
0.030363206
0.030363206
0.030363206
0.030363206
0.030363206
0.030363206
0.030363206
0.030363206
0.030363206
0.030363206
0.030363206
0.030363206
0.030363206
0.030363206
0.030363206
0.030363206
0.030363206
0.030363206
0.030363206
0.030363206
0.030363206
0.030363206
0.030363206
0.030363206
0.030363206
0.030363206
0.030363206
0.030363206
0.030363206
0.030363206
0.030363206
0.030363206
0.030363206
0.030363206
0.030363206
0.030363206
0.030363206
0.030363206
0.030363206
0.030363206
0.030363206
0.030363206
0.030363206
0.030363206
0.030363206
0.030363206
0.030363206
0.030363206
0.030363206
0.030363206
0.030363206
0.030363206
0.030363206
0.030363206
0.030363206
0.030363206
0.030363206
0.030363206
0.030363206
0.030363206
0.030363206
0.030363206
0.030363206
0.030363206
0.030363206
0.030363206
0.030363206
0.030363206
0.030363206
0.030363206
0.030363206
0.030363206
0.030363206
0.030363206
0.030363206
0.030363206
0.030363206
0.030363206
0.030363206
0.030363206
0.030363206
0.030363206
0.030363206
0.030363206
0.030363206
0.030363206
0.030363206
0.030363206
0.030363206
0.030363206
0.030363206
0.030363206
0.030363206
0.030363206
0.030363206
0.030363206
0.030363206
0.030363206
0.030363206
0.030363206
0.030363206
0.030363206
0.030363206
0.030363206
0.030363206
0.030363206
0.030363206
0.030363206
0.030363206
0.030363206
0.030363206
0.030363206
0.030363206
0.030363206
0.030363206
0.030363206
0.030363206
0.030363206
0.030363206
0.030363206
0.030363206
0.030363206
0.030363206
0.030363206
0.030363206
0.030363206
0.030363206
0.030363206
0.030363206
0.030363206
0.030363206
0.030363206
0.030363206
0.030363206
0.030363206
0.030363206
0.030363206
0.030363206
0.030363206
0.030363206
0.030363206
0.030363206
0.030363206
0.030363206
0.030363206
0.030363206
0.030363206
0.030363206
0.030363206
0.030363206
0.030363206
0.030363206
0.030363206
0.030363206
0.030363206
0.030363206
0.030363206
0.030363206
0.030363206
0.030363206
0.030363206
0.030363206
0.030363206
0.030363206
0.030363206
0.030363206
0.030363206
0.030363206
0.030363206
0.030363206
0.030363206
0.030363206
0.030363206
0.030363206
0.030363206
0.030363206
0.030363206
0.030363206
0.030363206
0.030363206
0.030363206
0.030363206
0.030363206
0.030363206
0.030363206
0.030363206
0.030363206
0.030363206
0.030363206
0.030363206
0.030363206
0.030363206
0.030363206
0.030363206
0.030363206
0.030363206
0.030363206
0.030363206
0.030363206
0.030363205
0.030363205
0.030363205
0.030363205
0.030363205
0.030363205
0.030363205
0.030363205
0.030363205
0.030363205
0.030363207
0.030363207
0.030363207
0.030363207
0.030363207
0.030363207
0.030363207
0.030363207
0.030363207
0.030363207
0.030363205
0.030363205
0.030363205
0.030363205
0.030363205
0.030363205
0.030363205
0.030363205
0.030363205
0.030363205
0.030363207
0.030363207
0.030363207
0.030363207
0.030363207
0.030363207
0.030363207
0.030363207
0.030363207
0.030363207
0.030363205
0.030363205
0.030363205
0.030363205
0.030363205
0.030363205
0.030363205
0.030363205
0.030363205
0.030363205
0.030363208
0.030363208
0.030363208
0.030363208
0.030363208
0.030363208
0.030363208
0.030363208
0.030363208
0.030363208
0.030363204
0.030363204
0.030363204
0.030363204
0.030363204
0.030363204
0.030363204
0.030363204
0.030363204
0.030363204
0.030363208
0.030363208
0.030363208
0.030363208
0.030363208
0.030363208
0.030363208
0.030363208
0.030363208
0.030363208
0.030363204
0.030363204
0.030363204
0.030363204
0.030363204
0.030363204
0.030363204
0.030363204
0.030363204
0.030363204
0.030363209
0.030363209
0.030363209
0.030363209
0.030363209
0.030363209
0.030363209
0.030363209
0.030363209
0.030363209
0.030363203
0.030363203
0.030363203
0.030363203
0.030363203
0.030363203
0.030363203
0.030363203
0.030363203
0.030363203
0.03036321
0.03036321
0.03036321
0.03036321
0.03036321
0.03036321
0.03036321
0.03036321
0.03036321
0.03036321
0.030363202
0.030363202
0.030363202
0.030363202
0.030363202
0.030363202
0.030363202
0.030363202
0.030363202
0.030363202
0.030363211
0.030363211
0.030363211
0.030363211
0.030363211
0.030363211
0.030363211
0.030363211
0.030363211
0.030363211
0.030363201
0.0303632
0.030363201
0.0303632
0.0303632
0.0303632
0.0303632
0.030363201
0.0303632
0.030363201
0.030363212
0.030363212
0.030363212
0.030363212
0.030363212
0.030363212
0.030363212
0.030363212
0.030363212
0.030363212
0.030363199
0.030363199
0.030363199
0.030363199
0.030363199
0.030363199
0.030363199
0.030363199
0.030363199
0.030363199
0.030363214
0.030363214
0.030363214
0.030363214
0.030363214
0.030363214
0.030363214
0.030363214
0.030363214
0.030363214
0.030363197
0.030363197
0.030363197
0.030363197
0.030363197
0.030363197
0.030363197
0.030363197
0.030363197
0.030363197
0.030363216
0.030363216
0.030363216
0.030363216
0.030363216
0.030363216
0.030363216
0.030363216
0.030363216
0.030363216
0.030363195
0.030363195
0.030363195
0.030363195
0.030363195
0.030363195
0.030363195
0.030363195
0.030363195
0.030363195
0.030363218
0.030363218
0.030363218
0.030363218
0.030363218
0.030363218
0.030363218
0.030363218
0.030363218
0.030363218
0.030363193
0.030363193
0.030363193
0.030363193
0.030363193
0.030363193
0.030363193
0.030363193
0.030363193
0.030363193
0.030363221
0.030363221
0.030363221
0.030363221
0.030363221
0.030363221
0.030363221
0.030363221
0.030363221
0.030363221
0.03036319
0.03036319
0.03036319
0.03036319
0.03036319
0.03036319
0.03036319
0.03036319
0.03036319
0.03036319
0.030363224
0.030363224
0.030363224
0.030363224
0.030363224
0.030363224
0.030363224
0.030363224
0.030363224
0.030363224
0.030363187
0.030363187
0.030363187
0.030363187
0.030363187
0.030363187
0.030363187
0.030363187
0.030363187
0.030363187
0.030363227
0.030363227
0.030363227
0.030363227
0.030363227
0.030363227
0.030363227
0.030363227
0.030363227
0.030363227
0.030363183
0.030363183
0.030363183
0.030363183
0.030363183
0.030363183
0.030363183
0.030363183
0.030363183
0.030363183
0.030363231
0.030363231
0.030363231
0.030363231
0.030363231
0.030363231
0.030363231
0.030363231
0.030363231
0.030363231
0.030363179
0.030363179
0.030363179
0.030363179
0.030363179
0.030363179
0.030363179
0.030363179
0.030363179
0.030363179
0.030363235
0.030363235
0.030363235
0.030363235
0.030363235
0.030363235
0.030363235
0.030363235
0.030363235
0.030363235
0.030363174
0.030363174
0.030363174
0.030363174
0.030363174
0.030363174
0.030363174
0.030363174
0.030363174
0.030363174
0.03036324
0.03036324
0.03036324
0.03036324
0.03036324
0.03036324
0.03036324
0.03036324
0.03036324
0.03036324
0.030363169
0.030363169
0.030363169
0.030363169
0.030363169
0.030363169
0.030363169
0.030363169
0.030363169
0.030363169
0.030363245
0.030363246
0.030363245
0.030363246
0.030363246
0.030363246
0.030363246
0.030363245
0.030363246
0.030363245
0.030363163
0.030363163
0.030363163
0.030363163
0.030363163
0.030363163
0.030363163
0.030363163
0.030363163
0.030363163
0.030363251
0.030363252
0.030363252
0.030363252
0.030363252
0.030363252
0.030363252
0.030363252
0.030363252
0.030363251
0.030363157
0.030363157
0.030363157
0.030363157
0.030363157
0.030363157
0.030363157
0.030363157
0.030363157
0.030363157
0.030363258
0.030363258
0.030363258
0.030363258
0.030363258
0.030363258
0.030363258
0.030363258
0.030363258
0.030363258
0.03036315
0.03036315
0.03036315
0.03036315
0.03036315
0.03036315
0.03036315
0.03036315
0.03036315
0.03036315
0.030363266
0.030363266
0.030363266
0.030363266
0.030363266
0.030363266
0.030363266
0.030363266
0.030363266
0.030363266
0.030363142
0.030363142
0.030363142
0.030363142
0.030363142
0.030363142
0.030363142
0.030363142
0.030363142
0.030363142
0.030363274
0.030363274
0.030363274
0.030363274
0.030363274
0.030363274
0.030363274
0.030363274
0.030363274
0.030363274
0.030363134
0.030363133
0.030363133
0.030363133
0.030363133
0.030363133
0.030363133
0.030363133
0.030363133
0.030363134
0.030363283
0.030363283
0.030363283
0.030363283
0.030363283
0.030363283
0.030363283
0.030363283
0.030363283
0.030363283
0.030363124
0.030363124
0.030363124
0.030363124
0.030363124
0.030363124
0.030363124
0.030363124
0.030363124
0.030363124
0.030363293
0.030363293
0.030363293
0.030363293
0.030363293
0.030363293
0.030363293
0.030363293
0.030363293
0.030363293
0.030363114
0.030363113
0.030363114
0.030363114
0.030363114
0.030363114
0.030363114
0.030363114
0.030363113
0.030363114
0.030363303
0.030363304
0.030363304
0.030363304
0.030363304
0.030363304
0.030363304
0.030363304
0.030363304
0.030363303
0.030363103
0.030363102
0.030363102
0.030363102
0.030363102
0.030363102
0.030363102
0.030363102
0.030363102
0.030363103
0.030363314
0.030363314
0.030363314
0.030363314
0.030363314
0.030363314
0.030363314
0.030363314
0.030363314
0.030363314
0.030363092
0.030363091
0.030363092
0.030363091
0.030363092
0.030363092
0.030363091
0.030363092
0.030363091
0.030363092
0.030363328
0.030363329
0.030363328
0.030363328
0.030363328
0.030363328
0.030363328
0.030363328
0.030363329
0.030363328
0.030363077
0.030363076
0.030363077
0.030363077
0.030363077
0.030363077
0.030363077
0.030363077
0.030363076
0.030363077
0.03036334
0.03036334
0.03036334
0.03036334
0.03036334
0.03036334
0.03036334
0.03036334
0.03036334
0.03036334
0.030363065
0.030363064
0.030363065
0.030363064
0.030363064
0.030363064
0.030363064
0.030363065
0.030363064
0.030363065
0.030363355
0.030363356
0.030363356
0.030363356
0.030363356
0.030363356
0.030363356
0.030363356
0.030363356
0.030363355
0.030363049
0.030363048
0.030363048
0.030363048
0.030363048
0.030363048
0.030363048
0.030363048
0.030363048
0.030363049
0.03036337
0.03036337
0.03036337
0.03036337
0.03036337
0.03036337
0.03036337
0.03036337
0.03036337
0.03036337
0.030363034
0.030363033
0.030363034
0.030363033
0.030363033
0.030363033
0.030363033
0.030363034
0.030363033
0.030363034
0.030363386
0.030363387
0.030363387
0.030363387
0.030363387
0.030363387
0.030363387
0.030363387
0.030363387
0.030363386
0.030363017
0.030363015
0.030363016
0.030363016
0.030363016
0.030363016
0.030363016
0.030363016
0.030363015
0.030363017
)
;

boundaryField
{
    left
    {
        type            calculated;
        value           nonuniform List<scalar> 
200
(
0.030600102
0.0303951
0.030366326
0.030363442
0.03036322
0.030363207
0.030363206
0.030363206
0.030363206
0.030363206
0.030363206
0.030363206
0.030363206
0.030363206
0.030363206
0.030363206
0.030363206
0.030363206
0.030363206
0.030363206
0.030363206
0.030363206
0.030363206
0.030363206
0.030363206
0.030363206
0.030363206
0.030363206
0.030363206
0.030363206
0.030363206
0.030363206
0.030363206
0.030363206
0.030363206
0.030363206
0.030363206
0.030363205
0.030363207
0.030363205
0.030363207
0.030363205
0.030363208
0.030363204
0.030363208
0.030363204
0.030363209
0.030363203
0.03036321
0.030363202
0.030363211
0.030363201
0.030363212
0.030363199
0.030363214
0.030363197
0.030363216
0.030363195
0.030363218
0.030363193
0.030363221
0.03036319
0.030363224
0.030363187
0.030363227
0.030363183
0.030363231
0.030363179
0.030363235
0.030363174
0.03036324
0.030363169
0.030363245
0.030363163
0.030363251
0.030363157
0.030363258
0.03036315
0.030363266
0.030363142
0.030363274
0.030363134
0.030363283
0.030363124
0.030363293
0.030363114
0.030363303
0.030363103
0.030363314
0.030363092
0.030363328
0.030363077
0.03036334
0.030363065
0.030363355
0.030363049
0.03036337
0.030363034
0.030363386
0.030363017
0.030600102
0.0303951
0.030366326
0.030363442
0.03036322
0.030363207
0.030363206
0.030363206
0.030363206
0.030363206
0.030363206
0.030363206
0.030363206
0.030363206
0.030363206
0.030363206
0.030363206
0.030363206
0.030363206
0.030363206
0.030363206
0.030363206
0.030363206
0.030363206
0.030363206
0.030363206
0.030363206
0.030363206
0.030363206
0.030363206
0.030363206
0.030363206
0.030363206
0.030363206
0.030363206
0.030363206
0.030363206
0.030363205
0.030363207
0.030363205
0.030363207
0.030363205
0.030363208
0.030363204
0.030363208
0.030363204
0.030363209
0.030363203
0.03036321
0.030363202
0.030363211
0.030363201
0.030363212
0.030363199
0.030363214
0.030363197
0.030363216
0.030363195
0.030363218
0.030363193
0.030363221
0.03036319
0.030363224
0.030363187
0.030363227
0.030363183
0.030363231
0.030363179
0.030363235
0.030363174
0.03036324
0.030363169
0.030363245
0.030363163
0.030363251
0.030363157
0.030363258
0.03036315
0.030363266
0.030363142
0.030363274
0.030363134
0.030363283
0.030363124
0.030363293
0.030363114
0.030363303
0.030363103
0.030363314
0.030363092
0.030363328
0.030363077
0.03036334
0.030363065
0.030363355
0.030363049
0.03036337
0.030363034
0.030363386
0.030363017
)
;
    }
    right
    {
        type            calculated;
        value           nonuniform List<scalar> 
200
(
0.030600102
0.0303951
0.030366326
0.030363442
0.03036322
0.030363207
0.030363206
0.030363206
0.030363206
0.030363206
0.030363206
0.030363206
0.030363206
0.030363206
0.030363206
0.030363206
0.030363206
0.030363206
0.030363206
0.030363206
0.030363206
0.030363206
0.030363206
0.030363206
0.030363206
0.030363206
0.030363206
0.030363206
0.030363206
0.030363206
0.030363206
0.030363206
0.030363206
0.030363206
0.030363206
0.030363206
0.030363206
0.030363205
0.030363207
0.030363205
0.030363207
0.030363205
0.030363208
0.030363204
0.030363208
0.030363204
0.030363209
0.030363203
0.03036321
0.030363202
0.030363211
0.030363201
0.030363212
0.030363199
0.030363214
0.030363197
0.030363216
0.030363195
0.030363218
0.030363193
0.030363221
0.03036319
0.030363224
0.030363187
0.030363227
0.030363183
0.030363231
0.030363179
0.030363235
0.030363174
0.03036324
0.030363169
0.030363245
0.030363163
0.030363251
0.030363157
0.030363258
0.03036315
0.030363266
0.030363142
0.030363274
0.030363134
0.030363283
0.030363124
0.030363293
0.030363114
0.030363303
0.030363103
0.030363314
0.030363092
0.030363328
0.030363077
0.03036334
0.030363065
0.030363355
0.030363049
0.03036337
0.030363034
0.030363386
0.030363017
0.030600102
0.0303951
0.030366326
0.030363442
0.03036322
0.030363207
0.030363206
0.030363206
0.030363206
0.030363206
0.030363206
0.030363206
0.030363206
0.030363206
0.030363206
0.030363206
0.030363206
0.030363206
0.030363206
0.030363206
0.030363206
0.030363206
0.030363206
0.030363206
0.030363206
0.030363206
0.030363206
0.030363206
0.030363206
0.030363206
0.030363206
0.030363206
0.030363206
0.030363206
0.030363206
0.030363206
0.030363206
0.030363205
0.030363207
0.030363205
0.030363207
0.030363205
0.030363208
0.030363204
0.030363208
0.030363204
0.030363209
0.030363203
0.03036321
0.030363202
0.030363211
0.030363201
0.030363212
0.030363199
0.030363214
0.030363197
0.030363216
0.030363195
0.030363218
0.030363193
0.030363221
0.03036319
0.030363224
0.030363187
0.030363227
0.030363183
0.030363231
0.030363179
0.030363235
0.030363174
0.03036324
0.030363169
0.030363245
0.030363163
0.030363251
0.030363157
0.030363258
0.03036315
0.030363266
0.030363142
0.030363274
0.030363134
0.030363283
0.030363124
0.030363293
0.030363114
0.030363303
0.030363103
0.030363314
0.030363092
0.030363328
0.030363077
0.03036334
0.030363065
0.030363355
0.030363049
0.03036337
0.030363034
0.030363386
0.030363017
)
;
    }
    walls
    {
        type            calculated;
        value           nonuniform List<scalar> 
20
(
0.030463906
0.030463906
0.030463906
0.030463906
0.030463906
0.030463906
0.030463906
0.030463906
0.030463906
0.030463906
0.030463906
0.030463906
0.030463906
0.030463906
0.030463906
0.030463906
0.030463906
0.030463906
0.030463906
0.030463906
)
;
    }
    centreline
    {
        type            calculated;
        value           uniform 0.030363209;
    }
    frontAndBack
    {
        type            calculated;
        value           nonuniform List<scalar> 
2000
(
0.030600102
0.0303951
0.030366326
0.030363442
0.03036322
0.030363207
0.030363206
0.030363206
0.030363206
0.030363206
0.030363206
0.030363206
0.030363206
0.030363206
0.030363206
0.030363206
0.030363206
0.030363206
0.030363206
0.030363206
0.030363206
0.030363206
0.030363206
0.030363206
0.030363206
0.030363206
0.030363206
0.030363206
0.030363206
0.030363206
0.030363206
0.030363206
0.030363206
0.030363206
0.030363206
0.030363206
0.030363206
0.030363205
0.030363207
0.030363205
0.030363207
0.030363205
0.030363208
0.030363204
0.030363208
0.030363204
0.030363209
0.030363203
0.03036321
0.030363202
0.030363211
0.030363201
0.030363212
0.030363199
0.030363214
0.030363197
0.030363216
0.030363195
0.030363218
0.030363193
0.030363221
0.03036319
0.030363224
0.030363187
0.030363227
0.030363183
0.030363231
0.030363179
0.030363235
0.030363174
0.03036324
0.030363169
0.030363245
0.030363163
0.030363251
0.030363157
0.030363258
0.03036315
0.030363266
0.030363142
0.030363274
0.030363134
0.030363283
0.030363124
0.030363293
0.030363114
0.030363303
0.030363103
0.030363314
0.030363092
0.030363328
0.030363077
0.03036334
0.030363065
0.030363355
0.030363049
0.03036337
0.030363034
0.030363386
0.030363017
0.030600102
0.0303951
0.030366326
0.030363442
0.03036322
0.030363207
0.030363206
0.030363206
0.030363206
0.030363206
0.030363206
0.030363206
0.030363206
0.030363206
0.030363206
0.030363206
0.030363206
0.030363206
0.030363206
0.030363206
0.030363206
0.030363206
0.030363206
0.030363206
0.030363206
0.030363206
0.030363206
0.030363206
0.030363206
0.030363206
0.030363206
0.030363206
0.030363206
0.030363206
0.030363206
0.030363206
0.030363206
0.030363205
0.030363207
0.030363205
0.030363207
0.030363205
0.030363208
0.030363204
0.030363208
0.030363204
0.030363209
0.030363203
0.03036321
0.030363202
0.030363211
0.0303632
0.030363212
0.030363199
0.030363214
0.030363197
0.030363216
0.030363195
0.030363218
0.030363193
0.030363221
0.03036319
0.030363224
0.030363187
0.030363227
0.030363183
0.030363231
0.030363179
0.030363235
0.030363174
0.03036324
0.030363169
0.030363246
0.030363163
0.030363252
0.030363157
0.030363258
0.03036315
0.030363266
0.030363142
0.030363274
0.030363133
0.030363283
0.030363124
0.030363293
0.030363113
0.030363304
0.030363102
0.030363314
0.030363091
0.030363329
0.030363076
0.03036334
0.030363064
0.030363356
0.030363048
0.03036337
0.030363033
0.030363387
0.030363015
0.030600102
0.0303951
0.030366326
0.030363442
0.03036322
0.030363207
0.030363206
0.030363206
0.030363206
0.030363206
0.030363206
0.030363206
0.030363206
0.030363206
0.030363206
0.030363206
0.030363206
0.030363206
0.030363206
0.030363206
0.030363206
0.030363206
0.030363206
0.030363206
0.030363206
0.030363206
0.030363206
0.030363206
0.030363206
0.030363206
0.030363206
0.030363206
0.030363206
0.030363206
0.030363206
0.030363206
0.030363206
0.030363205
0.030363207
0.030363205
0.030363207
0.030363205
0.030363208
0.030363204
0.030363208
0.030363204
0.030363209
0.030363203
0.03036321
0.030363202
0.030363211
0.030363201
0.030363212
0.030363199
0.030363214
0.030363197
0.030363216
0.030363195
0.030363218
0.030363193
0.030363221
0.03036319
0.030363224
0.030363187
0.030363227
0.030363183
0.030363231
0.030363179
0.030363235
0.030363174
0.03036324
0.030363169
0.030363245
0.030363163
0.030363252
0.030363157
0.030363258
0.03036315
0.030363266
0.030363142
0.030363274
0.030363133
0.030363283
0.030363124
0.030363293
0.030363114
0.030363304
0.030363102
0.030363314
0.030363092
0.030363328
0.030363077
0.03036334
0.030363065
0.030363356
0.030363048
0.03036337
0.030363034
0.030363387
0.030363016
0.030600102
0.0303951
0.030366326
0.030363442
0.03036322
0.030363207
0.030363206
0.030363206
0.030363206
0.030363206
0.030363206
0.030363206
0.030363206
0.030363206
0.030363206
0.030363206
0.030363206
0.030363206
0.030363206
0.030363206
0.030363206
0.030363206
0.030363206
0.030363206
0.030363206
0.030363206
0.030363206
0.030363206
0.030363206
0.030363206
0.030363206
0.030363206
0.030363206
0.030363206
0.030363206
0.030363206
0.030363206
0.030363205
0.030363207
0.030363205
0.030363207
0.030363205
0.030363208
0.030363204
0.030363208
0.030363204
0.030363209
0.030363203
0.03036321
0.030363202
0.030363211
0.0303632
0.030363212
0.030363199
0.030363214
0.030363197
0.030363216
0.030363195
0.030363218
0.030363193
0.030363221
0.03036319
0.030363224
0.030363187
0.030363227
0.030363183
0.030363231
0.030363179
0.030363235
0.030363174
0.03036324
0.030363169
0.030363246
0.030363163
0.030363252
0.030363157
0.030363258
0.03036315
0.030363266
0.030363142
0.030363274
0.030363133
0.030363283
0.030363124
0.030363293
0.030363114
0.030363304
0.030363102
0.030363314
0.030363091
0.030363328
0.030363077
0.03036334
0.030363064
0.030363356
0.030363048
0.03036337
0.030363033
0.030363387
0.030363016
0.030600102
0.0303951
0.030366326
0.030363442
0.03036322
0.030363207
0.030363206
0.030363206
0.030363206
0.030363206
0.030363206
0.030363206
0.030363206
0.030363206
0.030363206
0.030363206
0.030363206
0.030363206
0.030363206
0.030363206
0.030363206
0.030363206
0.030363206
0.030363206
0.030363206
0.030363206
0.030363206
0.030363206
0.030363206
0.030363206
0.030363206
0.030363206
0.030363206
0.030363206
0.030363206
0.030363206
0.030363206
0.030363205
0.030363207
0.030363205
0.030363207
0.030363205
0.030363208
0.030363204
0.030363208
0.030363204
0.030363209
0.030363203
0.03036321
0.030363202
0.030363211
0.0303632
0.030363212
0.030363199
0.030363214
0.030363197
0.030363216
0.030363195
0.030363218
0.030363193
0.030363221
0.03036319
0.030363224
0.030363187
0.030363227
0.030363183
0.030363231
0.030363179
0.030363235
0.030363174
0.03036324
0.030363169
0.030363246
0.030363163
0.030363252
0.030363157
0.030363258
0.03036315
0.030363266
0.030363142
0.030363274
0.030363133
0.030363283
0.030363124
0.030363293
0.030363114
0.030363304
0.030363102
0.030363314
0.030363092
0.030363328
0.030363077
0.03036334
0.030363064
0.030363356
0.030363048
0.03036337
0.030363033
0.030363387
0.030363016
0.030600102
0.0303951
0.030366326
0.030363442
0.03036322
0.030363207
0.030363206
0.030363206
0.030363206
0.030363206
0.030363206
0.030363206
0.030363206
0.030363206
0.030363206
0.030363206
0.030363206
0.030363206
0.030363206
0.030363206
0.030363206
0.030363206
0.030363206
0.030363206
0.030363206
0.030363206
0.030363206
0.030363206
0.030363206
0.030363206
0.030363206
0.030363206
0.030363206
0.030363206
0.030363206
0.030363206
0.030363206
0.030363205
0.030363207
0.030363205
0.030363207
0.030363205
0.030363208
0.030363204
0.030363208
0.030363204
0.030363209
0.030363203
0.03036321
0.030363202
0.030363211
0.0303632
0.030363212
0.030363199
0.030363214
0.030363197
0.030363216
0.030363195
0.030363218
0.030363193
0.030363221
0.03036319
0.030363224
0.030363187
0.030363227
0.030363183
0.030363231
0.030363179
0.030363235
0.030363174
0.03036324
0.030363169
0.030363246
0.030363163
0.030363252
0.030363157
0.030363258
0.03036315
0.030363266
0.030363142
0.030363274
0.030363133
0.030363283
0.030363124
0.030363293
0.030363114
0.030363304
0.030363102
0.030363314
0.030363092
0.030363328
0.030363077
0.03036334
0.030363064
0.030363356
0.030363048
0.03036337
0.030363033
0.030363387
0.030363016
0.030600102
0.0303951
0.030366326
0.030363442
0.03036322
0.030363207
0.030363206
0.030363206
0.030363206
0.030363206
0.030363206
0.030363206
0.030363206
0.030363206
0.030363206
0.030363206
0.030363206
0.030363206
0.030363206
0.030363206
0.030363206
0.030363206
0.030363206
0.030363206
0.030363206
0.030363206
0.030363206
0.030363206
0.030363206
0.030363206
0.030363206
0.030363206
0.030363206
0.030363206
0.030363206
0.030363206
0.030363206
0.030363205
0.030363207
0.030363205
0.030363207
0.030363205
0.030363208
0.030363204
0.030363208
0.030363204
0.030363209
0.030363203
0.03036321
0.030363202
0.030363211
0.0303632
0.030363212
0.030363199
0.030363214
0.030363197
0.030363216
0.030363195
0.030363218
0.030363193
0.030363221
0.03036319
0.030363224
0.030363187
0.030363227
0.030363183
0.030363231
0.030363179
0.030363235
0.030363174
0.03036324
0.030363169
0.030363246
0.030363163
0.030363252
0.030363157
0.030363258
0.03036315
0.030363266
0.030363142
0.030363274
0.030363133
0.030363283
0.030363124
0.030363293
0.030363114
0.030363304
0.030363102
0.030363314
0.030363091
0.030363328
0.030363077
0.03036334
0.030363064
0.030363356
0.030363048
0.03036337
0.030363033
0.030363387
0.030363016
0.030600102
0.0303951
0.030366326
0.030363442
0.03036322
0.030363207
0.030363206
0.030363206
0.030363206
0.030363206
0.030363206
0.030363206
0.030363206
0.030363206
0.030363206
0.030363206
0.030363206
0.030363206
0.030363206
0.030363206
0.030363206
0.030363206
0.030363206
0.030363206
0.030363206
0.030363206
0.030363206
0.030363206
0.030363206
0.030363206
0.030363206
0.030363206
0.030363206
0.030363206
0.030363206
0.030363206
0.030363206
0.030363205
0.030363207
0.030363205
0.030363207
0.030363205
0.030363208
0.030363204
0.030363208
0.030363204
0.030363209
0.030363203
0.03036321
0.030363202
0.030363211
0.030363201
0.030363212
0.030363199
0.030363214
0.030363197
0.030363216
0.030363195
0.030363218
0.030363193
0.030363221
0.03036319
0.030363224
0.030363187
0.030363227
0.030363183
0.030363231
0.030363179
0.030363235
0.030363174
0.03036324
0.030363169
0.030363245
0.030363163
0.030363252
0.030363157
0.030363258
0.03036315
0.030363266
0.030363142
0.030363274
0.030363133
0.030363283
0.030363124
0.030363293
0.030363114
0.030363304
0.030363102
0.030363314
0.030363092
0.030363328
0.030363077
0.03036334
0.030363065
0.030363356
0.030363048
0.03036337
0.030363034
0.030363387
0.030363016
0.030600102
0.0303951
0.030366326
0.030363442
0.03036322
0.030363207
0.030363206
0.030363206
0.030363206
0.030363206
0.030363206
0.030363206
0.030363206
0.030363206
0.030363206
0.030363206
0.030363206
0.030363206
0.030363206
0.030363206
0.030363206
0.030363206
0.030363206
0.030363206
0.030363206
0.030363206
0.030363206
0.030363206
0.030363206
0.030363206
0.030363206
0.030363206
0.030363206
0.030363206
0.030363206
0.030363206
0.030363206
0.030363205
0.030363207
0.030363205
0.030363207
0.030363205
0.030363208
0.030363204
0.030363208
0.030363204
0.030363209
0.030363203
0.03036321
0.030363202
0.030363211
0.0303632
0.030363212
0.030363199
0.030363214
0.030363197
0.030363216
0.030363195
0.030363218
0.030363193
0.030363221
0.03036319
0.030363224
0.030363187
0.030363227
0.030363183
0.030363231
0.030363179
0.030363235
0.030363174
0.03036324
0.030363169
0.030363246
0.030363163
0.030363252
0.030363157
0.030363258
0.03036315
0.030363266
0.030363142
0.030363274
0.030363133
0.030363283
0.030363124
0.030363293
0.030363113
0.030363304
0.030363102
0.030363314
0.030363091
0.030363329
0.030363076
0.03036334
0.030363064
0.030363356
0.030363048
0.03036337
0.030363033
0.030363387
0.030363015
0.030600102
0.0303951
0.030366326
0.030363442
0.03036322
0.030363207
0.030363206
0.030363206
0.030363206
0.030363206
0.030363206
0.030363206
0.030363206
0.030363206
0.030363206
0.030363206
0.030363206
0.030363206
0.030363206
0.030363206
0.030363206
0.030363206
0.030363206
0.030363206
0.030363206
0.030363206
0.030363206
0.030363206
0.030363206
0.030363206
0.030363206
0.030363206
0.030363206
0.030363206
0.030363206
0.030363206
0.030363206
0.030363205
0.030363207
0.030363205
0.030363207
0.030363205
0.030363208
0.030363204
0.030363208
0.030363204
0.030363209
0.030363203
0.03036321
0.030363202
0.030363211
0.030363201
0.030363212
0.030363199
0.030363214
0.030363197
0.030363216
0.030363195
0.030363218
0.030363193
0.030363221
0.03036319
0.030363224
0.030363187
0.030363227
0.030363183
0.030363231
0.030363179
0.030363235
0.030363174
0.03036324
0.030363169
0.030363245
0.030363163
0.030363251
0.030363157
0.030363258
0.03036315
0.030363266
0.030363142
0.030363274
0.030363134
0.030363283
0.030363124
0.030363293
0.030363114
0.030363303
0.030363103
0.030363314
0.030363092
0.030363328
0.030363077
0.03036334
0.030363065
0.030363355
0.030363049
0.03036337
0.030363034
0.030363386
0.030363017
0.030600102
0.0303951
0.030366326
0.030363442
0.03036322
0.030363207
0.030363206
0.030363206
0.030363206
0.030363206
0.030363206
0.030363206
0.030363206
0.030363206
0.030363206
0.030363206
0.030363206
0.030363206
0.030363206
0.030363206
0.030363206
0.030363206
0.030363206
0.030363206
0.030363206
0.030363206
0.030363206
0.030363206
0.030363206
0.030363206
0.030363206
0.030363206
0.030363206
0.030363206
0.030363206
0.030363206
0.030363206
0.030363205
0.030363207
0.030363205
0.030363207
0.030363205
0.030363208
0.030363204
0.030363208
0.030363204
0.030363209
0.030363203
0.03036321
0.030363202
0.030363211
0.030363201
0.030363212
0.030363199
0.030363214
0.030363197
0.030363216
0.030363195
0.030363218
0.030363193
0.030363221
0.03036319
0.030363224
0.030363187
0.030363227
0.030363183
0.030363231
0.030363179
0.030363235
0.030363174
0.03036324
0.030363169
0.030363245
0.030363163
0.030363251
0.030363157
0.030363258
0.03036315
0.030363266
0.030363142
0.030363274
0.030363134
0.030363283
0.030363124
0.030363293
0.030363114
0.030363303
0.030363103
0.030363314
0.030363092
0.030363328
0.030363077
0.03036334
0.030363065
0.030363355
0.030363049
0.03036337
0.030363034
0.030363386
0.030363017
0.030600102
0.0303951
0.030366326
0.030363442
0.03036322
0.030363207
0.030363206
0.030363206
0.030363206
0.030363206
0.030363206
0.030363206
0.030363206
0.030363206
0.030363206
0.030363206
0.030363206
0.030363206
0.030363206
0.030363206
0.030363206
0.030363206
0.030363206
0.030363206
0.030363206
0.030363206
0.030363206
0.030363206
0.030363206
0.030363206
0.030363206
0.030363206
0.030363206
0.030363206
0.030363206
0.030363206
0.030363206
0.030363205
0.030363207
0.030363205
0.030363207
0.030363205
0.030363208
0.030363204
0.030363208
0.030363204
0.030363209
0.030363203
0.03036321
0.030363202
0.030363211
0.0303632
0.030363212
0.030363199
0.030363214
0.030363197
0.030363216
0.030363195
0.030363218
0.030363193
0.030363221
0.03036319
0.030363224
0.030363187
0.030363227
0.030363183
0.030363231
0.030363179
0.030363235
0.030363174
0.03036324
0.030363169
0.030363246
0.030363163
0.030363252
0.030363157
0.030363258
0.03036315
0.030363266
0.030363142
0.030363274
0.030363133
0.030363283
0.030363124
0.030363293
0.030363113
0.030363304
0.030363102
0.030363314
0.030363091
0.030363329
0.030363076
0.03036334
0.030363064
0.030363356
0.030363048
0.03036337
0.030363033
0.030363387
0.030363015
0.030600102
0.0303951
0.030366326
0.030363442
0.03036322
0.030363207
0.030363206
0.030363206
0.030363206
0.030363206
0.030363206
0.030363206
0.030363206
0.030363206
0.030363206
0.030363206
0.030363206
0.030363206
0.030363206
0.030363206
0.030363206
0.030363206
0.030363206
0.030363206
0.030363206
0.030363206
0.030363206
0.030363206
0.030363206
0.030363206
0.030363206
0.030363206
0.030363206
0.030363206
0.030363206
0.030363206
0.030363206
0.030363205
0.030363207
0.030363205
0.030363207
0.030363205
0.030363208
0.030363204
0.030363208
0.030363204
0.030363209
0.030363203
0.03036321
0.030363202
0.030363211
0.030363201
0.030363212
0.030363199
0.030363214
0.030363197
0.030363216
0.030363195
0.030363218
0.030363193
0.030363221
0.03036319
0.030363224
0.030363187
0.030363227
0.030363183
0.030363231
0.030363179
0.030363235
0.030363174
0.03036324
0.030363169
0.030363245
0.030363163
0.030363252
0.030363157
0.030363258
0.03036315
0.030363266
0.030363142
0.030363274
0.030363133
0.030363283
0.030363124
0.030363293
0.030363114
0.030363304
0.030363102
0.030363314
0.030363092
0.030363328
0.030363077
0.03036334
0.030363065
0.030363356
0.030363048
0.03036337
0.030363034
0.030363387
0.030363016
0.030600102
0.0303951
0.030366326
0.030363442
0.03036322
0.030363207
0.030363206
0.030363206
0.030363206
0.030363206
0.030363206
0.030363206
0.030363206
0.030363206
0.030363206
0.030363206
0.030363206
0.030363206
0.030363206
0.030363206
0.030363206
0.030363206
0.030363206
0.030363206
0.030363206
0.030363206
0.030363206
0.030363206
0.030363206
0.030363206
0.030363206
0.030363206
0.030363206
0.030363206
0.030363206
0.030363206
0.030363206
0.030363205
0.030363207
0.030363205
0.030363207
0.030363205
0.030363208
0.030363204
0.030363208
0.030363204
0.030363209
0.030363203
0.03036321
0.030363202
0.030363211
0.0303632
0.030363212
0.030363199
0.030363214
0.030363197
0.030363216
0.030363195
0.030363218
0.030363193
0.030363221
0.03036319
0.030363224
0.030363187
0.030363227
0.030363183
0.030363231
0.030363179
0.030363235
0.030363174
0.03036324
0.030363169
0.030363246
0.030363163
0.030363252
0.030363157
0.030363258
0.03036315
0.030363266
0.030363142
0.030363274
0.030363133
0.030363283
0.030363124
0.030363293
0.030363114
0.030363304
0.030363102
0.030363314
0.030363091
0.030363328
0.030363077
0.03036334
0.030363064
0.030363356
0.030363048
0.03036337
0.030363033
0.030363387
0.030363016
0.030600102
0.0303951
0.030366326
0.030363442
0.03036322
0.030363207
0.030363206
0.030363206
0.030363206
0.030363206
0.030363206
0.030363206
0.030363206
0.030363206
0.030363206
0.030363206
0.030363206
0.030363206
0.030363206
0.030363206
0.030363206
0.030363206
0.030363206
0.030363206
0.030363206
0.030363206
0.030363206
0.030363206
0.030363206
0.030363206
0.030363206
0.030363206
0.030363206
0.030363206
0.030363206
0.030363206
0.030363206
0.030363205
0.030363207
0.030363205
0.030363207
0.030363205
0.030363208
0.030363204
0.030363208
0.030363204
0.030363209
0.030363203
0.03036321
0.030363202
0.030363211
0.0303632
0.030363212
0.030363199
0.030363214
0.030363197
0.030363216
0.030363195
0.030363218
0.030363193
0.030363221
0.03036319
0.030363224
0.030363187
0.030363227
0.030363183
0.030363231
0.030363179
0.030363235
0.030363174
0.03036324
0.030363169
0.030363246
0.030363163
0.030363252
0.030363157
0.030363258
0.03036315
0.030363266
0.030363142
0.030363274
0.030363133
0.030363283
0.030363124
0.030363293
0.030363114
0.030363304
0.030363102
0.030363314
0.030363092
0.030363328
0.030363077
0.03036334
0.030363064
0.030363356
0.030363048
0.03036337
0.030363033
0.030363387
0.030363016
0.030600102
0.0303951
0.030366326
0.030363442
0.03036322
0.030363207
0.030363206
0.030363206
0.030363206
0.030363206
0.030363206
0.030363206
0.030363206
0.030363206
0.030363206
0.030363206
0.030363206
0.030363206
0.030363206
0.030363206
0.030363206
0.030363206
0.030363206
0.030363206
0.030363206
0.030363206
0.030363206
0.030363206
0.030363206
0.030363206
0.030363206
0.030363206
0.030363206
0.030363206
0.030363206
0.030363206
0.030363206
0.030363205
0.030363207
0.030363205
0.030363207
0.030363205
0.030363208
0.030363204
0.030363208
0.030363204
0.030363209
0.030363203
0.03036321
0.030363202
0.030363211
0.0303632
0.030363212
0.030363199
0.030363214
0.030363197
0.030363216
0.030363195
0.030363218
0.030363193
0.030363221
0.03036319
0.030363224
0.030363187
0.030363227
0.030363183
0.030363231
0.030363179
0.030363235
0.030363174
0.03036324
0.030363169
0.030363246
0.030363163
0.030363252
0.030363157
0.030363258
0.03036315
0.030363266
0.030363142
0.030363274
0.030363133
0.030363283
0.030363124
0.030363293
0.030363114
0.030363304
0.030363102
0.030363314
0.030363092
0.030363328
0.030363077
0.03036334
0.030363064
0.030363356
0.030363048
0.03036337
0.030363033
0.030363387
0.030363016
0.030600102
0.0303951
0.030366326
0.030363442
0.03036322
0.030363207
0.030363206
0.030363206
0.030363206
0.030363206
0.030363206
0.030363206
0.030363206
0.030363206
0.030363206
0.030363206
0.030363206
0.030363206
0.030363206
0.030363206
0.030363206
0.030363206
0.030363206
0.030363206
0.030363206
0.030363206
0.030363206
0.030363206
0.030363206
0.030363206
0.030363206
0.030363206
0.030363206
0.030363206
0.030363206
0.030363206
0.030363206
0.030363205
0.030363207
0.030363205
0.030363207
0.030363205
0.030363208
0.030363204
0.030363208
0.030363204
0.030363209
0.030363203
0.03036321
0.030363202
0.030363211
0.0303632
0.030363212
0.030363199
0.030363214
0.030363197
0.030363216
0.030363195
0.030363218
0.030363193
0.030363221
0.03036319
0.030363224
0.030363187
0.030363227
0.030363183
0.030363231
0.030363179
0.030363235
0.030363174
0.03036324
0.030363169
0.030363246
0.030363163
0.030363252
0.030363157
0.030363258
0.03036315
0.030363266
0.030363142
0.030363274
0.030363133
0.030363283
0.030363124
0.030363293
0.030363114
0.030363304
0.030363102
0.030363314
0.030363091
0.030363328
0.030363077
0.03036334
0.030363064
0.030363356
0.030363048
0.03036337
0.030363033
0.030363387
0.030363016
0.030600102
0.0303951
0.030366326
0.030363442
0.03036322
0.030363207
0.030363206
0.030363206
0.030363206
0.030363206
0.030363206
0.030363206
0.030363206
0.030363206
0.030363206
0.030363206
0.030363206
0.030363206
0.030363206
0.030363206
0.030363206
0.030363206
0.030363206
0.030363206
0.030363206
0.030363206
0.030363206
0.030363206
0.030363206
0.030363206
0.030363206
0.030363206
0.030363206
0.030363206
0.030363206
0.030363206
0.030363206
0.030363205
0.030363207
0.030363205
0.030363207
0.030363205
0.030363208
0.030363204
0.030363208
0.030363204
0.030363209
0.030363203
0.03036321
0.030363202
0.030363211
0.030363201
0.030363212
0.030363199
0.030363214
0.030363197
0.030363216
0.030363195
0.030363218
0.030363193
0.030363221
0.03036319
0.030363224
0.030363187
0.030363227
0.030363183
0.030363231
0.030363179
0.030363235
0.030363174
0.03036324
0.030363169
0.030363245
0.030363163
0.030363252
0.030363157
0.030363258
0.03036315
0.030363266
0.030363142
0.030363274
0.030363133
0.030363283
0.030363124
0.030363293
0.030363114
0.030363304
0.030363102
0.030363314
0.030363092
0.030363328
0.030363077
0.03036334
0.030363065
0.030363356
0.030363048
0.03036337
0.030363034
0.030363387
0.030363016
0.030600102
0.0303951
0.030366326
0.030363442
0.03036322
0.030363207
0.030363206
0.030363206
0.030363206
0.030363206
0.030363206
0.030363206
0.030363206
0.030363206
0.030363206
0.030363206
0.030363206
0.030363206
0.030363206
0.030363206
0.030363206
0.030363206
0.030363206
0.030363206
0.030363206
0.030363206
0.030363206
0.030363206
0.030363206
0.030363206
0.030363206
0.030363206
0.030363206
0.030363206
0.030363206
0.030363206
0.030363206
0.030363205
0.030363207
0.030363205
0.030363207
0.030363205
0.030363208
0.030363204
0.030363208
0.030363204
0.030363209
0.030363203
0.03036321
0.030363202
0.030363211
0.0303632
0.030363212
0.030363199
0.030363214
0.030363197
0.030363216
0.030363195
0.030363218
0.030363193
0.030363221
0.03036319
0.030363224
0.030363187
0.030363227
0.030363183
0.030363231
0.030363179
0.030363235
0.030363174
0.03036324
0.030363169
0.030363246
0.030363163
0.030363252
0.030363157
0.030363258
0.03036315
0.030363266
0.030363142
0.030363274
0.030363133
0.030363283
0.030363124
0.030363293
0.030363113
0.030363304
0.030363102
0.030363314
0.030363091
0.030363329
0.030363076
0.03036334
0.030363064
0.030363356
0.030363048
0.03036337
0.030363033
0.030363387
0.030363015
0.030600102
0.0303951
0.030366326
0.030363442
0.03036322
0.030363207
0.030363206
0.030363206
0.030363206
0.030363206
0.030363206
0.030363206
0.030363206
0.030363206
0.030363206
0.030363206
0.030363206
0.030363206
0.030363206
0.030363206
0.030363206
0.030363206
0.030363206
0.030363206
0.030363206
0.030363206
0.030363206
0.030363206
0.030363206
0.030363206
0.030363206
0.030363206
0.030363206
0.030363206
0.030363206
0.030363206
0.030363206
0.030363205
0.030363207
0.030363205
0.030363207
0.030363205
0.030363208
0.030363204
0.030363208
0.030363204
0.030363209
0.030363203
0.03036321
0.030363202
0.030363211
0.030363201
0.030363212
0.030363199
0.030363214
0.030363197
0.030363216
0.030363195
0.030363218
0.030363193
0.030363221
0.03036319
0.030363224
0.030363187
0.030363227
0.030363183
0.030363231
0.030363179
0.030363235
0.030363174
0.03036324
0.030363169
0.030363245
0.030363163
0.030363251
0.030363157
0.030363258
0.03036315
0.030363266
0.030363142
0.030363274
0.030363134
0.030363283
0.030363124
0.030363293
0.030363114
0.030363303
0.030363103
0.030363314
0.030363092
0.030363328
0.030363077
0.03036334
0.030363065
0.030363355
0.030363049
0.03036337
0.030363034
0.030363386
0.030363017
)
;
    }
}


// ************************************************************************* //
