/*--------------------------------*- C++ -*----------------------------------*\
  =========                 |
  \\      /  F ield         | OpenFOAM: The Open Source CFD Toolbox
   \\    /   O peration     | Website:  https://openfoam.org
    \\  /    A nd           | Version:  8
     \\/     M anipulation  |
\*---------------------------------------------------------------------------*/
FoamFile
{
    version     2.0;
    format      ascii;
    class       volScalarField;
    location    "1.500023";
    object      alphat;
}
// * * * * * * * * * * * * * * * * * * * * * * * * * * * * * * * * * * * * * //

dimensions      [1 -1 -1 0 0 0 0];

internalField   nonuniform List<scalar> 
6800
(
0.0327959
0.10256
0.104256
0.0971249
0.0810691
0.0582084
0.0505987
0.0443483
0.0351983
0.0374155
0.0313735
0.0832206
0.0750518
0.0515677
0.0525315
0.0536423
0.0495187
0.0432347
0.0359413
0.0211017
0.0293617
0.0518093
0.0479676
0.05218
0.057705
0.0611737
0.0490217
0.0288341
0.0160835
0.0119153
0.0256409
0.0437152
0.0468572
0.0587031
0.0652918
0.0444234
0.0223544
0.0146186
0.0116034
0.0106138
0.0292294
0.0439631
0.0503213
0.0679821
0.0544375
0.0269434
0.0163091
0.0128556
0.0113587
0.0105983
0.0278733
0.0422809
0.060351
0.0795131
0.0372558
0.0201856
0.0144029
0.0126732
0.0111372
0.0101908
0.0313682
0.0481699
0.0769219
0.0540672
0.0240295
0.0139371
0.0123108
0.0110312
0.00972013
0.00926152
0.0305076
0.0566887
0.082501
0.0414748
0.0189274
0.015174
0.0134348
0.0115148
0.00999904
0.00943939
0.0311595
0.0674738
0.0781935
0.0287836
0.0171419
0.0139591
0.0111498
0.00972451
0.00897003
0.00874444
0.0313638
0.0803761
0.0689606
0.0274431
0.0154638
0.0134443
0.0120081
0.0103148
0.00923993
0.00896561
0.0309941
0.263072
0.435987
0.522138
0.566106
0.58715
0.598827
0.608246
0.617864
0.628284
0.0306891
0.257678
0.426407
0.509436
0.551591
0.569531
0.578238
0.584348
0.590255
0.597074
0.030165
0.246632
0.40606
0.484969
0.521731
0.534569
0.537418
0.536891
0.536222
0.53795
0.0293832
0.231075
0.377559
0.449693
0.478143
0.483248
0.477573
0.467596
0.457256
0.451207
0.0283404
0.212041
0.342286
0.403412
0.421791
0.417431
0.402008
0.380936
0.358615
0.336769
0.0271788
0.193921
0.304535
0.349438
0.352401
0.334578
0.310323
0.285081
0.265051
0.225293
0.0263558
0.18135
0.266365
0.281795
0.264969
0.237515
0.217266
0.197419
0.185993
0.177492
0.0253244
0.178468
0.213739
0.206074
0.183644
0.163122
0.153445
0.158682
0.155449
0.126254
0.026396
0.147346
0.161314
0.150704
0.131839
0.137399
0.133043
0.11745
0.0983338
0.0545633
0.0248756
0.134594
0.124911
0.113185
0.115191
0.103647
0.0784301
0.058112
0.0444175
0.0350947
0.644146
0.665593
0.685962
0.705619
0.724446
0.742282
0.758974
0.774447
0.788671
0.80169
0.813433
0.823785
0.832601
0.839773
0.845429
0.849636
0.852427
0.853801
0.853859
0.852688
0.850424
0.847176
0.843061
0.838215
0.832825
0.827099
0.821232
0.815398
0.809697
0.804237
0.799138
0.794523
0.790152
0.785894
0.781705
0.777685
0.773881
0.7703
0.766919
0.763703
0.760606
0.757584
0.754585
0.751567
0.748492
0.745332
0.742067
0.738684
0.735174
0.731536
0.727778
0.72391
0.719947
0.715909
0.711817
0.707694
0.703562
0.699447
0.695374
0.691366
0.687446
0.683633
0.679945
0.676395
0.672994
0.669747
0.666658
0.663726
0.660946
0.658311
0.655812
0.653436
0.651171
0.649003
0.646915
0.644894
0.642924
0.640993
0.639087
0.637198
0.635316
0.633434
0.631547
0.629653
0.627748
0.625834
0.623906
0.621974
0.620024
0.618088
0.616113
0.614198
0.612184
0.610341
0.608241
0.606558
0.604303
0.602821
0.600564
0.59891
0.610095
0.631655
0.651635
0.671149
0.690043
0.708063
0.724999
0.740738
0.755208
0.768547
0.780622
0.791349
0.800539
0.807943
0.813641
0.817798
0.820517
0.8217
0.821616
0.820362
0.818133
0.815046
0.811173
0.806616
0.801592
0.796322
0.791009
0.785835
0.780836
0.77614
0.771731
0.767561
0.763459
0.759494
0.75569
0.752084
0.748701
0.745541
0.742577
0.739771
0.737085
0.734475
0.731892
0.729292
0.726638
0.723904
0.721071
0.718117
0.715032
0.711815
0.708472
0.705012
0.701451
0.697809
0.694105
0.690359
0.686596
0.682842
0.679125
0.675466
0.671888
0.668412
0.665053
0.661828
0.658744
0.655808
0.653023
0.650386
0.647892
0.645534
0.643302
0.641183
0.639165
0.637233
0.635372
0.633566
0.631801
0.630065
0.628345
0.626632
0.624919
0.623199
0.621467
0.619723
0.617962
0.616188
0.614397
0.6126
0.61078
0.608974
0.607126
0.605339
0.603447
0.601731
0.59975
0.59819
0.59606
0.594682
0.592568
0.591055
0.550698
0.574975
0.596795
0.618016
0.638534
0.658138
0.676605
0.693827
0.709789
0.724312
0.737416
0.749073
0.759194
0.767082
0.772872
0.776881
0.779365
0.780066
0.779533
0.777655
0.775022
0.77165
0.76752
0.762696
0.757528
0.752277
0.747179
0.742461
0.737994
0.733563
0.729296
0.725244
0.721387
0.717736
0.714306
0.711117
0.708179
0.705485
0.702988
0.700637
0.698399
0.696235
0.694096
0.691945
0.689749
0.687477
0.685109
0.682641
0.680069
0.67739
0.674607
0.671728
0.668761
0.665724
0.662627
0.659481
0.656313
0.653149
0.650011
0.646923
0.643907
0.640984
0.63817
0.635477
0.632916
0.63049
0.628201
0.626045
0.624018
0.622111
0.620315
0.618617
0.617004
0.615461
0.613972
0.612523
0.6111
0.609689
0.608281
0.606867
0.60544
0.603996
0.602531
0.601045
0.599535
0.598007
0.596454
0.594895
0.593306
0.591734
0.590109
0.588553
0.586879
0.585392
0.583626
0.582283
0.580386
0.579186
0.577341
0.576082
0.470614
0.50161
0.528322
0.553395
0.577188
0.5996
0.620524
0.6399
0.657679
0.673494
0.687655
0.700062
0.710341
0.717682
0.722387
0.725286
0.726168
0.725234
0.722361
0.718237
0.713824
0.708924
0.70378
0.699395
0.695113
0.690783
0.686491
0.682341
0.678339
0.674443
0.670661
0.667043
0.663617
0.66044
0.657544
0.654977
0.652746
0.650826
0.649151
0.647634
0.646206
0.644815
0.643408
0.641946
0.640405
0.638767
0.637022
0.635169
0.633211
0.631154
0.629004
0.626771
0.624467
0.622104
0.6197
0.617279
0.614854
0.612436
0.610043
0.607693
0.605406
0.603198
0.601087
0.599083
0.597195
0.595426
0.593774
0.592237
0.590809
0.589483
0.58825
0.587097
0.58601
0.584974
0.583972
0.582989
0.58201
0.581025
0.580027
0.579007
0.577958
0.576878
0.575765
0.574621
0.573443
0.572243
0.57101
0.56977
0.568491
0.567233
0.565911
0.564667
0.563288
0.56211
0.560639
0.559588
0.558014
0.557048
0.555575
0.55466
0.3696
0.409915
0.44318
0.472261
0.498326
0.521654
0.542766
0.561906
0.579709
0.595902
0.61051
0.623454
0.634706
0.643835
0.650504
0.656387
0.660107
0.66116
0.660627
0.658762
0.654906
0.649682
0.643926
0.638116
0.632509
0.627296
0.622474
0.618041
0.613867
0.609936
0.606158
0.602588
0.59924
0.596203
0.593491
0.591191
0.589275
0.587735
0.58648
0.585349
0.584285
0.583264
0.582235
0.581179
0.580096
0.578982
0.577832
0.576645
0.575418
0.574149
0.572834
0.571472
0.570067
0.56862
0.567133
0.565622
0.5641
0.562579
0.561074
0.559599
0.558169
0.556802
0.555512
0.55431
0.553204
0.552193
0.551273
0.550444
0.5497
0.549039
0.548452
0.547926
0.547445
0.54699
0.546545
0.546093
0.545621
0.545115
0.544566
0.543974
0.543336
0.542654
0.541928
0.541166
0.540363
0.539536
0.538671
0.5378
0.536883
0.535994
0.535027
0.534154
0.533125
0.532315
0.531199
0.530495
0.529306
0.528639
0.527558
0.527116
0.261555
0.303535
0.339588
0.371331
0.399619
0.426225
0.451328
0.47464
0.49565
0.514353
0.529015
0.540949
0.550615
0.558024
0.563741
0.566518
0.565975
0.56297
0.558087
0.551962
0.545281
0.53881
0.532755
0.527429
0.522754
0.518893
0.515549
0.512638
0.509812
0.507105
0.504283
0.501571
0.498953
0.496731
0.494835
0.493543
0.49273
0.492446
0.492649
0.493002
0.493392
0.493827
0.494235
0.494619
0.494996
0.495374
0.495744
0.496095
0.496425
0.49672
0.496958
0.497126
0.497222
0.497232
0.497144
0.496991
0.496785
0.496554
0.496309
0.496058
0.495816
0.495606
0.495443
0.495343
0.495315
0.495348
0.495435
0.495583
0.495793
0.496066
0.496392
0.496757
0.497138
0.497512
0.497859
0.498159
0.498404
0.498584
0.498697
0.49874
0.498717
0.498634
0.49849
0.498298
0.49805
0.497772
0.497441
0.497104
0.496703
0.496336
0.49587
0.495509
0.49497
0.49466
0.49403
0.493804
0.493103
0.49293
0.49211
0.492566
0.19653
0.221018
0.24633
0.272014
0.296278
0.319464
0.34106
0.36032
0.377542
0.39176
0.40187
0.411094
0.419982
0.427419
0.430586
0.430639
0.427747
0.422426
0.415479
0.40779
0.400178
0.393422
0.387668
0.383444
0.380125
0.37819
0.3767
0.375604
0.374142
0.372688
0.370495
0.368438
0.366167
0.364783
0.363665
0.363773
0.364511
0.366185
0.368925
0.37176
0.374533
0.377381
0.380114
0.382783
0.385436
0.388103
0.390768
0.393385
0.395995
0.398526
0.400895
0.40311
0.405148
0.406983
0.408576
0.410101
0.411497
0.412927
0.414309
0.415636
0.416921
0.4182
0.419493
0.420824
0.422202
0.423588
0.42497
0.426382
0.427831
0.429326
0.430851
0.432384
0.433893
0.435342
0.43671
0.437973
0.439141
0.440188
0.441138
0.441986
0.44275
0.443444
0.444061
0.444616
0.445093
0.44553
0.44589
0.446243
0.446506
0.446809
0.446985
0.447278
0.447365
0.447693
0.44768
0.448073
0.447968
0.448456
0.447989
0.449479
0.132294
0.143284
0.154484
0.167743
0.180775
0.196019
0.210418
0.223715
0.238502
0.244949
0.252682
0.261822
0.268006
0.270401
0.269257
0.265019
0.258271
0.249742
0.240497
0.231595
0.223915
0.218277
0.213884
0.211987
0.210171
0.210693
0.210964
0.211179
0.209922
0.208951
0.205319
0.202935
0.199006
0.198486
0.197137
0.199317
0.201751
0.207711
0.216262
0.222619
0.228806
0.235522
0.241714
0.247552
0.253123
0.258658
0.264153
0.269472
0.274907
0.279916
0.284324
0.288459
0.292217
0.295679
0.298541
0.302179
0.305132
0.309183
0.31277
0.316185
0.319463
0.322686
0.325866
0.329056
0.332248
0.335354
0.338336
0.341331
0.344302
0.347281
0.350285
0.353234
0.356126
0.358827
0.36139
0.363775
0.366053
0.368131
0.370126
0.371968
0.373755
0.375491
0.377116
0.378642
0.380042
0.381381
0.382603
0.383811
0.384894
0.386023
0.386993
0.388092
0.388954
0.390068
0.390814
0.391982
0.392597
0.393911
0.393966
0.396561
0.0582822
0.0629388
0.0680766
0.0745945
0.0795969
0.0862931
0.0915047
0.0936134
0.0996821
0.100677
0.105634
0.107726
0.107956
0.105964
0.102178
0.0970215
0.0910182
0.0846216
0.078576
0.0732618
0.0689933
0.0660599
0.0637007
0.0628151
0.0615975
0.061859
0.0618466
0.0616014
0.0610924
0.0596853
0.0581417
0.0560713
0.054577
0.0543574
0.05501
0.0560635
0.0579992
0.0618814
0.0660888
0.0703944
0.074088
0.078831
0.0835732
0.088825
0.09404
0.0998983
0.105856
0.112293
0.118783
0.12572
0.133341
0.141217
0.149505
0.157514
0.165171
0.172486
0.179535
0.186362
0.192916
0.199178
0.205126
0.210854
0.216336
0.221728
0.226932
0.23209
0.236716
0.241359
0.245565
0.249878
0.254735
0.25894
0.263569
0.267053
0.270774
0.274318
0.277902
0.281134
0.284479
0.287485
0.290743
0.294013
0.296927
0.299573
0.301999
0.304365
0.306561
0.308752
0.310772
0.312858
0.314751
0.316787
0.318552
0.320585
0.322222
0.324325
0.325789
0.328104
0.328931
0.332598
0.035178
0.0354076
0.0364172
0.0370326
0.0376409
0.0383011
0.0389037
0.0393556
0.0394235
0.0393132
0.0388144
0.0378973
0.0365659
0.0347209
0.0325329
0.0301482
0.0277681
0.025498
0.0235373
0.0218646
0.0205356
0.0195065
0.018628
0.0180019
0.0173226
0.0169022
0.016427
0.015906
0.0154129
0.014743
0.0141538
0.0135636
0.0130038
0.0127073
0.0123557
0.0125574
0.0122627
0.0124649
0.0128986
0.0134046
0.0139886
0.0147835
0.0154785
0.0165437
0.0176104
0.0190141
0.0205701
0.0223848
0.0244979
0.026798
0.0295382
0.0325212
0.0360219
0.0398531
0.0441478
0.0486676
0.0535878
0.0587372
0.0641285
0.0696769
0.0753073
0.081067
0.0868793
0.0928267
0.0988009
0.104901
0.1111
0.117705
0.124321
0.131168
0.137946
0.144692
0.151245
0.157504
0.163495
0.169146
0.174599
0.179669
0.184576
0.18921
0.193731
0.198138
0.202334
0.206343
0.210017
0.213616
0.216898
0.220213
0.223267
0.226458
0.229434
0.23237
0.235068
0.238172
0.240955
0.244221
0.246821
0.250312
0.252404
0.256967
0.0240283
0.0240148
0.0238017
0.023893
0.0239148
0.0236576
0.023333
0.022923
0.0223908
0.0217591
0.021015
0.0201553
0.0192205
0.0182175
0.0172083
0.0162186
0.0153044
0.0144691
0.0137521
0.0131224
0.0125954
0.0121321
0.0117251
0.0113575
0.0110181
0.0107166
0.0104226
0.0101487
0.0098891
0.00964725
0.00942807
0.00924098
0.00906879
0.00894119
0.00881764
0.00874438
0.00865714
0.00862411
0.00857273
0.00856943
0.00853484
0.00854087
0.00853725
0.0085287
0.00857637
0.00854612
0.00865439
0.00861114
0.00872151
0.00879607
0.00893539
0.00903984
0.00926537
0.00947818
0.00981804
0.0101935
0.0107031
0.0113111
0.0120443
0.0129383
0.0139368
0.0151612
0.0164796
0.0180934
0.0197915
0.0218581
0.0239869
0.026599
0.0293132
0.0325472
0.0359351
0.039822
0.0438449
0.0482631
0.0527363
0.0574967
0.0622258
0.0671824
0.0720259
0.0770815
0.0819855
0.0871437
0.0920485
0.0972692
0.10228
0.107629
0.112651
0.118032
0.122902
0.128141
0.132757
0.137858
0.142152
0.14715
0.151066
0.156096
0.159557
0.164737
0.167771
0.173536
0.014981
0.0151503
0.0152256
0.0153252
0.0153515
0.0152359
0.0150532
0.0148106
0.0145045
0.0141443
0.0137352
0.0132827
0.0128117
0.0123294
0.0118669
0.0114252
0.0110302
0.0106691
0.010358
0.0100758
0.00983632
0.00961844
0.00943025
0.00925862
0.00910755
0.00897089
0.00884821
0.00873747
0.00864158
0.00855971
0.00849259
0.00844049
0.00839923
0.0083716
0.00834741
0.00833467
0.0083176
0.00831164
0.00829923
0.00829228
0.00827809
0.00827405
0.0082583
0.00825195
0.00823829
0.0082311
0.00822106
0.00821441
0.00820832
0.00820109
0.00820057
0.00819251
0.0081981
0.00818949
0.00820089
0.00819287
0.00821027
0.00820572
0.00823023
0.00823254
0.00826671
0.00828051
0.00832888
0.00838296
0.00842273
0.00850842
0.0085808
0.00872448
0.00884758
0.00905743
0.00925227
0.00960639
0.00986523
0.01045
0.0108026
0.0116567
0.0121585
0.013295
0.0139897
0.0154653
0.0163401
0.0182648
0.0193605
0.0217056
0.0231299
0.0259548
0.0277392
0.031134
0.0333201
0.037287
0.0398635
0.044402
0.047309
0.0524198
0.0555502
0.0612307
0.0644541
0.0705209
0.0741501
0.080925
0.0105357
0.0105794
0.0106176
0.0106665
0.0106654
0.0106198
0.0105526
0.0104615
0.0103518
0.0102214
0.0100774
0.00991881
0.0097575
0.00959139
0.00943626
0.00928306
0.00914948
0.00901678
0.00891228
0.0088096
0.00872715
0.0086446
0.00857967
0.00851509
0.00846167
0.00841225
0.00837255
0.00833806
0.00831444
0.00829735
0.00829263
0.00829044
0.00829436
0.00829531
0.00829722
0.00829385
0.00828813
0.0082805
0.00826976
0.00825689
0.00824456
0.00823302
0.00822006
0.00820911
0.00819675
0.00818837
0.00817657
0.00817059
0.00815869
0.00815464
0.00814166
0.00813846
0.00812394
0.00812049
0.00810467
0.0081
0.00808345
0.00807708
0.00806043
0.00805213
0.00803573
0.00802591
0.00800986
0.00799842
0.00797991
0.00796568
0.00794872
0.00793741
0.00792212
0.00791466
0.00790154
0.00789881
0.00788911
0.00789182
0.00788774
0.00789642
0.00790175
0.00791679
0.00793589
0.00796533
0.00801042
0.00808052
0.00809865
0.00820081
0.00824004
0.00841221
0.00848562
0.00875558
0.00886617
0.00927882
0.00945035
0.0100585
0.0103163
0.0111823
0.0116207
0.0127199
0.0135513
0.0146997
0.0165264
0.0174666
0.00888372
0.0088972
0.00890372
0.00891843
0.00891014
0.00889052
0.0088681
0.00883803
0.0088068
0.00876874
0.00873064
0.00868793
0.00864744
0.00860467
0.00856764
0.00852816
0.00849953
0.00846973
0.0084469
0.00841833
0.0083997
0.00837121
0.00835305
0.0083255
0.00831217
0.00829071
0.00828432
0.00827062
0.00826992
0.00826052
0.00825727
0.00824392
0.00823335
0.00821281
0.00819625
0.00817051
0.00815061
0.00812389
0.00810442
0.00807815
0.00806047
0.00803921
0.0080236
0.00800294
0.00798858
0.00796903
0.00795518
0.00793508
0.00792087
0.00789975
0.00788485
0.00786315
0.0078476
0.0078262
0.00781017
0.00778994
0.00777362
0.00775526
0.0077388
0.00772254
0.00770606
0.00769197
0.00767571
0.00766364
0.00764784
0.00763745
0.00762245
0.00761322
0.0075994
0.00759088
0.0075786
0.00757051
0.00755999
0.00755208
0.00754328
0.00753537
0.00752799
0.00752005
0.00751368
0.00750623
0.00750071
0.00749463
0.00748955
0.00748525
0.00748017
0.00747842
0.00747362
0.00747512
0.00747121
0.00747648
0.00747516
0.00748437
0.00748888
0.00750219
0.00751762
0.00753552
0.00756309
0.00758643
0.00763451
0.00774272
0.00842195
0.00842703
0.00842618
0.00842697
0.00842566
0.00841943
0.00841181
0.00840187
0.0083942
0.00838557
0.00838148
0.00837827
0.0083797
0.00838343
0.00838962
0.00839427
0.00839406
0.00838578
0.00837286
0.00835238
0.00833024
0.00830296
0.00827832
0.00825136
0.00822873
0.00820386
0.00818385
0.00815878
0.00813808
0.00810948
0.00808518
0.0080526
0.00802478
0.00798906
0.00795975
0.00792255
0.00789372
0.00785762
0.00783165
0.0077969
0.00777538
0.00774603
0.00772695
0.00770028
0.00768376
0.00765937
0.0076442
0.00762134
0.00760778
0.00758633
0.00757442
0.00755425
0.00754392
0.00752498
0.00751612
0.00749841
0.00749088
0.00747437
0.00746791
0.00745248
0.00744683
0.00743245
0.00742742
0.0074141
0.00740952
0.00739718
0.00739292
0.00738146
0.00737752
0.00736693
0.00736337
0.00735368
0.00735055
0.00734168
0.00733895
0.00733072
0.00732828
0.00732041
0.00731817
0.00731043
0.00730828
0.00730063
0.0072985
0.00729092
0.00728874
0.00728134
0.00727906
0.00727192
0.00726951
0.00726268
0.0072601
0.00725362
0.00725082
0.00724475
0.00724173
0.00723623
0.00723223
0.00723158
0.00720896
0.00724124
0.00819835
0.00820674
0.00821577
0.00822401
0.00823495
0.00823732
0.00824077
0.00824003
0.0082417
0.00824075
0.00824331
0.00824105
0.00824281
0.0082342
0.00822682
0.00820659
0.00818758
0.00815679
0.00813032
0.00809404
0.00806574
0.00802969
0.00800248
0.0079683
0.00794223
0.00790947
0.00788286
0.00784971
0.00782103
0.00778749
0.00775708
0.00772359
0.00769336
0.00766036
0.00763283
0.00760177
0.00757788
0.00755111
0.00753072
0.0075073
0.00749306
0.00747374
0.00746198
0.00744513
0.00743529
0.00741961
0.00741122
0.00739624
0.00738893
0.00737455
0.00736837
0.00735464
0.00734936
0.0073362
0.00733163
0.00731904
0.00731508
0.00730305
0.00729958
0.00728812
0.00728502
0.00727409
0.00727127
0.00726086
0.00725824
0.00724831
0.00724584
0.0072364
0.00723415
0.00722526
0.0072233
0.00721501
0.00721335
0.00720562
0.00720424
0.00719691
0.00719572
0.00718866
0.00718761
0.00718067
0.00717969
0.00717295
0.007172
0.00716535
0.00716436
0.00715779
0.00715661
0.0071503
0.007149
0.00714279
0.00714126
0.00713516
0.00713332
0.00712733
0.00712524
0.00711923
0.00711758
0.00710796
0.0071237
0.00708221
0.00796062
0.00797941
0.00799801
0.00800791
0.00802039
0.00802388
0.00803007
0.00802869
0.00803048
0.00802593
0.00802292
0.0080136
0.00800347
0.00798657
0.00796911
0.00794503
0.00792263
0.00789362
0.00786904
0.00783775
0.00781278
0.00778128
0.00775685
0.00772521
0.00770216
0.00767173
0.00765038
0.00762173
0.00760267
0.00757633
0.00755918
0.00753523
0.00751983
0.00749769
0.007484
0.00746388
0.00745099
0.00743253
0.00742095
0.007404
0.00739483
0.00737866
0.00737034
0.00735545
0.00734816
0.00733382
0.00732754
0.00731417
0.00730872
0.00729615
0.00729157
0.00727965
0.00727555
0.00726386
0.00725984
0.0072482
0.00724421
0.00723268
0.00722882
0.00721757
0.00721388
0.0072029
0.00719921
0.00718843
0.00718483
0.00717448
0.00717115
0.0071613
0.00715831
0.00714899
0.00714637
0.00713757
0.00713527
0.00712692
0.00712484
0.00711682
0.00711489
0.00710709
0.00710527
0.00709762
0.00709586
0.00708837
0.00708661
0.00707934
0.00707756
0.00707056
0.00706874
0.00706212
0.00706024
0.00705395
0.00705199
0.00704605
0.00704395
0.00703836
0.00703599
0.00703082
0.00702729
0.00702636
0.00700441
0.00703353
0.00772837
0.00774875
0.00776761
0.00777943
0.00779304
0.00779822
0.0078046
0.00780308
0.00780424
0.0077982
0.00779482
0.00778394
0.00777437
0.00775783
0.00774282
0.0077221
0.00770371
0.00768006
0.0076598
0.00763439
0.00761388
0.00758792
0.00756852
0.00754391
0.00752608
0.00750344
0.0074875
0.00746684
0.00745222
0.00743284
0.00741866
0.00739979
0.00738587
0.0073664
0.00735332
0.00733334
0.00732087
0.00730219
0.00728962
0.00727358
0.00726328
0.007248
0.00724006
0.00722563
0.00721843
0.00720507
0.00719884
0.00718581
0.00717983
0.00716707
0.00716152
0.00714906
0.00714387
0.0071316
0.00712662
0.00711454
0.0071098
0.00709804
0.00709361
0.00708224
0.00707812
0.00706727
0.00706372
0.00705365
0.00705061
0.00704116
0.0070385
0.00702954
0.00702717
0.0070186
0.00701647
0.0070083
0.00700641
0.00699864
0.00699698
0.00698955
0.00698808
0.00698092
0.00697964
0.00697265
0.00697143
0.00696465
0.00696346
0.00695699
0.00695582
0.00694961
0.00694841
0.00694253
0.00694124
0.00693568
0.00693425
0.00692903
0.00692741
0.00692253
0.00692079
0.00691609
0.00691493
0.00690666
0.00692341
0.00688287
0.00752538
0.00754521
0.00756367
0.00757471
0.00758807
0.00759352
0.00759998
0.00759969
0.00760181
0.00759785
0.00759651
0.00758774
0.0075807
0.00756582
0.00755408
0.00753595
0.00752192
0.00750208
0.00748701
0.00746609
0.00745088
0.00742965
0.00741472
0.00739408
0.00737961
0.0073598
0.00734628
0.0073276
0.00731471
0.00729719
0.00728433
0.00726773
0.00725506
0.00723848
0.0072273
0.00721052
0.00720082
0.00718498
0.007176
0.00716283
0.0071547
0.00714186
0.00713555
0.00712315
0.00711792
0.00710637
0.00710176
0.00709075
0.00708684
0.00707648
0.00707347
0.0070637
0.00706119
0.00705165
0.00704925
0.00703976
0.00703738
0.00702793
0.00702552
0.00701618
0.00701379
0.00700458
0.00700225
0.00699326
0.00699103
0.00698234
0.00698026
0.00697187
0.00696997
0.00696188
0.00696013
0.00695232
0.00695074
0.0069432
0.00694177
0.00693443
0.00693315
0.00692598
0.00692477
0.00691778
0.00691666
0.00690986
0.00690874
0.00690221
0.00690103
0.00689482
0.00689369
0.00688771
0.00688653
0.00688094
0.00687976
0.00687445
0.00687309
0.00686818
0.00686659
0.00686219
0.00685955
0.00685926
0.00683848
0.00686761
0.00736737
0.00738581
0.00740303
0.00741486
0.00742702
0.00743254
0.00743868
0.00743862
0.00744129
0.00743811
0.00743883
0.00743188
0.00742707
0.00741413
0.00740503
0.00738976
0.00737906
0.0073629
0.007351
0.00733408
0.0073214
0.00730387
0.00729105
0.0072733
0.00726117
0.00724393
0.00723292
0.00721677
0.00720694
0.00719192
0.00718269
0.00716859
0.00715972
0.00714597
0.00713798
0.00712408
0.007117
0.00710337
0.00709683
0.00708456
0.00707789
0.00706643
0.00706142
0.00705028
0.00704581
0.00703498
0.00703101
0.00702052
0.00701724
0.00700715
0.00700431
0.0069947
0.00699235
0.00698313
0.00698104
0.00697202
0.00696998
0.00696106
0.00695905
0.00695026
0.00694836
0.00693974
0.00693799
0.00692967
0.00692809
0.00692013
0.00691871
0.00691107
0.00690975
0.0069023
0.00690101
0.00689367
0.00689232
0.00688504
0.00688361
0.00687635
0.00687483
0.00686762
0.00686607
0.00685898
0.00685745
0.00685058
0.00684907
0.00684251
0.00684102
0.00683478
0.00683329
0.00682749
0.00682599
0.00682064
0.00681913
0.00681426
0.00681266
0.00680829
0.00680659
0.00680268
0.00680086
0.00679723
0.00679582
0.00678983
0.00724333
0.00725762
0.00727201
0.00728394
0.00729631
0.00730094
0.00730712
0.00730705
0.00730906
0.00730649
0.00730804
0.00730314
0.0072996
0.00728848
0.00728171
0.00726925
0.00726184
0.00724871
0.00724018
0.0072259
0.00721654
0.00720141
0.00719175
0.00717641
0.00716715
0.00715225
0.00714411
0.00713019
0.00712323
0.00711018
0.00710382
0.00709151
0.00708531
0.00707316
0.00706753
0.00705488
0.00704987
0.00703743
0.00703214
0.00702119
0.00701555
0.00700477
0.00700057
0.00698987
0.00698564
0.0069753
0.00697177
0.0069618
0.00695842
0.00694878
0.0069459
0.00693671
0.00693427
0.00692546
0.00692335
0.00691484
0.00691311
0.00690486
0.00690349
0.00689563
0.00689459
0.00688713
0.00688637
0.00687927
0.00687876
0.00687192
0.00687151
0.00686482
0.00686435
0.00685767
0.00685709
0.00685035
0.00684962
0.00684282
0.00684188
0.00683494
0.00683385
0.00682695
0.00682572
0.00681892
0.00681771
0.00681104
0.00680976
0.00680333
0.00680187
0.00679577
0.00679423
0.00678843
0.0067868
0.00678128
0.00677949
0.00677443
0.00677254
0.0067679
0.00676602
0.00676165
0.00676044
0.00675267
0.00676897
0.00672955
0.00714981
0.0071567
0.00717343
0.00718307
0.00719594
0.00720406
0.00721248
0.00721337
0.00721633
0.00721375
0.00721669
0.00721365
0.00721247
0.0072032
0.00719835
0.00718725
0.00718088
0.00716891
0.0071616
0.00714897
0.00714136
0.00712835
0.00712063
0.00710749
0.00709997
0.00708728
0.00708061
0.00706849
0.0070628
0.00705142
0.00704622
0.00703524
0.00703015
0.00701899
0.00701424
0.00700265
0.00699825
0.00698666
0.00698246
0.00697184
0.00696706
0.00695718
0.00695352
0.00694384
0.0069403
0.0069313
0.00692811
0.00691861
0.00691573
0.00690646
0.00690364
0.00689444
0.00689199
0.00688304
0.00688085
0.00687226
0.00687034
0.00686214
0.00686058
0.00685277
0.00685166
0.00684422
0.0068435
0.00683638
0.00683591
0.00682906
0.00682873
0.00682203
0.00682172
0.00681508
0.00681473
0.00680809
0.00680767
0.0068011
0.00680066
0.00679418
0.00679377
0.00678744
0.00678711
0.00678104
0.00678086
0.0067751
0.00677499
0.0067695
0.00676941
0.00676419
0.00676399
0.00675899
0.00675859
0.00675366
0.00675293
0.00674791
0.00674684
0.00674191
0.00674041
0.00673562
0.00673384
0.00672921
0.00672734
0.00672168
0.00707568
0.00708432
0.00709446
0.00710608
0.00711673
0.00712024
0.00713007
0.00713379
0.0071372
0.00713588
0.00714049
0.00714048
0.00714384
0.00713885
0.00713728
0.00712777
0.00712077
0.0071077
0.00709967
0.00708715
0.00708034
0.00706836
0.00706219
0.00705009
0.00704408
0.00703219
0.00702647
0.00701511
0.00701007
0.00699899
0.0069942
0.00698338
0.00697841
0.00696792
0.00696301
0.00695229
0.00694826
0.00693737
0.00693414
0.00692411
0.00692072
0.00691236
0.00690937
0.00690102
0.00689878
0.00689072
0.0068882
0.00687982
0.00687757
0.00686903
0.00686674
0.00685801
0.00685591
0.0068471
0.00684516
0.00683653
0.00683475
0.00682639
0.00682483
0.00681692
0.00681576
0.00680822
0.00680746
0.00680031
0.00679986
0.00679298
0.0067927
0.00678593
0.00678574
0.00677898
0.00677883
0.00677207
0.00677194
0.00676522
0.00676518
0.00675867
0.00675887
0.00675269
0.00675315
0.00674737
0.00674811
0.00674278
0.00674377
0.00673886
0.00674004
0.00673553
0.00673674
0.00673252
0.00673357
0.00672948
0.00673019
0.00672616
0.00672634
0.00672221
0.00672182
0.00671765
0.00671652
0.00671235
0.0067107
0.00670531
0.00702357
0.00703066
0.00704067
0.00705054
0.00705854
0.00706568
0.00706992
0.00707085
0.007076
0.0070746
0.0070801
0.00708328
0.00708666
0.00708218
0.00708105
0.00707177
0.00706762
0.00705759
0.00705233
0.00704146
0.00703609
0.00702535
0.00701994
0.0070085
0.00700296
0.00699099
0.00698542
0.00697387
0.00696853
0.00695761
0.00695243
0.00694221
0.0069373
0.00692713
0.00692282
0.00691253
0.0069086
0.00689856
0.00689558
0.00688613
0.006883
0.00687506
0.00687276
0.00686445
0.00686277
0.00685482
0.00685292
0.0068447
0.00684272
0.00683452
0.00683252
0.00682471
0.00682329
0.00681571
0.0068145
0.00680725
0.0068062
0.00679896
0.00679813
0.00679099
0.0067904
0.00678349
0.00678306
0.00677642
0.0067762
0.00676977
0.00676971
0.00676343
0.00676351
0.00675731
0.00675743
0.00675127
0.0067514
0.00674526
0.00674535
0.00673923
0.00673923
0.0067332
0.00673312
0.00672724
0.00672715
0.00672148
0.00672144
0.00671608
0.0067161
0.00671114
0.0067112
0.00670667
0.00670673
0.00670265
0.00670256
0.00669884
0.00669846
0.00669502
0.00669421
0.00669119
0.00668899
0.00669
0.00666924
0.00669846
0.0069848
0.00698917
0.0070018
0.00700801
0.00701341
0.0070201
0.00702668
0.00702753
0.00702893
0.00702538
0.00702838
0.00702848
0.00703043
0.00702562
0.00702459
0.00701835
0.0070156
0.00700733
0.00700411
0.00699525
0.00699141
0.00698174
0.00697716
0.00696677
0.00696189
0.00695085
0.00694572
0.00693458
0.00692949
0.00691886
0.00691405
0.0069042
0.00689959
0.00689038
0.00688605
0.00687679
0.0068738
0.00686401
0.00686175
0.00685263
0.00685057
0.00684269
0.00684023
0.00683241
0.00683091
0.00682331
0.00682175
0.00681449
0.00681387
0.00680667
0.0068061
0.00679956
0.0067993
0.00679278
0.00679255
0.00678575
0.0067855
0.00677877
0.00677869
0.00677209
0.0067721
0.00676564
0.00676563
0.00675927
0.00675927
0.006753
0.00675291
0.00674673
0.00674669
0.00674074
0.00674074
0.00673508
0.00673514
0.00672968
0.00672974
0.00672436
0.00672434
0.00671896
0.00671874
0.00671329
0.00671277
0.00670725
0.00670643
0.00670086
0.00669978
0.00669422
0.00669297
0.00668752
0.00668616
0.00668087
0.00667939
0.00667433
0.00667272
0.00666792
0.00666616
0.00666164
0.00665969
0.00665555
0.00665296
0.00664855
0.00694094
0.00695247
0.00696087
0.0069621
0.00697547
0.00697921
0.00698357
0.0069847
0.00698545
0.0069801
0.00698322
0.0069811
0.00698305
0.00697924
0.00697919
0.00697256
0.00696956
0.00696162
0.00695842
0.00694991
0.00694738
0.00693952
0.00693696
0.00692913
0.00692624
0.00691754
0.00691414
0.00690484
0.00690112
0.0068921
0.00688878
0.00687974
0.00687671
0.00686756
0.00686466
0.00685569
0.00685238
0.006844
0.00684085
0.00683217
0.00683029
0.00682176
0.00682042
0.00681332
0.00681264
0.00680586
0.00680533
0.0067993
0.00679937
0.00679283
0.00679316
0.00678704
0.00678732
0.00678089
0.00678111
0.00677475
0.00677432
0.00676779
0.00676728
0.00676023
0.00675972
0.00675247
0.00675178
0.00674476
0.00674389
0.0067371
0.00673632
0.0067295
0.00672873
0.00672224
0.0067217
0.00671546
0.00671503
0.00670914
0.00670869
0.00670317
0.00670276
0.00669738
0.00669684
0.00669152
0.00669077
0.00668546
0.00668445
0.00667915
0.00667793
0.00667265
0.00667124
0.00666602
0.00666444
0.00665928
0.00665752
0.00665242
0.0066505
0.00664553
0.0066434
0.00663877
0.00663575
0.00663487
0.00661548
0.00664225
0.00692586
0.00692967
0.00694058
0.00694832
0.00695581
0.00695955
0.00696624
0.00696537
0.00696846
0.00696392
0.00696623
0.00696335
0.00696347
0.00695721
0.00695347
0.00694502
0.0069413
0.00693196
0.0069293
0.00692121
0.00691875
0.00691086
0.0069081
0.00690005
0.00689724
0.00688891
0.00688614
0.00687758
0.00687472
0.00686623
0.00686291
0.00685416
0.00685072
0.00684145
0.00683792
0.00682869
0.00682593
0.00681702
0.00681497
0.00680735
0.00680628
0.00679916
0.00679915
0.00679263
0.00679261
0.00678667
0.0067868
0.0067802
0.00678004
0.00677344
0.00677311
0.00676648
0.00676644
0.00675964
0.00675897
0.00675213
0.00675137
0.00674435
0.00674355
0.00673657
0.00673567
0.00672862
0.00672779
0.0067207
0.00671989
0.00671289
0.00671209
0.0067053
0.0067046
0.00669796
0.00669734
0.00669095
0.00669046
0.00668421
0.00668378
0.0066778
0.00667742
0.00667157
0.00667113
0.00666549
0.00666497
0.0066595
0.00665892
0.00665364
0.00665298
0.00664788
0.00664714
0.00664223
0.00664137
0.00663663
0.00663563
0.00663108
0.0066299
0.00662553
0.00662415
0.00662
0.00661841
0.00661456
0.00661249
0.00660819
0.00689621
0.00689672
0.00690198
0.00690638
0.00691153
0.00691625
0.00692293
0.00692728
0.00692779
0.00692137
0.00692547
0.00692358
0.00692662
0.00692318
0.0069232
0.00691829
0.00691509
0.00690694
0.0069042
0.0068959
0.00689305
0.00688444
0.00688091
0.00687177
0.00686763
0.0068582
0.00685455
0.00684573
0.00684301
0.00683496
0.00683284
0.00682541
0.00682333
0.00681632
0.00681448
0.00680737
0.00680597
0.00679843
0.00679797
0.00679126
0.00679045
0.00678406
0.00678388
0.00677724
0.00677741
0.006771
0.00677056
0.00676422
0.00676385
0.00675723
0.00675679
0.00675033
0.00674997
0.0067433
0.0067431
0.00673642
0.00673598
0.00672949
0.00672903
0.00672239
0.006722
0.00671536
0.00671492
0.00670833
0.00670792
0.00670135
0.00670095
0.0066945
0.0066941
0.00668776
0.0066874
0.00668122
0.00668085
0.00667483
0.00667452
0.00666865
0.00666839
0.00666267
0.00666238
0.00665685
0.00665651
0.00665113
0.00665073
0.00664553
0.0066451
0.00664008
0.00663954
0.00663475
0.0066341
0.00662951
0.00662875
0.00662438
0.00662345
0.00661931
0.00661818
0.00661429
0.00661291
0.00660931
0.00660747
0.00660334
0.00689033
0.00688701
0.00690313
0.00690842
0.006911
0.00691738
0.00692147
0.0069241
0.00692622
0.00692401
0.00693004
0.00692656
0.00692829
0.00692262
0.00691883
0.0069112
0.0069047
0.00689458
0.00688969
0.00688034
0.00687628
0.00686739
0.00686384
0.00685496
0.0068515
0.00684263
0.00683968
0.00683172
0.00682968
0.00682251
0.00682098
0.00681432
0.00681304
0.00680638
0.00680541
0.00679867
0.00679749
0.00679069
0.00679017
0.00678372
0.0067831
0.00677669
0.00677662
0.00677018
0.00677014
0.0067639
0.00676399
0.00675781
0.00675751
0.00675119
0.00675106
0.00674472
0.00674463
0.00673828
0.00673818
0.0067318
0.0067316
0.00672513
0.006725
0.00671851
0.00671822
0.00671177
0.00671154
0.00670502
0.00670479
0.00669838
0.00669807
0.00669174
0.00669144
0.00668516
0.00668488
0.00667876
0.00667845
0.00667249
0.00667221
0.0066664
0.00666613
0.00666046
0.00666015
0.00665469
0.00665437
0.00664903
0.00664866
0.00664348
0.00664307
0.00663802
0.00663751
0.00663269
0.00663202
0.00662742
0.00662661
0.0066222
0.00662122
0.00661703
0.00661588
0.00661178
0.00661116
0.00660378
0.00661954
0.00658302
0.00686644
0.00686603
0.00687605
0.00687339
0.00687892
0.00688643
0.0068861
0.00688862
0.00689122
0.00688707
0.00688966
0.00688491
0.0068873
0.00688363
0.00688262
0.00687811
0.00687578
0.00686836
0.00686639
0.00685943
0.00685786
0.00685132
0.00685005
0.00684349
0.00684196
0.00683507
0.00683351
0.00682661
0.00682525
0.00681858
0.00681746
0.00681099
0.00681
0.00680355
0.00680262
0.00679606
0.00679504
0.0067884
0.00678773
0.00678133
0.00678091
0.00677442
0.00677445
0.00676801
0.00676825
0.00676204
0.00676216
0.00675603
0.006756
0.00674978
0.00674984
0.00674353
0.00674356
0.00673718
0.0067373
0.00673088
0.00673075
0.00672446
0.00672429
0.00671789
0.00671759
0.00671123
0.00671099
0.00670455
0.00670431
0.00669797
0.00669768
0.00669139
0.00669111
0.00668488
0.00668458
0.00667847
0.00667818
0.00667221
0.00667193
0.00666615
0.00666586
0.0066602
0.00665989
0.0066544
0.00665404
0.0066487
0.0066483
0.00664311
0.00664262
0.00663761
0.00663702
0.00663219
0.00663146
0.00662685
0.00662594
0.00662152
0.00662042
0.00661622
0.00661491
0.00661094
0.00660939
0.00660574
0.00660357
0.00659948
0.00826442
0.00834477
0.00856995
0.0091055
0.00902505
0.0101451
0.0100852
0.0100554
0.0117907
0.0237532
0.00772168
0.00804974
0.0079883
0.00845245
0.00857663
0.00892026
0.00974874
0.00982685
0.0096055
0.0147766
0.00761455
0.00773243
0.00788152
0.00788266
0.00831513
0.00834982
0.00882513
0.00951267
0.00940732
0.0104129
0.00744428
0.0074759
0.00763995
0.00769278
0.00782335
0.00811943
0.00818216
0.0087898
0.00898086
0.0088487
0.00733463
0.007364
0.00743389
0.00754608
0.0075996
0.00780982
0.00790215
0.00822263
0.00842295
0.0084
0.00719952
0.00726063
0.00729354
0.00738834
0.00743598
0.00757711
0.0076535
0.00786893
0.00800634
0.00817851
0.00712819
0.00717103
0.00719618
0.00726871
0.00730669
0.00741151
0.00746961
0.00762494
0.00771841
0.0079538
0.00706609
0.00709951
0.00711864
0.00717328
0.00720313
0.00728222
0.00732575
0.00744141
0.00750822
0.00772063
0.00701477
0.00703808
0.00706304
0.00710225
0.0071254
0.00718512
0.0072182
0.00730275
0.00735162
0.00751781
0.00697131
0.00698935
0.00701064
0.0070407
0.0070641
0.00710947
0.0071346
0.00719951
0.0072351
0.00735185
0.00694117
0.00695282
0.00697224
0.00699092
0.00701629
0.00704727
0.0070693
0.00711681
0.00714293
0.00722006
0.0069123
0.00692255
0.00693567
0.00695646
0.00697002
0.00699925
0.00701596
0.007056
0.00707914
0.00712475
0.00688813
0.00690486
0.00690657
0.0069281
0.00693576
0.00695681
0.00697526
0.00699408
0.00702373
0.00706243
0.00687504
0.00688337
0.0068936
0.00690142
0.00692009
0.00692573
0.00694896
0.00696121
0.00698735
0.00700744
0.00686458
0.00685837
0.00687996
0.0068754
0.0068965
0.00690048
0.00691893
0.00692585
0.00695361
0.00697011
0.00685786
0.00684731
0.00686565
0.0068669
0.00687669
0.00688329
0.00689559
0.00690498
0.00691286
0.00693162
0.00684683
0.0068397
0.00685388
0.00685903
0.00686745
0.00687247
0.00688555
0.00689243
0.00689921
0.00691775
0.00683598
0.00682995
0.00683595
0.00684347
0.00684633
0.00685201
0.00686074
0.00686656
0.00686952
0.00687976
0.00683326
0.00683343
0.00683615
0.00684512
0.00684841
0.00685011
0.00685968
0.00686413
0.00686703
0.0068807
0.00682076
0.00682138
0.00682343
0.00683034
0.00683468
0.00683528
0.00684351
0.00684665
0.00685174
0.00685721
0.00792821
0.00823103
0.00870651
0.00971239
0.0108526
0.0123599
0.0165063
0.031473
0.123293
0.0299239
0.00790683
0.00822958
0.00867263
0.00962768
0.0108332
0.0122125
0.0149614
0.0279676
0.126772
0.0293969
0.00796859
0.0081985
0.00873459
0.00970335
0.0112429
0.0127852
0.0173893
0.0328665
0.122244
0.0288902
0.00801734
0.00827356
0.00865625
0.00962871
0.0112281
0.0125921
0.014894
0.0292603
0.121674
0.0302865
0.00812632
0.00827133
0.00891913
0.009824
0.0116283
0.0131607
0.0185513
0.035018
0.111918
0.0298694
0.00804147
0.00832055
0.00878268
0.00974565
0.0118084
0.0132694
0.0163896
0.0309839
0.114345
0.0296272
0.00832237
0.00844961
0.00920659
0.0103687
0.0120357
0.0136478
0.0202543
0.0422819
0.103009
0.0293002
0.00831858
0.0084619
0.00886472
0.010062
0.0126748
0.0141539
0.0175466
0.0400616
0.109124
0.0313636
0.0086923
0.00886435
0.00966445
0.0106425
0.0128503
0.0146009
0.0212991
0.0482682
0.0996592
0.0301921
0.00844377
0.00870727
0.00924703
0.010378
0.0134641
0.015259
0.0196165
0.0560146
0.0911594
0.0311113
0.00795051
0.00832754
0.00864766
0.0101682
0.0141548
0.00672616
0.0440661
0.138052
0.169922
0.0286171
0.00793568
0.00832539
0.00878015
0.00928715
0.0115795
0.0104612
0.0148739
0.0720891
0.150738
0.0279457
0.00800168
0.00824902
0.00888006
0.00938189
0.0107769
0.0119328
0.0145359
0.0464609
0.143877
0.0292244
0.00795838
0.00823889
0.00886133
0.00946056
0.0109891
0.0118345
0.0146332
0.0367167
0.13555
0.0279783
0.0079523
0.00822671
0.00879843
0.0094627
0.0104486
0.0132115
0.0147292
0.0329553
0.136823
0.0290915
0.00788224
0.00826635
0.00865408
0.00953675
0.0103561
0.0126281
0.0154065
0.0286653
0.127086
0.0299147
0.00794077
0.00831418
0.00870326
0.00943828
0.0102556
0.0126542
0.0155879
0.0310464
0.131285
0.0281858
0.00791465
0.00822302
0.00883154
0.00944894
0.0102958
0.0123614
0.0153194
0.0281826
0.121978
0.0289808
0.00798142
0.00820013
0.00881021
0.00946393
0.010441
0.0122984
0.0159895
0.0312081
0.126924
0.0298052
0.00795676
0.00826268
0.00872882
0.00970244
0.0104042
0.0121495
0.0150119
0.027088
0.124014
0.0282745
0.00889364
0.00874108
0.00861536
0.00851054
0.00841911
0.00834048
0.00826893
0.00820654
0.00814773
0.00809637
0.0080463
0.00800292
0.00795917
0.00792187
0.00788284
0.00785037
0.00781497
0.00778643
0.00775389
0.00772864
0.00769838
0.00767595
0.00764752
0.00762754
0.00760061
0.00758281
0.00755709
0.00754124
0.0075165
0.00750245
0.00747847
0.00746611
0.0074427
0.00743194
0.00740894
0.00739971
0.00737698
0.00736923
0.00734665
0.00734033
0.0073178
0.00731284
0.00729032
0.00728664
0.0072641
0.00726162
0.00723905
0.00723766
0.00721509
0.0072147
0.00719214
0.00719267
0.00717014
0.0071715
0.00714902
0.00715117
0.00712873
0.00713163
0.00710922
0.00711286
0.00709044
0.00709488
0.00707232
0.0070777
0.00705481
0.00706138
0.00703786
0.00704593
0.00702147
0.00703138
0.00700571
0.00701766
0.00699075
0.00700471
0.00697683
0.00699243
0.00696427
0.00698081
0.00695336
0.00697001
0.00694441
0.00696032
0.00693783
0.00695232
0.00693414
0.00694711
0.00693401
0.0069465
0.00693893
0.00695287
0.0069522
0.00697031
0.00698009
0.00700728
0.00703624
0.00710877
0.00715491
0.00726348
0.00741012
0.00759997
0.00889358
0.00874093
0.00861506
0.00851025
0.00841869
0.0083401
0.00826842
0.00820613
0.00814716
0.00809594
0.00804568
0.0080025
0.0079585
0.00792146
0.00788213
0.00784997
0.00781421
0.00778606
0.00775308
0.0077283
0.00769751
0.00767565
0.0076466
0.00762729
0.00759963
0.00758261
0.00755605
0.0075411
0.0075154
0.00750236
0.00747732
0.00746606
0.0074415
0.00743193
0.0074077
0.00739974
0.0073757
0.00736929
0.00734533
0.00734042
0.00731645
0.00731297
0.00728892
0.00728683
0.00726265
0.00726186
0.00723754
0.00723798
0.00721351
0.0072151
0.0071905
0.00719315
0.00716843
0.00717206
0.00714725
0.00715178
0.00712693
0.00713227
0.0071074
0.00711351
0.00708865
0.00709547
0.00707063
0.00707815
0.00705335
0.00706151
0.0070368
0.00704556
0.00702104
0.00703026
0.00700613
0.0070156
0.00699218
0.00700163
0.00697927
0.00698841
0.00696756
0.00697611
0.00695722
0.00696491
0.0069486
0.00695504
0.00694224
0.00694692
0.00693882
0.00694151
0.00693838
0.00694137
0.00694165
0.00694922
0.00695285
0.00697003
0.0069783
0.00700762
0.00703372
0.00710351
0.00711623
0.00729896
0.0073266
0.00769939
0.00889361
0.00874042
0.0086147
0.00850935
0.00841817
0.00833896
0.00826785
0.00820479
0.0081466
0.00809442
0.00804516
0.00800082
0.00795806
0.00791961
0.0078818
0.00784796
0.007814
0.00778387
0.00775302
0.00772592
0.00769762
0.00767306
0.0076469
0.00762449
0.00760014
0.00757957
0.00755678
0.00753781
0.00751637
0.00749881
0.00747853
0.00746225
0.00744297
0.00742786
0.00740942
0.0073954
0.00737768
0.00736469
0.00734758
0.00733555
0.00731897
0.00730781
0.00729173
0.00728135
0.00726578
0.00725604
0.00724104
0.00723177
0.00721741
0.00720846
0.00719484
0.00718604
0.00717323
0.00716449
0.00715252
0.00714377
0.0071326
0.00712391
0.0071134
0.0071049
0.00709483
0.00708676
0.00707685
0.00706947
0.00705947
0.00705302
0.00704271
0.00703736
0.0070266
0.0070225
0.0070112
0.00700846
0.00699658
0.00699524
0.00698293
0.00698276
0.00697059
0.00697097
0.00695993
0.00695995
0.00695128
0.0069501
0.00694486
0.00694228
0.00694097
0.00693771
0.00694035
0.0069382
0.00694448
0.00694637
0.00695625
0.00696624
0.00698266
0.00700613
0.00703578
0.00710778
0.00713186
0.00728387
0.00733744
0.00763609
0.0088934
0.00874004
0.00861376
0.00850854
0.00841682
0.00833795
0.00826623
0.00820369
0.00814477
0.00809331
0.00804316
0.00799971
0.0079559
0.00791856
0.00787948
0.00784698
0.00781153
0.00778298
0.00775038
0.00772516
0.00769481
0.00767244
0.0076439
0.00762403
0.00759693
0.00757929
0.00755336
0.00753773
0.00751271
0.00749895
0.00747465
0.00746261
0.00743885
0.00742843
0.00740507
0.00739619
0.00737311
0.00736569
0.00734278
0.00733675
0.00731396
0.00730923
0.00728651
0.00728298
0.00726032
0.00725791
0.00723531
0.00723392
0.00721139
0.00721092
0.00718849
0.00718883
0.00716655
0.00716759
0.00714552
0.00714717
0.00712533
0.00712754
0.00710591
0.0071087
0.00708721
0.00709064
0.00706918
0.00707338
0.00705179
0.00705691
0.00703506
0.00704121
0.00701903
0.00702626
0.00700381
0.00701201
0.00698954
0.00699846
0.00697625
0.00698587
0.00696389
0.00697448
0.0069526
0.00696454
0.00694279
0.00695586
0.00693578
0.00694782
0.00693327
0.00694073
0.0069353
0.00693847
0.00693882
0.00694971
0.0069483
0.00696946
0.00697468
0.00700332
0.00703179
0.00710541
0.00711244
0.00726872
0.00731471
0.00759799
0.0088933
0.00873926
0.00861279
0.0085071
0.00841544
0.00833611
0.00826464
0.00820159
0.00814307
0.00809099
0.00804142
0.00799723
0.00795415
0.00791592
0.00787776
0.00784419
0.00780985
0.00778007
0.00774877
0.00772211
0.00769326
0.00766928
0.00764242
0.00762077
0.00759551
0.00757595
0.00755197
0.00753434
0.00751134
0.00749552
0.00747326
0.00745918
0.00743744
0.00742502
0.00740363
0.00739281
0.00737163
0.00736233
0.00734128
0.0073334
0.00731245
0.00730586
0.00728501
0.0072796
0.00725885
0.00725451
0.00723384
0.00723054
0.00720988
0.00720761
0.00718686
0.0071857
0.00716471
0.00716474
0.00714336
0.00714467
0.00712282
0.00712541
0.00710309
0.00710685
0.00708421
0.00708892
0.00706619
0.00707159
0.00704901
0.0070549
0.00703258
0.00703897
0.00701682
0.00702392
0.00700168
0.00700982
0.00698725
0.00699668
0.00697371
0.00698451
0.00696131
0.00697332
0.00695039
0.00696329
0.00694126
0.00695476
0.00693451
0.00694797
0.00693131
0.00694333
0.00693302
0.00694231
0.00694074
0.00694836
0.00695718
0.00696674
0.00698811
0.00700682
0.00704621
0.00711288
0.00716612
0.00724896
0.00739589
0.00760975
0.00889322
0.00873823
0.00861167
0.00850521
0.00841383
0.00833372
0.00826279
0.00819884
0.00814111
0.00808798
0.00803942
0.00799399
0.00795216
0.00791249
0.0078758
0.00784058
0.00780796
0.00777628
0.00774696
0.00771816
0.00769156
0.00766515
0.00764084
0.00761644
0.0075941
0.00757139
0.00755077
0.00752951
0.00751041
0.00749037
0.00747266
0.00745366
0.00743721
0.00741908
0.00740382
0.00738641
0.00737228
0.00735544
0.00734241
0.00732603
0.00731405
0.00729802
0.00728705
0.00727132
0.00726131
0.00724582
0.0072367
0.00722144
0.00721313
0.00719812
0.00719051
0.00717579
0.00716878
0.00715439
0.00714789
0.00713386
0.00712781
0.00711413
0.00710853
0.00709513
0.00709007
0.00707677
0.00707249
0.00705897
0.0070558
0.00704171
0.00704002
0.00702503
0.00702509
0.00700902
0.00701092
0.00699383
0.00699742
0.00697966
0.00698455
0.00696667
0.00697238
0.00695498
0.00696118
0.0069447
0.00695151
0.0069359
0.00694392
0.00692931
0.00693896
0.00692621
0.00693768
0.00692791
0.006942
0.00693666
0.00695434
0.00695702
0.00698221
0.0069959
0.00704064
0.00708398
0.00716913
0.00727744
0.00739597
0.00765386
0.00889288
0.00873734
0.00860996
0.00850346
0.00841138
0.00833153
0.00825988
0.00819642
0.00813788
0.00808544
0.00803593
0.00799141
0.00794846
0.0079099
0.00787191
0.00783803
0.0078039
0.00777379
0.00774272
0.00771575
0.00768715
0.00766284
0.00763625
0.00761426
0.00758932
0.00756936
0.00754579
0.00752765
0.00750522
0.0074887
0.00746724
0.00745219
0.00743156
0.00741782
0.00739794
0.00738536
0.00736617
0.00735461
0.00733607
0.00732542
0.00730748
0.00729764
0.00728024
0.0072712
0.00725421
0.00724599
0.00722928
0.00722196
0.00720535
0.00719902
0.00718234
0.00717709
0.00716021
0.0071561
0.00713894
0.00713595
0.00711851
0.00711656
0.00709893
0.00709787
0.00708022
0.00707982
0.00706237
0.00706234
0.00704544
0.0070454
0.00702949
0.00702894
0.00701458
0.00701295
0.00700077
0.0069976
0.00698799
0.00698315
0.00697614
0.00697001
0.00696507
0.00695867
0.0069548
0.00694952
0.00694562
0.00694279
0.00693763
0.0069386
0.00693228
0.00693669
0.00693148
0.00693807
0.00693799
0.0069463
0.00695451
0.00696557
0.00698901
0.00700707
0.00706083
0.00710968
0.00716242
0.00726028
0.0073925
0.00778687
0.00889264
0.00873611
0.00860822
0.00850115
0.00840889
0.00832861
0.00825696
0.00819313
0.00813471
0.0080819
0.0080326
0.00798767
0.00794504
0.00790602
0.00786843
0.00783401
0.00780039
0.00776966
0.00773921
0.00771151
0.00768366
0.0076585
0.0076328
0.00760981
0.00758593
0.00756481
0.00754247
0.00752299
0.00750197
0.00748394
0.00746405
0.00744734
0.00742843
0.00741289
0.00739485
0.00738038
0.00736311
0.0073496
0.00733303
0.00732038
0.00730446
0.00729259
0.00727725
0.00726612
0.00725128
0.00724087
0.00722642
0.00721676
0.00720258
0.00719373
0.00717968
0.0071717
0.00715765
0.0071506
0.00713648
0.00713034
0.00711616
0.00711085
0.00709669
0.00709203
0.00707809
0.00707384
0.00706037
0.00705623
0.00704354
0.00703916
0.00702761
0.00702264
0.00701261
0.00700669
0.00699856
0.00699137
0.00698546
0.00697681
0.00697329
0.00696326
0.00696197
0.00695107
0.00695154
0.00694056
0.00694226
0.00693202
0.00693556
0.00692533
0.00693278
0.00692096
0.00693529
0.00692058
0.00694461
0.00692607
0.00696303
0.00694304
0.00699786
0.00698206
0.00706429
0.00709825
0.00714838
0.00727039
0.00739937
0.00766391
0.00889242
0.00873465
0.00860633
0.00849844
0.0084062
0.00832519
0.00825385
0.00818924
0.00813135
0.00807767
0.00802913
0.00798317
0.00794151
0.00790129
0.0078649
0.00782909
0.00779689
0.00776455
0.00773577
0.00770623
0.00768029
0.00765305
0.00762953
0.0076042
0.00758276
0.00755904
0.0075394
0.00751707
0.00749902
0.00747788
0.00746123
0.00744112
0.00742575
0.00740652
0.00739234
0.00737383
0.00736078
0.00734285
0.00733092
0.00731339
0.0073026
0.00728533
0.00727569
0.00725854
0.00725004
0.00723295
0.00722555
0.00720847
0.00720211
0.00718503
0.00717964
0.00716257
0.0071581
0.00714101
0.00713746
0.00712025
0.00711772
0.00710024
0.00709887
0.00708091
0.00708089
0.00706226
0.00706377
0.00704429
0.00704747
0.00702704
0.00703199
0.00701054
0.00701736
0.00699485
0.00700365
0.00698002
0.00699095
0.00696621
0.00697933
0.00695368
0.00696891
0.00694278
0.00695991
0.00693337
0.0069527
0.00692551
0.00694828
0.00692009
0.00694772
0.00691762
0.00695192
0.00692137
0.00696105
0.00693584
0.00697761
0.00696221
0.00700679
0.00701098
0.00705872
0.00712266
0.00717065
0.00732874
0.00743521
0.00770899
0.00889213
0.00873309
0.00860418
0.00849553
0.00840314
0.00832154
0.00825029
0.00818512
0.00812751
0.00807323
0.00802512
0.0079785
0.00793741
0.00789644
0.00786076
0.00782408
0.00779275
0.0077594
0.00773165
0.00770096
0.00767623
0.00764766
0.00762554
0.00759868
0.00757886
0.00755339
0.00753561
0.00751128
0.00749535
0.00747194
0.00745771
0.00743504
0.00742237
0.00740029
0.0073891
0.00736746
0.00735768
0.00733635
0.00732795
0.00730677
0.00729975
0.00727859
0.00727294
0.0072517
0.00724742
0.00722598
0.00722306
0.00720137
0.00719977
0.00717779
0.00717747
0.00715518
0.00715609
0.00713349
0.00713559
0.00711264
0.00711594
0.00709258
0.00709712
0.00707325
0.00707911
0.00705462
0.00706191
0.00703669
0.00704549
0.00701946
0.00702978
0.007003
0.00701466
0.00698735
0.00700022
0.0069726
0.00698655
0.00695882
0.00697378
0.00694626
0.00696213
0.00693515
0.00695201
0.00692641
0.00694365
0.00692094
0.00693714
0.00691888
0.00693304
0.00692076
0.00693342
0.00692763
0.00694155
0.00694461
0.00696175
0.00697832
0.0069994
0.00702825
0.00708581
0.00713729
0.00718408
0.00728426
0.00744801
0.00762395
0.00889195
0.00873249
0.00860317
0.00849441
0.00840174
0.00832017
0.00824867
0.00818363
0.00812575
0.00807168
0.00802325
0.00797692
0.00793546
0.00789485
0.00785874
0.00782251
0.00779066
0.00775786
0.0077295
0.00769944
0.007674
0.00764618
0.00762325
0.00759726
0.0075765
0.00755203
0.00753318
0.00750998
0.00749285
0.00747071
0.00745512
0.00743388
0.0074197
0.00739922
0.00738633
0.00736648
0.0073548
0.00733548
0.00732494
0.00730604
0.00729659
0.007278
0.00726962
0.00725127
0.0072439
0.00722573
0.00721933
0.00720132
0.00719579
0.00717798
0.0071732
0.00715564
0.00715146
0.00713426
0.00713054
0.00711378
0.00711038
0.00709415
0.00709097
0.00707533
0.00707228
0.00705728
0.00705429
0.00704001
0.00703697
0.00702352
0.00702037
0.00700786
0.00700458
0.00699302
0.00698957
0.00697903
0.00697539
0.00696595
0.00696212
0.00695381
0.00694974
0.00694274
0.0069382
0.00693314
0.00692814
0.00692552
0.00691991
0.00692047
0.00691463
0.00691868
0.00691517
0.00692078
0.00692201
0.00692855
0.00693882
0.00694754
0.00697313
0.00698549
0.00704079
0.00710107
0.00715873
0.00721696
0.00737608
0.00763709
0.00889191
0.00873253
0.00860312
0.00849446
0.00840166
0.00832025
0.00824857
0.00818374
0.00812562
0.00807181
0.00802308
0.00797708
0.00793524
0.00789504
0.00785848
0.00782274
0.00779035
0.00775813
0.00772914
0.00769977
0.00767359
0.00764656
0.00762277
0.00759769
0.00757596
0.00755251
0.00753258
0.00751053
0.00749216
0.00747135
0.00745434
0.00743462
0.0074188
0.00740006
0.00738531
0.00736745
0.00735365
0.00733657
0.00732366
0.00730723
0.0072952
0.00727929
0.00726814
0.00725263
0.00724236
0.00722715
0.00721773
0.00720279
0.00719412
0.00717953
0.00717143
0.00715731
0.00714956
0.00713608
0.00712849
0.00711577
0.00710821
0.00709628
0.00708875
0.00707751
0.00707015
0.0070594
0.00705242
0.00704194
0.00703552
0.0070252
0.00701941
0.00700929
0.00700402
0.00699431
0.00698939
0.00698034
0.00697567
0.00696737
0.0069631
0.00695529
0.00695211
0.00694438
0.00694287
0.00693511
0.00693508
0.00692819
0.00692918
0.00692419
0.00692619
0.00692322
0.00692688
0.00692641
0.00693465
0.00693537
0.0069504
0.00695642
0.00697504
0.00699642
0.00703245
0.00708603
0.00712202
0.00720172
0.00717903
0.00754762
0.00889194
0.00873248
0.00860317
0.00849439
0.00840173
0.00832016
0.00824865
0.00818362
0.00812573
0.00807167
0.00802323
0.00797691
0.00793542
0.00789484
0.00785869
0.00782251
0.00779059
0.00775786
0.00772942
0.00769946
0.00767391
0.0076462
0.00762314
0.00759728
0.00757637
0.00755205
0.00753304
0.00751002
0.00749268
0.00747077
0.00745492
0.00743398
0.00741944
0.00739937
0.00738599
0.0073667
0.00735439
0.00733576
0.00732446
0.00730636
0.00729607
0.00727833
0.00726911
0.00725155
0.00724344
0.00722593
0.00721895
0.00720141
0.00719551
0.00717796
0.00717299
0.00715555
0.00715129
0.00713415
0.00713036
0.00711368
0.00711019
0.00709406
0.00709081
0.00707514
0.0070723
0.00705683
0.00705468
0.00703908
0.00703795
0.00702195
0.00702201
0.00700555
0.00700677
0.00699001
0.00699223
0.00697534
0.00697854
0.0069615
0.00696595
0.00694856
0.00695467
0.00693671
0.00694471
0.00692654
0.00693591
0.00691892
0.00692827
0.00691466
0.00692257
0.00691386
0.00692074
0.00691652
0.00692464
0.00692534
0.00693505
0.00694327
0.00695858
0.00697387
0.00700514
0.00705083
0.00708816
0.00715153
0.00716047
0.00739446
0.00889203
0.00873235
0.0086033
0.00849421
0.00840191
0.00831991
0.00824891
0.0081833
0.00812605
0.00807126
0.00802364
0.00797642
0.00793594
0.00789426
0.00785931
0.00782181
0.00779133
0.00775705
0.00773028
0.00769851
0.0076749
0.00764512
0.00762428
0.00759605
0.00757766
0.00755067
0.00753449
0.00750846
0.00749429
0.00746905
0.00745669
0.00743209
0.00742138
0.00739731
0.00738811
0.00736446
0.00735669
0.00733332
0.00732696
0.0073037
0.00729879
0.00727544
0.00727206
0.00724841
0.00724664
0.00722254
0.00722238
0.00719779
0.00719913
0.00717417
0.00717675
0.00715163
0.00715515
0.00713013
0.00713431
0.00710956
0.00711428
0.00708974
0.00709513
0.00707055
0.00707693
0.00705191
0.00705965
0.00703387
0.0070432
0.00701656
0.0070274
0.00700019
0.00701212
0.00698488
0.00699737
0.00697065
0.00698336
0.00695739
0.0069704
0.00694507
0.00695869
0.00693396
0.0069481
0.00692476
0.00693844
0.00691819
0.00692995
0.00691445
0.00692284
0.00691445
0.00691941
0.00691747
0.0069216
0.00692424
0.0069313
0.00693816
0.00694898
0.00696886
0.00699021
0.00700548
0.007045
0.00710605
0.00711104
0.00725883
0.00889202
0.00873235
0.00860329
0.00849421
0.00840191
0.00831991
0.0082489
0.0081833
0.00812604
0.00807127
0.00802362
0.00797643
0.00793592
0.00789426
0.00785929
0.00782182
0.00779131
0.00775706
0.00773025
0.00769853
0.00767488
0.00764514
0.00762425
0.00759607
0.00757763
0.00755068
0.00753445
0.00750848
0.00749424
0.00746907
0.00745664
0.00743211
0.00742132
0.00739733
0.00738803
0.00736449
0.00735659
0.00733337
0.00732684
0.00730378
0.00729863
0.00727555
0.00727185
0.00724857
0.00724636
0.00722276
0.00722202
0.00719807
0.0071987
0.00717448
0.00717626
0.00715197
0.00715462
0.00713047
0.00713375
0.00710987
0.00711367
0.00709005
0.00709445
0.0070709
0.00707611
0.00705235
0.0070586
0.00703447
0.00704182
0.00701743
0.00702559
0.00700141
0.00700981
0.00698644
0.00699459
0.00697244
0.00698019
0.00695927
0.00696686
0.00694702
0.00695455
0.00693615
0.00694306
0.00692724
0.00693253
0.00692029
0.00692395
0.00691522
0.00691812
0.0069125
0.00691594
0.00691259
0.00691821
0.00691765
0.00692515
0.00692873
0.00694152
0.00694967
0.00697399
0.00699005
0.00701615
0.00704732
0.00710084
0.00716803
0.00889194
0.00873245
0.00860316
0.00849437
0.00840172
0.00832013
0.00824865
0.00818359
0.00812572
0.00807162
0.00802322
0.00797687
0.00793543
0.00789481
0.00785871
0.00782246
0.00779061
0.00775781
0.00772945
0.00769939
0.00767396
0.00764611
0.0076232
0.00759716
0.00757644
0.0075519
0.00753313
0.00750983
0.00749278
0.00747056
0.00745503
0.00743376
0.00741955
0.00739915
0.00738609
0.00736649
0.00735445
0.00733557
0.00732448
0.00730619
0.00729604
0.0072782
0.00726902
0.00725146
0.00724328
0.00722588
0.00721871
0.00720143
0.00719515
0.00717806
0.0071725
0.00715575
0.00715065
0.00713443
0.00712958
0.00711404
0.00710928
0.00709445
0.00708979
0.00707559
0.0070711
0.00705743
0.00705316
0.00704001
0.00703588
0.00702342
0.0070192
0.00700768
0.00700316
0.00699274
0.00698793
0.00697852
0.00697368
0.00696503
0.00696046
0.00695248
0.00694837
0.0069411
0.00693757
0.00693102
0.0069284
0.00692251
0.00692101
0.00691621
0.00691556
0.00691256
0.00691312
0.00691099
0.00691581
0.00691054
0.00692616
0.00691431
0.00693863
0.00694049
0.00695954
0.00696616
0.00698874
0.00700192
0.00706062
0.00709984
0.00889187
0.00873254
0.00860306
0.00849449
0.00840159
0.00832029
0.00824847
0.00818379
0.00812549
0.00807188
0.00802293
0.00797719
0.00793507
0.0078952
0.00785828
0.00782294
0.00779011
0.00775837
0.00772884
0.00770003
0.00767325
0.00764686
0.00762238
0.00759801
0.00757552
0.00755287
0.00753209
0.00751093
0.00749161
0.00747179
0.00745373
0.00743511
0.00741813
0.00740062
0.00738456
0.00736805
0.00735284
0.00733719
0.00732282
0.00730784
0.00729435
0.00727987
0.0072673
0.00725314
0.00724153
0.0072276
0.00721689
0.00720322
0.00719323
0.00717996
0.00717042
0.00715779
0.0071484
0.00713665
0.00712714
0.00711641
0.00710667
0.00709695
0.00708703
0.00707818
0.00706825
0.00706002
0.00705034
0.00704245
0.00703327
0.00702547
0.00701707
0.0070091
0.00700167
0.00699346
0.00698704
0.00697868
0.00697312
0.00696492
0.00696004
0.00695211
0.00694809
0.00694015
0.00693766
0.00692906
0.00692894
0.00691937
0.00692173
0.00691206
0.00691592
0.00690759
0.00691357
0.00690469
0.00691538
0.00690442
0.00692158
0.00690805
0.00693518
0.00692817
0.00694382
0.00695121
0.00696696
0.00697857
0.00701564
0.0070508
0.00889187
0.00873252
0.00860307
0.00849447
0.0084016
0.00832026
0.0082485
0.00818375
0.00812553
0.00807183
0.00802298
0.00797713
0.00793514
0.00789512
0.00785836
0.00782284
0.0077902
0.00775825
0.00772894
0.0076999
0.00767336
0.00764671
0.00762251
0.00759786
0.00757566
0.00755272
0.00753223
0.00751077
0.00749177
0.00747161
0.0074539
0.00743491
0.00741831
0.00740038
0.00738478
0.00736776
0.00735311
0.00733684
0.00732314
0.00730743
0.00729474
0.00727937
0.00726776
0.00725257
0.00724206
0.00722697
0.00721747
0.00720252
0.00719385
0.00717919
0.00717109
0.00715695
0.00714911
0.00713571
0.00712791
0.00711537
0.00710751
0.00709579
0.00708796
0.00707685
0.0070693
0.0070585
0.00705154
0.00704069
0.00703466
0.00702344
0.00701865
0.00700681
0.00700342
0.00699097
0.00698881
0.00697613
0.00697479
0.00696229
0.00696169
0.00694923
0.00694996
0.00693681
0.0069399
0.00692535
0.0069313
0.00691589
0.00692344
0.00690946
0.00691638
0.00690578
0.00691149
0.00690225
0.00691227
0.00690033
0.00691556
0.0069039
0.00692554
0.00691935
0.00692684
0.00693289
0.00694281
0.00695096
0.00697624
0.00700194
0.00889189
0.00873248
0.0086031
0.00849441
0.00840165
0.00832018
0.00824856
0.00818365
0.00812561
0.00807171
0.0080231
0.00797698
0.00793529
0.00789493
0.00785854
0.0078226
0.00779043
0.00775797
0.00772923
0.00769957
0.00767371
0.00764634
0.00762291
0.00759744
0.00757611
0.00755223
0.00753273
0.00751023
0.00749231
0.00747102
0.00745448
0.00743427
0.00741894
0.00739969
0.00738545
0.00736703
0.00735381
0.00733608
0.00732388
0.00730663
0.0072955
0.00727854
0.00726855
0.0072517
0.00724289
0.00722603
0.00721839
0.00720146
0.0071949
0.00717798
0.00717233
0.00715553
0.00715056
0.00713408
0.00712957
0.00711352
0.00710936
0.00709375
0.00708998
0.00707465
0.00707147
0.00705613
0.00705383
0.00703818
0.00703702
0.00702088
0.00702092
0.00700438
0.00700541
0.00698882
0.00699049
0.00697421
0.00697635
0.00696042
0.00696319
0.00694736
0.00695135
0.00693497
0.00694088
0.0069238
0.00693124
0.00691489
0.00692155
0.0069089
0.00691318
0.0069043
0.00690869
0.00690071
0.00690756
0.00690076
0.00690742
0.00690251
0.00691737
0.00691313
0.00691922
0.00692311
0.00693005
0.00693552
0.00694344
0.00696425
0.00889188
0.00873248
0.00860309
0.00849442
0.00840163
0.0083202
0.00824853
0.00818368
0.00812557
0.00807174
0.00802305
0.00797702
0.00793523
0.00789497
0.00785848
0.00782266
0.00779036
0.00775803
0.00772916
0.00769965
0.00767363
0.00764641
0.00762282
0.00759751
0.00757601
0.0075523
0.00753263
0.0075103
0.00749221
0.00747108
0.00745438
0.00743434
0.00741883
0.00739977
0.00738532
0.00736713
0.00735365
0.00733621
0.00732366
0.00730681
0.00729521
0.00727878
0.00726819
0.00725199
0.00724247
0.00722634
0.00721793
0.00720177
0.00719442
0.00717827
0.00717183
0.0071558
0.00715005
0.00713431
0.00712905
0.00711373
0.0071088
0.00709394
0.00708937
0.00707482
0.00707079
0.00705629
0.00705308
0.00703832
0.0070362
0.00702099
0.00702003
0.00700443
0.00700445
0.00698878
0.00698938
0.00697411
0.00697484
0.00696044
0.00696111
0.00694772
0.0069485
0.00693588
0.00693717
0.00692526
0.00692687
0.00691662
0.00691762
0.00691019
0.00690964
0.00690548
0.00690478
0.00690089
0.00690397
0.0068972
0.00690476
0.00690239
0.00690824
0.00690806
0.00691085
0.00691268
0.00691846
0.0069218
0.00691976
0.00694657
0.00889184
0.00873253
0.00860303
0.00849449
0.00840154
0.00832029
0.00824841
0.00818381
0.00812542
0.00807191
0.00802285
0.00797722
0.00793499
0.00789523
0.00785819
0.00782296
0.00779002
0.00775839
0.00772876
0.00770006
0.00767316
0.00764689
0.00762228
0.00759805
0.0075754
0.00755291
0.00753196
0.00751097
0.00749148
0.00747182
0.00745359
0.00743513
0.00741799
0.00740062
0.00738441
0.00736806
0.00735265
0.00733723
0.00732255
0.00730795
0.00729397
0.00728005
0.0072668
0.0072534
0.00724092
0.00722791
0.0072162
0.00720352
0.00719253
0.00718017
0.00716979
0.00715784
0.00714788
0.00713646
0.00712677
0.00711596
0.00710644
0.00709626
0.0070869
0.00707725
0.00706818
0.00705885
0.00705032
0.00704103
0.00703327
0.00702384
0.00701695
0.00700739
0.00700126
0.0069918
0.00698616
0.00697716
0.00697166
0.00696349
0.00695792
0.00695068
0.00694525
0.00693868
0.00693398
0.00692743
0.00692432
0.00691766
0.00691557
0.00691037
0.0069075
0.00690502
0.00690202
0.00689952
0.00690151
0.00689629
0.00689866
0.00690237
0.00690062
0.00690311
0.00689903
0.00690454
0.00689876
0.00691269
0.00690485
0.00691639
0.00889179
0.00873259
0.00860295
0.00849457
0.00840143
0.00832041
0.00824827
0.00818396
0.00812524
0.00807211
0.00802263
0.00797747
0.00793471
0.00789552
0.00785786
0.00782331
0.00778962
0.0077588
0.0077283
0.00770053
0.00767264
0.00764743
0.00762169
0.00759866
0.00757474
0.0075536
0.00753121
0.00751173
0.00749065
0.00747266
0.00745268
0.00743605
0.00741699
0.00740162
0.00738333
0.00736912
0.00735151
0.00733834
0.00732136
0.0073091
0.00729273
0.00728125
0.00726549
0.00725468
0.00723951
0.00722929
0.00721464
0.00720505
0.00719078
0.00718187
0.00716783
0.00715972
0.00714573
0.00713848
0.00712446
0.00711808
0.00710401
0.00709842
0.00708438
0.00707944
0.00706557
0.00706108
0.00704755
0.00704336
0.00703032
0.00702625
0.00701387
0.00700979
0.00699815
0.0069941
0.00698307
0.00697935
0.00696855
0.00696562
0.0069548
0.00695273
0.00694226
0.00694051
0.00693137
0.00692901
0.00692208
0.0069185
0.00691388
0.00691042
0.00690562
0.00690515
0.00689941
0.00689953
0.00689695
0.0068967
0.00689515
0.00690028
0.00689348
0.00690137
0.00689232
0.00690164
0.00689272
0.00689833
0.00689427
0.00690041
0.00889175
0.00873263
0.00860289
0.00849463
0.00840135
0.00832049
0.00824816
0.00818407
0.00812512
0.00807225
0.00802249
0.00797763
0.00793454
0.0078957
0.00785765
0.00782352
0.00778938
0.00775903
0.00772803
0.00770079
0.00767234
0.00764772
0.00762137
0.00759898
0.00757439
0.00755395
0.00753084
0.00751211
0.00749024
0.00747307
0.00745224
0.00743649
0.00741651
0.00740208
0.00738281
0.00736962
0.00735095
0.00733887
0.00732075
0.00730966
0.00729209
0.00728184
0.00726483
0.00725528
0.00723883
0.0072299
0.00721395
0.00720566
0.00719007
0.00718249
0.0071671
0.00716036
0.00714495
0.00713916
0.00712362
0.00711882
0.0071031
0.00709923
0.00708339
0.00708034
0.00706447
0.00706211
0.0070463
0.00704455
0.00702888
0.00702762
0.00701224
0.00701134
0.00699635
0.00699574
0.00698121
0.00698088
0.0069668
0.00696686
0.00695319
0.00695357
0.00694072
0.00694102
0.00692953
0.00692922
0.00691988
0.00691888
0.00691087
0.0069112
0.0069021
0.00690628
0.0068945
0.00690205
0.00689102
0.006898
0.00689035
0.00689894
0.00688711
0.00689931
0.00688534
0.00689485
0.00688483
0.00689334
0.00688279
0.00689205
0.00889173
0.00873264
0.00860286
0.00849465
0.00840132
0.00832052
0.00824813
0.00818411
0.00812507
0.00807229
0.00802242
0.00797768
0.00793446
0.00789577
0.00785757
0.00782359
0.0077893
0.00775911
0.00772794
0.00770088
0.00767224
0.00764781
0.00762125
0.00759908
0.00757426
0.00755405
0.00753069
0.00751223
0.00749008
0.00747321
0.00745205
0.00743666
0.00741629
0.00740229
0.00738255
0.00736985
0.00735064
0.00733915
0.00732041
0.00730997
0.00729171
0.00728217
0.00726441
0.00725561
0.0072384
0.00723022
0.00721354
0.00720593
0.0071897
0.00718269
0.00716678
0.00716044
0.00714472
0.00713912
0.00712346
0.00711867
0.00710296
0.00709903
0.00708319
0.00708018
0.00706409
0.00706211
0.00704559
0.00704482
0.00702775
0.00702818
0.00701074
0.00701205
0.00699468
0.00699636
0.00697956
0.00698125
0.00696516
0.00696715
0.00695129
0.00695425
0.00693813
0.00694237
0.00692632
0.00693102
0.00691626
0.00692065
0.00690751
0.00691243
0.0068988
0.0069069
0.00689182
0.00690086
0.00688746
0.00689807
0.00688686
0.00689556
0.00688521
0.00689108
0.00688056
0.0068866
0.00687747
0.00688241
0.0068735
0.00687804
0.00889172
0.00873263
0.00860286
0.00849464
0.00840132
0.0083205
0.00824813
0.00818409
0.00812508
0.00807226
0.00802244
0.00797765
0.00793448
0.00789573
0.00785759
0.00782355
0.00778933
0.00775907
0.00772797
0.00770084
0.00767226
0.00764776
0.00762127
0.00759904
0.00757427
0.00755402
0.00753068
0.00751222
0.00749005
0.00747321
0.007452
0.00743667
0.00741623
0.00740231
0.00738248
0.00736988
0.00735057
0.00733915
0.00732035
0.00730995
0.00729167
0.00728211
0.0072644
0.00725552
0.0072384
0.0072301
0.00721354
0.00720579
0.0071897
0.00718254
0.00716677
0.00716027
0.00714472
0.00713891
0.0071235
0.00711839
0.00710305
0.0070987
0.0070833
0.00707981
0.00706419
0.00706169
0.00704573
0.00704429
0.00702801
0.00702744
0.00701115
0.00701112
0.00699501
0.00699562
0.0069795
0.00698098
0.00696443
0.00696751
0.00694982
0.00695504
0.00693629
0.00694315
0.00692431
0.00693162
0.00691453
0.00692043
0.00690596
0.0069114
0.00689771
0.00690476
0.00689136
0.00689893
0.0068876
0.00689283
0.00688379
0.00689138
0.00688278
0.00688516
0.00687943
0.00687862
0.00687589
0.00687189
0.00686729
0.00686535
0.00889172
0.00873261
0.00860287
0.00849461
0.00840133
0.00832048
0.00824815
0.00818405
0.00812511
0.00807222
0.00802247
0.0079776
0.00793453
0.00789567
0.00785764
0.00782348
0.00778938
0.00775899
0.00772803
0.00770075
0.00767233
0.00764768
0.00762133
0.00759896
0.00757432
0.00755395
0.00753072
0.00751216
0.00749008
0.00747317
0.00745201
0.00743664
0.00741623
0.00740226
0.0073825
0.0073698
0.00735062
0.00733902
0.00732044
0.00730977
0.00729181
0.00728188
0.00726457
0.00725526
0.00723857
0.00722985
0.00721367
0.00720556
0.00718977
0.00718235
0.00716679
0.00716011
0.00714469
0.00713876
0.00712345
0.00711821
0.00710302
0.00709842
0.00708339
0.00707933
0.00706448
0.00706091
0.00704625
0.00704326
0.00702867
0.00702627
0.0070118
0.00701005
0.00699545
0.00699455
0.00697985
0.00697986
0.00696478
0.00696623
0.00695024
0.00695337
0.00693676
0.00694171
0.00692441
0.00693002
0.00691475
0.00691877
0.00690635
0.00690972
0.00689731
0.00690235
0.00689125
0.00689508
0.00688857
0.00688908
0.00688453
0.00688444
0.0068803
0.00687927
0.00687705
0.00687317
0.00687152
0.00686693
0.00686448
0.00685741
0.00889174
0.00873258
0.00860289
0.00849457
0.00840137
0.00832042
0.0082482
0.00818398
0.00812517
0.00807213
0.00802256
0.00797749
0.00793463
0.00789554
0.00785777
0.00782333
0.00778953
0.00775881
0.0077282
0.00770055
0.00767252
0.00764745
0.00762156
0.0075987
0.00757457
0.00755366
0.007531
0.00751184
0.00749038
0.00747282
0.00745235
0.00743624
0.00741661
0.00740181
0.00738292
0.00736929
0.00735109
0.00733846
0.00732096
0.00730915
0.00729238
0.00728121
0.00726517
0.00725455
0.0072392
0.00722909
0.00721433
0.00720477
0.00719045
0.00718152
0.0071675
0.00715923
0.00714542
0.00713781
0.00712424
0.00711717
0.0071039
0.0070972
0.00708441
0.00707802
0.00706552
0.00705957
0.00704725
0.00704186
0.00702955
0.00702482
0.00701268
0.00700831
0.00699675
0.00699246
0.00698143
0.00697748
0.00696643
0.00696363
0.00695197
0.00695063
0.00693838
0.00693837
0.00692672
0.00692597
0.00691707
0.00691516
0.00690778
0.0069062
0.00689918
0.00689853
0.00689364
0.00689085
0.0068885
0.00688611
0.00688633
0.00688076
0.00688083
0.00687543
0.00687615
0.00686758
0.00686938
0.00685935
0.00686249
0.00684932
0.00889175
0.00873255
0.00860291
0.00849453
0.00840141
0.00832037
0.00824825
0.00818392
0.00812523
0.00807205
0.00802263
0.00797739
0.00793472
0.00789542
0.00785788
0.00782319
0.00778966
0.00775865
0.00772836
0.00770035
0.00767271
0.00764723
0.00762177
0.00759845
0.00757481
0.00755338
0.00753127
0.00751151
0.00749069
0.00747245
0.0074527
0.00743582
0.00741701
0.00740134
0.00738336
0.00736878
0.00735156
0.00733791
0.00732145
0.00730856
0.00729289
0.00728061
0.00726568
0.00725394
0.00723969
0.00722849
0.0072148
0.00720415
0.00719089
0.00718088
0.00716795
0.00715855
0.00714588
0.00713705
0.00712477
0.00711629
0.00710449
0.00709629
0.00708488
0.00707712
0.00706592
0.00705863
0.0070476
0.00704092
0.00702989
0.00702364
0.00701314
0.00700697
0.00699712
0.00699103
0.00698168
0.00697592
0.00696669
0.00696181
0.00695206
0.00694844
0.00693869
0.00693564
0.00692664
0.00692369
0.00691579
0.00691268
0.00690638
0.00690321
0.00689756
0.00689518
0.00689143
0.00688652
0.00688562
0.00688389
0.00688242
0.00687725
0.00687815
0.00687099
0.00687083
0.00686351
0.00686481
0.0068565
0.00685664
0.00684786
0.00889176
0.00873252
0.00860293
0.00849449
0.00840144
0.00832032
0.00824829
0.00818386
0.00812529
0.00807198
0.0080227
0.0079773
0.0079348
0.00789532
0.00785797
0.00782306
0.00778977
0.00775851
0.00772849
0.00770019
0.00767287
0.00764703
0.00762196
0.00759822
0.00757504
0.0075531
0.00753155
0.00751118
0.00749103
0.00747204
0.0074531
0.00743534
0.00741748
0.00740079
0.00738389
0.00736817
0.00735215
0.00733726
0.00732208
0.00730787
0.00729352
0.00727992
0.00726627
0.00725327
0.00724027
0.00722783
0.00721536
0.00720351
0.00719143
0.00718022
0.00716848
0.00715784
0.00714646
0.00713633
0.00712537
0.00711551
0.00710503
0.00709561
0.00708533
0.0070764
0.00706635
0.00705792
0.00704803
0.00704021
0.00703041
0.00702291
0.00701374
0.0070061
0.00699776
0.00699012
0.00698237
0.00697484
0.00696744
0.00696078
0.00695291
0.00694739
0.00693979
0.00693447
0.00692778
0.00692248
0.00691686
0.00691148
0.00690741
0.00690219
0.00689664
0.00689487
0.00689006
0.00688849
0.00688564
0.00688168
0.00688265
0.00687652
0.00687698
0.00687121
0.00687104
0.00686232
0.00686261
0.00685387
0.00685303
0.00684496
0.00889176
0.0087325
0.00860294
0.00849447
0.00840145
0.00832029
0.00824831
0.00818382
0.00812531
0.00807194
0.00802272
0.00797726
0.00793483
0.00789527
0.00785801
0.00782301
0.00778982
0.00775845
0.00772854
0.00770012
0.00767292
0.00764695
0.00762203
0.00759811
0.00757514
0.00755297
0.00753167
0.00751103
0.00749117
0.00747185
0.00745328
0.00743511
0.00741768
0.00740053
0.00738412
0.00736788
0.00735241
0.00733694
0.00732233
0.00730755
0.00729375
0.00727961
0.00726648
0.00725298
0.00724043
0.00722755
0.00721548
0.00720324
0.00719154
0.00717993
0.00716856
0.00715752
0.00714653
0.00713599
0.00712534
0.00711523
0.00710486
0.00709533
0.00708509
0.00707608
0.00706604
0.0070575
0.00704766
0.00703956
0.00703004
0.00702216
0.00701315
0.0070052
0.00699686
0.006989
0.00698106
0.00697347
0.0069658
0.00695892
0.00695103
0.00694494
0.00693749
0.00693205
0.00692466
0.00691938
0.00691347
0.00690853
0.00690214
0.00689905
0.0068927
0.00689047
0.00688565
0.00688276
0.00687903
0.00687743
0.00687624
0.00687079
0.00687022
0.00686562
0.00686418
0.00685858
0.0068569
0.00685072
0.00684704
0.00684151
0.00762405
0.00763165
0.00767521
0.0076831
0.00768193
0.00767805
0.00776416
0.00776336
0.00799106
0.00791128
0.00751213
0.00753273
0.00749879
0.00748868
0.00746688
0.00750291
0.00751638
0.00759348
0.0075824
0.00774706
0.00735945
0.00735464
0.00734853
0.00735503
0.00736931
0.00742241
0.00742534
0.0074921
0.00747492
0.00761689
0.00722478
0.00725362
0.00724786
0.00726224
0.00725099
0.00725545
0.00725409
0.00727728
0.00731729
0.00735031
0.00717304
0.007178
0.00716857
0.00716839
0.00716376
0.00718062
0.00718628
0.00722068
0.00725967
0.00726739
0.0071012
0.00709512
0.00708703
0.00708632
0.00708628
0.00709464
0.00710201
0.00712232
0.00713772
0.00717786
0.00704603
0.00704374
0.00704179
0.00704191
0.00704209
0.00704626
0.00705471
0.00706439
0.00708133
0.00710222
0.00700129
0.00700283
0.00699628
0.00699807
0.00699614
0.00699968
0.00700536
0.00701315
0.00702758
0.00704321
0.00696619
0.00696706
0.00696004
0.0069618
0.00695754
0.00696226
0.00696418
0.00697278
0.00698246
0.00699722
0.00694094
0.00693665
0.00693144
0.0069304
0.00692672
0.00692996
0.00693071
0.0069377
0.00694525
0.00695658
0.00691656
0.00690768
0.00690879
0.00690226
0.006905
0.00690253
0.0069083
0.00691031
0.00692018
0.00692675
0.0068973
0.00689248
0.00689065
0.00688695
0.00688714
0.00688518
0.00688861
0.00688891
0.00689675
0.00690056
0.00688309
0.00688275
0.00687399
0.00687675
0.00686815
0.00687487
0.0068683
0.00687853
0.00687513
0.00688828
0.00686964
0.00686966
0.00686077
0.00686488
0.00685563
0.0068621
0.00685594
0.00686245
0.0068629
0.00686889
0.00686153
0.00685792
0.00685419
0.00685196
0.00685002
0.00684732
0.00685039
0.006846
0.00685485
0.00685051
0.00685616
0.00684862
0.00684766
0.00684155
0.0068417
0.00683755
0.00684005
0.00683666
0.00684572
0.00683783
0.00685179
0.00684144
0.00684368
0.00683532
0.00683758
0.00683078
0.00683618
0.00682715
0.00684076
0.0068293
0.00684539
0.00683905
0.00683591
0.00683282
0.0068291
0.00682813
0.00682636
0.00682314
0.00683015
0.00682241
0.00684125
0.00683742
0.00683222
0.00683127
0.00682653
0.00682634
0.00682558
0.00682217
0.00682963
0.00682342
0.00683566
0.00683261
0.00682757
0.00682563
0.00682153
0.00681906
0.00681912
0.00681323
0.00682012
0.00681632
)
;

boundaryField
{
    down
    {
        type            symmetryPlane;
    }
    right
    {
        type            calculated;
        value           nonuniform List<scalar> 
30
(
0.5989
0.591046
0.576074
0.554653
0.52711
0.492561
0.449476
0.396558
0.332596
0.256965
0.173535
0.0809246
0.0174665
0.00774269
0.00724121
0.00708218
0.0070335
0.00688285
0.00686758
0.00678981
0.00672953
0.00672166
0.0067053
0.00669845
0.00664854
0.00664224
0.00660818
0.00660333
0.00658301
0.00659948
)
;
    }
    up
    {
        type            calculated;
        value           nonuniform List<scalar> 
220
(
0.00682129
0.00682209
0.0068241
0.00683107
0.00683534
0.00683598
0.00684434
0.00684742
0.00685255
0.00685818
0.0068673
0.00686678
0.00687701
0.00687424
0.00687982
0.00688717
0.00688687
0.00688944
0.00689179
0.00688755
0.00689019
0.00688541
0.00688773
0.00688418
0.00688313
0.00687858
0.00687626
0.00686879
0.00686668
0.00685969
0.00685805
0.0068515
0.00685014
0.00684355
0.006842
0.00683509
0.0068335
0.00682657
0.00682519
0.00681849
0.00681736
0.00681085
0.00680986
0.00680338
0.00680242
0.00679588
0.00679485
0.00678822
0.00678753
0.0067811
0.00678072
0.00677421
0.00677422
0.00676779
0.00676807
0.00676189
0.00676198
0.00675583
0.00675585
0.00674963
0.00674966
0.00674334
0.00674342
0.00673701
0.00673716
0.00673073
0.00673059
0.00672436
0.00672415
0.00671779
0.00671751
0.00671115
0.00671088
0.00670447
0.00670422
0.0066979
0.00669761
0.00669131
0.00669102
0.00668481
0.00668451
0.00667841
0.00667813
0.00667215
0.00667188
0.00666608
0.00666581
0.00666015
0.00665985
0.00665435
0.006654
0.00664866
0.00664826
0.00664308
0.00664259
0.00663758
0.00663699
0.00663217
0.00663144
0.00662682
0.00662593
0.0066215
0.00662041
0.0066162
0.0066149
0.00661094
0.00660938
0.00660573
0.00660357
0.00659948
0.00683569
0.00683273
0.00682774
0.00682584
0.00682179
0.0068194
0.00681956
0.0068137
0.00682065
0.00681675
0.00889176
0.0087325
0.00860294
0.00849447
0.00840145
0.00832029
0.00824831
0.00818382
0.0081253
0.00807194
0.00802272
0.00797726
0.00793483
0.00789527
0.007858
0.00782301
0.00778981
0.00775844
0.00772853
0.00770011
0.00767292
0.00764694
0.00762203
0.00759811
0.00757513
0.00755297
0.00753166
0.00751102
0.00749116
0.00747184
0.00745326
0.0074351
0.00741766
0.00740052
0.00738411
0.00736786
0.00735239
0.00733692
0.00732231
0.00730753
0.00729372
0.00727958
0.00726645
0.00725294
0.0072404
0.00722751
0.00721544
0.0072032
0.0071915
0.00717989
0.00716852
0.00715748
0.00714647
0.00713591
0.00712525
0.00711517
0.00710478
0.00709522
0.00708501
0.00707598
0.00706595
0.00705739
0.00704756
0.00703941
0.0070299
0.00702196
0.007013
0.00700502
0.00699669
0.0069888
0.00698085
0.00697327
0.00696556
0.0069587
0.0069508
0.00694461
0.00693721
0.00693178
0.00692429
0.00691899
0.00691307
0.00690805
0.00690153
0.00689852
0.00689225
0.00688997
0.00688522
0.00688217
0.00687845
0.00687687
0.00687567
0.00687025
0.00686954
0.006865
0.00686362
0.00685815
0.00685653
0.00685044
0.00684686
0.00684145
)
;
    }
    left
    {
        type            calculated;
        value           nonuniform List<scalar> 
30
(
0.00893851
0.00893851
0.00893851
0.00893851
0.0089385
0.0089385
0.0089385
0.0089385
0.0089385
0.00893849
0.00893849
0.00893848
0.00893848
0.00893848
0.00893847
0.00893846
0.00893846
0.00893845
0.00893845
0.00893845
0.00893844
0.00893843
0.00893843
0.00893842
0.00893842
0.00893841
0.0089384
0.0089384
0.00893839
0.00893838
)
;
    }
    cylinder
    {
        type            compressible::alphatWallFunction;
        Prt             0.85;
        value           nonuniform List<scalar> 
40
(
0.00406948
0.00402573
0.00384224
0.00337386
0.0036308
0.00386186
0.00397047
0.00398483
0.00397908
0.00396864
0.0040235
0.00398723
0.00392513
0.0038321
0.00370778
0.00357351
0.00345664
0.00339816
0.00345239
0.00356134
0.00377007
0.00377326
0.00377619
0.00382827
0.00383479
0.00384631
0.00385018
0.0039135
0.00391135
0.0039446
0.00372211
0.00365329
0.00363977
0.00361635
0.00366296
0.0036715
0.00365732
0.00368558
0.00371238
0.00371828
)
;
    }
    defaultFaces
    {
        type            empty;
    }
}


// ************************************************************************* //
