/*--------------------------------*- C++ -*----------------------------------*\
  =========                 |
  \\      /  F ield         | OpenFOAM: The Open Source CFD Toolbox
   \\    /   O peration     | Website:  https://openfoam.org
    \\  /    A nd           | Version:  8
     \\/     M anipulation  |
\*---------------------------------------------------------------------------*/
FoamFile
{
    version     2.0;
    format      ascii;
    class       volScalarField;
    location    "1.500023";
    object      N;
}
// * * * * * * * * * * * * * * * * * * * * * * * * * * * * * * * * * * * * * //

dimensions      [0 -3 0 0 0 0 0];

internalField   nonuniform List<scalar> 
6800
(
2.72171e+06
2.65215e+06
2.37839e+06
2.30324e+06
2.30079e+06
2.30676e+06
2.33034e+06
2.3609e+06
2.36278e+06
2.36605e+06
2.7187e+06
2.44992e+06
2.29849e+06
2.28762e+06
2.30231e+06
2.33221e+06
2.35739e+06
2.34726e+06
2.30263e+06
2.22441e+06
2.72252e+06
2.37829e+06
2.27489e+06
2.28753e+06
2.32701e+06
2.34677e+06
2.32531e+06
2.26493e+06
2.13936e+06
2.10234e+06
2.73128e+06
2.24776e+06
2.26114e+06
2.31524e+06
2.33562e+06
2.3078e+06
2.22222e+06
2.11253e+06
2.0669e+06
2.05991e+06
2.15222e+06
2.19231e+06
2.28421e+06
2.32484e+06
2.29546e+06
2.20384e+06
2.09226e+06
2.05196e+06
2.02936e+06
2.02697e+06
2.1065e+06
2.26639e+06
2.31371e+06
2.29872e+06
2.20116e+06
2.08626e+06
2.03926e+06
2.00114e+06
1.98217e+06
1.98938e+06
2.10103e+06
2.31696e+06
2.30915e+06
2.23846e+06
2.07525e+06
2.03782e+06
1.97718e+06
1.95365e+06
1.95685e+06
1.97335e+06
2.08884e+06
2.33064e+06
2.26575e+06
2.11973e+06
2.02401e+06
1.97166e+06
1.93145e+06
1.93151e+06
1.93567e+06
1.94864e+06
2.07524e+06
2.33178e+06
2.18471e+06
2.07138e+06
1.9626e+06
1.93934e+06
1.90614e+06
1.90003e+06
1.90758e+06
1.91955e+06
2.06283e+06
2.30972e+06
2.11451e+06
1.98069e+06
1.91606e+06
1.89211e+06
1.87028e+06
1.87684e+06
1.88803e+06
1.88867e+06
2.71934e+06
2.7043e+06
2.69798e+06
2.69119e+06
2.68576e+06
2.67931e+06
2.67331e+06
2.66624e+06
2.65926e+06
2.6514e+06
2.72082e+06
2.7059e+06
2.69977e+06
2.69314e+06
2.68773e+06
2.68146e+06
2.67618e+06
2.67043e+06
2.66632e+06
2.66418e+06
2.72132e+06
2.70761e+06
2.70172e+06
2.69688e+06
2.69469e+06
2.69623e+06
2.70188e+06
2.71725e+06
2.74742e+06
2.79543e+06
2.72162e+06
2.70917e+06
2.70637e+06
2.70691e+06
2.71685e+06
2.74588e+06
2.79024e+06
2.84757e+06
2.9048e+06
2.92947e+06
2.72205e+06
2.71294e+06
2.71403e+06
2.72686e+06
2.75996e+06
2.80097e+06
2.83362e+06
2.87394e+06
2.91409e+06
2.81864e+06
2.72369e+06
2.71807e+06
2.7251e+06
2.74736e+06
2.77756e+06
2.79829e+06
2.82995e+06
2.81194e+06
2.79386e+06
2.57437e+06
2.72497e+06
2.72139e+06
2.72993e+06
2.74932e+06
2.77842e+06
2.7748e+06
2.70419e+06
2.58908e+06
2.48167e+06
2.38239e+06
2.72643e+06
2.72527e+06
2.73542e+06
2.74893e+06
2.70637e+06
2.57855e+06
2.42091e+06
2.35251e+06
2.33395e+06
2.33382e+06
2.72712e+06
2.72755e+06
2.73921e+06
2.65272e+06
2.42957e+06
2.33807e+06
2.3173e+06
2.31831e+06
2.32501e+06
2.34214e+06
2.72845e+06
2.733e+06
2.62188e+06
2.37773e+06
2.31087e+06
2.3075e+06
2.31053e+06
2.32792e+06
2.34799e+06
2.3649e+06
2.64088e+06
2.63194e+06
2.62202e+06
2.6133e+06
2.60467e+06
2.59566e+06
2.58861e+06
2.57991e+06
2.57468e+06
2.56697e+06
2.56355e+06
2.55811e+06
2.55471e+06
2.5498e+06
2.54794e+06
2.54708e+06
2.54422e+06
2.54045e+06
2.53603e+06
2.53211e+06
2.52913e+06
2.52906e+06
2.52868e+06
2.52887e+06
2.52865e+06
2.52845e+06
2.52908e+06
2.53071e+06
2.5341e+06
2.53803e+06
2.54215e+06
2.54685e+06
2.55123e+06
2.55607e+06
2.56013e+06
2.56427e+06
2.5679e+06
2.57108e+06
2.57446e+06
2.57705e+06
2.58065e+06
2.58326e+06
2.58651e+06
2.58953e+06
2.59283e+06
2.59633e+06
2.5982e+06
2.60373e+06
2.60626e+06
2.60914e+06
2.60771e+06
2.61319e+06
2.61153e+06
2.61239e+06
2.61349e+06
2.61649e+06
2.61932e+06
2.62265e+06
2.62522e+06
2.62793e+06
2.62979e+06
2.63253e+06
2.63419e+06
2.63812e+06
2.64052e+06
2.64577e+06
2.64895e+06
2.65518e+06
2.65878e+06
2.66532e+06
2.66915e+06
2.67586e+06
2.67982e+06
2.68662e+06
2.69064e+06
2.69749e+06
2.70152e+06
2.70839e+06
2.7124e+06
2.71924e+06
2.72322e+06
2.73e+06
2.73393e+06
2.74061e+06
2.74452e+06
2.75106e+06
2.75495e+06
2.76131e+06
2.76521e+06
2.77135e+06
2.77528e+06
2.78119e+06
2.78512e+06
2.79084e+06
2.79474e+06
2.80032e+06
2.80419e+06
2.80947e+06
2.81435e+06
2.82169e+06
2.6659e+06
2.66424e+06
2.65939e+06
2.66381e+06
2.65921e+06
2.65389e+06
2.64481e+06
2.63512e+06
2.62248e+06
2.6107e+06
2.59692e+06
2.57724e+06
2.56159e+06
2.54317e+06
2.52534e+06
2.5114e+06
2.49877e+06
2.49064e+06
2.48587e+06
2.48212e+06
2.48368e+06
2.48402e+06
2.4849e+06
2.48535e+06
2.48643e+06
2.48693e+06
2.48738e+06
2.48648e+06
2.48564e+06
2.48764e+06
2.49142e+06
2.49644e+06
2.50155e+06
2.50717e+06
2.51238e+06
2.51747e+06
2.5221e+06
2.52625e+06
2.53006e+06
2.53338e+06
2.53647e+06
2.53923e+06
2.54172e+06
2.54408e+06
2.54638e+06
2.54844e+06
2.55102e+06
2.55354e+06
2.55567e+06
2.55934e+06
2.56182e+06
2.56583e+06
2.57057e+06
2.5739e+06
2.57791e+06
2.58468e+06
2.58756e+06
2.5876e+06
2.58684e+06
2.58891e+06
2.59063e+06
2.59538e+06
2.59844e+06
2.60459e+06
2.60826e+06
2.61482e+06
2.61877e+06
2.62555e+06
2.62967e+06
2.6366e+06
2.64082e+06
2.64782e+06
2.65209e+06
2.65912e+06
2.66338e+06
2.67039e+06
2.6746e+06
2.68155e+06
2.68567e+06
2.69253e+06
2.69654e+06
2.70328e+06
2.70715e+06
2.71375e+06
2.71748e+06
2.7239e+06
2.72751e+06
2.73372e+06
2.73725e+06
2.74321e+06
2.74672e+06
2.75242e+06
2.75595e+06
2.76142e+06
2.76499e+06
2.7703e+06
2.77395e+06
2.77895e+06
2.78377e+06
2.79098e+06
2.83754e+06
2.83569e+06
2.83887e+06
2.82139e+06
2.80304e+06
2.78091e+06
2.75524e+06
2.72961e+06
2.69953e+06
2.66727e+06
2.64618e+06
2.61618e+06
2.58337e+06
2.55193e+06
2.52022e+06
2.49777e+06
2.48105e+06
2.47261e+06
2.46752e+06
2.46816e+06
2.46799e+06
2.46839e+06
2.47135e+06
2.47246e+06
2.47631e+06
2.47462e+06
2.47823e+06
2.47664e+06
2.47794e+06
2.48143e+06
2.48633e+06
2.49255e+06
2.49841e+06
2.5053e+06
2.51113e+06
2.51717e+06
2.52253e+06
2.52733e+06
2.53173e+06
2.53578e+06
2.53897e+06
2.54266e+06
2.54494e+06
2.54823e+06
2.5501e+06
2.55318e+06
2.55488e+06
2.55773e+06
2.55931e+06
2.56235e+06
2.56426e+06
2.56781e+06
2.56979e+06
2.57429e+06
2.57686e+06
2.58229e+06
2.58565e+06
2.59188e+06
2.59593e+06
2.60263e+06
2.60699e+06
2.6139e+06
2.61841e+06
2.62545e+06
2.63005e+06
2.6372e+06
2.64188e+06
2.64909e+06
2.65382e+06
2.66107e+06
2.6658e+06
2.67304e+06
2.67772e+06
2.68489e+06
2.68947e+06
2.69654e+06
2.70099e+06
2.70792e+06
2.7122e+06
2.71897e+06
2.72306e+06
2.72964e+06
2.73351e+06
2.73988e+06
2.74351e+06
2.74965e+06
2.75303e+06
2.75892e+06
2.76209e+06
2.76774e+06
2.77077e+06
2.77618e+06
2.7792e+06
2.78437e+06
2.78752e+06
2.7925e+06
2.79581e+06
2.80093e+06
2.80329e+06
2.81398e+06
2.93626e+06
2.92622e+06
2.87115e+06
2.84866e+06
2.80851e+06
2.7904e+06
2.75976e+06
2.73397e+06
2.70388e+06
2.66684e+06
2.63725e+06
2.59317e+06
2.54341e+06
2.49993e+06
2.47607e+06
2.46145e+06
2.45673e+06
2.45599e+06
2.45804e+06
2.4591e+06
2.46181e+06
2.4639e+06
2.46848e+06
2.47069e+06
2.47545e+06
2.4772e+06
2.47731e+06
2.47711e+06
2.48164e+06
2.48852e+06
2.49726e+06
2.50677e+06
2.51575e+06
2.52595e+06
2.53402e+06
2.54267e+06
2.55031e+06
2.55633e+06
2.56361e+06
2.56833e+06
2.57428e+06
2.57933e+06
2.58439e+06
2.58979e+06
2.59548e+06
2.60153e+06
2.60853e+06
2.61277e+06
2.62003e+06
2.62661e+06
2.63363e+06
2.63874e+06
2.64376e+06
2.65351e+06
2.65751e+06
2.6566e+06
2.65678e+06
2.66055e+06
2.66448e+06
2.67169e+06
2.67707e+06
2.68502e+06
2.69076e+06
2.69886e+06
2.70465e+06
2.71273e+06
2.71847e+06
2.72646e+06
2.73209e+06
2.73995e+06
2.74543e+06
2.75313e+06
2.75844e+06
2.76594e+06
2.77105e+06
2.77834e+06
2.78323e+06
2.79032e+06
2.79496e+06
2.80182e+06
2.80619e+06
2.81279e+06
2.81685e+06
2.82313e+06
2.82686e+06
2.83281e+06
2.83618e+06
2.84181e+06
2.84485e+06
2.85019e+06
2.85299e+06
2.85809e+06
2.86078e+06
2.86568e+06
2.86849e+06
2.87318e+06
2.87635e+06
2.88062e+06
2.88548e+06
2.89242e+06
2.83636e+06
2.83142e+06
2.8129e+06
2.78619e+06
2.74909e+06
2.71877e+06
2.67369e+06
2.63263e+06
2.5829e+06
2.54379e+06
2.50307e+06
2.47178e+06
2.45343e+06
2.44527e+06
2.44374e+06
2.4448e+06
2.44786e+06
2.45115e+06
2.45407e+06
2.45753e+06
2.46067e+06
2.46587e+06
2.47333e+06
2.47696e+06
2.47663e+06
2.47972e+06
2.48613e+06
2.4982e+06
2.50943e+06
2.52485e+06
2.53828e+06
2.55429e+06
2.56818e+06
2.58313e+06
2.59544e+06
2.60839e+06
2.61757e+06
2.62783e+06
2.6337e+06
2.64124e+06
2.64527e+06
2.65113e+06
2.65442e+06
2.66003e+06
2.66347e+06
2.66962e+06
2.67374e+06
2.68107e+06
2.68634e+06
2.69441e+06
2.70064e+06
2.70954e+06
2.71654e+06
2.72583e+06
2.73317e+06
2.74275e+06
2.75019e+06
2.75965e+06
2.76689e+06
2.77613e+06
2.78314e+06
2.79218e+06
2.79896e+06
2.80775e+06
2.81429e+06
2.82283e+06
2.82909e+06
2.83736e+06
2.84335e+06
2.85132e+06
2.85703e+06
2.86472e+06
2.87014e+06
2.87756e+06
2.8827e+06
2.88987e+06
2.89475e+06
2.90168e+06
2.90628e+06
2.91294e+06
2.91722e+06
2.92356e+06
2.92749e+06
2.93345e+06
2.93698e+06
2.94254e+06
2.94568e+06
2.95085e+06
2.95367e+06
2.95853e+06
2.9611e+06
2.96581e+06
2.96825e+06
2.97294e+06
2.97545e+06
2.98015e+06
2.98304e+06
2.98747e+06
2.99218e+06
2.99905e+06
2.57925e+06
2.57161e+06
2.55301e+06
2.52905e+06
2.50269e+06
2.47551e+06
2.45308e+06
2.43775e+06
2.42781e+06
2.42253e+06
2.42192e+06
2.42189e+06
2.42474e+06
2.43067e+06
2.43601e+06
2.44157e+06
2.44777e+06
2.45305e+06
2.45961e+06
2.4674e+06
2.47361e+06
2.48035e+06
2.48665e+06
2.49631e+06
2.5077e+06
2.52311e+06
2.53982e+06
2.55886e+06
2.57865e+06
2.59986e+06
2.62057e+06
2.64185e+06
2.66116e+06
2.68019e+06
2.69623e+06
2.71137e+06
2.7233e+06
2.73445e+06
2.74273e+06
2.75136e+06
2.75777e+06
2.76515e+06
2.7706e+06
2.77758e+06
2.78282e+06
2.78983e+06
2.79514e+06
2.80231e+06
2.80779e+06
2.81525e+06
2.82104e+06
2.82884e+06
2.835e+06
2.84314e+06
2.84962e+06
2.85803e+06
2.86471e+06
2.87328e+06
2.88003e+06
2.88864e+06
2.89533e+06
2.90386e+06
2.91038e+06
2.91871e+06
2.92499e+06
2.93304e+06
2.939e+06
2.94671e+06
2.9523e+06
2.95964e+06
2.96484e+06
2.97181e+06
2.97663e+06
2.98324e+06
2.98772e+06
2.99403e+06
2.9982e+06
3.00424e+06
3.00811e+06
3.01383e+06
3.01738e+06
3.02277e+06
3.02595e+06
3.03101e+06
3.03381e+06
3.03857e+06
3.04108e+06
3.04561e+06
3.04793e+06
3.05241e+06
3.05471e+06
3.05932e+06
3.06173e+06
3.06667e+06
3.0693e+06
3.07468e+06
3.07782e+06
3.08348e+06
3.0879e+06
3.09519e+06
2.38203e+06
2.37943e+06
2.37647e+06
2.37497e+06
2.37186e+06
2.37254e+06
2.37544e+06
2.38168e+06
2.38926e+06
2.39687e+06
2.40551e+06
2.41379e+06
2.42289e+06
2.43332e+06
2.44354e+06
2.45673e+06
2.46915e+06
2.48297e+06
2.49644e+06
2.51066e+06
2.52516e+06
2.54073e+06
2.55736e+06
2.57625e+06
2.59597e+06
2.6184e+06
2.64138e+06
2.66607e+06
2.69107e+06
2.71628e+06
2.74032e+06
2.7626e+06
2.78279e+06
2.80003e+06
2.81438e+06
2.82563e+06
2.83419e+06
2.84082e+06
2.84597e+06
2.85129e+06
2.85587e+06
2.86137e+06
2.86629e+06
2.87284e+06
2.87864e+06
2.88625e+06
2.89264e+06
2.90076e+06
2.90719e+06
2.91532e+06
2.9215e+06
2.92939e+06
2.93525e+06
2.94288e+06
2.94853e+06
2.95603e+06
2.96162e+06
2.96911e+06
2.97478e+06
2.98232e+06
2.98811e+06
2.99569e+06
3.00154e+06
3.00904e+06
3.01483e+06
3.0221e+06
3.02772e+06
3.03461e+06
3.03993e+06
3.04636e+06
3.05128e+06
3.05723e+06
3.06169e+06
3.06726e+06
3.07126e+06
3.07657e+06
3.08014e+06
3.08527e+06
3.08842e+06
3.09333e+06
3.09614e+06
3.10077e+06
3.10329e+06
3.10767e+06
3.10995e+06
3.11419e+06
3.11636e+06
3.12063e+06
3.12284e+06
3.1274e+06
3.12981e+06
3.13487e+06
3.13764e+06
3.1434e+06
3.14658e+06
3.15324e+06
3.15681e+06
3.16464e+06
3.16815e+06
3.17868e+06
2.33376e+06
2.33475e+06
2.33774e+06
2.34311e+06
2.34957e+06
2.35819e+06
2.36709e+06
2.37843e+06
2.3902e+06
2.4043e+06
2.42062e+06
2.43717e+06
2.45838e+06
2.47789e+06
2.5026e+06
2.52783e+06
2.55382e+06
2.57799e+06
2.60103e+06
2.62166e+06
2.64195e+06
2.66133e+06
2.68145e+06
2.70216e+06
2.72307e+06
2.74472e+06
2.76639e+06
2.78893e+06
2.8103e+06
2.83086e+06
2.84923e+06
2.86558e+06
2.87957e+06
2.89057e+06
2.89925e+06
2.90497e+06
2.90895e+06
2.91172e+06
2.91343e+06
2.91483e+06
2.9163e+06
2.91916e+06
2.92341e+06
2.92998e+06
2.93764e+06
2.94738e+06
2.95691e+06
2.96806e+06
2.97783e+06
2.98895e+06
2.99792e+06
3.00811e+06
3.01591e+06
3.02501e+06
3.03176e+06
3.04008e+06
3.04617e+06
3.05405e+06
3.05991e+06
3.06767e+06
3.07356e+06
3.08131e+06
3.08729e+06
3.09499e+06
3.10101e+06
3.10854e+06
3.11449e+06
3.12168e+06
3.12739e+06
3.13411e+06
3.13946e+06
3.1457e+06
3.15062e+06
3.15648e+06
3.16097e+06
3.16661e+06
3.17069e+06
3.17621e+06
3.17982e+06
3.18522e+06
3.18838e+06
3.19354e+06
3.19637e+06
3.20124e+06
3.2038e+06
3.20855e+06
3.21098e+06
3.21576e+06
3.21826e+06
3.22338e+06
3.22621e+06
3.23185e+06
3.23516e+06
3.24156e+06
3.24541e+06
3.25283e+06
3.25714e+06
3.26588e+06
3.2705e+06
3.28111e+06
2.34658e+06
2.35525e+06
2.36372e+06
2.3747e+06
2.388e+06
2.40339e+06
2.42162e+06
2.44275e+06
2.46711e+06
2.49372e+06
2.52278e+06
2.55354e+06
2.58337e+06
2.61422e+06
2.64036e+06
2.66185e+06
2.67881e+06
2.69276e+06
2.70371e+06
2.71404e+06
2.72419e+06
2.7353e+06
2.74857e+06
2.76339e+06
2.78001e+06
2.79847e+06
2.81801e+06
2.83839e+06
2.85793e+06
2.87684e+06
2.89359e+06
2.90891e+06
2.92122e+06
2.93015e+06
2.93678e+06
2.94066e+06
2.94329e+06
2.94476e+06
2.94696e+06
2.94883e+06
2.95131e+06
2.95688e+06
2.96353e+06
2.9744e+06
2.98588e+06
3.00095e+06
3.01572e+06
3.03323e+06
3.04942e+06
3.06723e+06
3.08304e+06
3.10008e+06
3.11457e+06
3.1294e+06
3.14163e+06
3.15438e+06
3.16455e+06
3.17567e+06
3.18464e+06
3.19456e+06
3.20256e+06
3.21149e+06
3.21878e+06
3.22698e+06
3.23381e+06
3.24153e+06
3.24816e+06
3.25554e+06
3.26204e+06
3.26905e+06
3.27535e+06
3.28201e+06
3.28813e+06
3.29457e+06
3.30054e+06
3.30691e+06
3.31269e+06
3.31908e+06
3.32449e+06
3.33096e+06
3.33576e+06
3.34228e+06
3.34638e+06
3.35289e+06
3.35643e+06
3.36274e+06
3.36601e+06
3.37222e+06
3.37536e+06
3.38176e+06
3.38507e+06
3.3919e+06
3.39556e+06
3.40316e+06
3.40721e+06
3.41586e+06
3.4204e+06
3.43038e+06
3.4348e+06
3.448e+06
2.38094e+06
2.40255e+06
2.42195e+06
2.4441e+06
2.46439e+06
2.48816e+06
2.51059e+06
2.53682e+06
2.56107e+06
2.58784e+06
2.61229e+06
2.63664e+06
2.65822e+06
2.67703e+06
2.69223e+06
2.70422e+06
2.71242e+06
2.71938e+06
2.72397e+06
2.73018e+06
2.73632e+06
2.74584e+06
2.75739e+06
2.77204e+06
2.78799e+06
2.8068e+06
2.82601e+06
2.84594e+06
2.86457e+06
2.88352e+06
2.8998e+06
2.91499e+06
2.9264e+06
2.9347e+06
2.9388e+06
2.94064e+06
2.94181e+06
2.94372e+06
2.94592e+06
2.95152e+06
2.95625e+06
2.96628e+06
2.97589e+06
2.99107e+06
3.00498e+06
3.02477e+06
3.04216e+06
3.06511e+06
3.08472e+06
3.10902e+06
3.12876e+06
3.15229e+06
3.17113e+06
3.19353e+06
3.21077e+06
3.23149e+06
3.24703e+06
3.26585e+06
3.27984e+06
3.297e+06
3.30987e+06
3.32519e+06
3.33632e+06
3.34965e+06
3.35951e+06
3.37143e+06
3.38036e+06
3.39095e+06
3.39904e+06
3.40851e+06
3.4158e+06
3.42419e+06
3.43081e+06
3.4383e+06
3.44455e+06
3.45158e+06
3.45778e+06
3.46481e+06
3.47107e+06
3.4784e+06
3.48455e+06
3.49235e+06
3.49822e+06
3.50664e+06
3.51202e+06
3.52103e+06
3.52591e+06
3.53531e+06
3.54016e+06
3.54965e+06
3.55468e+06
3.56466e+06
3.56994e+06
3.58059e+06
3.58623e+06
3.59773e+06
3.60391e+06
3.61612e+06
3.6231e+06
3.63635e+06
2.29094e+06
2.32401e+06
2.35058e+06
2.38075e+06
2.40482e+06
2.43515e+06
2.45968e+06
2.49137e+06
2.51581e+06
2.54619e+06
2.56758e+06
2.59159e+06
2.60582e+06
2.61976e+06
2.62566e+06
2.631e+06
2.63249e+06
2.63538e+06
2.63782e+06
2.64404e+06
2.64976e+06
2.66445e+06
2.67666e+06
2.69639e+06
2.71459e+06
2.73766e+06
2.75808e+06
2.78155e+06
2.80193e+06
2.82378e+06
2.84089e+06
2.85804e+06
2.86942e+06
2.88087e+06
2.88666e+06
2.89343e+06
2.89742e+06
2.9038e+06
2.9088e+06
2.91871e+06
2.92772e+06
2.94178e+06
2.95502e+06
2.97284e+06
2.98919e+06
3.0106e+06
3.02988e+06
3.05435e+06
3.07591e+06
3.10242e+06
3.12548e+06
3.15306e+06
3.17574e+06
3.2031e+06
3.2249e+06
3.251e+06
3.27102e+06
3.29534e+06
3.31321e+06
3.33538e+06
3.35128e+06
3.37175e+06
3.38615e+06
3.40526e+06
3.41842e+06
3.43626e+06
3.44865e+06
3.4654e+06
3.4773e+06
3.49306e+06
3.50447e+06
3.51917e+06
3.52993e+06
3.54342e+06
3.55336e+06
3.56558e+06
3.57466e+06
3.58572e+06
3.59384e+06
3.60424e+06
3.61156e+06
3.62205e+06
3.62906e+06
3.64032e+06
3.64718e+06
3.65946e+06
3.66623e+06
3.67962e+06
3.68648e+06
3.70077e+06
3.70812e+06
3.72284e+06
3.7305e+06
3.74614e+06
3.75406e+06
3.77031e+06
3.77866e+06
3.79534e+06
3.80429e+06
3.8217e+06
2.1993e+06
2.23245e+06
2.2596e+06
2.29131e+06
2.31639e+06
2.34662e+06
2.3704e+06
2.39963e+06
2.42198e+06
2.44926e+06
2.46867e+06
2.49207e+06
2.50679e+06
2.52535e+06
2.53559e+06
2.55034e+06
2.55881e+06
2.57284e+06
2.58233e+06
2.59839e+06
2.61117e+06
2.63105e+06
2.64856e+06
2.67219e+06
2.69338e+06
2.71981e+06
2.74241e+06
2.76955e+06
2.79124e+06
2.81527e+06
2.83226e+06
2.85016e+06
2.86081e+06
2.87279e+06
2.87893e+06
2.88785e+06
2.89339e+06
2.90253e+06
2.90966e+06
2.92128e+06
2.93105e+06
2.946e+06
2.95927e+06
2.97695e+06
2.99321e+06
3.01379e+06
3.03262e+06
3.05609e+06
3.07693e+06
3.10282e+06
3.12526e+06
3.15222e+06
3.17413e+06
3.20091e+06
3.22181e+06
3.24772e+06
3.2671e+06
3.29163e+06
3.30914e+06
3.33229e+06
3.34817e+06
3.37004e+06
3.38454e+06
3.40557e+06
3.4191e+06
3.4396e+06
3.45277e+06
3.47269e+06
3.48582e+06
3.50516e+06
3.51832e+06
3.53706e+06
3.55022e+06
3.56851e+06
3.5816e+06
3.59937e+06
3.61207e+06
3.62905e+06
3.64073e+06
3.65667e+06
3.66705e+06
3.68242e+06
3.69182e+06
3.70704e+06
3.7157e+06
3.73152e+06
3.74009e+06
3.7573e+06
3.76628e+06
3.78515e+06
3.79473e+06
3.81497e+06
3.82528e+06
3.84641e+06
3.85725e+06
3.87903e+06
3.89019e+06
3.91231e+06
3.92408e+06
3.94662e+06
2.1593e+06
2.19212e+06
2.21839e+06
2.2499e+06
2.27399e+06
2.30383e+06
2.32679e+06
2.3557e+06
2.37837e+06
2.40633e+06
2.4277e+06
2.45343e+06
2.47164e+06
2.49366e+06
2.508e+06
2.52681e+06
2.53898e+06
2.55665e+06
2.56927e+06
2.58859e+06
2.60398e+06
2.62597e+06
2.64461e+06
2.66935e+06
2.691e+06
2.7173e+06
2.74099e+06
2.76843e+06
2.78994e+06
2.81303e+06
2.8288e+06
2.8464e+06
2.85659e+06
2.86899e+06
2.8757e+06
2.88611e+06
2.89174e+06
2.90256e+06
2.90844e+06
2.92019e+06
2.92839e+06
2.94344e+06
2.95515e+06
2.97245e+06
2.98712e+06
3.00644e+06
3.0236e+06
3.04506e+06
3.06427e+06
3.08761e+06
3.10792e+06
3.13272e+06
3.15324e+06
3.17889e+06
3.19863e+06
3.22434e+06
3.24231e+06
3.26734e+06
3.28313e+06
3.307e+06
3.32066e+06
3.34334e+06
3.35531e+06
3.37701e+06
3.38797e+06
3.40899e+06
3.4196e+06
3.44039e+06
3.45103e+06
3.47204e+06
3.48295e+06
3.50409e+06
3.51524e+06
3.53617e+06
3.54734e+06
3.56781e+06
3.57887e+06
3.59892e+06
3.60986e+06
3.62973e+06
3.64055e+06
3.66064e+06
3.67131e+06
3.69185e+06
3.70248e+06
3.72369e+06
3.73453e+06
3.75651e+06
3.76773e+06
3.79011e+06
3.80168e+06
3.82499e+06
3.83697e+06
3.86157e+06
3.87414e+06
3.90005e+06
3.91356e+06
3.94003e+06
3.95519e+06
3.98322e+06
2.14441e+06
2.17732e+06
2.20265e+06
2.23448e+06
2.25845e+06
2.28852e+06
2.31136e+06
2.34044e+06
2.36331e+06
2.3919e+06
2.4141e+06
2.44063e+06
2.46006e+06
2.48273e+06
2.49855e+06
2.51838e+06
2.5319e+06
2.55114e+06
2.56509e+06
2.58616e+06
2.60301e+06
2.62613e+06
2.64528e+06
2.67063e+06
2.69231e+06
2.71908e+06
2.74224e+06
2.76801e+06
2.7874e+06
2.80817e+06
2.8228e+06
2.8385e+06
2.84847e+06
2.85893e+06
2.86536e+06
2.8732e+06
2.87805e+06
2.88502e+06
2.89044e+06
2.89878e+06
2.90486e+06
2.9169e+06
2.92469e+06
2.94102e+06
2.95197e+06
2.97091e+06
2.98486e+06
3.00645e+06
3.02301e+06
3.04679e+06
3.06518e+06
3.09028e+06
3.1092e+06
3.13467e+06
3.15291e+06
3.17798e+06
3.19474e+06
3.21902e+06
3.23389e+06
3.25714e+06
3.27018e+06
3.2924e+06
3.30405e+06
3.32541e+06
3.33623e+06
3.35699e+06
3.36745e+06
3.38796e+06
3.39844e+06
3.41892e+06
3.42979e+06
3.45043e+06
3.46188e+06
3.48272e+06
3.49471e+06
3.51561e+06
3.52795e+06
3.54868e+06
3.56115e+06
3.58159e+06
3.59403e+06
3.61427e+06
3.62665e+06
3.64684e+06
3.65919e+06
3.67955e+06
3.69181e+06
3.71264e+06
3.72477e+06
3.74636e+06
3.75844e+06
3.78107e+06
3.79327e+06
3.81703e+06
3.82954e+06
3.85449e+06
3.86734e+06
3.89344e+06
3.90468e+06
3.94081e+06
2.13813e+06
2.1718e+06
2.19659e+06
2.22861e+06
2.25317e+06
2.28428e+06
2.30755e+06
2.337e+06
2.35939e+06
2.38772e+06
2.40925e+06
2.43527e+06
2.45457e+06
2.47674e+06
2.49308e+06
2.5124e+06
2.5269e+06
2.54564e+06
2.56016e+06
2.58046e+06
2.59674e+06
2.61942e+06
2.63826e+06
2.66263e+06
2.68299e+06
2.7071e+06
2.72644e+06
2.74851e+06
2.76492e+06
2.78327e+06
2.79558e+06
2.80976e+06
2.81774e+06
2.82816e+06
2.83324e+06
2.84131e+06
2.84567e+06
2.85467e+06
2.86029e+06
2.87162e+06
2.87894e+06
2.89448e+06
2.90459e+06
2.92229e+06
2.93453e+06
2.95404e+06
2.96795e+06
2.98933e+06
3.00481e+06
3.02807e+06
3.04444e+06
3.06877e+06
3.08509e+06
3.10969e+06
3.12546e+06
3.14991e+06
3.1649e+06
3.18882e+06
3.20271e+06
3.2258e+06
3.23845e+06
3.26066e+06
3.27227e+06
3.29383e+06
3.3049e+06
3.32605e+06
3.33695e+06
3.35792e+06
3.3689e+06
3.38995e+06
3.40115e+06
3.42251e+06
3.43399e+06
3.45572e+06
3.46757e+06
3.48952e+06
3.50172e+06
3.52356e+06
3.53593e+06
3.55736e+06
3.56966e+06
3.59066e+06
3.60272e+06
3.62342e+06
3.63509e+06
3.65572e+06
3.66703e+06
3.68779e+06
3.69885e+06
3.71983e+06
3.73077e+06
3.75214e+06
3.7631e+06
3.78495e+06
3.79623e+06
3.81851e+06
3.83048e+06
3.85263e+06
3.86805e+06
3.89393e+06
2.12416e+06
2.15894e+06
2.18283e+06
2.21451e+06
2.23834e+06
2.27001e+06
2.2937e+06
2.32324e+06
2.34494e+06
2.37205e+06
2.39172e+06
2.41648e+06
2.43378e+06
2.45582e+06
2.47066e+06
2.49042e+06
2.50367e+06
2.52288e+06
2.5362e+06
2.55701e+06
2.57159e+06
2.5945e+06
2.61045e+06
2.63469e+06
2.6515e+06
2.67535e+06
2.69158e+06
2.71362e+06
2.72738e+06
2.7462e+06
2.75666e+06
2.77215e+06
2.78002e+06
2.79418e+06
2.80138e+06
2.81487e+06
2.82241e+06
2.83614e+06
2.8443e+06
2.85931e+06
2.86954e+06
2.88671e+06
2.89861e+06
2.91732e+06
2.93085e+06
2.95083e+06
2.96543e+06
2.98666e+06
3.00224e+06
3.02484e+06
3.04071e+06
3.06411e+06
3.0795e+06
3.10302e+06
3.11763e+06
3.14102e+06
3.15496e+06
3.17798e+06
3.19122e+06
3.21376e+06
3.22621e+06
3.24816e+06
3.2599e+06
3.28145e+06
3.29275e+06
3.31409e+06
3.32521e+06
3.34652e+06
3.35772e+06
3.37917e+06
3.39059e+06
3.41231e+06
3.42399e+06
3.446e+06
3.45787e+06
3.47997e+06
3.49182e+06
3.51378e+06
3.52542e+06
3.54689e+06
3.5582e+06
3.57931e+06
3.59032e+06
3.61108e+06
3.62183e+06
3.6425e+06
3.65304e+06
3.67359e+06
3.68405e+06
3.70455e+06
3.71493e+06
3.73536e+06
3.74571e+06
3.76617e+06
3.77676e+06
3.79738e+06
3.80854e+06
3.83003e+06
3.83923e+06
3.87418e+06
2.1058e+06
2.13776e+06
2.16188e+06
2.19189e+06
2.21427e+06
2.24474e+06
2.26717e+06
2.29672e+06
2.31728e+06
2.34413e+06
2.36283e+06
2.3875e+06
2.40449e+06
2.42715e+06
2.4419e+06
2.46271e+06
2.47569e+06
2.49561e+06
2.5084e+06
2.52898e+06
2.54295e+06
2.56535e+06
2.58096e+06
2.60492e+06
2.62117e+06
2.64522e+06
2.66103e+06
2.68353e+06
2.69767e+06
2.71794e+06
2.73025e+06
2.74836e+06
2.75925e+06
2.77614e+06
2.78583e+06
2.80169e+06
2.81162e+06
2.82638e+06
2.83702e+06
2.85257e+06
2.86487e+06
2.88181e+06
2.89509e+06
2.91341e+06
2.92767e+06
2.94721e+06
2.96215e+06
2.98263e+06
2.99792e+06
3.01913e+06
3.03448e+06
3.05609e+06
3.07082e+06
3.09236e+06
3.10608e+06
3.12736e+06
3.14025e+06
3.16123e+06
3.17352e+06
3.19409e+06
3.2059e+06
3.22609e+06
3.23758e+06
3.25763e+06
3.269e+06
3.28921e+06
3.30064e+06
3.32113e+06
3.33274e+06
3.35368e+06
3.36552e+06
3.38701e+06
3.39919e+06
3.42134e+06
3.4338e+06
3.4563e+06
3.469e+06
3.49165e+06
3.50454e+06
3.52703e+06
3.53969e+06
3.56158e+06
3.57355e+06
3.59477e+06
3.60605e+06
3.6265e+06
3.63715e+06
3.65708e+06
3.66713e+06
3.68656e+06
3.69634e+06
3.71554e+06
3.72537e+06
3.74429e+06
3.75445e+06
3.77312e+06
3.7839e+06
3.80158e+06
3.81665e+06
3.84012e+06
2.093e+06
2.12326e+06
2.1467e+06
2.17527e+06
2.19686e+06
2.2256e+06
2.24739e+06
2.27618e+06
2.29629e+06
2.32305e+06
2.34105e+06
2.36607e+06
2.38283e+06
2.40627e+06
2.42159e+06
2.4435e+06
2.45746e+06
2.47861e+06
2.49235e+06
2.51386e+06
2.5286e+06
2.55129e+06
2.56734e+06
2.59071e+06
2.60729e+06
2.63007e+06
2.64559e+06
2.66685e+06
2.68019e+06
2.69954e+06
2.71132e+06
2.72927e+06
2.74036e+06
2.75777e+06
2.76808e+06
2.78524e+06
2.79545e+06
2.81173e+06
2.82228e+06
2.83913e+06
2.85103e+06
2.86853e+06
2.88112e+06
2.89924e+06
2.9126e+06
2.93119e+06
2.94494e+06
2.96393e+06
2.97755e+06
2.99663e+06
3.00973e+06
3.02883e+06
3.04119e+06
3.05997e+06
3.07117e+06
3.08942e+06
3.09959e+06
3.1177e+06
3.1274e+06
3.14587e+06
3.15571e+06
3.17475e+06
3.18512e+06
3.20485e+06
3.21577e+06
3.23618e+06
3.2478e+06
3.26882e+06
3.28097e+06
3.30233e+06
3.31489e+06
3.33664e+06
3.34953e+06
3.37165e+06
3.38478e+06
3.40703e+06
3.4203e+06
3.44245e+06
3.45556e+06
3.47747e+06
3.49005e+06
3.51154e+06
3.52347e+06
3.54438e+06
3.5556e+06
3.57575e+06
3.58633e+06
3.60591e+06
3.61591e+06
3.63494e+06
3.64452e+06
3.66322e+06
3.67272e+06
3.6912e+06
3.70079e+06
3.71921e+06
3.72912e+06
3.74836e+06
3.75655e+06
3.78947e+06
2.08509e+06
2.1142e+06
2.13664e+06
2.16437e+06
2.18517e+06
2.21296e+06
2.23354e+06
2.26177e+06
2.28189e+06
2.30913e+06
2.327e+06
2.35244e+06
2.36869e+06
2.39244e+06
2.40759e+06
2.42976e+06
2.44413e+06
2.46534e+06
2.47933e+06
2.50045e+06
2.5147e+06
2.53638e+06
2.55123e+06
2.57329e+06
2.58801e+06
2.60946e+06
2.62312e+06
2.64358e+06
2.65626e+06
2.67634e+06
2.6886e+06
2.70764e+06
2.71944e+06
2.73756e+06
2.74816e+06
2.76586e+06
2.77558e+06
2.79308e+06
2.80252e+06
2.82024e+06
2.83022e+06
2.84795e+06
2.85855e+06
2.87677e+06
2.88805e+06
2.90657e+06
2.91821e+06
2.93671e+06
2.94806e+06
2.96644e+06
2.9774e+06
2.99563e+06
3.00604e+06
3.02402e+06
3.03379e+06
3.05151e+06
3.06071e+06
3.07847e+06
3.08752e+06
3.10554e+06
3.11481e+06
3.13336e+06
3.14292e+06
3.16243e+06
3.17247e+06
3.19292e+06
3.20359e+06
3.22465e+06
3.23596e+06
3.25753e+06
3.2691e+06
3.291e+06
3.30285e+06
3.32481e+06
3.33673e+06
3.35853e+06
3.37054e+06
3.39209e+06
3.40379e+06
3.42515e+06
3.43649e+06
3.45752e+06
3.46838e+06
3.48914e+06
3.49969e+06
3.52008e+06
3.53042e+06
3.5507e+06
3.56085e+06
3.5811e+06
3.59127e+06
3.61161e+06
3.62192e+06
3.64244e+06
3.65295e+06
3.67377e+06
3.68486e+06
3.70557e+06
3.71961e+06
3.74343e+06
2.081e+06
2.1089e+06
2.12993e+06
2.15793e+06
2.17746e+06
2.20467e+06
2.2235e+06
2.2512e+06
2.27018e+06
2.29755e+06
2.31551e+06
2.34144e+06
2.35786e+06
2.38172e+06
2.39659e+06
2.41878e+06
2.43274e+06
2.4538e+06
2.46731e+06
2.48781e+06
2.5015e+06
2.52228e+06
2.53656e+06
2.55799e+06
2.57266e+06
2.59449e+06
2.60899e+06
2.63092e+06
2.64464e+06
2.66598e+06
2.6788e+06
2.69875e+06
2.71069e+06
2.72926e+06
2.73959e+06
2.75704e+06
2.76593e+06
2.78221e+06
2.79036e+06
2.80691e+06
2.81536e+06
2.83217e+06
2.8416e+06
2.85959e+06
2.87027e+06
2.88929e+06
2.90074e+06
2.92021e+06
2.93176e+06
2.95096e+06
2.96197e+06
2.98051e+06
2.99071e+06
3.00869e+06
3.01847e+06
3.03656e+06
3.04613e+06
3.06436e+06
3.07365e+06
3.09192e+06
3.10127e+06
3.1199e+06
3.12938e+06
3.14878e+06
3.1587e+06
3.17876e+06
3.18903e+06
3.20967e+06
3.22014e+06
3.24106e+06
3.25174e+06
3.2728e+06
3.28349e+06
3.3046e+06
3.31524e+06
3.33613e+06
3.34654e+06
3.36722e+06
3.37754e+06
3.3982e+06
3.40858e+06
3.42925e+06
3.43967e+06
3.46045e+06
3.47091e+06
3.49183e+06
3.50232e+06
3.52344e+06
3.53409e+06
3.55559e+06
3.56654e+06
3.58843e+06
3.59957e+06
3.62209e+06
3.63345e+06
3.65653e+06
3.66836e+06
3.69238e+06
3.70292e+06
3.7355e+06
2.07803e+06
2.10565e+06
2.1251e+06
2.15346e+06
2.17258e+06
2.20004e+06
2.21758e+06
2.24418e+06
2.26179e+06
2.28829e+06
2.30559e+06
2.33122e+06
2.34664e+06
2.36975e+06
2.38336e+06
2.40517e+06
2.41855e+06
2.44007e+06
2.45378e+06
2.4753e+06
2.4895e+06
2.51131e+06
2.52614e+06
2.54835e+06
2.56345e+06
2.58566e+06
2.60037e+06
2.62228e+06
2.63605e+06
2.65738e+06
2.66992e+06
2.68968e+06
2.70094e+06
2.71869e+06
2.72806e+06
2.74381e+06
2.75181e+06
2.76671e+06
2.77441e+06
2.78991e+06
2.79812e+06
2.81445e+06
2.82361e+06
2.84193e+06
2.85251e+06
2.87187e+06
2.88332e+06
2.90312e+06
2.9149e+06
2.93472e+06
2.94652e+06
2.96639e+06
2.97815e+06
2.99807e+06
3.00962e+06
3.02945e+06
3.04031e+06
3.05964e+06
3.06951e+06
3.08845e+06
3.0981e+06
3.11718e+06
3.12695e+06
3.14663e+06
3.15696e+06
3.17721e+06
3.18801e+06
3.2087e+06
3.2198e+06
3.24065e+06
3.25184e+06
3.27273e+06
3.28366e+06
3.30445e+06
3.31496e+06
3.33501e+06
3.34495e+06
3.36475e+06
3.37473e+06
3.39464e+06
3.40467e+06
3.42477e+06
3.43493e+06
3.45527e+06
3.4655e+06
3.48607e+06
3.49663e+06
3.5178e+06
3.5287e+06
3.55045e+06
3.56181e+06
3.58426e+06
3.5961e+06
3.61971e+06
3.63195e+06
3.65652e+06
3.66915e+06
3.69467e+06
3.70598e+06
3.73934e+06
2.0756e+06
2.1041e+06
2.12126e+06
2.14908e+06
2.1668e+06
2.19399e+06
2.20978e+06
2.23613e+06
2.25097e+06
2.27617e+06
2.29198e+06
2.31744e+06
2.33334e+06
2.35831e+06
2.37323e+06
2.39605e+06
2.40946e+06
2.43146e+06
2.44454e+06
2.46656e+06
2.47957e+06
2.50127e+06
2.51427e+06
2.53593e+06
2.54905e+06
2.57048e+06
2.58352e+06
2.60454e+06
2.61712e+06
2.63792e+06
2.64941e+06
2.66942e+06
2.67994e+06
2.69856e+06
2.70836e+06
2.72651e+06
2.73566e+06
2.75323e+06
2.7623e+06
2.77987e+06
2.78874e+06
2.80618e+06
2.81544e+06
2.83382e+06
2.84383e+06
2.86314e+06
2.87446e+06
2.89461e+06
2.90665e+06
2.92735e+06
2.93973e+06
2.96092e+06
2.9732e+06
2.99481e+06
3.00699e+06
3.02843e+06
3.03998e+06
3.06088e+06
3.07179e+06
3.09234e+06
3.10297e+06
3.12357e+06
3.13445e+06
3.1553e+06
3.16651e+06
3.1877e+06
3.19923e+06
3.22076e+06
3.23252e+06
3.25424e+06
3.26597e+06
3.28742e+06
3.2988e+06
3.31982e+06
3.33082e+06
3.3515e+06
3.36222e+06
3.38273e+06
3.39329e+06
3.41356e+06
3.42414e+06
3.44434e+06
3.45447e+06
3.4746e+06
3.4848e+06
3.50515e+06
3.51562e+06
3.5368e+06
3.54763e+06
3.56936e+06
3.58064e+06
3.60313e+06
3.61489e+06
3.63827e+06
3.65065e+06
3.67533e+06
3.68846e+06
3.71422e+06
3.72932e+06
3.75715e+06
2.07466e+06
2.10217e+06
2.11849e+06
2.14529e+06
2.16206e+06
2.18872e+06
2.20486e+06
2.22982e+06
2.2441e+06
2.26812e+06
2.28259e+06
2.308e+06
2.32369e+06
2.34912e+06
2.36347e+06
2.38712e+06
2.3996e+06
2.42205e+06
2.43428e+06
2.45613e+06
2.46806e+06
2.48957e+06
2.50192e+06
2.52395e+06
2.53647e+06
2.55863e+06
2.57087e+06
2.5924e+06
2.60438e+06
2.62562e+06
2.63705e+06
2.65792e+06
2.66924e+06
2.68952e+06
2.70053e+06
2.72021e+06
2.73056e+06
2.7497e+06
2.75971e+06
2.77792e+06
2.78707e+06
2.80531e+06
2.81487e+06
2.83383e+06
2.84386e+06
2.86372e+06
2.87454e+06
2.8958e+06
2.90761e+06
2.9296e+06
2.94203e+06
2.96442e+06
2.97727e+06
3.00028e+06
3.01342e+06
3.03691e+06
3.04978e+06
3.0732e+06
3.08566e+06
3.10894e+06
3.12138e+06
3.14486e+06
3.15746e+06
3.1811e+06
3.19368e+06
3.21705e+06
3.22917e+06
3.25218e+06
3.26392e+06
3.28645e+06
3.2979e+06
3.32017e+06
3.33142e+06
3.35353e+06
3.36463e+06
3.38663e+06
3.39767e+06
3.41963e+06
3.43066e+06
3.4527e+06
3.46384e+06
3.48612e+06
3.49736e+06
3.51998e+06
3.53145e+06
3.55435e+06
3.56594e+06
3.5893e+06
3.60109e+06
3.62478e+06
3.63674e+06
3.66075e+06
3.67288e+06
3.69725e+06
3.70967e+06
3.73439e+06
3.74753e+06
3.772e+06
3.78794e+06
3.81547e+06
2.07383e+06
2.10108e+06
2.11785e+06
2.14405e+06
2.1591e+06
2.18531e+06
2.20065e+06
2.22581e+06
2.24003e+06
2.26283e+06
2.27647e+06
2.29997e+06
2.31333e+06
2.33741e+06
2.35259e+06
2.37742e+06
2.39153e+06
2.41483e+06
2.42742e+06
2.44966e+06
2.46164e+06
2.48392e+06
2.49619e+06
2.51884e+06
2.53131e+06
2.55423e+06
2.56655e+06
2.58917e+06
2.60131e+06
2.62329e+06
2.63495e+06
2.65624e+06
2.66744e+06
2.68789e+06
2.69877e+06
2.71901e+06
2.72992e+06
2.74969e+06
2.75959e+06
2.7789e+06
2.78877e+06
2.80833e+06
2.81875e+06
2.83915e+06
2.85048e+06
2.87152e+06
2.88368e+06
2.90559e+06
2.91836e+06
2.94112e+06
2.95445e+06
2.97797e+06
2.99198e+06
3.01641e+06
3.03093e+06
3.05576e+06
3.07009e+06
3.09477e+06
3.10865e+06
3.13312e+06
3.14656e+06
3.171e+06
3.18423e+06
3.20841e+06
3.22132e+06
3.245e+06
3.25739e+06
3.28053e+06
3.29254e+06
3.31509e+06
3.32687e+06
3.34911e+06
3.36113e+06
3.38344e+06
3.39599e+06
3.41854e+06
3.43179e+06
3.45477e+06
3.46887e+06
3.49229e+06
3.5072e+06
3.53105e+06
3.54644e+06
3.57076e+06
3.58638e+06
3.61112e+06
3.62655e+06
3.6515e+06
3.66646e+06
3.69136e+06
3.70576e+06
3.73063e+06
3.74455e+06
3.76934e+06
3.78289e+06
3.80767e+06
3.82101e+06
3.84625e+06
3.85711e+06
3.89486e+06
2.07354e+06
2.10085e+06
2.11682e+06
2.14277e+06
2.15793e+06
2.18238e+06
2.19737e+06
2.22156e+06
2.23512e+06
2.25863e+06
2.27054e+06
2.29343e+06
2.30525e+06
2.32856e+06
2.34276e+06
2.36755e+06
2.38191e+06
2.40649e+06
2.41926e+06
2.44297e+06
2.45455e+06
2.47772e+06
2.48946e+06
2.51192e+06
2.52411e+06
2.54664e+06
2.55881e+06
2.58202e+06
2.59441e+06
2.61731e+06
2.62962e+06
2.65204e+06
2.66412e+06
2.68602e+06
2.6975e+06
2.71883e+06
2.72968e+06
2.75099e+06
2.76175e+06
2.78349e+06
2.79446e+06
2.81674e+06
2.82849e+06
2.85098e+06
2.86326e+06
2.88588e+06
2.89876e+06
2.92158e+06
2.93499e+06
2.95822e+06
2.97196e+06
2.99541e+06
3.0093e+06
3.03324e+06
3.04725e+06
3.07152e+06
3.08539e+06
3.10983e+06
3.12347e+06
3.14802e+06
3.16136e+06
3.18601e+06
3.19916e+06
3.22381e+06
3.23692e+06
3.26156e+06
3.27462e+06
3.29916e+06
3.31218e+06
3.33632e+06
3.34926e+06
3.37311e+06
3.38612e+06
3.40982e+06
3.42308e+06
3.44678e+06
3.46049e+06
3.48447e+06
3.49879e+06
3.52316e+06
3.53797e+06
3.56269e+06
3.57777e+06
3.60266e+06
3.6177e+06
3.6428e+06
3.65759e+06
3.68288e+06
3.69724e+06
3.72252e+06
3.73631e+06
3.76157e+06
3.77485e+06
3.79987e+06
3.81286e+06
3.83753e+06
3.85067e+06
3.87452e+06
3.89088e+06
3.91825e+06
2.07354e+06
2.10051e+06
2.11504e+06
2.14106e+06
2.15577e+06
2.18009e+06
2.19423e+06
2.2182e+06
2.23142e+06
2.25523e+06
2.26785e+06
2.29075e+06
2.30223e+06
2.32564e+06
2.33956e+06
2.36444e+06
2.37849e+06
2.40314e+06
2.41606e+06
2.4395e+06
2.45138e+06
2.47385e+06
2.48533e+06
2.50717e+06
2.51926e+06
2.54107e+06
2.55371e+06
2.57676e+06
2.58966e+06
2.61356e+06
2.62721e+06
2.65042e+06
2.6634e+06
2.68596e+06
2.69766e+06
2.71969e+06
2.73155e+06
2.75383e+06
2.7664e+06
2.78942e+06
2.80257e+06
2.82641e+06
2.83967e+06
2.86383e+06
2.87733e+06
2.90127e+06
2.91447e+06
2.93804e+06
2.95145e+06
2.97497e+06
2.9885e+06
3.01232e+06
3.02568e+06
3.04974e+06
3.06303e+06
3.08721e+06
3.10076e+06
3.12535e+06
3.1394e+06
3.16445e+06
3.17886e+06
3.20416e+06
3.2182e+06
3.24351e+06
3.2571e+06
3.28211e+06
3.29547e+06
3.32024e+06
3.33356e+06
3.35824e+06
3.37172e+06
3.39633e+06
3.40975e+06
3.43421e+06
3.44746e+06
3.47172e+06
3.48486e+06
3.50895e+06
3.522e+06
3.54608e+06
3.55918e+06
3.58334e+06
3.59652e+06
3.62087e+06
3.6341e+06
3.6587e+06
3.67185e+06
3.69664e+06
3.70964e+06
3.73446e+06
3.74726e+06
3.7719e+06
3.78456e+06
3.80886e+06
3.82151e+06
3.84542e+06
3.85836e+06
3.8814e+06
3.89761e+06
3.92457e+06
2.07407e+06
2.09904e+06
2.11341e+06
2.13961e+06
2.15335e+06
2.17848e+06
2.19324e+06
2.21739e+06
2.23164e+06
2.25473e+06
2.26809e+06
2.29027e+06
2.30206e+06
2.32479e+06
2.33783e+06
2.36256e+06
2.37695e+06
2.40154e+06
2.41532e+06
2.43836e+06
2.45115e+06
2.47376e+06
2.48571e+06
2.50795e+06
2.5196e+06
2.54188e+06
2.55441e+06
2.57742e+06
2.59105e+06
2.61439e+06
2.62807e+06
2.65157e+06
2.66476e+06
2.68781e+06
2.7008e+06
2.72391e+06
2.73723e+06
2.76072e+06
2.77415e+06
2.79742e+06
2.81127e+06
2.83482e+06
2.84866e+06
2.87266e+06
2.88654e+06
2.91048e+06
2.92422e+06
2.94812e+06
2.96178e+06
2.98575e+06
2.99955e+06
3.0238e+06
3.03763e+06
3.0619e+06
3.07566e+06
3.10005e+06
3.11401e+06
3.13844e+06
3.15244e+06
3.17698e+06
3.19096e+06
3.21548e+06
3.22915e+06
3.25351e+06
3.26677e+06
3.29083e+06
3.30394e+06
3.32787e+06
3.34087e+06
3.36492e+06
3.37791e+06
3.40195e+06
3.41499e+06
3.43909e+06
3.45205e+06
3.47617e+06
3.48896e+06
3.51293e+06
3.52557e+06
3.54951e+06
3.56206e+06
3.58606e+06
3.59866e+06
3.62291e+06
3.63563e+06
3.66018e+06
3.67309e+06
3.69776e+06
3.71069e+06
3.73534e+06
3.74828e+06
3.77273e+06
3.78567e+06
3.80976e+06
3.82269e+06
3.84641e+06
3.85929e+06
3.88332e+06
3.89357e+06
3.93057e+06
2.07545e+06
2.09939e+06
2.11369e+06
2.13893e+06
2.15215e+06
2.1779e+06
2.1911e+06
2.21645e+06
2.22976e+06
2.25424e+06
2.26834e+06
2.292e+06
2.30468e+06
2.32718e+06
2.34029e+06
2.36445e+06
2.37867e+06
2.40308e+06
2.41693e+06
2.44133e+06
2.45472e+06
2.47878e+06
2.4916e+06
2.51435e+06
2.52691e+06
2.54979e+06
2.56265e+06
2.58576e+06
2.59893e+06
2.62209e+06
2.63529e+06
2.65846e+06
2.67176e+06
2.69506e+06
2.70856e+06
2.73158e+06
2.74504e+06
2.76802e+06
2.78119e+06
2.80417e+06
2.81749e+06
2.84057e+06
2.85389e+06
2.87719e+06
2.89055e+06
2.91401e+06
2.92766e+06
2.95131e+06
2.965e+06
2.98875e+06
3.00258e+06
3.02655e+06
3.04037e+06
3.06436e+06
3.07823e+06
3.10232e+06
3.11623e+06
3.14041e+06
3.15428e+06
3.17855e+06
3.19233e+06
3.21633e+06
3.22995e+06
3.25383e+06
3.26724e+06
3.29082e+06
3.30412e+06
3.32764e+06
3.34079e+06
3.36443e+06
3.37748e+06
3.40115e+06
3.41403e+06
3.43781e+06
3.45061e+06
3.47436e+06
3.48707e+06
3.51071e+06
3.52321e+06
3.54676e+06
3.55899e+06
3.58251e+06
3.59467e+06
3.61835e+06
3.6306e+06
3.65453e+06
3.66691e+06
3.69107e+06
3.70361e+06
3.72783e+06
3.74052e+06
3.76467e+06
3.77742e+06
3.80138e+06
3.81418e+06
3.83779e+06
3.85075e+06
3.87359e+06
3.88929e+06
3.91565e+06
2.08084e+06
2.10526e+06
2.11865e+06
2.14362e+06
2.15664e+06
2.18242e+06
2.19558e+06
2.22083e+06
2.23367e+06
2.25804e+06
2.27153e+06
2.29525e+06
2.30882e+06
2.33237e+06
2.34514e+06
2.36854e+06
2.38182e+06
2.40561e+06
2.41927e+06
2.4432e+06
2.45691e+06
2.48086e+06
2.49449e+06
2.51822e+06
2.53152e+06
2.55503e+06
2.56805e+06
2.59127e+06
2.60408e+06
2.62709e+06
2.63988e+06
2.66285e+06
2.67575e+06
2.69877e+06
2.71178e+06
2.73467e+06
2.74766e+06
2.77052e+06
2.78337e+06
2.80629e+06
2.81922e+06
2.84213e+06
2.85509e+06
2.87809e+06
2.89124e+06
2.91445e+06
2.92795e+06
2.95141e+06
2.96507e+06
2.98875e+06
3.00266e+06
3.0265e+06
3.04034e+06
3.06427e+06
3.07819e+06
3.10209e+06
3.11596e+06
3.13972e+06
3.15349e+06
3.17727e+06
3.19093e+06
3.21467e+06
3.2282e+06
3.25198e+06
3.26536e+06
3.2891e+06
3.30226e+06
3.32595e+06
3.33896e+06
3.36254e+06
3.37536e+06
3.3989e+06
3.4115e+06
3.43502e+06
3.44746e+06
3.47088e+06
3.4832e+06
3.50656e+06
3.51877e+06
3.54211e+06
3.55424e+06
3.5776e+06
3.58974e+06
3.61315e+06
3.62538e+06
3.6489e+06
3.66113e+06
3.68475e+06
3.69701e+06
3.72069e+06
3.73301e+06
3.75668e+06
3.76911e+06
3.79272e+06
3.8053e+06
3.82889e+06
3.84175e+06
3.86471e+06
3.88028e+06
3.90657e+06
2.08415e+06
2.10895e+06
2.1217e+06
2.14626e+06
2.15901e+06
2.1837e+06
2.19649e+06
2.22117e+06
2.23397e+06
2.25831e+06
2.27158e+06
2.29543e+06
2.30883e+06
2.33275e+06
2.3459e+06
2.36956e+06
2.38293e+06
2.40657e+06
2.42016e+06
2.44391e+06
2.45762e+06
2.48154e+06
2.49521e+06
2.51904e+06
2.53239e+06
2.55604e+06
2.5691e+06
2.59247e+06
2.60524e+06
2.62829e+06
2.64097e+06
2.66386e+06
2.67665e+06
2.69956e+06
2.71237e+06
2.73525e+06
2.74801e+06
2.77097e+06
2.78367e+06
2.80661e+06
2.81939e+06
2.84226e+06
2.85507e+06
2.87796e+06
2.89088e+06
2.91401e+06
2.92745e+06
2.95086e+06
2.96461e+06
2.98829e+06
3.00218e+06
3.02596e+06
3.03981e+06
3.06375e+06
3.07766e+06
3.1016e+06
3.11547e+06
3.13925e+06
3.15305e+06
3.17676e+06
3.19043e+06
3.21408e+06
3.22752e+06
3.2512e+06
3.26445e+06
3.28824e+06
3.30142e+06
3.32517e+06
3.33814e+06
3.36173e+06
3.37452e+06
3.39802e+06
3.41061e+06
3.43397e+06
3.44642e+06
3.46976e+06
3.48207e+06
3.50526e+06
3.51736e+06
3.54052e+06
3.55251e+06
3.57567e+06
3.58766e+06
3.61085e+06
3.6229e+06
3.64622e+06
3.65836e+06
3.68182e+06
3.69406e+06
3.71764e+06
3.72988e+06
3.75343e+06
3.76571e+06
3.78925e+06
3.80174e+06
3.82532e+06
3.83792e+06
3.86207e+06
3.87237e+06
3.90791e+06
1.87134e+06
1.908e+06
1.94263e+06
1.9773e+06
1.99479e+06
2.02162e+06
2.05485e+06
2.07598e+06
2.11836e+06
2.26814e+06
1.86876e+06
1.90282e+06
1.92652e+06
1.96868e+06
1.99465e+06
2.01987e+06
2.05146e+06
2.07556e+06
2.09488e+06
2.17748e+06
1.8722e+06
1.89957e+06
1.92303e+06
1.9507e+06
1.98306e+06
2.01368e+06
2.04521e+06
2.0753e+06
2.09062e+06
2.13788e+06
1.87819e+06
1.89985e+06
1.92388e+06
1.94558e+06
1.97351e+06
1.99958e+06
2.02982e+06
2.07128e+06
2.08745e+06
2.12334e+06
1.88157e+06
1.90134e+06
1.92404e+06
1.94701e+06
1.96681e+06
1.9956e+06
2.0138e+06
2.05606e+06
2.07926e+06
2.11681e+06
1.88349e+06
1.90678e+06
1.92389e+06
1.95107e+06
1.9656e+06
1.99448e+06
2.0094e+06
2.04127e+06
2.06062e+06
2.10349e+06
1.88473e+06
1.91034e+06
1.92418e+06
1.95222e+06
1.966e+06
1.99364e+06
2.00757e+06
2.03562e+06
2.05064e+06
2.08564e+06
1.88831e+06
1.91347e+06
1.92608e+06
1.95222e+06
1.9656e+06
1.99256e+06
2.0057e+06
2.03229e+06
2.04543e+06
2.07387e+06
1.89161e+06
1.91585e+06
1.92822e+06
1.95312e+06
1.96591e+06
1.99181e+06
2.0045e+06
2.02999e+06
2.04229e+06
2.06716e+06
1.89574e+06
1.91905e+06
1.93093e+06
1.95489e+06
1.967e+06
1.99184e+06
2.00415e+06
2.02892e+06
2.04105e+06
2.06362e+06
1.90074e+06
1.92321e+06
1.93462e+06
1.95746e+06
1.96898e+06
1.99244e+06
2.00416e+06
2.02767e+06
2.04031e+06
2.06163e+06
1.90518e+06
1.92668e+06
1.93756e+06
1.95944e+06
1.9705e+06
1.99296e+06
2.00457e+06
2.0267e+06
2.03939e+06
2.06099e+06
1.91004e+06
1.93091e+06
1.94136e+06
1.96202e+06
1.97257e+06
1.99376e+06
2.005e+06
2.0264e+06
2.03831e+06
2.05941e+06
1.91426e+06
1.93526e+06
1.94576e+06
1.9668e+06
1.97716e+06
1.99734e+06
2.00789e+06
2.02817e+06
2.03926e+06
2.05949e+06
1.91866e+06
1.93822e+06
1.94832e+06
1.96829e+06
1.97859e+06
1.99883e+06
2.00925e+06
2.02958e+06
2.0405e+06
2.06047e+06
1.92304e+06
1.94276e+06
1.9525e+06
1.97193e+06
1.98174e+06
2.00145e+06
2.01145e+06
2.03093e+06
2.04128e+06
2.06096e+06
1.92606e+06
1.94527e+06
1.95487e+06
1.97402e+06
1.98387e+06
2.00306e+06
2.01287e+06
2.03204e+06
2.0422e+06
2.06105e+06
1.9336e+06
1.95152e+06
1.96107e+06
1.97904e+06
1.98915e+06
2.00732e+06
2.0168e+06
2.03537e+06
2.04486e+06
2.06304e+06
1.9371e+06
1.955e+06
1.96433e+06
1.9828e+06
1.99279e+06
2.01147e+06
2.02146e+06
2.03993e+06
2.05026e+06
2.06869e+06
1.94384e+06
1.96168e+06
1.97055e+06
1.98897e+06
1.99812e+06
2.0165e+06
2.02595e+06
2.04457e+06
2.05432e+06
2.0728e+06
1.66378e+06
1.65826e+06
1.65462e+06
1.65156e+06
1.64969e+06
1.64725e+06
1.64601e+06
1.64202e+06
1.64406e+06
1.64318e+06
1.67904e+06
1.67537e+06
1.6651e+06
1.66337e+06
1.66255e+06
1.65839e+06
1.65366e+06
1.65305e+06
1.6618e+06
1.6586e+06
1.6926e+06
1.69121e+06
1.68448e+06
1.6739e+06
1.67246e+06
1.67314e+06
1.67454e+06
1.67615e+06
1.69557e+06
1.68714e+06
1.71112e+06
1.70777e+06
1.70363e+06
1.69577e+06
1.69273e+06
1.6905e+06
1.69093e+06
1.69677e+06
1.73589e+06
1.71761e+06
1.72642e+06
1.72561e+06
1.71751e+06
1.70975e+06
1.70839e+06
1.70876e+06
1.71675e+06
1.74265e+06
1.81625e+06
1.78091e+06
1.75123e+06
1.7473e+06
1.74296e+06
1.73626e+06
1.7392e+06
1.74288e+06
1.75545e+06
1.76947e+06
1.87542e+06
1.8453e+06
1.77628e+06
1.77601e+06
1.76363e+06
1.75244e+06
1.75768e+06
1.76414e+06
1.79237e+06
1.83815e+06
2.00418e+06
1.89941e+06
1.79793e+06
1.7996e+06
1.79813e+06
1.78819e+06
1.79807e+06
1.80377e+06
1.84632e+06
1.89837e+06
2.07253e+06
1.97659e+06
1.82517e+06
1.82532e+06
1.81583e+06
1.80899e+06
1.82359e+06
1.83634e+06
1.87724e+06
1.95975e+06
2.1921e+06
2.02422e+06
1.85871e+06
1.85539e+06
1.85128e+06
1.84446e+06
1.86396e+06
1.87611e+06
1.95045e+06
2.03972e+06
2.24749e+06
2.04503e+06
1.60177e+06
1.60562e+06
1.61001e+06
1.61385e+06
1.61811e+06
1.62193e+06
1.62594e+06
1.63009e+06
1.6341e+06
1.64246e+06
1.6028e+06
1.6067e+06
1.611e+06
1.61494e+06
1.61909e+06
1.62296e+06
1.62681e+06
1.63076e+06
1.63393e+06
1.64238e+06
1.60411e+06
1.6076e+06
1.61142e+06
1.61498e+06
1.61881e+06
1.62244e+06
1.62612e+06
1.6301e+06
1.63292e+06
1.64027e+06
1.60731e+06
1.61073e+06
1.61398e+06
1.61689e+06
1.61969e+06
1.62259e+06
1.62569e+06
1.62891e+06
1.63154e+06
1.6385e+06
1.61002e+06
1.61278e+06
1.61573e+06
1.6182e+06
1.62052e+06
1.62284e+06
1.62515e+06
1.62804e+06
1.62996e+06
1.63493e+06
1.61683e+06
1.61918e+06
1.6209e+06
1.62282e+06
1.62344e+06
1.62414e+06
1.62529e+06
1.62651e+06
1.62813e+06
1.63307e+06
1.62024e+06
1.62246e+06
1.62404e+06
1.6251e+06
1.62659e+06
1.62623e+06
1.62623e+06
1.62653e+06
1.62636e+06
1.62948e+06
1.62943e+06
1.63025e+06
1.63108e+06
1.63032e+06
1.63033e+06
1.62987e+06
1.6279e+06
1.62735e+06
1.62721e+06
1.62759e+06
1.63692e+06
1.63597e+06
1.63698e+06
1.63635e+06
1.6346e+06
1.63318e+06
1.63194e+06
1.62917e+06
1.62855e+06
1.62954e+06
1.6518e+06
1.64677e+06
1.64409e+06
1.64414e+06
1.64303e+06
1.64003e+06
1.63583e+06
1.63383e+06
1.63456e+06
1.63332e+06
11904.9
23696.3
47296.3
59087.5
82684.4
94474.8
118071
129859
153455
165241
188834
200617
224205
235987
259568
271348
294921
306696
330266
342039
365598
377368
400918
412681
436222
447977
471507
483253
506770
518508
542006
553736
577213
588929
612385
624084
647512
659197
682590
694260
717614
729260
752575
764194
787463
799052
822267
833824
856975
868498
891572
903059
926044
937477
960372
971751
994539
1.00585e+06
1.02852e+06
1.03975e+06
1.06228e+06
1.07344e+06
1.09579e+06
1.10685e+06
1.12902e+06
1.13997e+06
1.16194e+06
1.17276e+06
1.19448e+06
1.2052e+06
1.22652e+06
1.23733e+06
1.25796e+06
1.26907e+06
1.28882e+06
1.30029e+06
1.31908e+06
1.33081e+06
1.34879e+06
1.36045e+06
1.37797e+06
1.38905e+06
1.4065e+06
1.4166e+06
1.43415e+06
1.44322e+06
1.46064e+06
1.46894e+06
1.4857e+06
1.49361e+06
1.50934e+06
1.51705e+06
1.53145e+06
1.53904e+06
1.55199e+06
1.55942e+06
1.57092e+06
1.57813e+06
1.58815e+06
1.59518e+06
11913
23711.6
47329.8
59128.8
82742
94542.1
118152
129953
153559
165358
188962
200757
224359
236149
259748
271536
295125
306913
330493
342279
365851
377631
401197
412971
436526
448293
471834
483595
507122
518872
542384
554121
577616
589339
612812
624519
647964
659655
683067
694744
718113
729774
753098
764735
788011
799621
822843
834414
857578
869119
892203
903702
926703
938155
961056
972461
995245
1.00658e+06
1.02925e+06
1.0405e+06
1.06304e+06
1.07419e+06
1.09657e+06
1.10763e+06
1.12982e+06
1.14078e+06
1.16275e+06
1.1736e+06
1.19532e+06
1.20604e+06
1.22743e+06
1.23814e+06
1.25893e+06
1.26988e+06
1.2898e+06
1.30113e+06
1.32007e+06
1.33167e+06
1.34981e+06
1.36129e+06
1.37905e+06
1.38988e+06
1.40763e+06
1.41748e+06
1.43524e+06
1.44418e+06
1.46167e+06
1.46996e+06
1.48673e+06
1.49467e+06
1.51039e+06
1.51809e+06
1.53258e+06
1.54012e+06
1.55311e+06
1.5606e+06
1.57197e+06
1.57931e+06
1.58911e+06
1.59637e+06
11925.9
23743.8
47389.9
59207.1
82851
94667.5
118310
130125
153766
165580
189217
201029
224664
236474
260101
271909
295531
307336
330950
342750
366357
378151
401750
413539
437127
448908
472484
484259
507818
519586
543127
554883
578407
590148
613649
625377
648848
660561
683997
695691
719089
730762
754117
765767
789076
800699
823951
835543
858733
870296
893408
904927
927960
939430
962367
973780
996609
1.00796e+06
1.03066e+06
1.04192e+06
1.0645e+06
1.07568e+06
1.09809e+06
1.10918e+06
1.13139e+06
1.14238e+06
1.16434e+06
1.17532e+06
1.1968e+06
1.20804e+06
1.22868e+06
1.2405e+06
1.25993e+06
1.27257e+06
1.29059e+06
1.30404e+06
1.32082e+06
1.33457e+06
1.3508e+06
1.36391e+06
1.38044e+06
1.39216e+06
1.40935e+06
1.4196e+06
1.43711e+06
1.4463e+06
1.46353e+06
1.47214e+06
1.48857e+06
1.49693e+06
1.51219e+06
1.52046e+06
1.53431e+06
1.54255e+06
1.55482e+06
1.56307e+06
1.57362e+06
1.58172e+06
1.59066e+06
1.59848e+06
11562
24187.9
47031.9
59781.9
82512
95360.6
118006
130921
153507
166468
189020
201996
224537
237514
260049
273023
295554
308526
331042
344022
366513
379509
401967
414981
437406
450430
472832
485849
508245
521231
543641
556579
579007
591899
614325
627203
649565
662509
684692
697839
719673
733214
754480
768642
789100
804106
823556
839536
857924
874811
892307
909792
926790
944389
961400
978564
996094
1.01235e+06
1.03076e+06
1.04584e+06
1.06525e+06
1.0791e+06
1.09947e+06
1.11218e+06
1.13327e+06
1.14512e+06
1.16657e+06
1.17792e+06
1.19925e+06
1.21062e+06
1.2312e+06
1.24323e+06
1.26227e+06
1.27576e+06
1.29243e+06
1.30802e+06
1.32189e+06
1.33938e+06
1.35126e+06
1.36927e+06
1.3806e+06
1.39772e+06
1.40975e+06
1.42468e+06
1.43836e+06
1.45051e+06
1.4657e+06
1.47573e+06
1.49124e+06
1.50034e+06
1.51501e+06
1.52401e+06
1.53696e+06
1.5465e+06
1.55725e+06
1.56724e+06
1.5762e+06
1.58586e+06
1.59348e+06
1.60243e+06
11980.9
23854.4
47609.5
59483.5
83238.9
95112.2
118865
130739
154485
166358
190102
201973
225711
237592
261298
273227
296858
308868
332401
344500
367936
380111
403467
415692
439001
451234
474536
486734
510068
522190
545589
557606
581084
592992
616533
628357
651915
663709
687206
699052
722391
734388
757463
769705
792422
804985
827280
840196
862047
875290
896747
910218
931393
944929
965986
979384
1.00051e+06
1.01357e+06
1.03494e+06
1.04749e+06
1.06918e+06
1.08116e+06
1.10317e+06
1.11461e+06
1.13681e+06
1.14787e+06
1.17e+06
1.18091e+06
1.20276e+06
1.21356e+06
1.23507e+06
1.24586e+06
1.26673e+06
1.27792e+06
1.29754e+06
1.30978e+06
1.32737e+06
1.34131e+06
1.35637e+06
1.37197e+06
1.38506e+06
1.40108e+06
1.41376e+06
1.42848e+06
1.44221e+06
1.45443e+06
1.46966e+06
1.47964e+06
1.49533e+06
1.50423e+06
1.51924e+06
1.52785e+06
1.54133e+06
1.55021e+06
1.56173e+06
1.57091e+06
1.58043e+06
1.58966e+06
1.59708e+06
1.60627e+06
11825.2
24111.3
47592.9
59833.5
83368.1
95554.1
119133
131271
154893
166980
190649
202690
226395
238397
262136
274101
297858
309800
333569
345488
369265
381169
404944
416837
440608
452490
476250
488124
511870
523736
547464
559320
583031
594876
618564
630395
654052
665867
689487
701281
724863
736631
760171
771915
795400
807139
830529
842308
865543
877401
900444
912382
935231
947216
969893
981871
1.00442e+06
1.01632e+06
1.03879e+06
1.05054e+06
1.07296e+06
1.0845e+06
1.10691e+06
1.1182e+06
1.14056e+06
1.15162e+06
1.17384e+06
1.18479e+06
1.20671e+06
1.21753e+06
1.23916e+06
1.24993e+06
1.27095e+06
1.28197e+06
1.30206e+06
1.3136e+06
1.33243e+06
1.3447e+06
1.36206e+06
1.37504e+06
1.39111e+06
1.40426e+06
1.41969e+06
1.43217e+06
1.44764e+06
1.45897e+06
1.47448e+06
1.48489e+06
1.49989e+06
1.50983e+06
1.52373e+06
1.5337e+06
1.54599e+06
1.55624e+06
1.56673e+06
1.57729e+06
1.58569e+06
1.59666e+06
1.60274e+06
1.61383e+06
10468.5
25617.6
46400.3
61448.9
82336.8
97273.9
118280
133088
154224
168886
190165
204679
226107
240462
262045
276242
297970
312017
333881
347791
369765
383569
405620
419348
441442
455134
477227
490918
512976
526694
548687
562451
584364
598175
620006
633851
655614
669466
691184
705012
726710
740486
762181
775892
797580
811235
832890
846515
868088
881727
903154
916852
938070
951865
972825
986735
1.0074e+06
1.02143e+06
1.0418e+06
1.05591e+06
1.07598e+06
1.09016e+06
1.10991e+06
1.12416e+06
1.14353e+06
1.15789e+06
1.17678e+06
1.19134e+06
1.20956e+06
1.2245e+06
1.24184e+06
1.25725e+06
1.27363e+06
1.28943e+06
1.305e+06
1.32089e+06
1.33589e+06
1.35155e+06
1.3662e+06
1.38141e+06
1.3958e+06
1.41042e+06
1.42457e+06
1.43849e+06
1.45238e+06
1.46559e+06
1.47901e+06
1.49174e+06
1.50423e+06
1.51684e+06
1.5281e+06
1.54053e+06
1.55045e+06
1.56261e+06
1.57115e+06
1.58294e+06
1.58994e+06
1.6013e+06
1.60641e+06
1.61842e+06
10754.4
25485
46837.6
61492.8
82910
97500.3
118995
133496
155076
169487
191146
205471
227220
241448
263280
277430
299333
313400
335370
349368
371379
385328
407370
421285
443338
457243
479281
493188
515194
529113
551071
565005
586909
600854
622708
636651
658464
672394
694180
708083
729855
743723
765485
779313
801059
814848
836554
850314
871948
885695
907215
920968
942333
956112
977284
991103
1.01205e+06
1.02592e+06
1.04662e+06
1.06053e+06
1.08097e+06
1.09491e+06
1.11506e+06
1.12904e+06
1.14884e+06
1.1629e+06
1.18227e+06
1.19645e+06
1.21529e+06
1.22965e+06
1.24786e+06
1.26242e+06
1.27995e+06
1.29462e+06
1.31159e+06
1.32613e+06
1.34273e+06
1.35693e+06
1.37321e+06
1.38699e+06
1.4029e+06
1.41627e+06
1.4317e+06
1.44473e+06
1.45949e+06
1.47228e+06
1.48615e+06
1.49888e+06
1.5116e+06
1.52443e+06
1.53587e+06
1.54871e+06
1.55888e+06
1.57163e+06
1.58038e+06
1.59292e+06
1.60028e+06
1.61202e+06
1.61821e+06
1.62984e+06
10375.7
26048.3
46618.7
62257.9
82859.8
98460.7
119103
134656
155350
170853
191594
207032
227828
243204
264052
279375
300274
315544
336481
351713
372668
387876
408835
424031
444977
460174
481095
496296
517190
532392
553262
568457
589307
604483
625321
640467
661297
676408
697229
712302
733109
748145
768928
783931
804671
819646
840327
855278
875878
890811
911305
926233
946588
961526
981714
996673
1.01666e+06
1.03165e+06
1.0514e+06
1.06642e+06
1.08593e+06
1.10097e+06
1.1202e+06
1.13525e+06
1.15418e+06
1.16922e+06
1.18783e+06
1.20284e+06
1.22109e+06
1.23608e+06
1.25391e+06
1.26885e+06
1.28623e+06
1.30108e+06
1.318e+06
1.33268e+06
1.34918e+06
1.36356e+06
1.37963e+06
1.39369e+06
1.40923e+06
1.42297e+06
1.43786e+06
1.45136e+06
1.46538e+06
1.47871e+06
1.49173e+06
1.50492e+06
1.5168e+06
1.52996e+06
1.54062e+06
1.55372e+06
1.56325e+06
1.57618e+06
1.5846e+06
1.59719e+06
1.60461e+06
1.61695e+06
1.62212e+06
1.63861e+06
11023.5
25592
47462.4
62005.4
83900.8
98414.1
120339
134816
156765
171220
193199
207617
229616
244007
266026
280391
302431
316773
338824
353152
375205
389518
411565
425871
447907
462210
484236
498530
520545
534824
556830
571086
593090
607314
629319
643502
665511
679648
701658
715748
737748
751795
773773
787782
809722
823699
845586
859536
881354
895278
917012
930913
952543
966418
987930
1.00177e+06
1.02315e+06
1.03696e+06
1.05818e+06
1.07194e+06
1.093e+06
1.10669e+06
1.12758e+06
1.14118e+06
1.16188e+06
1.17538e+06
1.19587e+06
1.20924e+06
1.2295e+06
1.24274e+06
1.26271e+06
1.27582e+06
1.29547e+06
1.30842e+06
1.3277e+06
1.34048e+06
1.35933e+06
1.37194e+06
1.39025e+06
1.40273e+06
1.42036e+06
1.43275e+06
1.44961e+06
1.46194e+06
1.47788e+06
1.4902e+06
1.50508e+06
1.51736e+06
1.53113e+06
1.54313e+06
1.55582e+06
1.56734e+06
1.57879e+06
1.58989e+06
1.59982e+06
1.61051e+06
1.61901e+06
1.62922e+06
1.63871e+06
1.65373e+06
10723.1
26008.3
47249.2
62533.2
83784.5
99046.1
120330
135556
156877
172056
193409
208553
229932
245064
266445
281582
302935
318092
339400
354586
375859
391065
412322
427517
448787
463935
485248
500318
521692
536677
558108
573017
594474
609349
630772
645675
666988
681992
703124
718273
739200
754486
775237
790600
811244
826598
847209
862478
883104
898246
918883
933904
954510
969450
989939
1.00488e+06
1.02514e+06
1.04016e+06
1.06009e+06
1.07524e+06
1.09481e+06
1.11008e+06
1.12927e+06
1.14461e+06
1.16347e+06
1.1788e+06
1.19735e+06
1.21262e+06
1.23083e+06
1.24605e+06
1.26384e+06
1.27907e+06
1.29631e+06
1.31161e+06
1.32821e+06
1.34356e+06
1.35952e+06
1.37485e+06
1.3902e+06
1.4054e+06
1.42015e+06
1.43518e+06
1.4492e+06
1.46416e+06
1.47729e+06
1.49227e+06
1.50433e+06
1.51942e+06
1.53031e+06
1.54549e+06
1.55519e+06
1.57048e+06
1.57886e+06
1.59424e+06
1.60146e+06
1.61596e+06
1.62281e+06
1.63625e+06
1.64231e+06
1.65459e+06
7171.34
29558
43702.3
66085
80232.7
102607
116759
139135
153287
175651
189796
212153
226297
248660
262802
285173
299300
321677
335777
358167
372245
394651
408709
431121
445161
467566
481596
503984
518016
540378
554418
576746
590791
613086
627128
649394
663420
685668
699658
721900
735836
758080
771952
794200
808000
830246
843975
866207
879867
902070
915661
937818
951331
973435
986855
1.00891e+06
1.02221e+06
1.04422e+06
1.05736e+06
1.07934e+06
1.0923e+06
1.11423e+06
1.127e+06
1.14886e+06
1.16142e+06
1.18318e+06
1.19553e+06
1.21717e+06
1.22927e+06
1.25077e+06
1.26258e+06
1.28392e+06
1.29542e+06
1.31656e+06
1.32772e+06
1.34864e+06
1.35943e+06
1.38005e+06
1.39046e+06
1.41071e+06
1.42073e+06
1.44053e+06
1.45016e+06
1.46939e+06
1.47869e+06
1.49723e+06
1.5062e+06
1.524e+06
1.53261e+06
1.54969e+06
1.55779e+06
1.57374e+06
1.58235e+06
1.59564e+06
1.60613e+06
1.61689e+06
1.6295e+06
1.63831e+06
1.65201e+06
1.65839e+06
6232.72
30496.9
42753.9
67033.4
79275.8
103566
115794
140095
152314
176616
188825
213124
225335
249632
261846
286136
298347
322633
334837
359123
371316
395602
407781
432065
444232
468506
480670
504922
517094
541313
553499
577675
589879
614010
626224
650319
662525
686596
698773
722836
734964
759026
771096
795153
807170
831197
843182
867148
879108
903009
914936
938747
950662
974344
986266
1.00979e+06
1.02171e+06
1.04508e+06
1.05698e+06
1.08019e+06
1.09202e+06
1.11511e+06
1.12683e+06
1.14978e+06
1.16138e+06
1.18416e+06
1.19566e+06
1.21817e+06
1.22962e+06
1.25177e+06
1.26319e+06
1.28493e+06
1.2963e+06
1.3176e+06
1.32885e+06
1.34971e+06
1.36084e+06
1.38114e+06
1.39224e+06
1.41174e+06
1.42306e+06
1.44134e+06
1.45325e+06
1.46993e+06
1.48259e+06
1.49771e+06
1.51064e+06
1.52476e+06
1.5376e+06
1.55045e+06
1.56398e+06
1.57465e+06
1.58922e+06
1.59813e+06
1.61305e+06
1.6205e+06
1.63483e+06
1.64217e+06
1.65849e+06
1.66286e+06
7901.66
28832.4
44336.5
65467.9
80766.3
102101
117199
138716
153653
175299
190116
211851
226600
248389
263090
284916
299566
321436
336017
357950
372451
394453
408886
430928
445339
467350
481826
503699
518350
539981
554887
576226
591392
612480
627808
648780
664099
685135
700257
721518
736303
757881
772279
794162
808243
830296
844236
866235
880284
901941
916386
937413
952485
972711
988435
1.00796e+06
1.02409e+06
1.04322e+06
1.05938e+06
1.07853e+06
1.09426e+06
1.11376e+06
1.12887e+06
1.1487e+06
1.1634e+06
1.18311e+06
1.1979e+06
1.21694e+06
1.23235e+06
1.2502e+06
1.26651e+06
1.2831e+06
1.30001e+06
1.31584e+06
1.33275e+06
1.34822e+06
1.36486e+06
1.37996e+06
1.39647e+06
1.41083e+06
1.42761e+06
1.44075e+06
1.45815e+06
1.46983e+06
1.48767e+06
1.49828e+06
1.51604e+06
1.52586e+06
1.5433e+06
1.55237e+06
1.5695e+06
1.57781e+06
1.59441e+06
1.60225e+06
1.61848e+06
1.62606e+06
1.64132e+06
1.64881e+06
1.66636e+06
1.66981e+06
10816.2
25914.5
47266.3
62518.6
83724.3
99108.3
120204
135668
156705
172200
193226
208710
229757
245205
266280
281690
302788
318166
339276
354633
375755
391090
412237
427529
448725
463937
485221
500307
521719
536642
558205
572957
594655
609274
631040
645610
667338
681964
703552
718311
739702
754605
775818
790808
811916
826892
847994
862846
884044
898665
920041
934359
955935
969960
991656
1.0055e+06
1.02715e+06
1.04098e+06
1.06239e+06
1.07636e+06
1.09739e+06
1.11155e+06
1.13224e+06
1.1464e+06
1.16699e+06
1.18082e+06
1.20163e+06
1.21482e+06
1.23599e+06
1.2485e+06
1.26992e+06
1.28191e+06
1.30332e+06
1.315e+06
1.33611e+06
1.3477e+06
1.36833e+06
1.37976e+06
1.4001e+06
1.411e+06
1.43132e+06
1.4415e+06
1.46163e+06
1.47139e+06
1.49094e+06
1.50042e+06
1.51934e+06
1.5286e+06
1.54687e+06
1.55583e+06
1.57347e+06
1.58216e+06
1.59917e+06
1.60737e+06
1.62403e+06
1.63196e+06
1.64789e+06
1.65582e+06
1.67329e+06
1.67945e+06
11599.8
25130.3
48015.9
61758.5
84447
98367.2
120902
134951
157377
171500
193878
208028
230390
244543
266903
281042
303402
317530
339896
354001
376396
390434
412909
426820
449443
463162
485992
499473
522542
535769
559064
572076
595522
608413
631882
644790
668131
681198
704282
717604
740370
753962
776438
790214
812538
826311
848678
862247
884824
898055
920904
933776
956849
969456
992576
1.00513e+06
1.02803e+06
1.0408e+06
1.06322e+06
1.07633e+06
1.09827e+06
1.11155e+06
1.13331e+06
1.14634e+06
1.16831e+06
1.18075e+06
1.20307e+06
1.21496e+06
1.23736e+06
1.24905e+06
1.27109e+06
1.28295e+06
1.30427e+06
1.31639e+06
1.33719e+06
1.34901e+06
1.36991e+06
1.38088e+06
1.402e+06
1.41238e+06
1.43308e+06
1.44355e+06
1.46324e+06
1.47405e+06
1.49285e+06
1.50342e+06
1.52199e+06
1.53177e+06
1.5501e+06
1.55958e+06
1.57719e+06
1.58646e+06
1.60386e+06
1.61241e+06
1.6295e+06
1.63787e+06
1.65443e+06
1.66291e+06
1.67941e+06
1.68958e+06
11470.6
25255.3
47919.4
61845.5
84383.4
98419.6
120862
134980
157344
171525
193833
208063
230315
244613
266792
281166
303248
317714
339694
354243
376143
390725
412615
427142
449129
463492
485686
499789
522261
536064
558812
572355
595286
608698
631646
645102
667888
681542
704043
717981
740144
754372
776233
790663
812339
826810
848477
862793
884618
898638
920696
934413
956603
970189
992290
1.00592e+06
1.02783e+06
1.04147e+06
1.06329e+06
1.07677e+06
1.09871e+06
1.11179e+06
1.134e+06
1.14661e+06
1.16899e+06
1.18134e+06
1.20356e+06
1.21599e+06
1.23759e+06
1.25057e+06
1.27119e+06
1.28468e+06
1.30472e+06
1.31799e+06
1.33818e+06
1.35053e+06
1.37131e+06
1.38261e+06
1.40355e+06
1.41458e+06
1.43474e+06
1.4461e+06
1.46529e+06
1.47671e+06
1.49532e+06
1.50642e+06
1.52468e+06
1.5352e+06
1.55344e+06
1.5631e+06
1.58107e+06
1.59065e+06
1.60799e+06
1.61728e+06
1.63462e+06
1.64342e+06
1.66044e+06
1.67091e+06
1.68638e+06
1.69871e+06
10783.2
25936.4
47318.4
62422.6
83870.7
98896.6
120426
135366
156965
171856
193487
208368
229989
244900
266476
281439
302957
317962
339440
354447
375937
390890
412453
427300
448975
463694
485480
500091
521938
536509
558330
572952
594655
609408
630926
645860
667165
682278
703400
718626
739661
754869
775962
790984
812298
826974
848620
862887
884829
898812
920823
934802
956572
970829
992127
1.00676e+06
1.02763e+06
1.04242e+06
1.06317e+06
1.07776e+06
1.0987e+06
1.11286e+06
1.13401e+06
1.14788e+06
1.16894e+06
1.18288e+06
1.20345e+06
1.21772e+06
1.23773e+06
1.25214e+06
1.2719e+06
1.28596e+06
1.30598e+06
1.31916e+06
1.33978e+06
1.35203e+06
1.3728e+06
1.38481e+06
1.40493e+06
1.41731e+06
1.43635e+06
1.44901e+06
1.46751e+06
1.47962e+06
1.49816e+06
1.50962e+06
1.52782e+06
1.53898e+06
1.55697e+06
1.56719e+06
1.58536e+06
1.59509e+06
1.61216e+06
1.62262e+06
1.63839e+06
1.64977e+06
1.6654e+06
1.67783e+06
1.6924e+06
1.70565e+06
10538.4
26177.5
47129
62588.4
83745
98984.4
120364
135380
156962
171815
193518
208305
230019
244847
266470
281420
302898
317995
339333
354542
375798
391041
412293
427494
448796
463921
485276
500352
521701
536810
558056
573296
594353
609787
630615
646254
666875
682654
703167
718947
739519
755102
775939
791113
812399
827017
848818
862908
885079
898855
921128
934878
956930
970954
992530
1.00695e+06
1.02806e+06
1.04269e+06
1.06367e+06
1.07806e+06
1.09929e+06
1.11318e+06
1.13474e+06
1.14822e+06
1.16979e+06
1.1833e+06
1.20438e+06
1.21836e+06
1.23857e+06
1.25314e+06
1.2727e+06
1.28726e+06
1.30687e+06
1.32076e+06
1.34077e+06
1.35394e+06
1.37395e+06
1.38702e+06
1.40636e+06
1.41973e+06
1.43824e+06
1.45162e+06
1.46988e+06
1.48252e+06
1.50098e+06
1.51289e+06
1.53104e+06
1.54302e+06
1.56003e+06
1.57243e+06
1.58867e+06
1.60067e+06
1.61612e+06
1.62892e+06
1.64367e+06
1.65642e+06
1.67219e+06
1.68488e+06
1.70017e+06
1.71396e+06
10702.5
26011
47305.5
62422.9
83912.8
98832.4
120501
135260
157062
171724
193584
208232
230067
244774
266530
281325
302994
317860
339478
354358
375986
390816
412504
427250
449008
463683
485472
500147
521863
536665
558164
573240
594385
609838
630575
646391
666793
682837
703093
719125
739498
755246
775984
791241
812465
827209
848833
863216
885028
899302
921011
935444
956829
971536
992581
1.00745e+06
1.02836e+06
1.04307e+06
1.06419e+06
1.07838e+06
1.1e+06
1.11351e+06
1.13558e+06
1.14858e+06
1.17087e+06
1.18361e+06
1.2058e+06
1.21857e+06
1.24041e+06
1.25334e+06
1.27473e+06
1.28779e+06
1.30879e+06
1.32188e+06
1.34247e+06
1.35568e+06
1.37566e+06
1.38907e+06
1.40848e+06
1.42176e+06
1.441e+06
1.45375e+06
1.47289e+06
1.48537e+06
1.50383e+06
1.51666e+06
1.53385e+06
1.5476e+06
1.56312e+06
1.57758e+06
1.59232e+06
1.60621e+06
1.62105e+06
1.63438e+06
1.64995e+06
1.66219e+06
1.67833e+06
1.69149e+06
1.70731e+06
1.72247e+06
10850.1
25862.6
47444.2
62309.8
84011.5
98776.3
120542
135270
157046
171787
193526
208311
230002
244828
266499
281319
303024
317777
339575
354205
376133
390617
412677
427035
449181
463486
485620
499991
521978
536558
558253
573172
594466
609790
630671
646343
666927
682776
703270
719060
739698
755220
776148
791323
812546
827424
848830
863565
884969
899734
920986
935861
956961
971847
992944
1.00765e+06
1.02893e+06
1.04326e+06
1.06483e+06
1.07876e+06
1.10058e+06
1.11415e+06
1.13612e+06
1.14946e+06
1.17141e+06
1.18467e+06
1.20644e+06
1.21974e+06
1.24124e+06
1.2546e+06
1.27579e+06
1.28917e+06
1.31004e+06
1.32349e+06
1.34391e+06
1.35756e+06
1.37728e+06
1.39134e+06
1.4102e+06
1.42458e+06
1.44283e+06
1.4571e+06
1.47496e+06
1.48919e+06
1.50625e+06
1.52087e+06
1.53696e+06
1.55183e+06
1.56709e+06
1.58215e+06
1.59676e+06
1.61144e+06
1.62619e+06
1.64051e+06
1.65591e+06
1.66963e+06
1.68466e+06
1.69882e+06
1.71362e+06
1.73012e+06
10536.8
26173.1
47133.6
62619.2
83698.8
99089.2
120231
135583
156732
172101
193212
208621
229692
245126
266185
281609
302700
318074
339227
354529
375753
390985
412257
427458
448718
463962
485120
500509
521458
537100
557737
573716
593982
610317
630232
646855
666526
683287
702888
719595
739313
755807
775747
791979
812126
828161
848397
864382
884525
900640
920518
936894
956439
973026
992389
1.00895e+06
1.02838e+06
1.04465e+06
1.06435e+06
1.08023e+06
1.10013e+06
1.11578e+06
1.13569e+06
1.15127e+06
1.17106e+06
1.18661e+06
1.20632e+06
1.22167e+06
1.24152e+06
1.2564e+06
1.27654e+06
1.29089e+06
1.31121e+06
1.3253e+06
1.34533e+06
1.35965e+06
1.37884e+06
1.39392e+06
1.41177e+06
1.42782e+06
1.44436e+06
1.46096e+06
1.47668e+06
1.49343e+06
1.50859e+06
1.5253e+06
1.53994e+06
1.55654e+06
1.57097e+06
1.58693e+06
1.60118e+06
1.61695e+06
1.6317e+06
1.64606e+06
1.66199e+06
1.67571e+06
1.69112e+06
1.70577e+06
1.72032e+06
1.73762e+06
9967.2
26744.4
46514.9
63226.7
83046.7
99720.3
119559
136231
156053
172755
192539
209271
229032
245769
265542
282239
302075
318685
338624
355115
375170
391552
411686
428017
448146
464534
484533
501109
520848
537730
557115
574359
593370
610952
629649
647471
665982
683883
702381
720182
738840
756395
775307
792580
811725
828780
848040
865030
884204
901339
920219
937676
956125
973952
992020
1.01007e+06
1.02792e+06
1.04602e+06
1.06379e+06
1.08181e+06
1.09959e+06
1.11746e+06
1.1353e+06
1.15296e+06
1.17093e+06
1.18822e+06
1.20658e+06
1.22316e+06
1.2422e+06
1.25783e+06
1.27751e+06
1.29253e+06
1.31226e+06
1.32728e+06
1.34646e+06
1.36202e+06
1.38008e+06
1.39668e+06
1.41322e+06
1.43091e+06
1.44613e+06
1.46447e+06
1.47876e+06
1.49735e+06
1.51111e+06
1.5296e+06
1.54305e+06
1.56101e+06
1.57511e+06
1.5914e+06
1.60624e+06
1.62184e+06
1.63691e+06
1.65184e+06
1.66682e+06
1.6828e+06
1.6971e+06
1.7145e+06
1.72772e+06
1.74609e+06
9380.24
27329.8
45923.3
63804.6
82457.9
100288
118984
136785
155494
173280
192002
209767
228524
246241
265065
282694
301620
319129
338176
355564
374710
392021
411202
428518
447635
465063
484007
501647
520338
538243
556656
574823
592977
611365
629315
647858
665669
684294
702035
720674
738416
757007
774796
793317
811144
829626
847430
865942
883628
902271
919722
938596
955747
974854
991756
1.01099e+06
1.02777e+06
1.04697e+06
1.06378e+06
1.08277e+06
1.09975e+06
1.11843e+06
1.13563e+06
1.15402e+06
1.17136e+06
1.18949e+06
1.20701e+06
1.22477e+06
1.24253e+06
1.25989e+06
1.27786e+06
1.29483e+06
1.31287e+06
1.32975e+06
1.34738e+06
1.36468e+06
1.38141e+06
1.39943e+06
1.41505e+06
1.43387e+06
1.44845e+06
1.46766e+06
1.4816e+06
1.50084e+06
1.5145e+06
1.53346e+06
1.54702e+06
1.56518e+06
1.57955e+06
1.59625e+06
1.61116e+06
1.62752e+06
1.64199e+06
1.65856e+06
1.67267e+06
1.68991e+06
1.70417e+06
1.72203e+06
1.73503e+06
1.75371e+06
8898.53
27809.3
45422.7
64304.5
81936.7
100810
118441
137321
154943
173822
191452
210307
227977
246774
264519
283220
301073
319659
337625
356100
374157
392556
410657
429029
447126
465517
483574
502006
520020
538486
556468
574953
592911
611417
629334
647882
665722
684347
702073
720799
738401
757241
774708
793673
810993
830094
847241
866499
883437
902883
919576
939220
955697
975477
991828
1.01162e+06
1.02798e+06
1.04761e+06
1.06415e+06
1.08343e+06
1.10027e+06
1.11912e+06
1.13627e+06
1.15484e+06
1.17206e+06
1.19057e+06
1.20765e+06
1.22627e+06
1.24313e+06
1.26175e+06
1.27845e+06
1.29706e+06
1.31356e+06
1.33225e+06
1.34836e+06
1.3673e+06
1.38288e+06
1.4021e+06
1.4172e+06
1.43652e+06
1.4512e+06
1.47054e+06
1.48484e+06
1.50391e+06
1.51805e+06
1.53705e+06
1.55072e+06
1.56973e+06
1.58328e+06
1.6017e+06
1.61543e+06
1.63339e+06
1.64718e+06
1.6648e+06
1.67886e+06
1.69668e+06
1.71067e+06
1.72972e+06
1.74191e+06
1.76156e+06
8622.15
28085.7
45083.2
64647.5
81534.7
101215
117983
137775
154441
174316
190917
210832
227416
247321
263938
283786
300477
320235
337022
356675
373564
393113
410092
429553
446610
465990
483123
502420
519633
538848
556139
575277
592628
611721
629081
648177
665496
684642
701878
721091
738252
757529
774617
793943
810971
830348
847282
866758
883521
903155
919695
939537
955844
975846
992025
1.01206e+06
1.02826e+06
1.04816e+06
1.06444e+06
1.08419e+06
1.10048e+06
1.12018e+06
1.13644e+06
1.15619e+06
1.17221e+06
1.19214e+06
1.20793e+06
1.22793e+06
1.24362e+06
1.26362e+06
1.27913e+06
1.29909e+06
1.31447e+06
1.33454e+06
1.34948e+06
1.36993e+06
1.3843e+06
1.40492e+06
1.41911e+06
1.43966e+06
1.45374e+06
1.4738e+06
1.4881e+06
1.50765e+06
1.52182e+06
1.54128e+06
1.55517e+06
1.57427e+06
1.58758e+06
1.60642e+06
1.61964e+06
1.63844e+06
1.65202e+06
1.67093e+06
1.68406e+06
1.7034e+06
1.71582e+06
1.73693e+06
1.74914e+06
1.76925e+06
8345.27
28360.7
44809.4
64911.9
81270.5
101460
117737
137993
154217
174512
190711
211010
227218
247491
263732
283965
300254
320437
336771
356908
373278
393384
409771
429860
446254
466337
482729
502808
519204
539254
555685
575673
592172
612080
628660
648479
665156
684872
701637
721226
738107
757560
774526
793911
810894
830298
847235
866741
883511
903176
919742
939624
955986
976029
992253
1.01232e+06
1.02854e+06
1.04854e+06
1.06475e+06
1.08474e+06
1.10076e+06
1.12089e+06
1.13674e+06
1.15702e+06
1.17261e+06
1.19305e+06
1.20854e+06
1.2288e+06
1.24456e+06
1.26452e+06
1.28038e+06
1.30024e+06
1.31589e+06
1.33591e+06
1.35113e+06
1.37161e+06
1.38623e+06
1.40706e+06
1.42136e+06
1.44225e+06
1.45647e+06
1.4769e+06
1.49133e+06
1.51116e+06
1.52541e+06
1.54533e+06
1.55921e+06
1.57867e+06
1.5926e+06
1.6119e+06
1.62587e+06
1.64502e+06
1.65869e+06
1.67818e+06
1.69157e+06
1.71158e+06
1.72365e+06
1.74356e+06
1.75601e+06
1.77568e+06
8157.37
28544.9
44646.8
65065.5
81135.8
101579
117633
138079
154142
174571
190653
211054
227164
247535
263671
284020
300170
320509
336652
357019
373121
393542
409574
430054
446022
466558
482485
503044
518972
539492
555485
575903
592012
612273
628551
648630
665103
684985
701675
721324
738199
757670
774629
794065
810990
830495
847315
866957
883594
903400
919783
939793
956021
976181
992303
1.01252e+06
1.02857e+06
1.04889e+06
1.06471e+06
1.0852e+06
1.10073e+06
1.1214e+06
1.13669e+06
1.15744e+06
1.17266e+06
1.19337e+06
1.20878e+06
1.22927e+06
1.24486e+06
1.26523e+06
1.2806e+06
1.30097e+06
1.31618e+06
1.33678e+06
1.3514e+06
1.37241e+06
1.38671e+06
1.40773e+06
1.42208e+06
1.44319e+06
1.45759e+06
1.47823e+06
1.49281e+06
1.513e+06
1.52765e+06
1.54746e+06
1.5617e+06
1.58133e+06
1.59527e+06
1.61549e+06
1.63e+06
1.64996e+06
1.66368e+06
1.68409e+06
1.69767e+06
1.719e+06
1.73204e+06
1.75283e+06
1.76504e+06
1.78554e+06
8019.51
28680.5
44524.6
65173.8
81035.9
101661
117555
138141
154078
174617
190598
211094
227111
247579
263612
284077
300096
320587
336556
357123
373005
393667
409447
430200
445894
466720
482359
503205
518854
539652
555385
576068
591931
612453
628512
648795
665109
685134
701707
721489
738243
757883
774698
794331
811115
830788
847470
867270
883766
903773
919996
940188
956287
976550
992564
1.01298e+06
1.02878e+06
1.0495e+06
1.06487e+06
1.08589e+06
1.10102e+06
1.1222e+06
1.13712e+06
1.1584e+06
1.17337e+06
1.19429e+06
1.2096e+06
1.2304e+06
1.24554e+06
1.26633e+06
1.28123e+06
1.30205e+06
1.31695e+06
1.33787e+06
1.35225e+06
1.37342e+06
1.38782e+06
1.40889e+06
1.42323e+06
1.44452e+06
1.45876e+06
1.47935e+06
1.49409e+06
1.51444e+06
1.52888e+06
1.54886e+06
1.56312e+06
1.58319e+06
1.59712e+06
1.6176e+06
1.63146e+06
1.65183e+06
1.66561e+06
1.68646e+06
1.69978e+06
1.72148e+06
1.73445e+06
1.75575e+06
1.76812e+06
1.78914e+06
7758.84
28938.9
44271
65421.3
80787.8
101901
117307
138379
153826
174858
190338
211344
226843
247841
263336
284350
299814
320869
336278
357401
372738
393933
409199
430460
445669
466972
482157
503460
518661
539923
555180
576374
591703
612817
628252
649245
664798
685678
701321
722127
737820
758606
774287
795103
810742
831606
847166
868093
883558
904581
919961
941011
956401
977437
992825
1.01392e+06
1.02918e+06
1.05046e+06
1.06551e+06
1.08698e+06
1.10184e+06
1.12348e+06
1.13817e+06
1.15981e+06
1.17463e+06
1.19598e+06
1.21103e+06
1.23222e+06
1.2473e+06
1.26854e+06
1.28337e+06
1.3048e+06
1.31946e+06
1.341e+06
1.35541e+06
1.37704e+06
1.39152e+06
1.41299e+06
1.4274e+06
1.44884e+06
1.46329e+06
1.48436e+06
1.49881e+06
1.52008e+06
1.53381e+06
1.55499e+06
1.56882e+06
1.59023e+06
1.60371e+06
1.62529e+06
1.63783e+06
1.65941e+06
1.67239e+06
1.69403e+06
1.70693e+06
1.72875e+06
1.74173e+06
1.76328e+06
1.77638e+06
1.79737e+06
1.66481e+06
1.67849e+06
1.69055e+06
1.70824e+06
1.72261e+06
1.7462e+06
1.7669e+06
1.78465e+06
1.81323e+06
1.84315e+06
1.6711e+06
1.68765e+06
1.70074e+06
1.71895e+06
1.73622e+06
1.75894e+06
1.77542e+06
1.79987e+06
1.82358e+06
1.84892e+06
1.67939e+06
1.6928e+06
1.70836e+06
1.72438e+06
1.74306e+06
1.76195e+06
1.78164e+06
1.80367e+06
1.82701e+06
1.85004e+06
1.68763e+06
1.69985e+06
1.71851e+06
1.73177e+06
1.75427e+06
1.76966e+06
1.79247e+06
1.81014e+06
1.83441e+06
1.85236e+06
1.69325e+06
1.71091e+06
1.72593e+06
1.74324e+06
1.76201e+06
1.77918e+06
1.79937e+06
1.81764e+06
1.8396e+06
1.85747e+06
1.70245e+06
1.72224e+06
1.73311e+06
1.75505e+06
1.76694e+06
1.79011e+06
1.80361e+06
1.82712e+06
1.84275e+06
1.86534e+06
1.71125e+06
1.73037e+06
1.7414e+06
1.76285e+06
1.77458e+06
1.79737e+06
1.80966e+06
1.83345e+06
1.84632e+06
1.87081e+06
1.7183e+06
1.73774e+06
1.7489e+06
1.76987e+06
1.78137e+06
1.80382e+06
1.81578e+06
1.83926e+06
1.85157e+06
1.8758e+06
1.72685e+06
1.74594e+06
1.75667e+06
1.77711e+06
1.78829e+06
1.81003e+06
1.82152e+06
1.84427e+06
1.85604e+06
1.87954e+06
1.73496e+06
1.75384e+06
1.76437e+06
1.78451e+06
1.7954e+06
1.81663e+06
1.82784e+06
1.84994e+06
1.86137e+06
1.88409e+06
1.74252e+06
1.76134e+06
1.77165e+06
1.7915e+06
1.80221e+06
1.82305e+06
1.83414e+06
1.85583e+06
1.86713e+06
1.88938e+06
1.7499e+06
1.76866e+06
1.77883e+06
1.79862e+06
1.80917e+06
1.82982e+06
1.84065e+06
1.8619e+06
1.87282e+06
1.89428e+06
1.75786e+06
1.7764e+06
1.78633e+06
1.80573e+06
1.81603e+06
1.8362e+06
1.84682e+06
1.86755e+06
1.8784e+06
1.89931e+06
1.76481e+06
1.78286e+06
1.79263e+06
1.81169e+06
1.82197e+06
1.84157e+06
1.85228e+06
1.8723e+06
1.88301e+06
1.90369e+06
1.77274e+06
1.79106e+06
1.80098e+06
1.81984e+06
1.83035e+06
1.84937e+06
1.86006e+06
1.87925e+06
1.88948e+06
1.90877e+06
1.78009e+06
1.79726e+06
1.80695e+06
1.8245e+06
1.83478e+06
1.85313e+06
1.86357e+06
1.88296e+06
1.89317e+06
1.9131e+06
1.78716e+06
1.80407e+06
1.81415e+06
1.8317e+06
1.84168e+06
1.85978e+06
1.86953e+06
1.88805e+06
1.89754e+06
1.91648e+06
1.7967e+06
1.814e+06
1.82411e+06
1.84205e+06
1.85215e+06
1.87017e+06
1.87968e+06
1.89766e+06
1.90681e+06
1.92458e+06
1.80002e+06
1.81693e+06
1.82684e+06
1.84472e+06
1.85487e+06
1.87301e+06
1.88261e+06
1.90082e+06
1.91003e+06
1.92796e+06
1.80872e+06
1.82514e+06
1.83495e+06
1.85219e+06
1.86203e+06
1.87985e+06
1.88943e+06
1.90756e+06
1.91681e+06
1.93466e+06
)
;

boundaryField
{
    down
    {
        type            symmetryPlane;
    }
    right
    {
        type            zeroGradient;
    }
    up
    {
        type            zeroGradient;
    }
    left
    {
        type            fixedValue;
        value           uniform 100;
    }
    cylinder
    {
        type            zeroGradient;
    }
    defaultFaces
    {
        type            empty;
    }
}


// ************************************************************************* //
