/*--------------------------------*- C++ -*----------------------------------*\
  =========                 |
  \\      /  F ield         | OpenFOAM: The Open Source CFD Toolbox
   \\    /   O peration     | Website:  https://openfoam.org
    \\  /    A nd           | Version:  8
     \\/     M anipulation  |
\*---------------------------------------------------------------------------*/
FoamFile
{
    version     2.0;
    format      ascii;
    class       volScalarField;
    location    "1.500023";
    object      rho;
}
// * * * * * * * * * * * * * * * * * * * * * * * * * * * * * * * * * * * * * //

dimensions      [1 -3 0 0 0 0 0];

internalField   nonuniform List<scalar> 
6800
(
0.584614
0.585205
0.585445
0.585727
0.586155
0.587167
0.58816
0.588628
0.588902
0.589095
0.584088
0.584765
0.585578
0.586215
0.587277
0.588189
0.588672
0.588943
0.589135
0.589209
0.584106
0.584295
0.585652
0.587298
0.588149
0.588558
0.588835
0.589014
0.589108
0.589145
0.584877
0.585162
0.585849
0.587929
0.588408
0.588617
0.588835
0.588954
0.589092
0.589203
0.585987
0.587977
0.587086
0.588369
0.588602
0.588713
0.588803
0.589002
0.589131
0.589242
0.586004
0.589537
0.587223
0.588293
0.588449
0.588577
0.588661
0.588832
0.588962
0.5892
0.584332
0.588655
0.587032
0.588081
0.588186
0.588373
0.588464
0.588777
0.589056
0.589336
0.582357
0.588074
0.586491
0.587487
0.587703
0.588044
0.588258
0.588711
0.589019
0.589315
0.580113
0.586319
0.585668
0.586855
0.587251
0.587893
0.58816
0.588615
0.588971
0.589337
0.578263
0.585205
0.585045
0.586302
0.586809
0.587702
0.588178
0.588706
0.589037
0.58933
0.586036
0.585878
0.585722
0.585668
0.585649
0.585647
0.585657
0.585677
0.585707
0.585746
0.585996
0.585838
0.5857
0.585646
0.585628
0.585625
0.585633
0.58565
0.585681
0.585721
0.585908
0.585762
0.585652
0.585608
0.58559
0.585584
0.585587
0.585603
0.585636
0.585687
0.585789
0.585679
0.585598
0.585564
0.585547
0.585538
0.585536
0.585547
0.585584
0.585661
0.585669
0.5856
0.58555
0.585527
0.585512
0.585502
0.585494
0.585496
0.585546
0.585677
0.585556
0.585534
0.585509
0.585503
0.5855
0.585493
0.58549
0.585481
0.585518
0.585748
0.585452
0.58548
0.585486
0.585518
0.585537
0.58554
0.585541
0.585558
0.585585
0.586006
0.585343
0.585425
0.585498
0.585567
0.585603
0.585619
0.585644
0.585804
0.585894
0.586634
0.58522
0.585367
0.585512
0.585605
0.585673
0.585774
0.585936
0.5863
0.586721
0.587847
0.585004
0.585296
0.585444
0.585626
0.585811
0.586108
0.586662
0.58766
0.588299
0.588712
0.585807
0.585917
0.586054
0.586218
0.586401
0.586602
0.58682
0.587049
0.587288
0.587532
0.587782
0.588034
0.58829
0.588544
0.588794
0.589044
0.589284
0.589512
0.589728
0.589927
0.590111
0.590275
0.590421
0.590547
0.590655
0.590748
0.590827
0.590894
0.59095
0.590998
0.591038
0.591072
0.591102
0.59113
0.591157
0.591182
0.591207
0.591232
0.591256
0.591279
0.591301
0.59132
0.591336
0.591349
0.591358
0.591363
0.591365
0.591363
0.591358
0.591351
0.591341
0.591328
0.591314
0.591299
0.591282
0.591265
0.591248
0.591231
0.591215
0.591199
0.591185
0.591172
0.59116
0.59115
0.591142
0.591135
0.591129
0.591125
0.591122
0.591121
0.591121
0.591121
0.591123
0.591125
0.591128
0.591131
0.591134
0.591138
0.591142
0.591146
0.591149
0.591153
0.591157
0.591161
0.591164
0.591168
0.591171
0.591174
0.591177
0.59118
0.591182
0.591184
0.591186
0.591187
0.591189
0.591189
0.59119
0.59119
0.591189
0.591193
0.585777
0.585897
0.586039
0.586202
0.586387
0.58659
0.586808
0.58704
0.587279
0.587523
0.587773
0.588026
0.588284
0.588541
0.58879
0.589036
0.589276
0.589505
0.58972
0.589919
0.5901
0.590262
0.590405
0.590529
0.590636
0.590727
0.590804
0.59087
0.590926
0.590973
0.591014
0.591049
0.59108
0.59111
0.591139
0.591166
0.591193
0.59122
0.591246
0.591269
0.591291
0.591309
0.591324
0.591336
0.591343
0.591347
0.591347
0.591344
0.591338
0.591329
0.591318
0.591306
0.591291
0.591276
0.59126
0.591243
0.591226
0.59121
0.591195
0.59118
0.591167
0.591155
0.591144
0.591135
0.591128
0.591122
0.591117
0.591114
0.591111
0.591111
0.591111
0.591112
0.591113
0.591116
0.591119
0.591122
0.591126
0.591129
0.591133
0.591137
0.591141
0.591145
0.591148
0.591152
0.591156
0.591159
0.591163
0.591166
0.591169
0.591171
0.591174
0.591176
0.591178
0.591179
0.59118
0.591181
0.591181
0.591182
0.59118
0.591184
0.585735
0.585868
0.586012
0.586177
0.586364
0.58657
0.586791
0.587025
0.587265
0.587508
0.587759
0.588011
0.588264
0.588522
0.588777
0.589026
0.589265
0.589493
0.589707
0.589904
0.590082
0.59024
0.590378
0.590497
0.5906
0.590688
0.590762
0.590827
0.590882
0.590929
0.59097
0.591006
0.59104
0.591073
0.591105
0.591137
0.591168
0.591198
0.591225
0.591249
0.59127
0.591287
0.5913
0.591309
0.591314
0.591315
0.591313
0.591308
0.5913
0.59129
0.591278
0.591265
0.591251
0.591236
0.591221
0.591205
0.59119
0.591176
0.591162
0.591149
0.591138
0.591128
0.591119
0.591111
0.591105
0.5911
0.591096
0.591094
0.591093
0.591092
0.591093
0.591095
0.591097
0.591099
0.591102
0.591106
0.591109
0.591113
0.591117
0.591121
0.591125
0.591129
0.591132
0.591136
0.59114
0.591143
0.591147
0.59115
0.591153
0.591156
0.591158
0.59116
0.591162
0.591163
0.591165
0.591165
0.591166
0.591166
0.591164
0.591167
0.585696
0.585839
0.585987
0.586155
0.586343
0.586548
0.586767
0.586994
0.587234
0.587483
0.587736
0.58799
0.588244
0.588501
0.588756
0.589006
0.589246
0.589475
0.589688
0.589882
0.590056
0.590209
0.590342
0.590456
0.590554
0.590639
0.590712
0.590775
0.59083
0.590877
0.59092
0.590959
0.590997
0.591035
0.591073
0.59111
0.591145
0.591178
0.591206
0.591231
0.591251
0.591265
0.591275
0.591279
0.59128
0.591277
0.591272
0.591264
0.591255
0.591244
0.591231
0.591218
0.591205
0.591191
0.591177
0.591163
0.59115
0.591138
0.591127
0.591117
0.591107
0.591099
0.591092
0.591087
0.591082
0.591078
0.591076
0.591074
0.591074
0.591074
0.591075
0.591077
0.591079
0.591082
0.591085
0.591088
0.591091
0.591095
0.591098
0.591102
0.591106
0.59111
0.591114
0.591117
0.591121
0.591125
0.591128
0.591132
0.591135
0.591137
0.59114
0.591142
0.591143
0.591144
0.591146
0.591146
0.591146
0.591147
0.591144
0.591148
0.585695
0.585828
0.585979
0.586146
0.586332
0.586534
0.586749
0.586975
0.587211
0.587457
0.587709
0.587963
0.58822
0.588479
0.588736
0.588988
0.589231
0.58946
0.589672
0.589863
0.590032
0.59018
0.590306
0.590415
0.59051
0.590593
0.590669
0.590735
0.590792
0.590839
0.590885
0.59093
0.590974
0.591019
0.591063
0.591107
0.591147
0.591182
0.59121
0.591233
0.591249
0.591259
0.591264
0.591264
0.59126
0.591253
0.591244
0.591234
0.591223
0.591211
0.591198
0.591185
0.591172
0.59116
0.591147
0.591136
0.591125
0.591115
0.591106
0.591098
0.591091
0.591085
0.59108
0.591075
0.591072
0.591069
0.591067
0.591066
0.591065
0.591065
0.591066
0.591068
0.59107
0.591072
0.591075
0.591077
0.59108
0.591083
0.591086
0.591089
0.591093
0.591096
0.5911
0.591103
0.591107
0.59111
0.591114
0.591117
0.59112
0.591122
0.591124
0.591126
0.591127
0.591128
0.591129
0.591129
0.591129
0.591129
0.591126
0.591129
0.585782
0.585887
0.586026
0.586185
0.586362
0.586554
0.586763
0.586982
0.587212
0.587452
0.587701
0.587955
0.588216
0.588479
0.588739
0.588993
0.589238
0.589469
0.589678
0.589865
0.590029
0.590171
0.590295
0.590403
0.590501
0.59059
0.590673
0.590741
0.590805
0.590857
0.590909
0.590962
0.591013
0.591066
0.591118
0.591167
0.591211
0.591244
0.591267
0.591286
0.591297
0.5913
0.591298
0.591291
0.591281
0.591269
0.591256
0.591243
0.591229
0.591216
0.591202
0.591189
0.591177
0.591166
0.591155
0.591145
0.591136
0.591128
0.59112
0.591114
0.591108
0.591103
0.591099
0.591095
0.591091
0.591088
0.591086
0.591084
0.591082
0.591082
0.591082
0.591082
0.591083
0.591084
0.591085
0.591086
0.591087
0.591089
0.591091
0.591093
0.591096
0.591098
0.591101
0.591104
0.591107
0.59111
0.591112
0.591115
0.591117
0.591119
0.59112
0.591121
0.591122
0.591122
0.591122
0.591122
0.591121
0.59112
0.591117
0.59112
0.58607
0.586108
0.586208
0.586337
0.586485
0.58666
0.586857
0.587068
0.587293
0.587522
0.587767
0.588018
0.588282
0.588553
0.588811
0.589067
0.589316
0.58955
0.58976
0.589945
0.590108
0.59025
0.590378
0.590493
0.59061
0.590713
0.590801
0.590871
0.59094
0.591006
0.591066
0.59113
0.591187
0.591245
0.591302
0.59135
0.591394
0.591418
0.591427
0.591437
0.591439
0.591432
0.59142
0.591404
0.591387
0.591369
0.591352
0.591334
0.591316
0.5913
0.591284
0.59127
0.591257
0.591245
0.591234
0.591224
0.591215
0.591206
0.591198
0.591191
0.591185
0.59118
0.591174
0.591169
0.591163
0.591158
0.591153
0.591149
0.591145
0.591142
0.591139
0.591137
0.591135
0.591133
0.591132
0.59113
0.591129
0.591129
0.591128
0.591129
0.591129
0.59113
0.591131
0.591132
0.591134
0.591135
0.591136
0.591137
0.591138
0.591138
0.591138
0.591138
0.591138
0.591137
0.591135
0.591134
0.591132
0.591131
0.591127
0.591129
0.586681
0.586681
0.5867
0.586766
0.586863
0.586996
0.587161
0.587349
0.587575
0.587779
0.588026
0.588274
0.588526
0.588806
0.589052
0.589314
0.589576
0.589823
0.59004
0.590234
0.590408
0.590559
0.590707
0.590846
0.590985
0.591099
0.591189
0.591264
0.59135
0.591429
0.591496
0.591576
0.591634
0.591687
0.591741
0.591774
0.591799
0.591798
0.591787
0.591773
0.591755
0.591724
0.591699
0.591674
0.59165
0.591625
0.5916
0.591574
0.591547
0.591523
0.591499
0.591478
0.591458
0.591442
0.591428
0.591415
0.591399
0.591386
0.591372
0.591363
0.591353
0.591345
0.591336
0.591327
0.591317
0.591308
0.591298
0.591289
0.59128
0.591272
0.591265
0.591257
0.59125
0.591244
0.591238
0.591232
0.591226
0.591222
0.591217
0.591214
0.591211
0.591208
0.591206
0.591205
0.591203
0.591202
0.5912
0.591199
0.591197
0.591195
0.591193
0.59119
0.591188
0.591185
0.591182
0.591179
0.591175
0.591172
0.591168
0.591167
0.587801
0.587824
0.587826
0.587837
0.58788
0.587952
0.588047
0.588201
0.588382
0.588604
0.588796
0.589019
0.589274
0.589527
0.589789
0.590057
0.590318
0.590593
0.590818
0.591028
0.591224
0.591405
0.591573
0.59172
0.591844
0.591955
0.592059
0.592141
0.592223
0.59231
0.592375
0.59245
0.592501
0.592533
0.592561
0.592564
0.592547
0.592512
0.59247
0.592419
0.592378
0.592321
0.592284
0.592243
0.592197
0.592154
0.59211
0.592069
0.592026
0.591986
0.591932
0.591894
0.591844
0.591814
0.591795
0.591772
0.591738
0.591712
0.591678
0.591659
0.591642
0.591636
0.591619
0.591608
0.591594
0.591576
0.591558
0.59154
0.591523
0.591506
0.59149
0.591474
0.591459
0.591444
0.59143
0.591417
0.591405
0.591393
0.591382
0.591373
0.591364
0.591355
0.591348
0.591341
0.591335
0.591329
0.591323
0.591317
0.591312
0.591306
0.5913
0.591295
0.591289
0.591284
0.591278
0.591272
0.591266
0.59126
0.591255
0.59125
0.588693
0.588742
0.588807
0.588855
0.588908
0.588986
0.58909
0.58923
0.589392
0.589584
0.589776
0.589994
0.590211
0.590413
0.590619
0.590815
0.590992
0.591159
0.59131
0.591464
0.591603
0.591749
0.59189
0.592018
0.592114
0.592227
0.592347
0.592434
0.592521
0.592605
0.592684
0.59274
0.592796
0.592823
0.59284
0.592831
0.592809
0.592782
0.592732
0.592715
0.592672
0.592643
0.59264
0.592629
0.592594
0.592572
0.592545
0.592524
0.592501
0.592481
0.592457
0.592431
0.592405
0.59238
0.592359
0.592334
0.592306
0.592277
0.592247
0.592191
0.592165
0.59215
0.592134
0.592107
0.592073
0.592038
0.592001
0.591966
0.591932
0.591899
0.591867
0.591836
0.591806
0.591778
0.591751
0.591725
0.591701
0.591679
0.591658
0.591638
0.591619
0.591602
0.591585
0.59157
0.591555
0.591542
0.591529
0.591517
0.591504
0.591493
0.591482
0.591471
0.59146
0.59145
0.591439
0.59143
0.59142
0.59141
0.591401
0.591392
0.589037
0.589056
0.589176
0.589252
0.589317
0.589405
0.589511
0.589643
0.589792
0.589961
0.590134
0.590313
0.590493
0.590664
0.590831
0.590989
0.591134
0.591274
0.591404
0.591537
0.591664
0.591794
0.591934
0.59204
0.592151
0.59227
0.592354
0.592441
0.592517
0.592588
0.592666
0.592724
0.592767
0.592803
0.592824
0.59281
0.592793
0.592757
0.592716
0.592728
0.592704
0.5927
0.592694
0.592675
0.592652
0.592631
0.592617
0.592607
0.5926
0.592597
0.592596
0.592596
0.592598
0.592596
0.592592
0.592588
0.592583
0.592576
0.592562
0.592541
0.592523
0.592504
0.592485
0.592471
0.592453
0.592432
0.592411
0.592388
0.592364
0.59234
0.592314
0.592288
0.59226
0.592232
0.592203
0.592174
0.592144
0.592114
0.592082
0.592052
0.592019
0.591987
0.591956
0.591926
0.591898
0.591871
0.591845
0.591821
0.591797
0.591776
0.591755
0.591736
0.591718
0.591701
0.591685
0.591668
0.591654
0.591638
0.591626
0.591607
0.589237
0.589279
0.589406
0.589492
0.589568
0.589662
0.589769
0.589893
0.590027
0.590176
0.590327
0.590482
0.590635
0.590782
0.590922
0.591055
0.591189
0.591317
0.591444
0.591566
0.591694
0.591811
0.591941
0.59204
0.592151
0.592262
0.59236
0.59243
0.592503
0.59259
0.59265
0.592696
0.59274
0.592772
0.592773
0.592763
0.592743
0.592709
0.592713
0.592695
0.59268
0.592673
0.592665
0.592648
0.592634
0.592618
0.592601
0.592593
0.592588
0.592586
0.592583
0.592582
0.592581
0.592577
0.592574
0.592569
0.592567
0.59256
0.592554
0.592544
0.592534
0.592523
0.592513
0.592502
0.59249
0.592479
0.59247
0.59246
0.59245
0.592442
0.592434
0.592425
0.592415
0.592404
0.592394
0.592382
0.59237
0.592357
0.592345
0.592331
0.592317
0.592299
0.592282
0.592261
0.59224
0.592216
0.592193
0.592169
0.592147
0.592124
0.592104
0.592082
0.592064
0.592041
0.592025
0.592001
0.591985
0.591961
0.591944
0.591917
0.589456
0.589498
0.58961
0.58969
0.589761
0.589847
0.589944
0.590052
0.590171
0.590299
0.590434
0.590572
0.590713
0.590848
0.590982
0.591111
0.591239
0.591356
0.591477
0.591595
0.591714
0.591828
0.591941
0.592051
0.592155
0.592244
0.592336
0.592415
0.592489
0.592554
0.592625
0.59267
0.592712
0.592742
0.592738
0.592752
0.592733
0.592706
0.592707
0.59269
0.592675
0.592657
0.592658
0.592645
0.592632
0.592613
0.592599
0.592588
0.592582
0.592577
0.592574
0.592569
0.592566
0.59256
0.592555
0.592549
0.592544
0.592537
0.592529
0.592519
0.592509
0.592499
0.592487
0.592477
0.592466
0.592455
0.592445
0.592434
0.592424
0.592415
0.592408
0.592401
0.592394
0.592387
0.592381
0.592374
0.592367
0.59236
0.592353
0.592345
0.592338
0.592331
0.592324
0.592315
0.592308
0.5923
0.592293
0.592286
0.592279
0.59227
0.592261
0.592251
0.592243
0.592233
0.592224
0.592214
0.592206
0.592196
0.592188
0.592173
0.589676
0.589719
0.589816
0.589891
0.589962
0.590045
0.590137
0.590236
0.590345
0.590461
0.590585
0.590712
0.590841
0.590964
0.59109
0.591206
0.591322
0.591432
0.591542
0.591653
0.591763
0.591873
0.591979
0.592084
0.592184
0.592277
0.592368
0.592434
0.592508
0.592569
0.592618
0.592658
0.592687
0.592701
0.592711
0.592713
0.592691
0.592681
0.592675
0.592661
0.592625
0.592626
0.592623
0.592612
0.592598
0.592585
0.592573
0.592563
0.592557
0.592552
0.592548
0.592543
0.592539
0.592534
0.592527
0.59252
0.592512
0.592505
0.592495
0.592486
0.592475
0.592465
0.592454
0.592444
0.592434
0.592423
0.592413
0.592402
0.592392
0.592382
0.592373
0.592363
0.592355
0.592347
0.59234
0.592332
0.592326
0.592319
0.592313
0.592307
0.592301
0.592295
0.59229
0.592284
0.59228
0.592275
0.592271
0.592267
0.592263
0.59226
0.592256
0.592252
0.592249
0.592245
0.59224
0.592237
0.592233
0.59223
0.592225
0.592221
0.589894
0.589945
0.590033
0.590092
0.590155
0.590234
0.590323
0.590415
0.590512
0.590614
0.590723
0.590834
0.590951
0.59106
0.591174
0.591281
0.591388
0.59149
0.591591
0.591691
0.591791
0.591892
0.591987
0.592082
0.592173
0.592259
0.592338
0.592411
0.59247
0.592527
0.592572
0.592611
0.592633
0.592653
0.592661
0.59266
0.592646
0.592648
0.59264
0.592613
0.592598
0.592602
0.5926
0.592584
0.592573
0.592564
0.592554
0.592543
0.592534
0.592527
0.592522
0.592518
0.592513
0.592508
0.592502
0.592496
0.59249
0.592483
0.592476
0.592468
0.592459
0.592449
0.592439
0.592429
0.592418
0.592407
0.592397
0.592386
0.592376
0.592366
0.592356
0.592347
0.592338
0.592331
0.592323
0.592316
0.59231
0.592304
0.592299
0.592294
0.592289
0.592284
0.59228
0.592275
0.59227
0.592266
0.592262
0.592258
0.592254
0.59225
0.592247
0.592243
0.59224
0.592236
0.592232
0.592228
0.592224
0.59222
0.592214
0.592213
0.59007
0.59013
0.590225
0.590276
0.590326
0.590397
0.590482
0.590569
0.590661
0.590752
0.590849
0.590948
0.59105
0.591151
0.591254
0.591351
0.591449
0.591542
0.591635
0.591729
0.591817
0.591911
0.591997
0.592084
0.592165
0.592243
0.592315
0.592383
0.592436
0.592491
0.592534
0.592565
0.592583
0.592601
0.592609
0.592609
0.592609
0.592606
0.592603
0.592579
0.592581
0.592579
0.592568
0.592565
0.592555
0.592553
0.592544
0.592533
0.592519
0.592509
0.592501
0.592496
0.59249
0.592486
0.59248
0.592474
0.592468
0.592463
0.592456
0.59245
0.592442
0.592435
0.592426
0.592418
0.592409
0.592401
0.592392
0.592383
0.592374
0.592366
0.592358
0.592351
0.592344
0.592338
0.592332
0.592328
0.592322
0.592318
0.592314
0.592309
0.592302
0.592299
0.592294
0.592287
0.592281
0.592271
0.59226
0.592256
0.592249
0.592244
0.59224
0.592236
0.592234
0.59223
0.592226
0.592222
0.592217
0.59221
0.592206
0.592202
0.590218
0.590287
0.590376
0.590431
0.590477
0.590537
0.590609
0.590692
0.590775
0.59086
0.590947
0.591036
0.591129
0.591221
0.591314
0.591404
0.591493
0.591579
0.591664
0.591747
0.591829
0.591913
0.591994
0.592073
0.592146
0.59222
0.592286
0.592348
0.592401
0.592444
0.592481
0.592509
0.592528
0.592549
0.592554
0.592563
0.592566
0.592563
0.592563
0.592538
0.592553
0.592549
0.592539
0.592538
0.592531
0.592521
0.592515
0.592505
0.592493
0.592481
0.592473
0.592468
0.592463
0.592458
0.592453
0.592448
0.592441
0.592435
0.592429
0.592421
0.592415
0.592407
0.592399
0.59239
0.592382
0.592373
0.592365
0.592356
0.592348
0.59234
0.592332
0.592325
0.592318
0.592313
0.592308
0.592303
0.592298
0.592294
0.59229
0.592287
0.592284
0.592281
0.592279
0.592276
0.592273
0.59227
0.592266
0.592265
0.592262
0.592259
0.592255
0.592253
0.592247
0.592245
0.592238
0.592233
0.592221
0.592216
0.592211
0.592206
0.590381
0.590423
0.59052
0.590579
0.590624
0.590676
0.590739
0.590814
0.590889
0.590968
0.591046
0.591128
0.591211
0.591297
0.59138
0.591464
0.591544
0.591625
0.591702
0.59178
0.591855
0.59193
0.592003
0.592075
0.592143
0.59221
0.592271
0.592325
0.59237
0.592408
0.592442
0.592465
0.592487
0.592505
0.592512
0.592523
0.592525
0.592525
0.592516
0.592506
0.592519
0.592514
0.592509
0.592505
0.592497
0.592489
0.592482
0.592473
0.59246
0.592449
0.59244
0.592433
0.592427
0.592422
0.592417
0.592411
0.592405
0.592397
0.59239
0.592381
0.592373
0.592365
0.592356
0.592348
0.59234
0.592332
0.592324
0.592317
0.59231
0.592303
0.592297
0.592291
0.592284
0.59228
0.592274
0.59227
0.592265
0.592262
0.59226
0.592255
0.592252
0.592245
0.592239
0.592236
0.592232
0.592229
0.592225
0.592223
0.59222
0.592217
0.592214
0.592211
0.592209
0.592205
0.592203
0.592198
0.592194
0.592187
0.592183
0.592179
0.590544
0.590566
0.590656
0.590718
0.590765
0.590817
0.590872
0.59093
0.590998
0.591074
0.591146
0.591225
0.591301
0.591379
0.591452
0.591526
0.591598
0.59167
0.59174
0.591809
0.591877
0.591944
0.592009
0.592074
0.592136
0.592194
0.592245
0.592294
0.592334
0.59237
0.592403
0.592425
0.592448
0.592462
0.592474
0.592482
0.592483
0.592489
0.592478
0.592482
0.592481
0.592476
0.592475
0.592461
0.592456
0.592447
0.592442
0.59244
0.592429
0.592417
0.592407
0.592397
0.592389
0.592381
0.592374
0.592367
0.592361
0.592354
0.592348
0.592342
0.592335
0.592328
0.59232
0.592313
0.592305
0.592298
0.592291
0.592285
0.592279
0.592275
0.592269
0.592264
0.592259
0.592256
0.592252
0.592246
0.592243
0.59224
0.592236
0.592231
0.59223
0.592225
0.59222
0.592216
0.592206
0.592203
0.592197
0.592189
0.592181
0.592179
0.592176
0.592173
0.592167
0.592166
0.592162
0.592159
0.592155
0.592151
0.592145
0.592143
0.590721
0.590748
0.590798
0.590846
0.590903
0.590956
0.591005
0.59106
0.591114
0.591178
0.591242
0.591316
0.591389
0.59146
0.591525
0.591589
0.591651
0.591713
0.591777
0.591837
0.5919
0.591957
0.592018
0.592074
0.59213
0.592182
0.592229
0.592274
0.592311
0.592346
0.592373
0.592396
0.592416
0.592432
0.592442
0.59245
0.592455
0.592456
0.592449
0.59245
0.592452
0.592434
0.592432
0.592425
0.592424
0.592407
0.592406
0.5924
0.59239
0.592383
0.592376
0.592368
0.59236
0.592351
0.592343
0.592335
0.592329
0.592322
0.592316
0.592309
0.592303
0.592297
0.59229
0.592285
0.592279
0.592274
0.592268
0.592264
0.592259
0.592254
0.592249
0.592245
0.59224
0.592237
0.592233
0.59223
0.592225
0.592221
0.592216
0.592211
0.592207
0.592202
0.592197
0.592193
0.592188
0.592181
0.592176
0.592172
0.592168
0.592163
0.592161
0.592157
0.592153
0.592148
0.592145
0.592139
0.592134
0.592131
0.592127
0.592126
0.590909
0.590926
0.590959
0.590984
0.591026
0.591092
0.591145
0.591192
0.591232
0.591278
0.591332
0.591399
0.591467
0.591531
0.591589
0.591642
0.591695
0.591749
0.591805
0.59186
0.591916
0.591969
0.592023
0.592074
0.592126
0.592172
0.592214
0.592253
0.592284
0.592317
0.59234
0.592363
0.592378
0.592392
0.592402
0.592408
0.592413
0.592413
0.592409
0.592417
0.592405
0.592394
0.59239
0.592389
0.592379
0.592368
0.592362
0.592362
0.592354
0.592349
0.592344
0.592337
0.592332
0.592324
0.592318
0.592311
0.592304
0.592297
0.59229
0.592284
0.592277
0.592271
0.592267
0.592262
0.59226
0.592256
0.592255
0.592252
0.592251
0.592248
0.592247
0.592244
0.592241
0.59224
0.592238
0.592231
0.592229
0.592223
0.592216
0.592207
0.592205
0.592195
0.592191
0.592184
0.592174
0.592169
0.592162
0.592159
0.592157
0.592151
0.592148
0.592144
0.592138
0.592131
0.592132
0.592131
0.592133
0.592133
0.592134
0.592133
0.591067
0.591098
0.591116
0.591149
0.591165
0.591202
0.591258
0.591311
0.591336
0.591356
0.591397
0.591441
0.591483
0.591545
0.591626
0.591688
0.591742
0.591794
0.591842
0.591892
0.59194
0.591985
0.59203
0.592074
0.592116
0.592155
0.592192
0.592223
0.592251
0.592278
0.592297
0.592316
0.592331
0.592344
0.592352
0.592362
0.592367
0.592371
0.592368
0.592377
0.592373
0.592359
0.592362
0.592355
0.592343
0.592339
0.592335
0.592327
0.592325
0.592325
0.592322
0.592315
0.592311
0.592303
0.592297
0.592292
0.592289
0.592286
0.592281
0.592277
0.592273
0.592268
0.592265
0.59226
0.592258
0.592254
0.592252
0.592249
0.592247
0.592246
0.592246
0.592245
0.592244
0.592243
0.59224
0.592238
0.592235
0.592232
0.59223
0.592227
0.592224
0.592223
0.592218
0.592215
0.592208
0.592205
0.592196
0.592195
0.592187
0.592186
0.59218
0.592172
0.59217
0.592167
0.592161
0.592158
0.592156
0.592149
0.592146
0.592144
0.591215
0.591245
0.591279
0.591303
0.591292
0.591318
0.591361
0.591404
0.591448
0.591464
0.591485
0.59151
0.591573
0.591625
0.591685
0.591741
0.591792
0.591836
0.591879
0.59192
0.59196
0.591997
0.592035
0.592073
0.59211
0.592147
0.59218
0.592207
0.592232
0.592256
0.592271
0.592287
0.592297
0.592309
0.592318
0.592327
0.592331
0.592333
0.592341
0.592339
0.592341
0.592332
0.592334
0.592322
0.592316
0.592323
0.592312
0.5923
0.592303
0.592308
0.592304
0.5923
0.592296
0.592289
0.592286
0.592283
0.592282
0.592279
0.592277
0.592274
0.592271
0.592268
0.592267
0.592266
0.592265
0.592266
0.592264
0.592264
0.592262
0.592262
0.59226
0.592259
0.592257
0.592256
0.592254
0.592252
0.59225
0.592248
0.592245
0.592243
0.59224
0.592238
0.592236
0.592233
0.59223
0.592229
0.592226
0.592224
0.592222
0.592219
0.592217
0.592216
0.592213
0.592209
0.592209
0.592207
0.592204
0.5922
0.592194
0.592193
0.591332
0.591393
0.591437
0.591468
0.591435
0.591461
0.591459
0.591492
0.591547
0.591565
0.591592
0.591622
0.591639
0.591646
0.591692
0.59176
0.591817
0.591874
0.591924
0.591961
0.591991
0.592021
0.59205
0.59208
0.59211
0.592141
0.592166
0.592195
0.59222
0.592243
0.592262
0.592279
0.592294
0.592302
0.592312
0.592316
0.592316
0.592317
0.592323
0.592323
0.592322
0.592321
0.592323
0.592313
0.592305
0.592306
0.592297
0.592292
0.592294
0.592298
0.59229
0.592286
0.592284
0.592283
0.592283
0.592284
0.592285
0.592284
0.592283
0.592282
0.592279
0.592277
0.592274
0.592273
0.592272
0.592271
0.592269
0.592268
0.592267
0.592266
0.592264
0.592262
0.59226
0.592259
0.592258
0.592256
0.592255
0.592254
0.592253
0.592252
0.592252
0.59225
0.592249
0.592248
0.592247
0.592247
0.592245
0.592245
0.592244
0.592244
0.592243
0.592242
0.592239
0.592234
0.592234
0.592231
0.592229
0.592227
0.592224
0.592223
0.591471
0.591501
0.591558
0.591547
0.591589
0.591586
0.591579
0.591594
0.591622
0.591663
0.591694
0.591722
0.591714
0.591716
0.591723
0.591766
0.591805
0.591871
0.59192
0.591972
0.592009
0.592036
0.592058
0.592075
0.592096
0.592113
0.592126
0.592146
0.592165
0.592187
0.592205
0.592229
0.592254
0.592271
0.592282
0.592296
0.592303
0.592308
0.592307
0.592322
0.592304
0.592316
0.592311
0.592304
0.592303
0.592304
0.592297
0.592295
0.592294
0.592293
0.592288
0.592285
0.592283
0.592281
0.59228
0.592279
0.592279
0.592279
0.592277
0.592277
0.592276
0.592274
0.592273
0.59227
0.592269
0.592267
0.592265
0.592262
0.592262
0.592262
0.59226
0.592262
0.59226
0.592261
0.592259
0.592258
0.592257
0.592255
0.592254
0.592253
0.592252
0.592251
0.592252
0.592251
0.59225
0.592248
0.592247
0.592246
0.592247
0.592246
0.592246
0.592246
0.592246
0.592245
0.592245
0.592243
0.592243
0.592241
0.592239
0.592237
0.591623
0.5916
0.591647
0.591646
0.591713
0.591719
0.59172
0.591723
0.591735
0.59176
0.591796
0.591829
0.591815
0.59182
0.59183
0.591852
0.591881
0.59192
0.591972
0.592005
0.59204
0.592062
0.592079
0.592088
0.592104
0.59211
0.592122
0.592136
0.592145
0.59217
0.592197
0.592216
0.592242
0.592257
0.592261
0.592276
0.592294
0.592311
0.592299
0.592309
0.592305
0.592319
0.592305
0.592298
0.592314
0.592309
0.592308
0.5923
0.592304
0.592297
0.592291
0.592289
0.592288
0.592285
0.592285
0.592283
0.592283
0.592279
0.592276
0.592274
0.592276
0.592277
0.592276
0.59228
0.592275
0.592275
0.592274
0.59227
0.592263
0.592262
0.592259
0.592258
0.592257
0.592259
0.592254
0.592256
0.592258
0.592258
0.592258
0.592257
0.592256
0.592254
0.592252
0.592251
0.59225
0.592249
0.592248
0.592247
0.592247
0.592247
0.592246
0.592246
0.592246
0.592245
0.592245
0.592244
0.592243
0.592243
0.592241
0.592239
0.591764
0.591749
0.591733
0.591773
0.591803
0.591818
0.591852
0.591876
0.59187
0.591874
0.591906
0.591935
0.591919
0.591906
0.591903
0.591915
0.591954
0.591997
0.59204
0.592068
0.592097
0.592111
0.592123
0.592135
0.59214
0.592148
0.592156
0.592169
0.592184
0.592197
0.592209
0.592225
0.592238
0.59225
0.592258
0.592264
0.59228
0.592289
0.592287
0.592285
0.592295
0.592302
0.592287
0.592297
0.592297
0.592299
0.592303
0.592301
0.592298
0.592286
0.592284
0.592283
0.59228
0.592279
0.592273
0.592271
0.592273
0.592268
0.592264
0.592262
0.59226
0.592262
0.59226
0.592266
0.592262
0.592263
0.592263
0.592264
0.592259
0.592257
0.592254
0.592252
0.592251
0.592246
0.592244
0.592244
0.592247
0.592246
0.592246
0.592246
0.592246
0.592244
0.592242
0.592241
0.592241
0.592239
0.592239
0.592239
0.592239
0.59224
0.59224
0.59224
0.59224
0.592239
0.592239
0.592238
0.592238
0.592237
0.592235
0.592234
0.591878
0.591887
0.591856
0.591917
0.591897
0.591942
0.591952
0.591957
0.591957
0.591959
0.591991
0.592024
0.592025
0.592024
0.59201
0.592012
0.592029
0.592051
0.592084
0.592106
0.592125
0.59214
0.592162
0.592178
0.592192
0.592196
0.592205
0.592215
0.592227
0.592235
0.592244
0.592249
0.592257
0.592261
0.592267
0.592271
0.592273
0.592273
0.592277
0.592271
0.592278
0.592273
0.592268
0.592275
0.592269
0.592269
0.592265
0.592271
0.592266
0.592259
0.592257
0.592259
0.592256
0.592257
0.592253
0.592252
0.592251
0.592247
0.592242
0.592241
0.59224
0.59224
0.592239
0.592239
0.59224
0.592239
0.592238
0.592239
0.592237
0.592236
0.592233
0.592234
0.592228
0.592229
0.592227
0.592227
0.592229
0.592229
0.59223
0.592231
0.592232
0.592231
0.59223
0.592229
0.592229
0.592227
0.592227
0.592226
0.592225
0.592225
0.592224
0.592224
0.592223
0.592223
0.592222
0.592222
0.592221
0.592221
0.592219
0.592218
0.592018
0.592038
0.592026
0.592062
0.592014
0.592063
0.592057
0.592035
0.592074
0.592082
0.592088
0.5921
0.592111
0.592112
0.592103
0.5921
0.5921
0.592109
0.592129
0.592146
0.592158
0.592167
0.59219
0.5922
0.592213
0.59222
0.592227
0.592232
0.592238
0.592242
0.592245
0.592249
0.592249
0.592254
0.592259
0.592258
0.592257
0.592252
0.592257
0.592256
0.592251
0.592252
0.59225
0.592249
0.592244
0.592237
0.592235
0.592241
0.592231
0.592233
0.592232
0.592236
0.592225
0.59223
0.592227
0.592227
0.592227
0.592222
0.592221
0.592217
0.592215
0.592214
0.592218
0.592212
0.592217
0.592215
0.592216
0.592218
0.592219
0.592217
0.592216
0.592217
0.592215
0.592215
0.592214
0.592215
0.592214
0.592213
0.592212
0.592214
0.592213
0.592214
0.592214
0.592213
0.592213
0.592212
0.592213
0.592212
0.592212
0.592212
0.592212
0.592211
0.592211
0.59221
0.59221
0.592209
0.592209
0.592209
0.592207
0.592206
0.592145
0.592157
0.592138
0.592145
0.592125
0.592139
0.592141
0.592127
0.59215
0.592162
0.592171
0.592176
0.592186
0.592181
0.592181
0.592182
0.592181
0.59218
0.59219
0.592195
0.592202
0.592205
0.592217
0.592221
0.592226
0.592227
0.59223
0.592233
0.592234
0.592236
0.592234
0.592234
0.592232
0.592231
0.592233
0.592229
0.592227
0.592225
0.592223
0.592226
0.59222
0.592221
0.59222
0.592219
0.592212
0.592204
0.592207
0.592207
0.592202
0.592202
0.592204
0.592205
0.592198
0.592202
0.5922
0.592199
0.592202
0.592196
0.592199
0.592196
0.592194
0.592193
0.592198
0.592194
0.592195
0.592195
0.592198
0.592201
0.592204
0.592203
0.592204
0.592204
0.592204
0.592204
0.592203
0.592206
0.592204
0.592205
0.592204
0.592205
0.592204
0.592204
0.592206
0.592204
0.592204
0.592204
0.592205
0.592204
0.592203
0.592204
0.592204
0.592204
0.592203
0.592203
0.592203
0.592202
0.592202
0.592202
0.5922
0.592199
0.589533
0.589555
0.589553
0.589527
0.589516
0.58945
0.589391
0.589317
0.589247
0.58923
0.589779
0.589768
0.589751
0.589682
0.589684
0.589635
0.589601
0.589493
0.589421
0.589399
0.590029
0.590019
0.589964
0.589919
0.589867
0.589832
0.589797
0.589707
0.58959
0.589576
0.590223
0.590196
0.59013
0.590095
0.590039
0.58999
0.589949
0.589916
0.589783
0.589753
0.590428
0.590375
0.59031
0.590271
0.59021
0.590173
0.590102
0.59009
0.589997
0.589936
0.590607
0.590544
0.590479
0.590444
0.590373
0.590348
0.590269
0.590244
0.59017
0.590112
0.590763
0.590707
0.590635
0.590609
0.590535
0.590506
0.59045
0.590402
0.590341
0.590285
0.59091
0.59086
0.590789
0.590755
0.590698
0.590654
0.590607
0.590564
0.590509
0.59045
0.591047
0.590997
0.590938
0.590894
0.590848
0.590804
0.59076
0.590716
0.590678
0.590633
0.591177
0.591125
0.591077
0.591031
0.590989
0.590945
0.590909
0.590866
0.590826
0.590811
0.591303
0.591251
0.591214
0.591164
0.591131
0.591084
0.591048
0.591015
0.590966
0.59096
0.591421
0.591369
0.591339
0.59129
0.591257
0.591223
0.59118
0.591149
0.591116
0.591094
0.591534
0.591485
0.591459
0.591419
0.591379
0.591351
0.591317
0.591273
0.591249
0.591217
0.591636
0.591596
0.591568
0.591549
0.591509
0.591479
0.591452
0.591413
0.59138
0.591354
0.591736
0.591709
0.591672
0.591664
0.591633
0.5916
0.591585
0.591541
0.591518
0.591501
0.591827
0.591814
0.591779
0.591766
0.591757
0.591715
0.591717
0.591672
0.591638
0.59165
0.591928
0.591916
0.591891
0.591877
0.591871
0.591853
0.591831
0.591813
0.591762
0.591756
0.592006
0.591999
0.591993
0.591989
0.591973
0.591949
0.591951
0.591947
0.591897
0.591874
0.592089
0.592081
0.592089
0.592082
0.592087
0.59205
0.592055
0.592056
0.592033
0.592023
0.592167
0.592157
0.592164
0.592156
0.592161
0.592162
0.592148
0.592149
0.592148
0.592135
0.593203
0.593041
0.592947
0.592794
0.59252
0.592039
0.591459
0.590374
0.589336
0.585753
0.592616
0.592333
0.592084
0.591794
0.591407
0.590803
0.590105
0.588861
0.587715
0.583478
0.592039
0.591633
0.591346
0.590951
0.590529
0.589802
0.588979
0.587429
0.586104
0.581564
0.591473
0.591004
0.590635
0.590138
0.589568
0.588783
0.587932
0.58631
0.584996
0.579798
0.590892
0.590425
0.590054
0.589565
0.588962
0.58797
0.587016
0.585261
0.58367
0.578852
0.590427
0.589936
0.589469
0.588872
0.588316
0.58744
0.586402
0.584658
0.583252
0.577571
0.590083
0.589576
0.589157
0.588583
0.587921
0.586913
0.585999
0.584114
0.583047
0.576521
0.589746
0.589323
0.588823
0.588181
0.587624
0.586676
0.585772
0.584062
0.582813
0.576616
0.589437
0.589048
0.588698
0.588098
0.587499
0.586539
0.585723
0.584
0.583242
0.576407
0.589438
0.589025
0.588701
0.588115
0.587555
0.586624
0.58602
0.583802
0.583762
0.576279
0.598147
0.598536
0.599022
0.599486
0.600084
0.60063
0.601288
0.601849
0.602447
0.603051
0.598083
0.598496
0.598967
0.599452
0.600007
0.600583
0.601197
0.601741
0.602205
0.602896
0.597795
0.598181
0.598594
0.599042
0.599532
0.600039
0.6006
0.601058
0.601457
0.602079
0.59747
0.597801
0.598197
0.598529
0.599005
0.599351
0.599852
0.600199
0.600416
0.600723
0.597015
0.597296
0.597669
0.597966
0.598301
0.598672
0.598986
0.599215
0.599273
0.599158
0.596481
0.59677
0.597031
0.597313
0.597533
0.597672
0.597967
0.597987
0.597828
0.597465
0.595878
0.596118
0.596364
0.596452
0.596723
0.596752
0.596763
0.596713
0.596253
0.595299
0.595197
0.595356
0.595649
0.595615
0.595603
0.595581
0.595412
0.595186
0.594647
0.593132
0.594533
0.594521
0.594829
0.594778
0.594606
0.594461
0.594144
0.59355
0.592854
0.590632
0.593849
0.59372
0.593811
0.593794
0.593499
0.593181
0.592768
0.59198
0.5911
0.588258
0.592211
0.592211
0.592211
0.592211
0.592211
0.592211
0.592212
0.592212
0.592212
0.592212
0.592213
0.592213
0.592214
0.592214
0.592215
0.592215
0.592216
0.592216
0.592218
0.592218
0.59222
0.59222
0.592222
0.592222
0.592224
0.592225
0.592227
0.592228
0.592231
0.592232
0.592235
0.592236
0.592239
0.592241
0.592245
0.592247
0.592251
0.592254
0.592258
0.592261
0.592267
0.59227
0.592276
0.59228
0.592288
0.592292
0.5923
0.592306
0.592315
0.592321
0.592332
0.59234
0.592352
0.592361
0.592375
0.592385
0.592402
0.592413
0.592432
0.592445
0.592467
0.592483
0.592508
0.592526
0.592555
0.592575
0.592609
0.592632
0.592671
0.592698
0.592743
0.592775
0.592826
0.592862
0.592921
0.592964
0.593032
0.593082
0.59316
0.593219
0.59331
0.593378
0.593483
0.593564
0.593686
0.593782
0.593926
0.594042
0.594212
0.594352
0.594555
0.59473
0.594979
0.595197
0.59551
0.595789
0.59619
0.596561
0.597089
0.597598
0.592211
0.592211
0.592211
0.592211
0.592211
0.592211
0.592212
0.592211
0.592212
0.592212
0.592213
0.592213
0.592214
0.592214
0.592215
0.592215
0.592216
0.592216
0.592218
0.592218
0.592219
0.59222
0.592222
0.592222
0.592224
0.592225
0.592227
0.592228
0.592231
0.592232
0.592235
0.592236
0.592239
0.592241
0.592245
0.592247
0.592251
0.592253
0.592258
0.592261
0.592267
0.59227
0.592276
0.59228
0.592287
0.592292
0.5923
0.592306
0.592315
0.592321
0.592332
0.59234
0.592352
0.592361
0.592375
0.592385
0.592401
0.592413
0.592432
0.592445
0.592467
0.592482
0.592508
0.592526
0.592554
0.592575
0.592608
0.592632
0.592671
0.592698
0.592743
0.592774
0.592826
0.592862
0.592922
0.592964
0.593033
0.593082
0.593161
0.593218
0.59331
0.593377
0.593484
0.593563
0.593687
0.59378
0.593927
0.594038
0.594214
0.594346
0.594557
0.594719
0.594979
0.595181
0.595501
0.595765
0.596173
0.596522
0.597047
0.597536
0.592211
0.592211
0.592211
0.592211
0.592211
0.592211
0.592211
0.592211
0.592212
0.592212
0.592213
0.592213
0.592214
0.592214
0.592215
0.592215
0.592216
0.592216
0.592218
0.592218
0.592219
0.59222
0.592222
0.592222
0.592224
0.592225
0.592227
0.592228
0.592231
0.592232
0.592235
0.592236
0.592239
0.592241
0.592245
0.592247
0.592251
0.592253
0.592258
0.592261
0.592266
0.59227
0.592276
0.59228
0.592287
0.592292
0.5923
0.592305
0.592315
0.592321
0.592332
0.592339
0.592352
0.59236
0.592375
0.592385
0.592401
0.592413
0.592431
0.592445
0.592467
0.592482
0.592507
0.592525
0.592554
0.592575
0.592608
0.592632
0.59267
0.592698
0.592742
0.592775
0.592824
0.592864
0.592919
0.592966
0.59303
0.593083
0.593159
0.593218
0.593309
0.593376
0.593481
0.593562
0.593683
0.593779
0.59392
0.594036
0.594202
0.594342
0.59454
0.594712
0.594951
0.595166
0.595455
0.595732
0.596087
0.596447
0.596893
0.597363
0.592211
0.592211
0.592211
0.592211
0.592211
0.592211
0.592211
0.592211
0.592212
0.592212
0.592213
0.592213
0.592214
0.592214
0.592215
0.592215
0.592216
0.592216
0.592217
0.592218
0.592219
0.59222
0.592221
0.592222
0.592224
0.592225
0.592227
0.592228
0.59223
0.592232
0.592234
0.592236
0.592239
0.592241
0.592244
0.592247
0.592251
0.592253
0.592258
0.592261
0.592266
0.59227
0.592276
0.59228
0.592286
0.592292
0.592299
0.592306
0.592314
0.592322
0.592331
0.59234
0.592351
0.592361
0.592374
0.592385
0.592401
0.592412
0.592431
0.592445
0.592466
0.592482
0.592507
0.592525
0.592553
0.592575
0.592607
0.592632
0.59267
0.592698
0.592742
0.592774
0.592824
0.592864
0.592917
0.592969
0.593025
0.593087
0.593154
0.593224
0.593301
0.593382
0.593476
0.593562
0.593682
0.593774
0.593918
0.594028
0.594197
0.594326
0.594529
0.594687
0.594926
0.595128
0.595402
0.595664
0.59599
0.596318
0.596712
0.597105
0.59221
0.59221
0.592211
0.592211
0.592211
0.592211
0.592211
0.592211
0.592212
0.592212
0.592212
0.592213
0.592213
0.592214
0.592214
0.592215
0.592216
0.592216
0.592217
0.592218
0.592219
0.59222
0.592221
0.592222
0.592224
0.592225
0.592227
0.592228
0.59223
0.592232
0.592234
0.592236
0.592239
0.592241
0.592244
0.592246
0.59225
0.592253
0.592257
0.59226
0.592266
0.592269
0.592275
0.592279
0.592286
0.592291
0.592299
0.592305
0.592314
0.592321
0.592331
0.592339
0.592351
0.59236
0.592373
0.592384
0.5924
0.592412
0.59243
0.592444
0.592465
0.592482
0.592506
0.592525
0.592552
0.592574
0.592606
0.592632
0.592668
0.592698
0.59274
0.592774
0.592823
0.592863
0.592918
0.592966
0.593026
0.593086
0.593151
0.593223
0.593299
0.593379
0.593472
0.593559
0.593675
0.593768
0.593909
0.594017
0.594182
0.594309
0.594502
0.594656
0.594882
0.595066
0.595335
0.595552
0.595866
0.596114
0.596458
0.596727
0.59221
0.59221
0.59221
0.59221
0.592211
0.592211
0.592211
0.592211
0.592212
0.592212
0.592212
0.592213
0.592213
0.592213
0.592214
0.592215
0.592216
0.592216
0.592217
0.592218
0.592219
0.59222
0.592221
0.592222
0.592223
0.592225
0.592226
0.592228
0.59223
0.592231
0.592234
0.592235
0.592238
0.59224
0.592244
0.592246
0.59225
0.592253
0.592257
0.59226
0.592265
0.592269
0.592275
0.592279
0.592286
0.592291
0.592298
0.592304
0.592313
0.59232
0.59233
0.592338
0.59235
0.592359
0.592373
0.592384
0.592399
0.592412
0.592429
0.592444
0.592464
0.592481
0.592505
0.592525
0.592552
0.592574
0.592606
0.592632
0.592668
0.592699
0.59274
0.592775
0.592822
0.592864
0.592918
0.592966
0.593027
0.593085
0.593154
0.593222
0.593301
0.593378
0.593472
0.593559
0.59367
0.593769
0.593897
0.594014
0.594165
0.594301
0.594475
0.594632
0.594839
0.595017
0.595257
0.595459
0.595711
0.595944
0.596174
0.596396
0.59221
0.59221
0.59221
0.59221
0.592211
0.592211
0.592211
0.592211
0.592211
0.592212
0.592212
0.592212
0.592213
0.592213
0.592214
0.592214
0.592215
0.592216
0.592217
0.592217
0.592219
0.592219
0.592221
0.592222
0.592223
0.592224
0.592226
0.592227
0.592229
0.592231
0.592233
0.592235
0.592238
0.59224
0.592243
0.592246
0.592249
0.592252
0.592256
0.59226
0.592264
0.592268
0.592274
0.592278
0.592285
0.59229
0.592298
0.592304
0.592312
0.592319
0.592329
0.592337
0.592349
0.592358
0.592371
0.592383
0.592398
0.592411
0.592428
0.592443
0.592463
0.59248
0.592503
0.592523
0.59255
0.592573
0.592604
0.59263
0.592666
0.592697
0.592738
0.592774
0.59282
0.592862
0.592915
0.592963
0.593026
0.59308
0.593152
0.593215
0.593299
0.593371
0.593468
0.593549
0.593664
0.593755
0.593888
0.593994
0.594143
0.594268
0.594434
0.594579
0.594764
0.594927
0.595125
0.595298
0.595488
0.59563
0.595767
0.595959
0.59221
0.59221
0.59221
0.59221
0.59221
0.59221
0.592211
0.592211
0.592211
0.592211
0.592212
0.592212
0.592213
0.592213
0.592214
0.592214
0.592215
0.592216
0.592216
0.592217
0.592218
0.592219
0.59222
0.592221
0.592223
0.592224
0.592226
0.592227
0.592229
0.592231
0.592233
0.592235
0.592237
0.59224
0.592243
0.592245
0.592249
0.592252
0.592256
0.592259
0.592264
0.592268
0.592273
0.592278
0.592284
0.59229
0.592297
0.592303
0.592311
0.592319
0.592328
0.592337
0.592348
0.592358
0.592371
0.592383
0.592397
0.592411
0.592427
0.592443
0.592462
0.592481
0.592503
0.592524
0.59255
0.592574
0.592604
0.592632
0.592666
0.592699
0.592738
0.592776
0.592821
0.592865
0.592917
0.592967
0.593027
0.593085
0.593154
0.59322
0.5933
0.593375
0.593467
0.593553
0.593659
0.593756
0.593878
0.593989
0.594129
0.594254
0.59441
0.594546
0.594719
0.594855
0.595036
0.595156
0.59533
0.595394
0.595398
0.595429
0.59221
0.59221
0.59221
0.59221
0.59221
0.59221
0.59221
0.592211
0.592211
0.592211
0.592212
0.592212
0.592213
0.592213
0.592213
0.592214
0.592215
0.592215
0.592216
0.592217
0.592218
0.592219
0.59222
0.592221
0.592222
0.592224
0.592225
0.592227
0.592229
0.59223
0.592232
0.592234
0.592237
0.592239
0.592242
0.592244
0.592248
0.592251
0.592255
0.592258
0.592263
0.592267
0.592272
0.592277
0.592283
0.592289
0.592296
0.592302
0.59231
0.592318
0.592327
0.592336
0.592347
0.592356
0.592369
0.592381
0.592395
0.592408
0.592425
0.592441
0.59246
0.592478
0.592501
0.592521
0.592547
0.592571
0.592601
0.592629
0.592663
0.592695
0.592735
0.592772
0.592817
0.59286
0.592912
0.592962
0.593021
0.593078
0.593147
0.593212
0.593291
0.593365
0.593455
0.59354
0.59364
0.593739
0.593848
0.59396
0.594078
0.594205
0.594331
0.594465
0.594597
0.594728
0.594849
0.594944
0.59502
0.595121
0.595054
0.594883
0.59221
0.59221
0.59221
0.59221
0.59221
0.59221
0.59221
0.59221
0.592211
0.592211
0.592211
0.592212
0.592212
0.592213
0.592213
0.592214
0.592214
0.592215
0.592216
0.592217
0.592218
0.592219
0.59222
0.592221
0.592222
0.592223
0.592225
0.592226
0.592228
0.59223
0.592232
0.592234
0.592236
0.592239
0.592241
0.592244
0.592247
0.592251
0.592254
0.592258
0.592262
0.592267
0.592272
0.592277
0.592283
0.592288
0.592295
0.592302
0.59231
0.592318
0.592327
0.592336
0.592346
0.592357
0.592369
0.592381
0.592396
0.592409
0.592426
0.592442
0.592461
0.59248
0.592502
0.592524
0.592549
0.592574
0.592604
0.592633
0.592667
0.5927
0.59274
0.592778
0.592823
0.592868
0.59292
0.592971
0.59303
0.593089
0.593157
0.593224
0.593302
0.593378
0.593466
0.593552
0.593651
0.593748
0.593856
0.593964
0.594075
0.594193
0.594305
0.594429
0.594528
0.594643
0.594702
0.594794
0.594777
0.59477
0.594564
0.594408
0.592209
0.592209
0.592209
0.59221
0.59221
0.59221
0.59221
0.59221
0.59221
0.592211
0.592211
0.592211
0.592212
0.592212
0.592213
0.592213
0.592214
0.592215
0.592215
0.592216
0.592217
0.592218
0.592219
0.59222
0.592221
0.592223
0.592224
0.592226
0.592227
0.592229
0.592231
0.592233
0.592235
0.592238
0.59224
0.592243
0.592246
0.59225
0.592253
0.592257
0.592261
0.592265
0.59227
0.592275
0.592281
0.592286
0.592293
0.5923
0.592308
0.592315
0.592324
0.592333
0.592343
0.592354
0.592366
0.592378
0.592392
0.592406
0.592421
0.592438
0.592456
0.592475
0.592496
0.592519
0.592542
0.592569
0.592596
0.592626
0.592657
0.592693
0.592729
0.59277
0.59281
0.592859
0.592904
0.59296
0.593012
0.593076
0.593136
0.593208
0.593276
0.593356
0.593433
0.593524
0.593607
0.59371
0.593796
0.593914
0.593999
0.594127
0.5942
0.594337
0.594375
0.594518
0.594468
0.594572
0.594595
0.594337
0.594121
0.593686
0.592209
0.592209
0.592209
0.592209
0.592209
0.592209
0.59221
0.59221
0.59221
0.59221
0.592211
0.592211
0.592211
0.592212
0.592212
0.592213
0.592213
0.592214
0.592215
0.592216
0.592216
0.592218
0.592218
0.59222
0.592221
0.592222
0.592223
0.592225
0.592226
0.592228
0.59223
0.592232
0.592234
0.592237
0.592239
0.592242
0.592244
0.592248
0.592251
0.592255
0.592258
0.592263
0.592267
0.592273
0.592277
0.592284
0.592289
0.592296
0.592302
0.592311
0.592318
0.592328
0.592337
0.592348
0.592358
0.592371
0.592383
0.592398
0.592411
0.592429
0.592444
0.592465
0.592482
0.592506
0.592526
0.592554
0.592577
0.592609
0.592635
0.592673
0.592703
0.592746
0.59278
0.59283
0.592869
0.592927
0.592971
0.593036
0.593086
0.59316
0.593216
0.5933
0.593361
0.593455
0.593521
0.593625
0.593693
0.593808
0.59387
0.593994
0.594037
0.594166
0.594171
0.594299
0.594277
0.59431
0.594264
0.594036
0.593788
0.593471
0.592209
0.592209
0.592209
0.592209
0.592209
0.592209
0.592209
0.59221
0.59221
0.59221
0.59221
0.592211
0.592211
0.592212
0.592212
0.592213
0.592213
0.592214
0.592214
0.592215
0.592216
0.592217
0.592218
0.592219
0.59222
0.592221
0.592222
0.592224
0.592225
0.592227
0.592229
0.592231
0.592233
0.592235
0.592237
0.59224
0.592243
0.592246
0.592249
0.592253
0.592256
0.592261
0.592265
0.59227
0.592274
0.592281
0.592286
0.592293
0.592299
0.592307
0.592314
0.592324
0.592332
0.592343
0.592352
0.592365
0.592376
0.592391
0.592404
0.592421
0.592435
0.592455
0.592472
0.592495
0.592515
0.592542
0.592564
0.592595
0.59262
0.592656
0.592685
0.592726
0.59276
0.592807
0.592845
0.592899
0.592943
0.593004
0.593053
0.593121
0.593177
0.593252
0.593316
0.593394
0.593467
0.593551
0.593623
0.593719
0.59378
0.593877
0.593933
0.594006
0.59405
0.594076
0.594145
0.594099
0.593984
0.593797
0.593537
0.593237
0.592209
0.592209
0.592209
0.592209
0.592209
0.592209
0.592209
0.592209
0.592209
0.59221
0.59221
0.59221
0.592211
0.592211
0.592211
0.592212
0.592213
0.592213
0.592214
0.592215
0.592215
0.592216
0.592217
0.592218
0.592219
0.59222
0.592222
0.592223
0.592224
0.592226
0.592228
0.59223
0.592231
0.592234
0.592236
0.592239
0.592241
0.592244
0.592247
0.592251
0.592254
0.592258
0.592262
0.592267
0.592271
0.592277
0.592282
0.592289
0.592294
0.592303
0.592309
0.592318
0.592327
0.592336
0.592346
0.592357
0.592369
0.592382
0.592395
0.592411
0.592425
0.592444
0.592459
0.592482
0.5925
0.592526
0.592547
0.592577
0.592601
0.592634
0.592665
0.5927
0.592736
0.592777
0.592816
0.592865
0.592907
0.592964
0.593011
0.593074
0.593128
0.593193
0.593259
0.593325
0.593397
0.593467
0.593541
0.593611
0.593684
0.593744
0.593812
0.593846
0.593902
0.593877
0.593996
0.593858
0.593736
0.593569
0.59332
0.593014
0.592208
0.592208
0.592208
0.592208
0.592208
0.592209
0.592209
0.592209
0.592209
0.592209
0.59221
0.59221
0.59221
0.592211
0.592211
0.592212
0.592212
0.592213
0.592213
0.592214
0.592215
0.592216
0.592216
0.592217
0.592218
0.59222
0.592221
0.592222
0.592223
0.592225
0.592226
0.592228
0.59223
0.592232
0.592234
0.592237
0.592239
0.592242
0.592245
0.592248
0.592251
0.592256
0.592259
0.592264
0.592268
0.592273
0.592279
0.592285
0.592291
0.592298
0.592305
0.592312
0.592321
0.59233
0.59234
0.59235
0.592361
0.592374
0.592386
0.592401
0.592415
0.592432
0.592448
0.592468
0.592487
0.592509
0.592533
0.592557
0.592584
0.592612
0.592643
0.592675
0.592711
0.592747
0.592788
0.59283
0.592875
0.592922
0.592973
0.593025
0.593083
0.593138
0.593202
0.59326
0.593329
0.59339
0.593457
0.593519
0.593581
0.593636
0.593682
0.593719
0.593749
0.593757
0.593822
0.593654
0.59353
0.593389
0.593132
0.592862
0.592208
0.592208
0.592208
0.592208
0.592208
0.592208
0.592208
0.592209
0.592209
0.592209
0.592209
0.59221
0.59221
0.59221
0.592211
0.592211
0.592211
0.592212
0.592213
0.592213
0.592214
0.592215
0.592216
0.592217
0.592217
0.592219
0.59222
0.592221
0.592222
0.592224
0.592225
0.592227
0.592228
0.592231
0.592232
0.592235
0.592237
0.59224
0.592242
0.592246
0.592249
0.592253
0.592256
0.592261
0.592264
0.59227
0.592274
0.59228
0.592286
0.592292
0.592299
0.592307
0.592314
0.592323
0.592332
0.592342
0.592352
0.592365
0.592376
0.592391
0.592403
0.59242
0.592435
0.592453
0.592473
0.592492
0.592515
0.592538
0.592563
0.59259
0.592618
0.592651
0.592681
0.592719
0.592754
0.592795
0.592837
0.59288
0.59293
0.592976
0.593029
0.593083
0.593137
0.593197
0.593252
0.593312
0.593369
0.593425
0.593475
0.593526
0.593561
0.59359
0.593595
0.593625
0.593614
0.593487
0.593359
0.593224
0.592978
0.592731
0.592207
0.592208
0.592208
0.592208
0.592208
0.592208
0.592208
0.592208
0.592208
0.592209
0.592209
0.592209
0.592209
0.59221
0.59221
0.592211
0.592211
0.592212
0.592212
0.592213
0.592213
0.592214
0.592215
0.592216
0.592217
0.592218
0.592219
0.59222
0.592221
0.592222
0.592224
0.592225
0.592227
0.592229
0.592231
0.592233
0.592235
0.592238
0.59224
0.592244
0.592246
0.59225
0.592253
0.592258
0.592261
0.592266
0.59227
0.592276
0.592281
0.592288
0.592293
0.592301
0.592308
0.592317
0.592324
0.592335
0.592343
0.592355
0.592366
0.592379
0.592392
0.592406
0.592423
0.592438
0.592457
0.592475
0.592497
0.592518
0.592541
0.592569
0.592592
0.592625
0.592652
0.592687
0.592722
0.592757
0.5928
0.592838
0.592884
0.592928
0.592975
0.593028
0.593074
0.593131
0.593177
0.593234
0.593283
0.593328
0.59338
0.593409
0.593444
0.593472
0.593469
0.593476
0.593431
0.593341
0.593212
0.59308
0.592866
0.592624
0.592207
0.592207
0.592207
0.592207
0.592207
0.592208
0.592208
0.592208
0.592208
0.592208
0.592208
0.592209
0.592209
0.592209
0.592209
0.59221
0.59221
0.592211
0.592211
0.592212
0.592213
0.592213
0.592214
0.592215
0.592216
0.592217
0.592218
0.592219
0.59222
0.592221
0.592222
0.592224
0.592225
0.592227
0.592229
0.592231
0.592233
0.592236
0.592237
0.592241
0.592243
0.592247
0.592249
0.592254
0.592257
0.592262
0.592266
0.592271
0.592276
0.592282
0.592288
0.592294
0.592301
0.592309
0.592316
0.592326
0.592334
0.592345
0.592356
0.592367
0.59238
0.592393
0.592408
0.592424
0.592439
0.592459
0.592476
0.592499
0.592518
0.592544
0.592567
0.592595
0.592625
0.592652
0.592689
0.592719
0.592759
0.592795
0.592836
0.592879
0.59292
0.592968
0.593013
0.593059
0.593107
0.593152
0.593198
0.593233
0.593286
0.593297
0.593324
0.593336
0.593357
0.593337
0.593269
0.593187
0.593071
0.592954
0.592757
0.592539
0.592207
0.592207
0.592207
0.592207
0.592207
0.592207
0.592207
0.592207
0.592207
0.592208
0.592208
0.592208
0.592208
0.592209
0.592209
0.59221
0.59221
0.59221
0.592211
0.592211
0.592212
0.592213
0.592213
0.592214
0.592215
0.592216
0.592216
0.592218
0.592219
0.59222
0.592221
0.592223
0.592224
0.592226
0.592227
0.592229
0.592231
0.592233
0.592235
0.592238
0.59224
0.592244
0.592246
0.59225
0.592253
0.592257
0.592261
0.592266
0.592271
0.592276
0.592282
0.592288
0.592294
0.592301
0.592308
0.592317
0.592325
0.592335
0.592344
0.592356
0.592367
0.592379
0.592393
0.592407
0.592423
0.592439
0.592457
0.592477
0.592495
0.59252
0.592541
0.592566
0.592594
0.592619
0.592652
0.59268
0.592717
0.59275
0.592788
0.592827
0.592865
0.592908
0.59295
0.592988
0.593036
0.593071
0.593113
0.593145
0.593183
0.593191
0.593239
0.593194
0.593255
0.593212
0.593137
0.593071
0.592965
0.59285
0.59267
0.592476
0.592207
0.592206
0.592206
0.592207
0.592207
0.592207
0.592207
0.592207
0.592207
0.592207
0.592207
0.592208
0.592208
0.592208
0.592208
0.592209
0.592209
0.59221
0.59221
0.592211
0.592211
0.592212
0.592212
0.592213
0.592214
0.592215
0.592215
0.592216
0.592217
0.592218
0.592219
0.592221
0.592222
0.592224
0.592225
0.592227
0.592228
0.592231
0.592232
0.592235
0.592237
0.59224
0.592243
0.592246
0.592249
0.592253
0.592257
0.592261
0.592265
0.59227
0.592275
0.592281
0.592286
0.592294
0.5923
0.592308
0.592315
0.592325
0.592333
0.592343
0.592354
0.592365
0.592378
0.59239
0.592405
0.59242
0.592437
0.592453
0.592473
0.592492
0.592515
0.592535
0.592562
0.592585
0.592615
0.592642
0.592674
0.592705
0.59274
0.592772
0.592814
0.592843
0.592888
0.592917
0.592963
0.592991
0.593027
0.593058
0.593081
0.593088
0.593145
0.593103
0.593153
0.593081
0.593017
0.592962
0.592861
0.592752
0.592591
0.592425
0.592206
0.592206
0.592206
0.592206
0.592206
0.592206
0.592206
0.592207
0.592207
0.592207
0.592207
0.592207
0.592207
0.592208
0.592208
0.592208
0.592209
0.592209
0.592209
0.59221
0.59221
0.592211
0.592211
0.592212
0.592213
0.592213
0.592214
0.592215
0.592216
0.592217
0.592218
0.592219
0.59222
0.592222
0.592223
0.592225
0.592226
0.592228
0.59223
0.592232
0.592234
0.592237
0.592239
0.592242
0.592245
0.592248
0.592252
0.592256
0.59226
0.592264
0.592269
0.592274
0.592279
0.592285
0.592292
0.592298
0.592306
0.592313
0.592322
0.592331
0.592341
0.59235
0.592362
0.592373
0.592387
0.5924
0.592416
0.59243
0.592449
0.592465
0.592487
0.592505
0.59253
0.59255
0.592578
0.592601
0.59263
0.592659
0.592689
0.592721
0.592755
0.592784
0.592823
0.592849
0.592887
0.592912
0.592946
0.592966
0.59299
0.592991
0.593011
0.593022
0.593037
0.592964
0.592915
0.592871
0.592777
0.592675
0.592526
0.592377
0.592206
0.592206
0.592206
0.592206
0.592206
0.592206
0.592206
0.592206
0.592206
0.592206
0.592206
0.592207
0.592207
0.592207
0.592207
0.592208
0.592208
0.592208
0.592209
0.592209
0.592209
0.59221
0.59221
0.592211
0.592212
0.592212
0.592213
0.592214
0.592214
0.592215
0.592216
0.592218
0.592218
0.59222
0.592221
0.592223
0.592224
0.592226
0.592227
0.592229
0.592231
0.592233
0.592236
0.592238
0.592241
0.592244
0.592247
0.59225
0.592254
0.592258
0.592262
0.592267
0.592271
0.592277
0.592282
0.592289
0.592295
0.592302
0.59231
0.592318
0.592327
0.592335
0.592346
0.592356
0.592369
0.59238
0.592394
0.592407
0.592424
0.592438
0.592458
0.592474
0.592497
0.592513
0.592539
0.592559
0.592586
0.592611
0.592638
0.592667
0.592696
0.592725
0.592754
0.592781
0.592813
0.592832
0.592866
0.59288
0.592895
0.592921
0.592883
0.592934
0.592913
0.59287
0.592825
0.592782
0.592695
0.592597
0.592468
0.592337
0.592205
0.592205
0.592205
0.592205
0.592205
0.592205
0.592205
0.592206
0.592206
0.592206
0.592206
0.592206
0.592206
0.592207
0.592207
0.592207
0.592207
0.592208
0.592208
0.592208
0.592209
0.592209
0.59221
0.59221
0.59221
0.592211
0.592212
0.592212
0.592213
0.592214
0.592215
0.592216
0.592216
0.592218
0.592219
0.59222
0.592221
0.592223
0.592224
0.592226
0.592228
0.59223
0.592232
0.592234
0.592237
0.592239
0.592242
0.592244
0.592248
0.592251
0.592255
0.592259
0.592263
0.592268
0.592273
0.592279
0.592284
0.592291
0.592297
0.592305
0.592312
0.59232
0.592329
0.592338
0.592349
0.592359
0.592372
0.592383
0.592399
0.592411
0.592429
0.592442
0.592462
0.592477
0.592499
0.592518
0.59254
0.592564
0.592586
0.592613
0.592637
0.592665
0.592687
0.592714
0.592736
0.592758
0.592781
0.592793
0.592811
0.592824
0.592825
0.592846
0.592794
0.592786
0.592734
0.59269
0.592614
0.592538
0.592424
0.592315
0.592205
0.592205
0.592205
0.592205
0.592205
0.592205
0.592205
0.592205
0.592205
0.592205
0.592205
0.592206
0.592206
0.592206
0.592206
0.592206
0.592207
0.592207
0.592207
0.592207
0.592208
0.592208
0.592209
0.592209
0.592209
0.59221
0.59221
0.592211
0.592212
0.592212
0.592213
0.592214
0.592215
0.592216
0.592216
0.592218
0.592219
0.59222
0.592221
0.592223
0.592224
0.592226
0.592228
0.59223
0.592232
0.592234
0.592237
0.592239
0.592242
0.592245
0.592248
0.592252
0.592255
0.59226
0.592264
0.592269
0.592273
0.592279
0.592285
0.592291
0.592298
0.592304
0.592313
0.59232
0.592329
0.592338
0.592348
0.59236
0.592372
0.592384
0.592398
0.59241
0.592427
0.59244
0.592458
0.592475
0.592494
0.592515
0.592534
0.592558
0.592578
0.592604
0.59262
0.592647
0.59266
0.592682
0.592697
0.592713
0.592733
0.592718
0.592752
0.592733
0.592706
0.592702
0.592653
0.592616
0.592549
0.592487
0.592388
0.592297
0.592205
0.592205
0.592205
0.592205
0.592204
0.592205
0.592205
0.592205
0.592205
0.592205
0.592205
0.592205
0.592205
0.592205
0.592205
0.592206
0.592206
0.592206
0.592206
0.592207
0.592207
0.592207
0.592208
0.592208
0.592208
0.592209
0.592209
0.59221
0.59221
0.592211
0.592211
0.592212
0.592213
0.592214
0.592214
0.592215
0.592216
0.592217
0.592218
0.59222
0.592221
0.592222
0.592224
0.592225
0.592228
0.592229
0.592231
0.592233
0.592236
0.592238
0.592241
0.592244
0.592247
0.592251
0.592254
0.592259
0.592263
0.592267
0.592273
0.592277
0.592284
0.592288
0.592296
0.592301
0.592309
0.592316
0.592325
0.592335
0.592345
0.592356
0.592367
0.592379
0.592391
0.592403
0.592418
0.59243
0.592448
0.592464
0.592482
0.592502
0.592521
0.592542
0.592557
0.592575
0.592583
0.592606
0.592608
0.59264
0.592638
0.592654
0.592632
0.592645
0.59264
0.592608
0.592577
0.592545
0.592489
0.592437
0.592352
0.592275
0.592204
0.592204
0.592204
0.592204
0.592204
0.592204
0.592204
0.592204
0.592204
0.592204
0.592204
0.592205
0.592205
0.592205
0.592205
0.592205
0.592205
0.592205
0.592206
0.592206
0.592206
0.592206
0.592207
0.592207
0.592207
0.592207
0.592208
0.592208
0.592209
0.592209
0.59221
0.59221
0.592211
0.592212
0.592212
0.592213
0.592213
0.592214
0.592215
0.592216
0.592218
0.592219
0.59222
0.592221
0.592223
0.592224
0.592226
0.592227
0.59223
0.592231
0.592234
0.592236
0.592238
0.592242
0.592244
0.592249
0.592251
0.592255
0.59226
0.592263
0.592268
0.592272
0.592278
0.592283
0.592289
0.592295
0.592301
0.59231
0.592317
0.592328
0.592336
0.592346
0.592355
0.592365
0.592375
0.592386
0.592398
0.592415
0.592425
0.592445
0.592465
0.592481
0.592491
0.592513
0.592498
0.592521
0.59253
0.592559
0.592563
0.592565
0.592538
0.59256
0.592556
0.592517
0.592504
0.592482
0.592427
0.592387
0.592324
0.592264
0.592204
0.592204
0.592204
0.592204
0.592204
0.592204
0.592204
0.592204
0.592204
0.592204
0.592204
0.592204
0.592204
0.592204
0.592204
0.592204
0.592204
0.592205
0.592205
0.592205
0.592205
0.592205
0.592205
0.592206
0.592206
0.592206
0.592206
0.592207
0.592207
0.592208
0.592208
0.592208
0.592209
0.592209
0.59221
0.59221
0.59221
0.59221
0.592212
0.592213
0.592214
0.592215
0.592216
0.592217
0.592218
0.592219
0.59222
0.592221
0.592222
0.592224
0.592226
0.592228
0.592229
0.592232
0.592234
0.592238
0.59224
0.592242
0.592247
0.59225
0.592253
0.592256
0.59226
0.592265
0.592266
0.592271
0.592275
0.592282
0.592289
0.592296
0.592306
0.592313
0.592318
0.592326
0.592333
0.592343
0.592342
0.592365
0.592365
0.592381
0.592408
0.592421
0.592426
0.592443
0.592426
0.592443
0.592462
0.592453
0.59248
0.592446
0.592463
0.59248
0.592451
0.592441
0.592433
0.592426
0.592384
0.592345
0.592294
0.592242
0.592203
0.592203
0.592203
0.592203
0.592203
0.592203
0.592203
0.592203
0.592203
0.592203
0.592203
0.592203
0.592203
0.592203
0.592204
0.592204
0.592204
0.592204
0.592204
0.592204
0.592204
0.592204
0.592204
0.592205
0.592205
0.592205
0.592204
0.592205
0.592205
0.592206
0.592206
0.592206
0.592207
0.592206
0.592207
0.592207
0.592208
0.592208
0.592208
0.592208
0.592211
0.592211
0.592211
0.592212
0.592213
0.592214
0.592214
0.592215
0.592215
0.592218
0.592219
0.592219
0.592219
0.592222
0.592224
0.592226
0.592228
0.592228
0.592232
0.592235
0.592235
0.592237
0.592241
0.592243
0.592243
0.592243
0.592248
0.592252
0.59226
0.592264
0.592272
0.592275
0.592277
0.592283
0.592289
0.592292
0.592294
0.592305
0.592303
0.592318
0.592336
0.592349
0.592364
0.592355
0.592368
0.592376
0.592393
0.592372
0.592377
0.592375
0.592397
0.592394
0.592387
0.592384
0.592362
0.59236
0.592344
0.592327
0.592291
0.59224
0.592203
0.592203
0.592203
0.592203
0.592203
0.592203
0.592203
0.592203
0.592203
0.592203
0.592203
0.592203
0.592203
0.592203
0.592203
0.592203
0.592203
0.592203
0.592203
0.592203
0.592203
0.592204
0.592203
0.592204
0.592204
0.592204
0.592203
0.592204
0.592204
0.592205
0.592205
0.592204
0.592205
0.592205
0.592205
0.592205
0.592206
0.592206
0.592206
0.592206
0.592207
0.592208
0.592206
0.592208
0.592208
0.59221
0.59221
0.59221
0.592209
0.592211
0.592211
0.59221
0.592212
0.592214
0.592216
0.592214
0.592217
0.59222
0.592216
0.592221
0.592217
0.592221
0.592223
0.592227
0.592223
0.592228
0.592225
0.592234
0.592232
0.592238
0.59224
0.592238
0.592244
0.59224
0.592245
0.592248
0.592247
0.592248
0.592258
0.592268
0.59227
0.592282
0.592303
0.59229
0.592297
0.592303
0.592286
0.592296
0.592294
0.592299
0.592303
0.592289
0.592321
0.592313
0.592294
0.592282
0.592279
0.592267
0.592246
0.59222
0.592202
0.592202
0.592202
0.592202
0.592202
0.592202
0.592202
0.592202
0.592203
0.592202
0.592202
0.592202
0.592202
0.592202
0.592202
0.592202
0.592202
0.592203
0.592203
0.592203
0.592203
0.592203
0.592203
0.592203
0.592203
0.592203
0.592203
0.592203
0.592203
0.592203
0.592203
0.592203
0.592203
0.592203
0.592203
0.592203
0.592203
0.592203
0.592203
0.592203
0.592204
0.592204
0.592203
0.592204
0.592204
0.592204
0.592205
0.592205
0.592204
0.592205
0.592205
0.592204
0.592205
0.592207
0.592208
0.592206
0.592206
0.592209
0.592206
0.592208
0.592206
0.592209
0.592207
0.592212
0.592209
0.592216
0.59221
0.592214
0.592212
0.592214
0.592215
0.592212
0.592217
0.592214
0.592213
0.592222
0.592217
0.592214
0.592225
0.592226
0.592225
0.59223
0.592244
0.59224
0.59223
0.592236
0.592223
0.592239
0.592242
0.592239
0.592241
0.592229
0.592247
0.592248
0.592244
0.592236
0.592234
0.592229
0.592226
0.592213
0.593123
0.592551
0.591975
0.591438
0.590938
0.590543
0.59022
0.589903
0.589694
0.58964
0.592951
0.592393
0.591828
0.591401
0.591023
0.590696
0.590403
0.590135
0.589983
0.58984
0.592756
0.592255
0.591829
0.591489
0.591164
0.590871
0.590623
0.590393
0.590251
0.59012
0.592613
0.59219
0.591847
0.591535
0.591243
0.59099
0.590765
0.59057
0.590435
0.590306
0.59249
0.592148
0.591838
0.591577
0.591324
0.591118
0.590916
0.590758
0.590626
0.590508
0.59241
0.592109
0.591843
0.59163
0.591406
0.591231
0.591046
0.590911
0.590786
0.590681
0.592353
0.592085
0.591858
0.591675
0.591481
0.591327
0.591165
0.591047
0.590931
0.59084
0.592291
0.592077
0.591888
0.59172
0.591555
0.591416
0.591277
0.591173
0.591067
0.59099
0.59226
0.592079
0.591912
0.591763
0.59162
0.591498
0.591376
0.591285
0.591188
0.59112
0.592236
0.592079
0.591933
0.591805
0.591681
0.591574
0.591469
0.591386
0.591303
0.591238
0.592213
0.592079
0.591956
0.591846
0.591741
0.591646
0.591558
0.591483
0.591414
0.591354
0.592199
0.592087
0.591981
0.591887
0.591796
0.591716
0.59164
0.591575
0.591518
0.591461
0.592191
0.592096
0.592006
0.591925
0.591848
0.591778
0.591719
0.591657
0.591617
0.591562
0.592186
0.592107
0.592032
0.591961
0.591903
0.591837
0.591795
0.591736
0.591706
0.591659
0.592185
0.59212
0.59206
0.592001
0.591957
0.5919
0.59187
0.59182
0.591799
0.591757
0.592198
0.592139
0.592093
0.592039
0.592004
0.591957
0.59193
0.591891
0.59187
0.591849
0.592198
0.592149
0.592119
0.592078
0.592053
0.592017
0.591994
0.591968
0.591949
0.591935
0.592201
0.592166
0.592143
0.592118
0.5921
0.592078
0.592059
0.592044
0.592027
0.592019
0.592196
0.592174
0.59216
0.592152
0.592145
0.592136
0.592119
0.592117
0.5921
0.592129
0.592203
0.592193
0.592188
0.592184
0.592181
0.592177
0.592168
0.592169
0.592163
0.592178
)
;

boundaryField
{
    down
    {
        type            symmetryPlane;
    }
    right
    {
        type            calculated;
        value           nonuniform List<scalar> 
30
(
0.591183
0.591175
0.591159
0.59114
0.591123
0.591114
0.591124
0.591164
0.591247
0.59139
0.591605
0.591915
0.59217
0.592219
0.59221
0.5922
0.592204
0.592176
0.592141
0.592124
0.592131
0.592143
0.592191
0.592222
0.592236
0.592239
0.592233
0.592217
0.592206
0.592199
)
;
    }
    up
    {
        type            calculated;
        value           nonuniform List<scalar> 
220
(
0.592213
0.592219
0.592221
0.59222
0.592219
0.592222
0.592219
0.592216
0.592218
0.592219
0.592219
0.592221
0.59222
0.592218
0.592203
0.592204
0.592208
0.592197
0.592199
0.592204
0.592216
0.592219
0.592224
0.592228
0.592225
0.592222
0.592222
0.592217
0.592216
0.592217
0.592219
0.59222
0.592225
0.592227
0.592229
0.592228
0.592229
0.59223
0.592228
0.592228
0.592225
0.592222
0.59222
0.592217
0.592216
0.592213
0.592211
0.592209
0.592206
0.592206
0.592203
0.592202
0.592201
0.5922
0.592196
0.592191
0.592191
0.592189
0.592188
0.592188
0.592188
0.592188
0.592186
0.592187
0.592187
0.592187
0.592188
0.592187
0.592187
0.592187
0.592187
0.592187
0.592188
0.592187
0.592187
0.592189
0.592192
0.592195
0.592197
0.592197
0.592197
0.592198
0.592199
0.592199
0.592198
0.592199
0.5922
0.5922
0.5922
0.592201
0.592201
0.592201
0.592202
0.592202
0.592202
0.592202
0.592202
0.592202
0.592202
0.592202
0.592202
0.592202
0.592202
0.592202
0.592202
0.592202
0.592201
0.592201
0.592199
0.592199
0.592205
0.592204
0.592204
0.592203
0.592203
0.592206
0.592206
0.592209
0.592209
0.592215
0.592202
0.592202
0.592202
0.592202
0.592202
0.592202
0.592202
0.592202
0.592202
0.592202
0.592202
0.592202
0.592202
0.592202
0.592202
0.592202
0.592202
0.592202
0.592202
0.592202
0.592202
0.592202
0.592202
0.592202
0.592202
0.592202
0.592202
0.592202
0.592202
0.592202
0.592202
0.592202
0.592202
0.592202
0.592202
0.592202
0.592202
0.592202
0.592202
0.592202
0.592202
0.592202
0.592201
0.592201
0.592201
0.592201
0.592201
0.592201
0.592201
0.592201
0.592201
0.5922
0.592201
0.5922
0.592201
0.5922
0.5922
0.5922
0.592199
0.592199
0.592198
0.592199
0.592198
0.592198
0.592198
0.5922
0.592198
0.592198
0.592197
0.592197
0.592197
0.592195
0.592196
0.592196
0.592193
0.592193
0.592194
0.592191
0.592192
0.592193
0.592191
0.592189
0.592192
0.592195
0.592191
0.592192
0.592186
0.592188
0.592192
0.59219
0.592191
0.592182
0.592189
0.592195
0.592196
0.592199
0.592202
0.592205
0.59221
0.592208
)
;
    }
    left
    {
        type            calculated;
        value           nonuniform List<scalar> 
30
(
0.592211
0.592211
0.592211
0.592211
0.59221
0.59221
0.59221
0.59221
0.59221
0.59221
0.592209
0.592209
0.592209
0.592209
0.592208
0.592208
0.592207
0.592207
0.592207
0.592207
0.592206
0.592206
0.592205
0.592205
0.592205
0.592204
0.592204
0.592203
0.592203
0.592202
)
;
    }
    cylinder
    {
        type            calculated;
        value           nonuniform List<scalar> 
40
(
0.584614
0.584088
0.584106
0.584877
0.585987
0.586004
0.584332
0.582357
0.580113
0.578263
0.586036
0.585996
0.585908
0.585789
0.585669
0.585556
0.585452
0.585343
0.58522
0.585004
0.585753
0.583478
0.581564
0.579798
0.578852
0.577571
0.576521
0.576616
0.576407
0.576279
0.603051
0.602896
0.602079
0.600723
0.599158
0.597465
0.595299
0.593132
0.590632
0.588258
)
;
    }
    defaultFaces
    {
        type            empty;
    }
}


// ************************************************************************* //
