/*--------------------------------*- C++ -*----------------------------------*\
  =========                 |
  \\      /  F ield         | OpenFOAM: The Open Source CFD Toolbox
   \\    /   O peration     | Website:  https://openfoam.org
    \\  /    A nd           | Version:  8
     \\/     M anipulation  |
\*---------------------------------------------------------------------------*/
FoamFile
{
    version     2.0;
    format      ascii;
    class       volScalarField;
    location    "2.999969291";
    object      rho;
}
// * * * * * * * * * * * * * * * * * * * * * * * * * * * * * * * * * * * * * //

dimensions      [1 -3 0 0 0 0 0];

internalField   nonuniform List<scalar> 
6800
(
0.577888
0.579693
0.58028
0.581563
0.583043
0.583963
0.584699
0.585225
0.585714
0.586156
0.575219
0.578701
0.57993
0.581695
0.582843
0.583696
0.584414
0.585013
0.585604
0.586031
0.571276
0.577553
0.57939
0.580926
0.582238
0.583185
0.583954
0.584572
0.585126
0.585615
0.567066
0.576188
0.577615
0.579793
0.581257
0.582273
0.583123
0.583866
0.584565
0.585231
0.562471
0.574099
0.575789
0.578328
0.579949
0.581214
0.582269
0.583201
0.584029
0.584725
0.558035
0.571969
0.573407
0.576634
0.578561
0.58008
0.581331
0.58241
0.583355
0.584194
0.553943
0.56954
0.571244
0.575076
0.577175
0.57899
0.580471
0.581753
0.582855
0.583795
0.550538
0.56743
0.569232
0.573546
0.575956
0.578075
0.579748
0.58117
0.582375
0.58342
0.547969
0.565526
0.567639
0.572464
0.575046
0.577391
0.579229
0.580798
0.582109
0.583241
0.546417
0.564264
0.566634
0.571755
0.574496
0.577028
0.57899
0.580654
0.58203
0.583223
0.581331
0.580676
0.580498
0.580583
0.580855
0.58124
0.581735
0.582316
0.58294
0.583561
0.58084
0.580496
0.580341
0.580417
0.580661
0.581038
0.581545
0.582158
0.582826
0.583497
0.580274
0.580132
0.580077
0.580156
0.580405
0.580802
0.581337
0.581995
0.582745
0.583504
0.579796
0.579797
0.579831
0.57996
0.580243
0.580713
0.581338
0.582041
0.582819
0.583605
0.579393
0.579567
0.579725
0.579968
0.580373
0.580928
0.58156
0.582245
0.583007
0.583788
0.57916
0.579495
0.579854
0.580279
0.580794
0.581321
0.581888
0.582529
0.583275
0.58407
0.57894
0.579551
0.580176
0.580804
0.581207
0.58164
0.582195
0.582939
0.5837
0.584771
0.578521
0.579535
0.580681
0.581075
0.581431
0.581949
0.582748
0.583735
0.584665
0.585809
0.578191
0.57967
0.580767
0.581143
0.581679
0.582627
0.583786
0.584785
0.585749
0.586475
0.57839
0.579933
0.580565
0.581183
0.582337
0.583607
0.584588
0.585378
0.585934
0.586465
0.584255
0.584949
0.58551
0.585982
0.586372
0.586691
0.586958
0.587186
0.587381
0.587551
0.587698
0.587827
0.58794
0.58804
0.588128
0.588207
0.588277
0.588339
0.588395
0.588445
0.58849
0.58853
0.588567
0.588599
0.588628
0.588653
0.588675
0.588695
0.588711
0.588726
0.588739
0.58875
0.588759
0.588767
0.588775
0.588782
0.588788
0.588794
0.5888
0.588806
0.588812
0.588818
0.588824
0.58883
0.588836
0.588843
0.58885
0.588857
0.588864
0.588871
0.588878
0.588886
0.588893
0.588901
0.588909
0.588917
0.588925
0.588933
0.588942
0.588951
0.588959
0.588968
0.588978
0.588987
0.588996
0.589006
0.589015
0.589025
0.589034
0.589044
0.589053
0.589062
0.589071
0.589081
0.58909
0.589098
0.589107
0.589116
0.589125
0.589134
0.589142
0.589151
0.58916
0.589168
0.589177
0.589186
0.589195
0.589204
0.589212
0.589221
0.58923
0.589239
0.589248
0.589256
0.589265
0.589273
0.589283
0.589291
0.589303
0.589316
0.58417
0.584891
0.585458
0.585921
0.586306
0.586626
0.586896
0.587127
0.587325
0.587497
0.587647
0.587779
0.587895
0.587997
0.588088
0.58817
0.588242
0.588307
0.588365
0.588418
0.588465
0.588507
0.588545
0.588579
0.588609
0.588635
0.588658
0.588679
0.588696
0.588712
0.588725
0.588737
0.588748
0.588757
0.588765
0.588773
0.58878
0.588786
0.588793
0.588799
0.588806
0.588812
0.588818
0.588825
0.588832
0.588839
0.588846
0.588853
0.58886
0.588867
0.588875
0.588882
0.58889
0.588898
0.588906
0.588914
0.588922
0.588931
0.588939
0.588948
0.588957
0.588966
0.588975
0.588985
0.588994
0.589003
0.589013
0.589022
0.589032
0.589041
0.58905
0.589059
0.589069
0.589078
0.589087
0.589095
0.589104
0.589113
0.589122
0.58913
0.589139
0.589148
0.589157
0.589165
0.589174
0.589183
0.589192
0.589201
0.589209
0.589218
0.589227
0.589236
0.589244
0.589253
0.589262
0.58927
0.58928
0.589287
0.5893
0.589311
0.584099
0.584794
0.585355
0.585813
0.586199
0.586524
0.586801
0.587041
0.587246
0.587423
0.587579
0.587717
0.587839
0.587948
0.588045
0.588131
0.588208
0.588277
0.588339
0.588395
0.588445
0.58849
0.588531
0.588566
0.588598
0.588626
0.588651
0.588673
0.588692
0.588709
0.588724
0.588737
0.588748
0.588759
0.588768
0.588777
0.588784
0.588792
0.588799
0.588806
0.588813
0.58882
0.588826
0.588833
0.58884
0.588847
0.588854
0.588861
0.588868
0.588876
0.588883
0.588891
0.588898
0.588906
0.588914
0.588922
0.58893
0.588938
0.588947
0.588955
0.588964
0.588972
0.588981
0.58899
0.588999
0.589008
0.589017
0.589027
0.589036
0.589045
0.589053
0.589062
0.589071
0.58908
0.589089
0.589097
0.589106
0.589114
0.589123
0.589132
0.58914
0.589149
0.589157
0.589166
0.589175
0.589183
0.589192
0.589201
0.589209
0.589218
0.589226
0.589235
0.589244
0.589252
0.589261
0.589269
0.589278
0.589286
0.589297
0.589308
0.584012
0.584659
0.585243
0.585714
0.586107
0.586443
0.586734
0.586989
0.587205
0.587396
0.587563
0.587712
0.587843
0.58796
0.588065
0.588158
0.588241
0.588315
0.588382
0.588442
0.588495
0.588543
0.588585
0.588623
0.588656
0.588685
0.588711
0.588734
0.588753
0.588771
0.588786
0.588799
0.588811
0.588821
0.58883
0.588838
0.588846
0.588853
0.588859
0.588866
0.588872
0.588877
0.588883
0.588889
0.588895
0.588901
0.588907
0.588913
0.588919
0.588925
0.588931
0.588938
0.588944
0.588951
0.588958
0.588964
0.588971
0.588979
0.588986
0.588993
0.589001
0.589008
0.589016
0.589024
0.589032
0.58904
0.589048
0.589056
0.589064
0.589072
0.58908
0.589088
0.589096
0.589104
0.589111
0.589119
0.589127
0.589135
0.589143
0.589151
0.589159
0.589167
0.589175
0.589183
0.589191
0.589199
0.589207
0.589215
0.589223
0.589231
0.589239
0.589248
0.589256
0.589264
0.589271
0.589279
0.589287
0.589295
0.589304
0.589315
0.583975
0.584601
0.585255
0.585773
0.586192
0.586553
0.586869
0.587147
0.587383
0.58759
0.587772
0.587931
0.588072
0.588195
0.588304
0.588401
0.588486
0.588561
0.588628
0.588687
0.588738
0.588784
0.588823
0.588858
0.588888
0.588913
0.588935
0.588954
0.58897
0.588983
0.588994
0.589003
0.589011
0.589017
0.589022
0.589026
0.589029
0.589032
0.589034
0.589037
0.589038
0.58904
0.589042
0.589044
0.589046
0.589048
0.58905
0.589052
0.589055
0.589058
0.58906
0.589063
0.589067
0.58907
0.589073
0.589077
0.589081
0.589085
0.589089
0.589094
0.589099
0.589103
0.589108
0.589114
0.589119
0.589124
0.58913
0.589135
0.589141
0.589147
0.589153
0.589159
0.589164
0.58917
0.589176
0.589183
0.589189
0.589195
0.589201
0.589208
0.589214
0.589221
0.589227
0.589234
0.58924
0.589247
0.589254
0.589261
0.589268
0.589275
0.589282
0.589289
0.589295
0.589302
0.589309
0.589316
0.589322
0.589329
0.589335
0.589345
0.584121
0.584823
0.585593
0.586211
0.586703
0.58712
0.587485
0.587798
0.588069
0.5883
0.588497
0.588667
0.588811
0.588935
0.58904
0.589128
0.589204
0.589267
0.58932
0.589363
0.589399
0.589427
0.589449
0.589466
0.589478
0.589486
0.589491
0.589492
0.589491
0.589488
0.589483
0.589477
0.589469
0.589461
0.589452
0.589443
0.589433
0.589424
0.589414
0.589405
0.589396
0.589387
0.589378
0.58937
0.589363
0.589355
0.589349
0.589342
0.589336
0.589331
0.589326
0.589321
0.589317
0.589313
0.589309
0.589306
0.589304
0.589301
0.5893
0.589298
0.589297
0.589296
0.589296
0.589296
0.589296
0.589296
0.589297
0.589298
0.5893
0.589301
0.589303
0.589305
0.589307
0.589309
0.589312
0.589314
0.589317
0.58932
0.589323
0.589327
0.58933
0.589334
0.589338
0.589342
0.589346
0.58935
0.589354
0.589359
0.589363
0.589368
0.589373
0.589377
0.589382
0.589387
0.589391
0.589396
0.5894
0.589406
0.589408
0.589416
0.584797
0.585496
0.586357
0.587074
0.587634
0.588102
0.588517
0.588872
0.589181
0.589445
0.589668
0.589859
0.59002
0.590155
0.590268
0.59036
0.590435
0.590494
0.590539
0.590572
0.590593
0.590605
0.590609
0.590604
0.590592
0.590575
0.590553
0.590527
0.590497
0.590464
0.590429
0.590393
0.590356
0.590319
0.590282
0.590245
0.590208
0.590172
0.590136
0.590103
0.59007
0.590038
0.590007
0.589978
0.589949
0.589923
0.589897
0.589873
0.58985
0.589827
0.589806
0.589786
0.589767
0.589749
0.589733
0.589717
0.589702
0.589688
0.589675
0.589662
0.589651
0.58964
0.58963
0.58962
0.589612
0.589603
0.589596
0.589589
0.589583
0.589577
0.589571
0.589566
0.589562
0.589558
0.589554
0.58955
0.589547
0.589545
0.589543
0.589541
0.589539
0.589538
0.589537
0.589536
0.589536
0.589536
0.589536
0.589536
0.589537
0.589537
0.589538
0.589539
0.58954
0.589542
0.589542
0.589544
0.589544
0.589546
0.589545
0.589548
0.585824
0.586452
0.587285
0.587997
0.588563
0.589035
0.58944
0.589791
0.590093
0.59035
0.590569
0.590756
0.590916
0.591051
0.591166
0.591262
0.591342
0.591408
0.591462
0.591504
0.591537
0.591562
0.591578
0.591588
0.591591
0.591588
0.59158
0.591568
0.591552
0.591531
0.591507
0.591479
0.591447
0.591413
0.591376
0.591336
0.591294
0.59125
0.591205
0.591157
0.59111
0.59106
0.591011
0.590961
0.590911
0.590861
0.590811
0.590762
0.590714
0.590666
0.59062
0.590575
0.590531
0.590489
0.590449
0.59041
0.590373
0.590338
0.590305
0.590273
0.590243
0.590214
0.590187
0.590162
0.590137
0.590114
0.590093
0.590072
0.590052
0.590034
0.590016
0.59
0.589984
0.589969
0.589955
0.589941
0.589928
0.589916
0.589905
0.589894
0.589884
0.589875
0.589866
0.589858
0.58985
0.589843
0.589836
0.58983
0.589824
0.589818
0.589813
0.589808
0.589803
0.589799
0.589794
0.58979
0.589785
0.589781
0.589775
0.58977
0.586443
0.587005
0.587736
0.588409
0.58897
0.589438
0.589838
0.590183
0.59048
0.590732
0.59095
0.591134
0.591292
0.591425
0.59154
0.591637
0.591719
0.591789
0.591846
0.591893
0.591932
0.591964
0.591988
0.592007
0.592021
0.59203
0.592035
0.592036
0.592034
0.592029
0.592022
0.592013
0.592001
0.591988
0.591973
0.591956
0.591938
0.591918
0.591897
0.591875
0.591851
0.591826
0.5918
0.591773
0.591745
0.591716
0.591685
0.591654
0.591621
0.591588
0.591553
0.591517
0.59148
0.591441
0.591401
0.59136
0.591319
0.591277
0.591234
0.59119
0.591147
0.591103
0.59106
0.591017
0.590974
0.590932
0.59089
0.59085
0.59081
0.590771
0.590734
0.590697
0.590662
0.590629
0.590596
0.590565
0.590536
0.590508
0.590481
0.590456
0.590432
0.590409
0.590387
0.590367
0.590347
0.590328
0.59031
0.590293
0.590277
0.590261
0.590246
0.590232
0.590218
0.590205
0.590191
0.590179
0.590165
0.590153
0.590138
0.590123
0.586638
0.58713
0.587774
0.588406
0.588968
0.589452
0.589871
0.590235
0.590551
0.590823
0.591058
0.59126
0.591434
0.591582
0.591709
0.591817
0.591909
0.591987
0.592053
0.592108
0.592152
0.592189
0.592219
0.592242
0.59226
0.592273
0.592281
0.592286
0.592288
0.592286
0.592282
0.592276
0.592269
0.592259
0.592248
0.592237
0.592224
0.59221
0.592196
0.592182
0.592167
0.592151
0.592136
0.59212
0.592103
0.592087
0.592071
0.592054
0.592037
0.592021
0.592004
0.591987
0.59197
0.591952
0.591934
0.591916
0.591898
0.591879
0.59186
0.59184
0.59182
0.591799
0.591777
0.591755
0.591732
0.591708
0.591683
0.591658
0.591631
0.591604
0.591576
0.591546
0.591517
0.591486
0.591455
0.591422
0.59139
0.591356
0.591323
0.591289
0.591255
0.59122
0.591186
0.591152
0.591118
0.591084
0.591052
0.591018
0.590987
0.590954
0.590925
0.590893
0.590866
0.590835
0.590809
0.590779
0.590755
0.590725
0.590703
0.590668
0.587025
0.587561
0.588129
0.588698
0.589221
0.589683
0.590087
0.59044
0.590747
0.591013
0.591243
0.591441
0.591611
0.591756
0.591879
0.591984
0.592073
0.592148
0.592211
0.592263
0.592305
0.592339
0.592367
0.592388
0.592404
0.592414
0.592421
0.592425
0.592425
0.592423
0.592418
0.592412
0.592403
0.592394
0.592383
0.592371
0.592358
0.592345
0.592331
0.592317
0.592303
0.592288
0.592273
0.592259
0.592244
0.59223
0.592215
0.592201
0.592187
0.592174
0.59216
0.592147
0.592134
0.592121
0.592109
0.592097
0.592085
0.592073
0.592062
0.592051
0.59204
0.592029
0.592018
0.592008
0.591998
0.591987
0.591977
0.591967
0.591957
0.591946
0.591936
0.591925
0.591915
0.591903
0.591892
0.59188
0.591869
0.591856
0.591843
0.59183
0.591816
0.591801
0.591786
0.59177
0.591754
0.591736
0.591719
0.591699
0.591681
0.591659
0.591639
0.591615
0.591595
0.591568
0.591546
0.591517
0.591495
0.591463
0.591438
0.591399
0.587293
0.587859
0.588422
0.588961
0.589452
0.589884
0.590261
0.590591
0.590879
0.591129
0.591345
0.591532
0.591692
0.591829
0.591946
0.592046
0.59213
0.592201
0.592261
0.59231
0.592351
0.592383
0.592409
0.592429
0.592444
0.592455
0.592461
0.592465
0.592465
0.592463
0.592459
0.592453
0.592445
0.592436
0.592426
0.592415
0.592403
0.59239
0.592377
0.592364
0.592351
0.592337
0.592323
0.59231
0.592296
0.592283
0.592269
0.592256
0.592244
0.592231
0.592219
0.592206
0.592195
0.592183
0.592172
0.592161
0.592151
0.592141
0.592131
0.592121
0.592112
0.592103
0.592095
0.592086
0.592079
0.592071
0.592063
0.592056
0.592049
0.592042
0.592036
0.592029
0.592023
0.592017
0.592011
0.592005
0.591999
0.591994
0.591988
0.591983
0.591977
0.591972
0.591966
0.591961
0.591955
0.591949
0.591944
0.591938
0.591932
0.591925
0.591919
0.591912
0.591905
0.591897
0.591889
0.59188
0.591871
0.59186
0.591852
0.591835
0.587529
0.588059
0.588592
0.589092
0.589544
0.589947
0.590303
0.590619
0.590896
0.591139
0.59135
0.591534
0.591693
0.59183
0.591947
0.592048
0.592134
0.592206
0.592267
0.592319
0.592361
0.592396
0.592423
0.592445
0.592462
0.592474
0.592483
0.592488
0.59249
0.592489
0.592486
0.592482
0.592475
0.592468
0.592459
0.592449
0.592439
0.592427
0.592415
0.592403
0.592391
0.592378
0.592366
0.592353
0.59234
0.592327
0.592315
0.592303
0.592291
0.592279
0.592267
0.592255
0.592244
0.592233
0.592223
0.592213
0.592203
0.592193
0.592184
0.592175
0.592166
0.592157
0.592149
0.592141
0.592134
0.592127
0.59212
0.592113
0.592106
0.5921
0.592094
0.592088
0.592082
0.592077
0.592072
0.592066
0.592061
0.592056
0.592052
0.592047
0.592043
0.592038
0.592034
0.592029
0.592026
0.592021
0.592018
0.592013
0.59201
0.592006
0.592002
0.591998
0.591994
0.591989
0.591985
0.591981
0.591976
0.591971
0.591966
0.591961
0.587779
0.58827
0.58878
0.589253
0.589676
0.590054
0.590392
0.590692
0.590957
0.59119
0.591394
0.591571
0.591725
0.591858
0.591972
0.59207
0.592154
0.592225
0.592285
0.592336
0.592377
0.592412
0.592439
0.592462
0.592478
0.592491
0.592499
0.592505
0.592507
0.592507
0.592505
0.592501
0.592495
0.592488
0.59248
0.592471
0.592461
0.59245
0.592439
0.592428
0.592416
0.592404
0.592392
0.59238
0.592368
0.592356
0.592344
0.592333
0.592321
0.59231
0.592299
0.592288
0.592278
0.592267
0.592257
0.592247
0.592238
0.592229
0.59222
0.592211
0.592203
0.592195
0.592187
0.59218
0.592173
0.592166
0.592159
0.592153
0.592147
0.592141
0.592135
0.592129
0.592124
0.592119
0.592114
0.592109
0.592104
0.5921
0.592095
0.592091
0.592087
0.592083
0.592079
0.592075
0.592071
0.592067
0.592064
0.59206
0.592056
0.592053
0.592049
0.592046
0.592042
0.592038
0.592034
0.59203
0.592026
0.592022
0.592018
0.592014
0.588044
0.588492
0.588971
0.589413
0.589805
0.590157
0.590472
0.590755
0.591005
0.591227
0.591421
0.591591
0.591739
0.591868
0.59198
0.592075
0.592158
0.592228
0.592287
0.592337
0.592379
0.592413
0.592441
0.592463
0.592481
0.592494
0.592503
0.59251
0.592513
0.592514
0.592512
0.592509
0.592504
0.592498
0.592491
0.592483
0.592474
0.592464
0.592454
0.592444
0.592433
0.592422
0.592411
0.592399
0.592388
0.592377
0.592366
0.592355
0.592344
0.592334
0.592323
0.592313
0.592303
0.592293
0.592284
0.592275
0.592266
0.592257
0.592249
0.592241
0.592233
0.592225
0.592218
0.592211
0.592204
0.592198
0.592191
0.592185
0.592179
0.592174
0.592168
0.592163
0.592158
0.592153
0.592148
0.592144
0.592139
0.592135
0.592131
0.592126
0.592123
0.592119
0.592115
0.592111
0.592108
0.592104
0.592101
0.592097
0.592094
0.59209
0.592087
0.592083
0.59208
0.592076
0.592073
0.592069
0.592065
0.592061
0.592057
0.592054
0.58832
0.588724
0.589169
0.589579
0.589943
0.590268
0.590563
0.590828
0.591064
0.591273
0.591458
0.591621
0.591763
0.591886
0.591994
0.592086
0.592166
0.592234
0.592292
0.592341
0.592381
0.592415
0.592443
0.592465
0.592483
0.592496
0.592505
0.592512
0.592515
0.592517
0.592516
0.592514
0.59251
0.592504
0.592498
0.59249
0.592482
0.592473
0.592464
0.592454
0.592444
0.592434
0.592423
0.592413
0.592402
0.592392
0.592381
0.592371
0.592361
0.592351
0.592341
0.592331
0.592322
0.592313
0.592304
0.592295
0.592287
0.592279
0.592271
0.592263
0.592256
0.592249
0.592242
0.592235
0.592229
0.592223
0.592217
0.592211
0.592205
0.5922
0.592195
0.59219
0.592185
0.592181
0.592176
0.592172
0.592167
0.592163
0.592159
0.592155
0.592152
0.592148
0.592145
0.592141
0.592138
0.592134
0.592131
0.592128
0.592124
0.592121
0.592118
0.592115
0.592111
0.592108
0.592105
0.592101
0.592098
0.592094
0.59209
0.592087
0.588606
0.588967
0.589374
0.589752
0.590086
0.590386
0.590659
0.590905
0.591126
0.591322
0.591496
0.59165
0.591785
0.591902
0.592005
0.592094
0.59217
0.592236
0.592292
0.592339
0.592379
0.592412
0.592439
0.592461
0.592478
0.592492
0.592501
0.592508
0.592512
0.592514
0.592514
0.592512
0.592509
0.592504
0.592498
0.592491
0.592484
0.592476
0.592467
0.592458
0.592449
0.59244
0.59243
0.59242
0.59241
0.592401
0.592391
0.592381
0.592372
0.592362
0.592353
0.592344
0.592336
0.592327
0.592319
0.592311
0.592303
0.592295
0.592288
0.59228
0.592274
0.592267
0.59226
0.592254
0.592248
0.592242
0.592237
0.592231
0.592226
0.592221
0.592216
0.592212
0.592207
0.592203
0.592199
0.592195
0.592191
0.592187
0.592183
0.592179
0.592176
0.592172
0.592169
0.592166
0.592162
0.592159
0.592156
0.592153
0.59215
0.592147
0.592144
0.592141
0.592138
0.592135
0.592131
0.592128
0.592125
0.592121
0.592118
0.592115
0.588897
0.589216
0.589585
0.58993
0.590235
0.59051
0.590761
0.590988
0.591193
0.591376
0.591539
0.591683
0.59181
0.591921
0.592018
0.592102
0.592175
0.592238
0.592291
0.592337
0.592375
0.592407
0.592433
0.592454
0.592471
0.592484
0.592494
0.592501
0.592505
0.592508
0.592508
0.592506
0.592504
0.592499
0.592494
0.592488
0.592482
0.592474
0.592466
0.592458
0.592449
0.592441
0.592432
0.592423
0.592414
0.592404
0.592395
0.592387
0.592378
0.592369
0.59236
0.592352
0.592344
0.592336
0.592328
0.592321
0.592313
0.592306
0.592299
0.592292
0.592286
0.59228
0.592274
0.592268
0.592262
0.592257
0.592252
0.592247
0.592242
0.592237
0.592233
0.592228
0.592224
0.59222
0.592216
0.592212
0.592208
0.592205
0.592201
0.592198
0.592195
0.592191
0.592188
0.592185
0.592182
0.592179
0.592176
0.592173
0.59217
0.592168
0.592165
0.592162
0.592159
0.592156
0.592153
0.59215
0.592147
0.592144
0.592141
0.592138
0.58919
0.589469
0.589801
0.590112
0.590389
0.590638
0.590867
0.591076
0.591264
0.591433
0.591584
0.591718
0.591836
0.59194
0.592031
0.59211
0.592179
0.592238
0.592288
0.592332
0.592368
0.592398
0.592423
0.592444
0.59246
0.592473
0.592483
0.59249
0.592494
0.592496
0.592497
0.592496
0.592494
0.59249
0.592485
0.59248
0.592474
0.592467
0.59246
0.592453
0.592445
0.592437
0.592428
0.59242
0.592412
0.592403
0.592395
0.592387
0.592379
0.592371
0.592363
0.592355
0.592347
0.59234
0.592333
0.592326
0.592319
0.592312
0.592306
0.5923
0.592294
0.592288
0.592282
0.592277
0.592272
0.592267
0.592262
0.592257
0.592253
0.592248
0.592244
0.59224
0.592236
0.592233
0.592229
0.592225
0.592222
0.592218
0.592215
0.592212
0.592209
0.592206
0.592203
0.5922
0.592197
0.592195
0.592192
0.592189
0.592186
0.592184
0.592181
0.592178
0.592176
0.592173
0.59217
0.592167
0.592164
0.592162
0.592159
0.592156
0.589481
0.589723
0.590018
0.590296
0.590545
0.59077
0.590977
0.591166
0.591338
0.591493
0.591631
0.591754
0.591863
0.59196
0.592044
0.592118
0.592182
0.592237
0.592284
0.592325
0.592359
0.592388
0.592411
0.592431
0.592446
0.592459
0.592468
0.592475
0.592479
0.592481
0.592482
0.592481
0.592479
0.592476
0.592472
0.592468
0.592462
0.592456
0.59245
0.592443
0.592436
0.592428
0.592421
0.592413
0.592406
0.592398
0.59239
0.592383
0.592375
0.592368
0.592361
0.592354
0.592347
0.59234
0.592333
0.592327
0.59232
0.592314
0.592308
0.592303
0.592297
0.592292
0.592287
0.592282
0.592277
0.592272
0.592268
0.592264
0.592259
0.592256
0.592252
0.592248
0.592244
0.592241
0.592237
0.592234
0.592231
0.592228
0.592225
0.592222
0.592219
0.592216
0.592214
0.592211
0.592208
0.592206
0.592203
0.592201
0.592198
0.592196
0.592193
0.592191
0.592188
0.592186
0.592183
0.592181
0.592178
0.592176
0.592173
0.592171
0.589768
0.589976
0.590235
0.590481
0.590702
0.590903
0.591088
0.591259
0.591414
0.591554
0.59168
0.591792
0.591891
0.59198
0.592057
0.592125
0.592184
0.592234
0.592278
0.592316
0.592347
0.592374
0.592396
0.592414
0.592429
0.592441
0.592449
0.592456
0.59246
0.592463
0.592464
0.592463
0.592462
0.592459
0.592456
0.592451
0.592446
0.592441
0.592435
0.592429
0.592423
0.592416
0.592409
0.592402
0.592395
0.592388
0.592382
0.592375
0.592368
0.592361
0.592355
0.592348
0.592342
0.592336
0.59233
0.592324
0.592318
0.592312
0.592307
0.592302
0.592297
0.592292
0.592287
0.592283
0.592278
0.592274
0.59227
0.592266
0.592263
0.592259
0.592255
0.592252
0.592249
0.592246
0.592242
0.592239
0.592237
0.592234
0.592231
0.592228
0.592226
0.592223
0.592221
0.592218
0.592216
0.592214
0.592211
0.592209
0.592207
0.592205
0.592202
0.5922
0.592198
0.592195
0.592193
0.592191
0.592188
0.592186
0.592184
0.592182
0.590049
0.590226
0.59045
0.590666
0.59086
0.591038
0.591202
0.591353
0.591492
0.591617
0.59173
0.59183
0.59192
0.592
0.59207
0.592131
0.592185
0.592231
0.592271
0.592306
0.592335
0.592359
0.592379
0.592396
0.59241
0.59242
0.592429
0.592435
0.592439
0.592441
0.592442
0.592442
0.592441
0.592439
0.592436
0.592432
0.592428
0.592423
0.592418
0.592412
0.592406
0.5924
0.592394
0.592388
0.592382
0.592376
0.59237
0.592363
0.592357
0.592351
0.592345
0.59234
0.592334
0.592328
0.592323
0.592318
0.592313
0.592308
0.592303
0.592298
0.592293
0.592289
0.592285
0.592281
0.592277
0.592273
0.592269
0.592266
0.592263
0.592259
0.592256
0.592253
0.59225
0.592247
0.592245
0.592242
0.592239
0.592237
0.592234
0.592232
0.59223
0.592227
0.592225
0.592223
0.592221
0.592219
0.592217
0.592215
0.592212
0.59221
0.592208
0.592206
0.592204
0.592202
0.5922
0.592198
0.592196
0.592194
0.592192
0.59219
0.590325
0.590473
0.590665
0.590851
0.591019
0.591173
0.591317
0.591449
0.591571
0.591681
0.591781
0.59187
0.59195
0.592021
0.592083
0.592138
0.592186
0.592228
0.592264
0.592294
0.59232
0.592342
0.592361
0.592376
0.592388
0.592398
0.592406
0.592411
0.592415
0.592417
0.592418
0.592418
0.592417
0.592415
0.592413
0.59241
0.592406
0.592402
0.592397
0.592392
0.592387
0.592382
0.592377
0.592371
0.592366
0.59236
0.592355
0.59235
0.592344
0.592339
0.592334
0.592328
0.592323
0.592319
0.592314
0.592309
0.592305
0.5923
0.592296
0.592292
0.592288
0.592284
0.59228
0.592276
0.592273
0.59227
0.592266
0.592263
0.59226
0.592257
0.592255
0.592252
0.592249
0.592247
0.592244
0.592242
0.59224
0.592237
0.592235
0.592233
0.592231
0.592229
0.592227
0.592225
0.592223
0.592221
0.59222
0.592218
0.592216
0.592214
0.592212
0.592211
0.592209
0.592207
0.592205
0.592203
0.592201
0.5922
0.592198
0.592196
0.590594
0.590716
0.590877
0.591035
0.591178
0.59131
0.591433
0.591547
0.591652
0.591748
0.591834
0.591912
0.591981
0.592043
0.592097
0.592145
0.592187
0.592224
0.592255
0.592282
0.592305
0.592325
0.592341
0.592355
0.592365
0.592374
0.592381
0.592386
0.59239
0.592392
0.592393
0.592393
0.592392
0.59239
0.592388
0.592385
0.592382
0.592379
0.592375
0.592371
0.592366
0.592362
0.592357
0.592353
0.592348
0.592343
0.592338
0.592334
0.592329
0.592324
0.59232
0.592315
0.592311
0.592307
0.592303
0.592299
0.592295
0.592291
0.592287
0.592284
0.59228
0.592277
0.592274
0.59227
0.592267
0.592265
0.592262
0.592259
0.592256
0.592254
0.592252
0.592249
0.592247
0.592245
0.592243
0.592241
0.592239
0.592237
0.592235
0.592233
0.592231
0.592229
0.592228
0.592226
0.592224
0.592223
0.592221
0.59222
0.592218
0.592217
0.592215
0.592213
0.592212
0.59221
0.592209
0.592207
0.592205
0.592204
0.592202
0.592201
0.590857
0.590956
0.591088
0.591218
0.591337
0.591448
0.59155
0.591646
0.591735
0.591815
0.591888
0.591954
0.592013
0.592065
0.592112
0.592153
0.592189
0.59222
0.592247
0.59227
0.59229
0.592307
0.592321
0.592332
0.592342
0.592349
0.592355
0.59236
0.592363
0.592365
0.592366
0.592366
0.592365
0.592364
0.592362
0.59236
0.592357
0.592355
0.592351
0.592348
0.592344
0.592341
0.592337
0.592333
0.592329
0.592325
0.592321
0.592317
0.592313
0.592309
0.592305
0.592302
0.592298
0.592294
0.592291
0.592287
0.592284
0.592281
0.592278
0.592275
0.592272
0.592269
0.592266
0.592264
0.592261
0.592259
0.592256
0.592254
0.592252
0.59225
0.592248
0.592246
0.592244
0.592242
0.59224
0.592239
0.592237
0.592235
0.592234
0.592232
0.592231
0.592229
0.592228
0.592226
0.592225
0.592224
0.592222
0.592221
0.59222
0.592218
0.592217
0.592216
0.592215
0.592213
0.592212
0.592211
0.592209
0.592208
0.592206
0.592205
0.591113
0.59119
0.591295
0.5914
0.591496
0.591584
0.591668
0.591746
0.591818
0.591883
0.591943
0.591997
0.592045
0.592089
0.592127
0.592161
0.59219
0.592216
0.592238
0.592258
0.592274
0.592288
0.5923
0.59231
0.592318
0.592324
0.592329
0.592333
0.592336
0.592337
0.592338
0.592339
0.592338
0.592338
0.592336
0.592335
0.592333
0.59233
0.592328
0.592325
0.592322
0.592319
0.592316
0.592313
0.59231
0.592307
0.592303
0.5923
0.592297
0.592294
0.592291
0.592288
0.592285
0.592282
0.592279
0.592276
0.592274
0.592271
0.592269
0.592266
0.592264
0.592262
0.592259
0.592257
0.592255
0.592253
0.592251
0.59225
0.592248
0.592246
0.592244
0.592243
0.592241
0.59224
0.592238
0.592237
0.592236
0.592234
0.592233
0.592232
0.592231
0.592229
0.592228
0.592227
0.592226
0.592225
0.592224
0.592223
0.592222
0.592221
0.59222
0.592219
0.592217
0.592216
0.592215
0.592214
0.592213
0.592212
0.592211
0.59221
0.591364
0.591422
0.591501
0.591581
0.591655
0.591723
0.591787
0.591847
0.591903
0.591954
0.592
0.592042
0.59208
0.592114
0.592144
0.59217
0.592193
0.592214
0.592232
0.592247
0.59226
0.592271
0.592281
0.592288
0.592295
0.5923
0.592304
0.592308
0.59231
0.592312
0.592312
0.592313
0.592313
0.592312
0.592311
0.59231
0.592309
0.592307
0.592305
0.592303
0.592301
0.592299
0.592297
0.592294
0.592292
0.59229
0.592287
0.592285
0.592282
0.59228
0.592278
0.592275
0.592273
0.592271
0.592269
0.592266
0.592264
0.592262
0.59226
0.592258
0.592257
0.592255
0.592253
0.592251
0.59225
0.592248
0.592247
0.592245
0.592244
0.592243
0.592241
0.59224
0.592239
0.592238
0.592237
0.592236
0.592235
0.592234
0.592233
0.592232
0.592231
0.59223
0.592229
0.592228
0.592227
0.592226
0.592225
0.592224
0.592224
0.592223
0.592222
0.592221
0.59222
0.592219
0.592218
0.592218
0.592217
0.592216
0.592215
0.592214
0.591609
0.591649
0.591704
0.59176
0.591811
0.59186
0.591905
0.591948
0.591988
0.592024
0.592057
0.592088
0.592115
0.59214
0.592162
0.592182
0.592199
0.592214
0.592227
0.592238
0.592248
0.592257
0.592264
0.59227
0.592275
0.592279
0.592282
0.592285
0.592287
0.592288
0.592289
0.592289
0.592289
0.592289
0.592289
0.592288
0.592287
0.592286
0.592285
0.592283
0.592282
0.59228
0.592279
0.592277
0.592275
0.592273
0.592272
0.59227
0.592268
0.592266
0.592265
0.592263
0.592261
0.59226
0.592258
0.592256
0.592255
0.592253
0.592252
0.59225
0.592249
0.592248
0.592246
0.592245
0.592244
0.592243
0.592242
0.59224
0.592239
0.592238
0.592237
0.592236
0.592236
0.592235
0.592234
0.592233
0.592232
0.592231
0.592231
0.59223
0.592229
0.592228
0.592228
0.592227
0.592226
0.592226
0.592225
0.592224
0.592224
0.592223
0.592223
0.592222
0.592221
0.592221
0.59222
0.592219
0.592219
0.592218
0.592217
0.592217
0.591849
0.591872
0.591905
0.591938
0.591969
0.591999
0.592027
0.592053
0.592078
0.592101
0.592122
0.592141
0.592159
0.592174
0.592188
0.592201
0.592211
0.592221
0.592229
0.592237
0.592243
0.592248
0.592253
0.592256
0.592259
0.592262
0.592264
0.592265
0.592266
0.592267
0.592267
0.592267
0.592267
0.592267
0.592266
0.592265
0.592264
0.592263
0.592262
0.592261
0.59226
0.592259
0.592258
0.592256
0.592255
0.592254
0.592253
0.592251
0.59225
0.592249
0.592248
0.592246
0.592245
0.592244
0.592243
0.592242
0.592241
0.59224
0.592239
0.592238
0.592237
0.592236
0.592235
0.592234
0.592234
0.592233
0.592232
0.592231
0.592231
0.59223
0.592229
0.592229
0.592228
0.592228
0.592227
0.592227
0.592226
0.592226
0.592225
0.592225
0.592224
0.592224
0.592223
0.592223
0.592222
0.592222
0.592222
0.592221
0.592221
0.59222
0.59222
0.59222
0.592219
0.592219
0.592218
0.592218
0.592218
0.592217
0.592217
0.592216
0.592098
0.592106
0.592118
0.59213
0.592142
0.592153
0.592163
0.592173
0.592183
0.592191
0.592198
0.592205
0.592211
0.592216
0.592221
0.592225
0.592228
0.59223
0.592233
0.592234
0.592236
0.592237
0.592238
0.592238
0.592238
0.592239
0.592239
0.592238
0.592238
0.592238
0.592237
0.592237
0.592236
0.592236
0.592235
0.592234
0.592234
0.592233
0.592232
0.592232
0.592231
0.59223
0.59223
0.592229
0.592229
0.592228
0.592227
0.592227
0.592226
0.592226
0.592225
0.592225
0.592224
0.592224
0.592223
0.592223
0.592222
0.592222
0.592222
0.592221
0.592221
0.592221
0.59222
0.59222
0.59222
0.592219
0.592219
0.592219
0.592219
0.592219
0.592218
0.592218
0.592218
0.592218
0.592218
0.592218
0.592217
0.592217
0.592217
0.592217
0.592217
0.592217
0.592217
0.592216
0.592216
0.592216
0.592216
0.592216
0.592216
0.592216
0.592216
0.592216
0.592215
0.592215
0.592215
0.592215
0.592215
0.592215
0.592215
0.592215
0.584215
0.584214
0.584364
0.584627
0.585009
0.585373
0.585845
0.586176
0.58652
0.586533
0.585043
0.58501
0.5851
0.585275
0.585561
0.585831
0.586199
0.58648
0.586766
0.58684
0.585813
0.585748
0.585783
0.58589
0.586088
0.586284
0.586557
0.58679
0.587026
0.587137
0.586484
0.586407
0.586411
0.586476
0.586612
0.586765
0.58695
0.58715
0.587338
0.58745
0.587087
0.587002
0.586985
0.587024
0.587106
0.587229
0.587361
0.587514
0.587669
0.587771
0.587625
0.587539
0.587509
0.587525
0.587577
0.587666
0.587767
0.587882
0.588006
0.588096
0.588111
0.588026
0.587987
0.587989
0.588022
0.588082
0.588159
0.588247
0.588346
0.588423
0.588554
0.588472
0.588429
0.58842
0.588438
0.58848
0.588537
0.588606
0.588684
0.58875
0.588958
0.58888
0.588836
0.58882
0.588828
0.588856
0.5889
0.588953
0.589016
0.589072
0.589331
0.589259
0.589215
0.589195
0.589196
0.589214
0.589246
0.589288
0.58934
0.589388
0.589676
0.58961
0.589568
0.589546
0.589543
0.589554
0.589577
0.589611
0.589653
0.589696
0.589998
0.58994
0.5899
0.589878
0.589872
0.589878
0.589894
0.589921
0.589956
0.589993
0.590301
0.59025
0.590214
0.590193
0.590184
0.590187
0.590199
0.59022
0.590249
0.590281
0.590587
0.590543
0.590512
0.590492
0.590483
0.590484
0.590492
0.590509
0.590532
0.59056
0.59086
0.590822
0.590796
0.590779
0.59077
0.590769
0.590775
0.590788
0.590806
0.590831
0.591119
0.591089
0.591067
0.591053
0.591045
0.591044
0.591048
0.591058
0.591073
0.591093
0.59137
0.591347
0.59133
0.591319
0.591313
0.591312
0.591315
0.591322
0.591334
0.59135
0.59161
0.591595
0.591583
0.591575
0.591571
0.59157
0.591572
0.591578
0.591586
0.591599
0.59185
0.591841
0.591833
0.591829
0.591826
0.591825
0.591827
0.59183
0.591835
0.591843
0.592086
0.592084
0.592083
0.592082
0.592082
0.592084
0.592085
0.592089
0.592091
0.592095
0.594035
0.593811
0.593471
0.593033
0.592443
0.59161
0.590442
0.588592
0.586599
0.58005
0.592517
0.59205
0.591467
0.590795
0.589934
0.588767
0.587201
0.584774
0.58241
0.574216
0.590878
0.590239
0.589473
0.588589
0.587463
0.58597
0.584045
0.581049
0.578334
0.56851
0.589285
0.588496
0.587571
0.586485
0.585113
0.583316
0.581053
0.577504
0.574546
0.563041
0.587821
0.586894
0.585823
0.584548
0.58295
0.580878
0.578341
0.574275
0.571116
0.558154
0.586519
0.585476
0.58428
0.58284
0.581054
0.578744
0.575983
0.571455
0.568226
0.553987
0.58541
0.584274
0.582978
0.581404
0.579472
0.576978
0.574079
0.569171
0.565934
0.550741
0.584515
0.583317
0.58195
0.580283
0.578261
0.575636
0.57268
0.56752
0.564396
0.548082
0.583853
0.58262
0.581215
0.579496
0.577438
0.574764
0.571827
0.566538
0.563578
0.546503
0.58342
0.582191
0.580784
0.579067
0.577033
0.574388
0.57152
0.566229
0.563553
0.545912
0.603952
0.604962
0.605925
0.606938
0.608049
0.609316
0.610647
0.612111
0.613545
0.615222
0.60382
0.604837
0.605802
0.606815
0.607928
0.609185
0.610519
0.611975
0.613335
0.615029
0.603425
0.604402
0.60533
0.606294
0.607356
0.608538
0.609805
0.611142
0.612373
0.614019
0.602809
0.603715
0.604575
0.605461
0.606419
0.607484
0.60859
0.609749
0.610711
0.611997
0.601979
0.602792
0.603554
0.604334
0.605152
0.606043
0.606943
0.607841
0.608473
0.609153
0.600955
0.601643
0.602293
0.602924
0.603579
0.604256
0.604889
0.605468
0.605715
0.605593
0.599765
0.600297
0.600815
0.601277
0.601715
0.602154
0.60248
0.602665
0.602486
0.601379
0.598421
0.598793
0.599146
0.599425
0.599628
0.599773
0.599768
0.599495
0.598874
0.596596
0.596966
0.597161
0.597342
0.597397
0.597355
0.597181
0.596803
0.596048
0.594944
0.591358
0.595395
0.59542
0.595419
0.595245
0.594937
0.594444
0.593669
0.592373
0.590831
0.585792
0.592218
0.592218
0.592218
0.592218
0.592218
0.592219
0.592219
0.59222
0.59222
0.592221
0.592221
0.592222
0.592223
0.592224
0.592225
0.592226
0.592227
0.592229
0.59223
0.592232
0.592234
0.592236
0.592238
0.59224
0.592242
0.592245
0.592248
0.592251
0.592254
0.592258
0.592262
0.592266
0.59227
0.592275
0.59228
0.592286
0.592292
0.592299
0.592305
0.592313
0.592321
0.59233
0.592339
0.59235
0.592359
0.592372
0.592383
0.592398
0.592411
0.592428
0.592443
0.592463
0.592481
0.592504
0.592524
0.59255
0.592574
0.592604
0.592631
0.592666
0.592698
0.592738
0.592775
0.592822
0.592863
0.592918
0.592966
0.593029
0.593085
0.593157
0.593222
0.593305
0.593381
0.593475
0.593565
0.593673
0.593778
0.593902
0.594025
0.594169
0.594313
0.594479
0.594648
0.594843
0.595042
0.59527
0.595508
0.595778
0.596063
0.596388
0.596733
0.597129
0.597556
0.598047
0.598585
0.599208
0.599903
0.600716
0.601639
0.602686
0.592218
0.592218
0.592218
0.592218
0.592218
0.592219
0.592219
0.59222
0.59222
0.592221
0.592221
0.592222
0.592223
0.592224
0.592225
0.592226
0.592227
0.592229
0.59223
0.592232
0.592234
0.592236
0.592238
0.59224
0.592242
0.592245
0.592248
0.592251
0.592254
0.592258
0.592261
0.592266
0.59227
0.592275
0.59228
0.592286
0.592291
0.592299
0.592305
0.592313
0.59232
0.59233
0.592338
0.592349
0.592359
0.592372
0.592383
0.592398
0.592411
0.592428
0.592443
0.592463
0.59248
0.592503
0.592524
0.59255
0.592573
0.592604
0.592631
0.592666
0.592697
0.592738
0.592774
0.592821
0.592863
0.592918
0.592966
0.593029
0.593085
0.593157
0.593222
0.593305
0.593381
0.593475
0.593565
0.593673
0.593778
0.593902
0.594025
0.594168
0.594312
0.594479
0.594648
0.594842
0.595041
0.595269
0.595505
0.595775
0.596059
0.596382
0.596726
0.597119
0.597542
0.598029
0.59856
0.599175
0.599858
0.600655
0.601557
0.602572
0.592218
0.592218
0.592218
0.592218
0.592218
0.592219
0.592219
0.592219
0.59222
0.592221
0.592221
0.592222
0.592223
0.592224
0.592225
0.592226
0.592227
0.592229
0.59223
0.592232
0.592233
0.592236
0.592237
0.59224
0.592242
0.592245
0.592247
0.592251
0.592254
0.592258
0.592261
0.592266
0.59227
0.592275
0.59228
0.592286
0.592291
0.592298
0.592305
0.592313
0.59232
0.59233
0.592338
0.592349
0.592359
0.592371
0.592383
0.592397
0.592411
0.592428
0.592443
0.592462
0.59248
0.592503
0.592523
0.592549
0.592573
0.592603
0.59263
0.592666
0.592697
0.592738
0.592774
0.592821
0.592863
0.592917
0.592966
0.593028
0.593084
0.593156
0.593222
0.593304
0.59338
0.593475
0.593564
0.593672
0.593777
0.593901
0.594024
0.594167
0.594311
0.594477
0.594646
0.594839
0.595038
0.595264
0.5955
0.595767
0.596049
0.596368
0.596708
0.597095
0.59751
0.597985
0.598503
0.599097
0.599753
0.600511
0.601358
0.602287
0.592218
0.592218
0.592218
0.592218
0.592218
0.592218
0.592219
0.592219
0.59222
0.59222
0.592221
0.592222
0.592223
0.592224
0.592225
0.592226
0.592227
0.592228
0.59223
0.592232
0.592233
0.592235
0.592237
0.59224
0.592242
0.592245
0.592247
0.592251
0.592253
0.592257
0.592261
0.592265
0.592269
0.592275
0.592279
0.592285
0.592291
0.592298
0.592304
0.592312
0.59232
0.592329
0.592337
0.592348
0.592358
0.592371
0.592382
0.592397
0.59241
0.592427
0.592442
0.592462
0.592479
0.592502
0.592522
0.592549
0.592572
0.592603
0.59263
0.592665
0.592697
0.592737
0.592774
0.59282
0.592863
0.592916
0.592966
0.593027
0.593085
0.593155
0.593222
0.593303
0.593381
0.593474
0.593565
0.593672
0.593778
0.593901
0.594025
0.594167
0.594311
0.594475
0.594645
0.594836
0.595035
0.595258
0.595493
0.595756
0.596035
0.596348
0.596682
0.597058
0.597463
0.597919
0.598417
0.598977
0.599593
0.600286
0.60105
0.601842
0.592217
0.592217
0.592217
0.592218
0.592218
0.592218
0.592219
0.592219
0.59222
0.59222
0.592221
0.592222
0.592222
0.592223
0.592224
0.592226
0.592227
0.592228
0.59223
0.592231
0.592233
0.592235
0.592237
0.592239
0.592241
0.592244
0.592247
0.59225
0.592253
0.592257
0.59226
0.592265
0.592269
0.592274
0.592279
0.592285
0.59229
0.592297
0.592304
0.592312
0.592319
0.592328
0.592337
0.592348
0.592357
0.59237
0.592381
0.592396
0.592409
0.592426
0.592441
0.592461
0.592478
0.592501
0.592522
0.592548
0.592571
0.592601
0.592629
0.592663
0.592696
0.592735
0.592773
0.592818
0.592862
0.592914
0.592965
0.593025
0.593084
0.593153
0.593222
0.593301
0.593381
0.593473
0.593564
0.59367
0.593777
0.593899
0.594023
0.594164
0.594309
0.594472
0.594641
0.59483
0.595028
0.595248
0.595481
0.595739
0.596013
0.596318
0.596644
0.597006
0.597396
0.597828
0.598295
0.598813
0.599369
0.599981
0.600625
0.601246
0.592217
0.592217
0.592217
0.592217
0.592218
0.592218
0.592218
0.592219
0.592219
0.59222
0.592221
0.592221
0.592222
0.592223
0.592224
0.592225
0.592226
0.592228
0.592229
0.592231
0.592233
0.592235
0.592236
0.592239
0.592241
0.592244
0.592246
0.59225
0.592253
0.592256
0.59226
0.592264
0.592268
0.592274
0.592278
0.592284
0.59229
0.592297
0.592303
0.592311
0.592318
0.592328
0.592336
0.592347
0.592357
0.592369
0.592381
0.592395
0.592408
0.592425
0.59244
0.59246
0.592477
0.5925
0.59252
0.592547
0.59257
0.592601
0.592628
0.592663
0.592695
0.592735
0.592772
0.592818
0.592861
0.592914
0.592964
0.593026
0.593084
0.593154
0.593221
0.593303
0.593381
0.593474
0.593565
0.593672
0.593777
0.593901
0.594024
0.594166
0.594308
0.594472
0.594638
0.594828
0.595022
0.595241
0.595468
0.595724
0.595988
0.596288
0.596596
0.596948
0.597309
0.59772
0.598139
0.598611
0.599084
0.5996
0.600088
0.600501
0.592217
0.592217
0.592217
0.592217
0.592217
0.592218
0.592218
0.592219
0.592219
0.59222
0.59222
0.592221
0.592222
0.592223
0.592224
0.592225
0.592226
0.592227
0.592229
0.592231
0.592232
0.592234
0.592236
0.592238
0.59224
0.592243
0.592246
0.592249
0.592252
0.592256
0.592259
0.592264
0.592268
0.592273
0.592277
0.592283
0.592289
0.592296
0.592302
0.59231
0.592317
0.592326
0.592335
0.592346
0.592355
0.592368
0.592379
0.592394
0.592407
0.592424
0.592439
0.592458
0.592476
0.592499
0.592519
0.592545
0.592568
0.592599
0.592626
0.592661
0.592692
0.592733
0.592769
0.592817
0.592858
0.592913
0.592962
0.593024
0.593081
0.593152
0.593219
0.593301
0.593378
0.593472
0.593562
0.59367
0.593774
0.593898
0.594019
0.594162
0.594302
0.594467
0.594629
0.594819
0.595007
0.595226
0.595445
0.595697
0.59595
0.596241
0.596533
0.596865
0.597201
0.597574
0.597948
0.598352
0.59874
0.599125
0.59945
0.599605
0.592216
0.592217
0.592217
0.592217
0.592217
0.592217
0.592218
0.592218
0.592219
0.592219
0.59222
0.592221
0.592221
0.592222
0.592223
0.592224
0.592226
0.592227
0.592228
0.59223
0.592232
0.592234
0.592235
0.592238
0.59224
0.592243
0.592245
0.592248
0.592251
0.592255
0.592258
0.592263
0.592267
0.592272
0.592277
0.592283
0.592288
0.592295
0.592301
0.592309
0.592316
0.592326
0.592334
0.592345
0.592354
0.592367
0.592378
0.592393
0.592406
0.592423
0.592438
0.592457
0.592475
0.592498
0.592518
0.592544
0.592568
0.592598
0.592625
0.592661
0.592692
0.592733
0.59277
0.592817
0.592859
0.592914
0.592963
0.593026
0.593083
0.593155
0.593222
0.593304
0.593382
0.593476
0.593566
0.593675
0.593779
0.593903
0.594025
0.594167
0.594307
0.59447
0.594633
0.594819
0.595006
0.59522
0.595435
0.595677
0.595923
0.596197
0.596475
0.59678
0.597087
0.597413
0.597733
0.598054
0.59834
0.598575
0.598709
0.598585
0.592216
0.592216
0.592216
0.592216
0.592217
0.592217
0.592217
0.592218
0.592218
0.592219
0.592219
0.59222
0.592221
0.592222
0.592223
0.592224
0.592225
0.592226
0.592228
0.592229
0.592231
0.592233
0.592235
0.592237
0.592239
0.592242
0.592244
0.592248
0.59225
0.592254
0.592258
0.592262
0.592266
0.592271
0.592275
0.592281
0.592287
0.592293
0.592299
0.592307
0.592315
0.592324
0.592332
0.592343
0.592352
0.592365
0.592376
0.592391
0.592403
0.59242
0.592435
0.592455
0.592472
0.592495
0.592515
0.592541
0.592564
0.592595
0.592622
0.592657
0.592689
0.592729
0.592766
0.592812
0.592855
0.592908
0.592959
0.59302
0.593078
0.593148
0.593216
0.593297
0.593376
0.593468
0.59356
0.593666
0.593771
0.593893
0.594015
0.594154
0.594295
0.594453
0.594615
0.594796
0.594981
0.595185
0.595396
0.595626
0.595863
0.596117
0.596377
0.59665
0.596923
0.597198
0.597456
0.597686
0.597859
0.597935
0.597861
0.597457
0.592216
0.592216
0.592216
0.592216
0.592216
0.592217
0.592217
0.592217
0.592218
0.592218
0.592219
0.59222
0.59222
0.592221
0.592222
0.592223
0.592225
0.592226
0.592227
0.592229
0.59223
0.592232
0.592234
0.592236
0.592239
0.592241
0.592244
0.592247
0.59225
0.592253
0.592257
0.592261
0.592265
0.59227
0.592275
0.59228
0.592286
0.592293
0.592299
0.592307
0.592314
0.592323
0.592331
0.592342
0.592352
0.592364
0.592376
0.59239
0.592403
0.59242
0.592435
0.592455
0.592473
0.592495
0.592516
0.592542
0.592566
0.592596
0.592625
0.592659
0.592692
0.592732
0.592771
0.592816
0.592862
0.592914
0.592967
0.593027
0.593088
0.593157
0.593229
0.593308
0.59339
0.593482
0.593577
0.593682
0.593792
0.593912
0.594038
0.594175
0.594319
0.594475
0.59464
0.594817
0.595002
0.595201
0.595408
0.595627
0.595854
0.59609
0.596329
0.596569
0.596801
0.597016
0.597196
0.59732
0.597352
0.59724
0.596924
0.596228
0.592215
0.592215
0.592215
0.592216
0.592216
0.592216
0.592216
0.592217
0.592217
0.592218
0.592218
0.592219
0.59222
0.592221
0.592222
0.592223
0.592224
0.592225
0.592226
0.592228
0.59223
0.592232
0.592233
0.592235
0.592238
0.59224
0.592243
0.592246
0.592248
0.592252
0.592255
0.59226
0.592263
0.592268
0.592273
0.592279
0.592284
0.59229
0.592296
0.592304
0.592311
0.59232
0.592329
0.592339
0.592349
0.592361
0.592372
0.592386
0.592399
0.592415
0.592431
0.592449
0.592467
0.592489
0.59251
0.592535
0.59256
0.592588
0.592617
0.59265
0.592684
0.592722
0.592761
0.592805
0.59285
0.592901
0.592954
0.593012
0.593074
0.593141
0.593212
0.593289
0.593371
0.59346
0.593554
0.593657
0.593765
0.593882
0.594005
0.594138
0.594279
0.594429
0.594588
0.594757
0.594933
0.59512
0.595313
0.595515
0.59572
0.595928
0.596132
0.596327
0.596503
0.596647
0.596739
0.596751
0.596643
0.596366
0.59585
0.594923
0.592215
0.592215
0.592215
0.592215
0.592215
0.592216
0.592216
0.592216
0.592217
0.592217
0.592218
0.592219
0.592219
0.59222
0.592221
0.592222
0.592223
0.592224
0.592226
0.592227
0.592229
0.59223
0.592232
0.592234
0.592236
0.592239
0.592241
0.592244
0.592247
0.59225
0.592253
0.592257
0.592261
0.592266
0.59227
0.592275
0.592281
0.592287
0.592293
0.5923
0.592307
0.592315
0.592324
0.592333
0.592343
0.592354
0.592365
0.592378
0.592392
0.592406
0.592422
0.592439
0.592457
0.592477
0.592498
0.592521
0.592545
0.592572
0.5926
0.592631
0.592664
0.5927
0.592738
0.592779
0.592823
0.592871
0.592922
0.592977
0.593036
0.5931
0.593167
0.593241
0.593319
0.593403
0.593493
0.593589
0.593692
0.593801
0.593918
0.594043
0.594174
0.594314
0.594462
0.594618
0.59478
0.59495
0.595125
0.595305
0.595486
0.595666
0.595838
0.595997
0.596133
0.596231
0.596274
0.596233
0.59608
0.595757
0.595221
0.594361
0.592214
0.592214
0.592214
0.592215
0.592215
0.592215
0.592215
0.592216
0.592216
0.592217
0.592217
0.592218
0.592219
0.592219
0.59222
0.592221
0.592222
0.592224
0.592225
0.592226
0.592228
0.592229
0.592231
0.592233
0.592235
0.592237
0.59224
0.592242
0.592245
0.592248
0.592252
0.592255
0.592259
0.592263
0.592268
0.592273
0.592278
0.592284
0.59229
0.592296
0.592304
0.592311
0.59232
0.592329
0.592338
0.592349
0.59236
0.592372
0.592385
0.592399
0.592414
0.592431
0.592448
0.592467
0.592488
0.59251
0.592533
0.592559
0.592586
0.592616
0.592648
0.592682
0.592719
0.592759
0.592802
0.592848
0.592897
0.59295
0.593007
0.593068
0.593134
0.593204
0.593279
0.59336
0.593446
0.593538
0.593636
0.59374
0.593851
0.593969
0.594094
0.594225
0.594364
0.594508
0.594658
0.594814
0.594972
0.595132
0.595291
0.595444
0.595587
0.595712
0.595809
0.595866
0.595864
0.595779
0.595587
0.595241
0.594707
0.593923
0.592214
0.592214
0.592214
0.592214
0.592214
0.592215
0.592215
0.592215
0.592216
0.592216
0.592217
0.592217
0.592218
0.592219
0.59222
0.592221
0.592221
0.592223
0.592224
0.592225
0.592227
0.592228
0.59223
0.592232
0.592234
0.592236
0.592238
0.592241
0.592243
0.592246
0.592249
0.592253
0.592257
0.592261
0.592265
0.59227
0.592275
0.59228
0.592286
0.592292
0.592299
0.592307
0.592314
0.592323
0.592332
0.592342
0.592353
0.592364
0.592377
0.59239
0.592405
0.592421
0.592437
0.592455
0.592475
0.592496
0.592519
0.592543
0.592569
0.592598
0.592628
0.592661
0.592696
0.592734
0.592775
0.592819
0.592866
0.592916
0.592971
0.593029
0.593091
0.593158
0.59323
0.593306
0.593388
0.593475
0.593568
0.593667
0.593772
0.593882
0.593999
0.594122
0.59425
0.594384
0.594522
0.594663
0.594806
0.594948
0.595086
0.595216
0.595333
0.595429
0.595494
0.595516
0.595479
0.595358
0.595138
0.594775
0.594246
0.593514
0.592213
0.592213
0.592213
0.592214
0.592214
0.592214
0.592214
0.592215
0.592215
0.592215
0.592216
0.592217
0.592217
0.592218
0.592219
0.59222
0.592221
0.592222
0.592223
0.592224
0.592225
0.592227
0.592229
0.59223
0.592232
0.592234
0.592236
0.592239
0.592241
0.592244
0.592247
0.592251
0.592254
0.592258
0.592262
0.592267
0.592271
0.592277
0.592282
0.592288
0.592295
0.592302
0.592309
0.592317
0.592326
0.592336
0.592346
0.592357
0.592369
0.592382
0.592396
0.59241
0.592426
0.592444
0.592462
0.592483
0.592504
0.592527
0.592553
0.592579
0.592609
0.59264
0.592673
0.59271
0.592748
0.59279
0.592835
0.592883
0.592935
0.59299
0.59305
0.593113
0.593181
0.593254
0.593331
0.593413
0.593501
0.593594
0.593692
0.593796
0.593905
0.594019
0.594138
0.59426
0.594386
0.594514
0.594641
0.594766
0.594885
0.594994
0.595087
0.595157
0.595195
0.595189
0.595124
0.594979
0.59474
0.594373
0.593859
0.59318
0.592213
0.592213
0.592213
0.592213
0.592213
0.592213
0.592214
0.592214
0.592214
0.592215
0.592215
0.592216
0.592216
0.592217
0.592218
0.592219
0.59222
0.592221
0.592222
0.592223
0.592224
0.592226
0.592227
0.592229
0.592231
0.592233
0.592235
0.592237
0.592239
0.592242
0.592245
0.592248
0.592251
0.592255
0.592259
0.592263
0.592268
0.592273
0.592278
0.592284
0.59229
0.592296
0.592304
0.592311
0.59232
0.592329
0.592338
0.592349
0.59236
0.592372
0.592385
0.5924
0.592415
0.592431
0.592449
0.592468
0.592488
0.59251
0.592534
0.59256
0.592587
0.592617
0.592649
0.592683
0.59272
0.592759
0.592802
0.592847
0.592896
0.592949
0.593005
0.593065
0.593129
0.593197
0.59327
0.593347
0.593429
0.593516
0.593608
0.593705
0.593806
0.593911
0.594021
0.594133
0.594247
0.594362
0.594475
0.594584
0.594686
0.594776
0.594848
0.594897
0.594912
0.594883
0.594799
0.594639
0.594391
0.59403
0.59354
0.592916
0.592212
0.592212
0.592212
0.592212
0.592213
0.592213
0.592213
0.592213
0.592214
0.592214
0.592215
0.592215
0.592216
0.592216
0.592217
0.592218
0.592219
0.59222
0.592221
0.592222
0.592223
0.592224
0.592226
0.592227
0.592229
0.592231
0.592233
0.592235
0.592237
0.59224
0.592243
0.592245
0.592249
0.592252
0.592256
0.59226
0.592264
0.592269
0.592274
0.592279
0.592285
0.592291
0.592298
0.592305
0.592313
0.592322
0.592331
0.592341
0.592351
0.592363
0.592375
0.592388
0.592403
0.592418
0.592435
0.592453
0.592472
0.592493
0.592515
0.592539
0.592565
0.592593
0.592623
0.592656
0.59269
0.592727
0.592767
0.59281
0.592856
0.592905
0.592958
0.593014
0.593075
0.593139
0.593207
0.593279
0.593356
0.593437
0.593522
0.593612
0.593705
0.593802
0.593902
0.594004
0.594107
0.594209
0.594309
0.594403
0.594489
0.594563
0.594618
0.594648
0.594645
0.594599
0.594501
0.594332
0.594084
0.593735
0.593276
0.592707
0.592211
0.592212
0.592212
0.592212
0.592212
0.592212
0.592212
0.592213
0.592213
0.592213
0.592214
0.592214
0.592215
0.592215
0.592216
0.592217
0.592218
0.592218
0.592219
0.592221
0.592222
0.592223
0.592224
0.592226
0.592227
0.592229
0.592231
0.592233
0.592235
0.592237
0.59224
0.592243
0.592246
0.592249
0.592252
0.592256
0.59226
0.592264
0.592269
0.592274
0.59228
0.592285
0.592292
0.592299
0.592306
0.592314
0.592323
0.592332
0.592342
0.592353
0.592364
0.592377
0.59239
0.592405
0.59242
0.592437
0.592455
0.592475
0.592495
0.592518
0.592542
0.592569
0.592597
0.592627
0.592659
0.592694
0.592731
0.592772
0.592815
0.592861
0.59291
0.592962
0.593018
0.593078
0.593141
0.593209
0.59328
0.593355
0.593434
0.593516
0.593602
0.59369
0.593781
0.593873
0.593965
0.594056
0.594144
0.594225
0.594297
0.594356
0.594395
0.59441
0.594396
0.594336
0.59423
0.594058
0.593816
0.593485
0.593059
0.592544
0.592211
0.592211
0.592211
0.592211
0.592211
0.592211
0.592212
0.592212
0.592212
0.592213
0.592213
0.592213
0.592214
0.592214
0.592215
0.592216
0.592217
0.592217
0.592218
0.592219
0.59222
0.592221
0.592223
0.592224
0.592226
0.592227
0.592229
0.592231
0.592233
0.592235
0.592237
0.59224
0.592243
0.592246
0.592249
0.592252
0.592256
0.59226
0.592264
0.592269
0.592274
0.59228
0.592286
0.592292
0.592299
0.592306
0.592314
0.592323
0.592332
0.592342
0.592353
0.592364
0.592377
0.59239
0.592405
0.592421
0.592437
0.592455
0.592475
0.592496
0.592519
0.592543
0.592569
0.592597
0.592627
0.59266
0.592694
0.592732
0.592771
0.592814
0.59286
0.592908
0.59296
0.593015
0.593074
0.593136
0.593202
0.593271
0.593343
0.593418
0.593496
0.593577
0.593659
0.593742
0.593824
0.593904
0.59398
0.594049
0.594109
0.594155
0.594182
0.594186
0.594159
0.594093
0.593982
0.593813
0.59358
0.593272
0.592881
0.592419
0.59221
0.59221
0.59221
0.59221
0.59221
0.592211
0.592211
0.592211
0.592211
0.592212
0.592212
0.592213
0.592213
0.592214
0.592214
0.592215
0.592215
0.592216
0.592217
0.592218
0.592219
0.59222
0.592221
0.592222
0.592224
0.592225
0.592227
0.592229
0.59223
0.592232
0.592235
0.592237
0.592239
0.592242
0.592245
0.592248
0.592252
0.592256
0.59226
0.592264
0.592269
0.592274
0.592279
0.592285
0.592291
0.592298
0.592305
0.592313
0.592322
0.592331
0.592341
0.592352
0.592363
0.592376
0.592389
0.592404
0.592419
0.592436
0.592454
0.592473
0.592494
0.592516
0.59254
0.592566
0.592594
0.592624
0.592656
0.59269
0.592727
0.592766
0.592808
0.592853
0.5929
0.592951
0.593005
0.593062
0.593121
0.593184
0.59325
0.593319
0.593389
0.593462
0.593535
0.593609
0.593682
0.593752
0.593817
0.593876
0.593925
0.59396
0.593978
0.593972
0.593938
0.593868
0.593757
0.593594
0.593375
0.59309
0.592736
0.592324
0.592209
0.592209
0.59221
0.59221
0.59221
0.59221
0.59221
0.59221
0.592211
0.592211
0.592211
0.592212
0.592212
0.592213
0.592213
0.592214
0.592214
0.592215
0.592216
0.592217
0.592217
0.592218
0.592219
0.592221
0.592222
0.592223
0.592225
0.592226
0.592228
0.59223
0.592232
0.592234
0.592236
0.592239
0.592241
0.592244
0.592247
0.592251
0.592255
0.592259
0.592263
0.592267
0.592272
0.592278
0.592283
0.59229
0.592296
0.592304
0.592311
0.59232
0.592329
0.592339
0.592349
0.592361
0.592373
0.592386
0.5924
0.592415
0.592432
0.59245
0.592469
0.592489
0.592511
0.592535
0.59256
0.592587
0.592616
0.592648
0.592681
0.592717
0.592755
0.592796
0.592839
0.592885
0.592934
0.592985
0.593039
0.593096
0.593156
0.593217
0.593281
0.593345
0.593411
0.593476
0.59354
0.593601
0.593657
0.593706
0.593746
0.593772
0.593781
0.593769
0.593731
0.59366
0.593551
0.593398
0.593195
0.592936
0.592619
0.592255
0.592209
0.592209
0.592209
0.592209
0.592209
0.592209
0.592209
0.59221
0.59221
0.59221
0.59221
0.592211
0.592211
0.592212
0.592212
0.592213
0.592213
0.592214
0.592214
0.592215
0.592216
0.592217
0.592218
0.592219
0.59222
0.592221
0.592222
0.592224
0.592225
0.592227
0.592229
0.592231
0.592233
0.592235
0.592238
0.59224
0.592243
0.592246
0.592249
0.592253
0.592257
0.592261
0.592265
0.59227
0.592276
0.592281
0.592287
0.592294
0.592301
0.592308
0.592317
0.592325
0.592335
0.592345
0.592356
0.592368
0.592381
0.592395
0.592409
0.592425
0.592442
0.592461
0.592481
0.592502
0.592525
0.592549
0.592576
0.592604
0.592634
0.592666
0.592701
0.592737
0.592776
0.592817
0.592861
0.592907
0.592956
0.593007
0.59306
0.593114
0.593171
0.593228
0.593286
0.593343
0.593398
0.593451
0.593498
0.593539
0.593571
0.59359
0.593593
0.593577
0.593537
0.593467
0.593364
0.593221
0.593037
0.592805
0.592524
0.592207
0.592208
0.592208
0.592208
0.592208
0.592208
0.592208
0.592209
0.592209
0.592209
0.592209
0.592209
0.59221
0.59221
0.59221
0.592211
0.592211
0.592212
0.592212
0.592213
0.592214
0.592214
0.592215
0.592216
0.592217
0.592218
0.592219
0.59222
0.592221
0.592223
0.592224
0.592226
0.592228
0.592229
0.592231
0.592234
0.592236
0.592239
0.592241
0.592244
0.592247
0.592251
0.592254
0.592258
0.592263
0.592267
0.592272
0.592278
0.592284
0.59229
0.592297
0.592304
0.592312
0.59232
0.592329
0.592339
0.59235
0.592361
0.592373
0.592386
0.5924
0.592416
0.592432
0.59245
0.592469
0.592489
0.592511
0.592534
0.592559
0.592586
0.592614
0.592645
0.592677
0.592712
0.592749
0.592787
0.592828
0.592871
0.592916
0.592962
0.59301
0.59306
0.59311
0.59316
0.593209
0.593257
0.593301
0.593341
0.593375
0.5934
0.593413
0.593412
0.593393
0.593353
0.593287
0.593192
0.593063
0.592898
0.592693
0.592449
0.592174
0.592207
0.592207
0.592207
0.592207
0.592207
0.592208
0.592208
0.592208
0.592208
0.592208
0.592209
0.592209
0.592209
0.592209
0.59221
0.59221
0.592211
0.592211
0.592212
0.592212
0.592213
0.592214
0.592214
0.592215
0.592216
0.592217
0.592218
0.592219
0.59222
0.592221
0.592223
0.592224
0.592226
0.592228
0.59223
0.592232
0.592234
0.592236
0.592239
0.592242
0.592245
0.592248
0.592251
0.592255
0.592259
0.592263
0.592268
0.592273
0.592279
0.592284
0.592291
0.592298
0.592305
0.592313
0.592321
0.592331
0.592341
0.592351
0.592363
0.592375
0.592388
0.592403
0.592418
0.592435
0.592452
0.592471
0.592492
0.592513
0.592537
0.592562
0.592588
0.592617
0.592647
0.592678
0.592712
0.592748
0.592785
0.592824
0.592864
0.592905
0.592948
0.592991
0.593034
0.593076
0.593116
0.593153
0.593186
0.593213
0.593233
0.593242
0.593238
0.593218
0.59318
0.593119
0.593034
0.592919
0.592775
0.592598
0.592388
0.592155
0.592207
0.592207
0.592207
0.592207
0.592207
0.592207
0.592207
0.592207
0.592207
0.592207
0.592208
0.592208
0.592208
0.592208
0.592209
0.592209
0.592209
0.59221
0.59221
0.592211
0.592211
0.592212
0.592212
0.592213
0.592214
0.592215
0.592216
0.592216
0.592217
0.592219
0.59222
0.592221
0.592222
0.592224
0.592226
0.592227
0.592229
0.592231
0.592233
0.592236
0.592238
0.592241
0.592244
0.592247
0.592251
0.592254
0.592258
0.592263
0.592267
0.592272
0.592278
0.592283
0.59229
0.592296
0.592304
0.592312
0.59232
0.592329
0.592339
0.592349
0.592361
0.592373
0.592386
0.5924
0.592415
0.592431
0.592449
0.592467
0.592487
0.592508
0.592531
0.592555
0.59258
0.592607
0.592636
0.592666
0.592697
0.59273
0.592764
0.592799
0.592835
0.592871
0.592907
0.592942
0.592975
0.593006
0.593033
0.593054
0.593069
0.593075
0.593069
0.59305
0.593015
0.592962
0.592887
0.592789
0.592666
0.592516
0.592341
0.592147
0.592206
0.592206
0.592206
0.592206
0.592206
0.592206
0.592206
0.592206
0.592206
0.592206
0.592207
0.592207
0.592207
0.592207
0.592208
0.592208
0.592208
0.592208
0.592209
0.592209
0.59221
0.59221
0.592211
0.592211
0.592212
0.592212
0.592213
0.592214
0.592215
0.592216
0.592217
0.592218
0.592219
0.59222
0.592221
0.592223
0.592224
0.592226
0.592228
0.59223
0.592232
0.592234
0.592236
0.592239
0.592242
0.592245
0.592248
0.592252
0.592256
0.59226
0.592264
0.592269
0.592274
0.59228
0.592286
0.592292
0.592299
0.592307
0.592315
0.592323
0.592332
0.592343
0.592353
0.592365
0.592377
0.59239
0.592405
0.59242
0.592436
0.592454
0.592472
0.592492
0.592513
0.592535
0.592558
0.592583
0.592609
0.592636
0.592664
0.592692
0.592721
0.592751
0.59278
0.592808
0.592835
0.592859
0.59288
0.592897
0.592908
0.592911
0.592905
0.592888
0.592858
0.592812
0.59275
0.592668
0.592567
0.592445
0.592303
0.592147
0.592205
0.592205
0.592205
0.592205
0.592205
0.592205
0.592205
0.592205
0.592205
0.592206
0.592206
0.592206
0.592206
0.592206
0.592206
0.592207
0.592207
0.592207
0.592207
0.592208
0.592208
0.592208
0.592209
0.592209
0.59221
0.59221
0.592211
0.592211
0.592212
0.592213
0.592213
0.592214
0.592215
0.592216
0.592217
0.592218
0.592219
0.592221
0.592222
0.592224
0.592225
0.592227
0.592229
0.592231
0.592233
0.592236
0.592238
0.592241
0.592244
0.592247
0.592251
0.592254
0.592258
0.592263
0.592267
0.592272
0.592278
0.592284
0.59229
0.592297
0.592304
0.592312
0.59232
0.592329
0.592339
0.592349
0.59236
0.592372
0.592385
0.592399
0.592413
0.592428
0.592445
0.592462
0.59248
0.5925
0.59252
0.592541
0.592562
0.592584
0.592607
0.59263
0.592652
0.592674
0.592694
0.592713
0.592729
0.592741
0.592749
0.592751
0.592745
0.592731
0.592706
0.59267
0.59262
0.592556
0.592477
0.592383
0.592273
0.592154
0.592204
0.592204
0.592204
0.592204
0.592204
0.592204
0.592204
0.592204
0.592205
0.592205
0.592205
0.592205
0.592205
0.592205
0.592205
0.592205
0.592206
0.592206
0.592206
0.592206
0.592206
0.592207
0.592207
0.592207
0.592208
0.592208
0.592208
0.592209
0.592209
0.59221
0.59221
0.592211
0.592212
0.592212
0.592213
0.592214
0.592215
0.592216
0.592217
0.592218
0.592219
0.59222
0.592221
0.592223
0.592224
0.592226
0.592228
0.59223
0.592232
0.592234
0.592237
0.59224
0.592242
0.592246
0.592249
0.592253
0.592256
0.592261
0.592265
0.59227
0.592275
0.592281
0.592287
0.592293
0.5923
0.592308
0.592316
0.592324
0.592333
0.592343
0.592353
0.592364
0.592376
0.592388
0.592401
0.592415
0.59243
0.592445
0.59246
0.592476
0.592492
0.592508
0.592524
0.59254
0.592554
0.592567
0.592578
0.592587
0.592592
0.592592
0.592588
0.592577
0.592559
0.592532
0.592496
0.592449
0.592393
0.592325
0.592248
0.592164
0.592203
0.592203
0.592203
0.592203
0.592203
0.592203
0.592204
0.592204
0.592204
0.592204
0.592204
0.592204
0.592204
0.592204
0.592204
0.592204
0.592204
0.592204
0.592204
0.592205
0.592205
0.592205
0.592205
0.592205
0.592205
0.592206
0.592206
0.592206
0.592206
0.592207
0.592207
0.592207
0.592208
0.592208
0.592209
0.592209
0.59221
0.59221
0.592211
0.592211
0.592212
0.592213
0.592214
0.592215
0.592216
0.592217
0.592218
0.592219
0.59222
0.592222
0.592223
0.592225
0.592226
0.592228
0.59223
0.592232
0.592235
0.592237
0.59224
0.592243
0.592246
0.592249
0.592253
0.592257
0.592261
0.592265
0.59227
0.592275
0.592281
0.592287
0.592293
0.5923
0.592307
0.592314
0.592322
0.59233
0.592339
0.592348
0.592357
0.592367
0.592376
0.592386
0.592395
0.592405
0.592413
0.592421
0.592428
0.592433
0.592436
0.592436
0.592433
0.592427
0.592415
0.5924
0.592377
0.59235
0.592316
0.592276
0.592229
0.59218
0.592203
0.592203
0.592203
0.592203
0.592203
0.592203
0.592203
0.592203
0.592203
0.592203
0.592203
0.592203
0.592203
0.592203
0.592203
0.592203
0.592203
0.592203
0.592203
0.592203
0.592203
0.592203
0.592203
0.592203
0.592203
0.592203
0.592203
0.592203
0.592204
0.592204
0.592204
0.592204
0.592204
0.592204
0.592204
0.592204
0.592205
0.592205
0.592205
0.592205
0.592205
0.592206
0.592206
0.592206
0.592206
0.592207
0.592207
0.592207
0.592208
0.592208
0.592209
0.592209
0.59221
0.59221
0.592211
0.592211
0.592212
0.592213
0.592214
0.592215
0.592216
0.592217
0.592218
0.592219
0.59222
0.592222
0.592223
0.592225
0.592226
0.592228
0.59223
0.592232
0.592234
0.592237
0.592239
0.592242
0.592245
0.592247
0.59225
0.592253
0.592256
0.592259
0.592262
0.592265
0.592268
0.592271
0.592273
0.592274
0.592275
0.592276
0.592275
0.592272
0.592269
0.592264
0.592257
0.592248
0.592237
0.592223
0.592209
0.592193
0.593794
0.592328
0.590799
0.589402
0.588153
0.587052
0.586113
0.585354
0.584781
0.584398
0.5934
0.591975
0.59059
0.589411
0.588382
0.587473
0.586693
0.586055
0.585564
0.585222
0.592976
0.591703
0.590522
0.589547
0.588696
0.587934
0.587274
0.586729
0.586303
0.585995
0.592616
0.591517
0.59052
0.589702
0.588983
0.588337
0.587773
0.587303
0.586932
0.586656
0.592347
0.591405
0.590563
0.589869
0.589259
0.588708
0.588225
0.58782
0.587495
0.587249
0.592152
0.591343
0.59063
0.590042
0.589521
0.589048
0.588632
0.588281
0.587996
0.587776
0.592012
0.591319
0.590716
0.590214
0.589768
0.589361
0.589002
0.588698
0.588446
0.58825
0.591919
0.591326
0.590814
0.590386
0.590002
0.589652
0.589341
0.589076
0.588855
0.588681
0.591861
0.591353
0.590919
0.590552
0.590222
0.58992
0.589652
0.589422
0.589228
0.589073
0.591831
0.591397
0.591028
0.590715
0.590431
0.590172
0.58994
0.58974
0.58957
0.589433
0.591823
0.591452
0.59114
0.590873
0.59063
0.590407
0.590209
0.590035
0.589887
0.589767
0.591831
0.591517
0.591253
0.591027
0.59082
0.59063
0.59046
0.59031
0.590182
0.590079
0.591852
0.591588
0.591367
0.591176
0.591001
0.590841
0.590696
0.590568
0.590459
0.590371
0.591883
0.591664
0.59148
0.591322
0.591176
0.591042
0.59092
0.590812
0.590721
0.590646
0.591922
0.591743
0.591594
0.591464
0.591345
0.591234
0.591132
0.591044
0.590969
0.590908
0.591967
0.591825
0.591706
0.591603
0.591506
0.591416
0.591335
0.591265
0.591207
0.591158
0.592017
0.591908
0.591817
0.591736
0.591662
0.591594
0.591533
0.59148
0.591436
0.591399
0.592066
0.591988
0.591923
0.591866
0.591814
0.591767
0.591724
0.591688
0.591657
0.591631
0.592121
0.592074
0.592036
0.592002
0.591971
0.591943
0.591918
0.591896
0.591878
0.591863
0.592173
0.592157
0.592144
0.592133
0.592123
0.592114
0.592106
0.592099
0.592094
0.592089
)
;

boundaryField
{
    down
    {
        type            symmetryPlane;
    }
    right
    {
        type            calculated;
        value           nonuniform List<scalar> 
30
(
0.589289
0.589287
0.589286
0.589296
0.58933
0.589405
0.589541
0.589768
0.590125
0.590671
0.591399
0.591833
0.591957
0.59201
0.59205
0.592083
0.592112
0.592135
0.592153
0.592168
0.592179
0.592188
0.592194
0.592199
0.592204
0.592209
0.592213
0.592216
0.592216
0.592215
)
;
    }
    up
    {
        type            calculated;
        value           nonuniform List<scalar> 
220
(
0.592238
0.59224
0.592241
0.592243
0.592243
0.592246
0.592247
0.592248
0.592249
0.59225
0.592248
0.592246
0.592244
0.592243
0.592241
0.59224
0.592239
0.592238
0.592237
0.592236
0.592235
0.592234
0.592233
0.592232
0.592231
0.59223
0.592229
0.592228
0.592227
0.592226
0.592225
0.592224
0.592223
0.592222
0.592222
0.592221
0.59222
0.59222
0.592219
0.592218
0.592218
0.592217
0.592217
0.592216
0.592216
0.592216
0.592215
0.592215
0.592215
0.592214
0.592214
0.592214
0.592214
0.592214
0.592214
0.592213
0.592213
0.592213
0.592213
0.592213
0.592213
0.592213
0.592213
0.592213
0.592213
0.592213
0.592213
0.592213
0.592213
0.592213
0.592213
0.592213
0.592213
0.592213
0.592213
0.592213
0.592213
0.592213
0.592213
0.592213
0.592213
0.592213
0.592213
0.592213
0.592213
0.592213
0.592213
0.592213
0.592214
0.592214
0.592214
0.592214
0.592214
0.592214
0.592214
0.592214
0.592214
0.592214
0.592214
0.592214
0.592214
0.592214
0.592214
0.592214
0.592214
0.592214
0.592214
0.592215
0.592215
0.592215
0.592215
0.592219
0.592222
0.592225
0.592228
0.59223
0.592232
0.592234
0.592236
0.592237
0.592202
0.592202
0.592202
0.592202
0.592202
0.592202
0.592202
0.592202
0.592202
0.592202
0.592202
0.592202
0.592202
0.592202
0.592202
0.592202
0.592202
0.592202
0.592202
0.592202
0.592202
0.592202
0.592202
0.592202
0.592202
0.592202
0.592202
0.592202
0.592202
0.592202
0.592202
0.592202
0.592202
0.592202
0.592202
0.592201
0.592201
0.592201
0.592201
0.592201
0.592201
0.592201
0.592201
0.592201
0.592201
0.5922
0.5922
0.5922
0.5922
0.5922
0.5922
0.592199
0.592199
0.592199
0.592199
0.592198
0.592198
0.592198
0.592197
0.592197
0.592196
0.592196
0.592196
0.592195
0.592194
0.592194
0.592193
0.592192
0.592192
0.592191
0.59219
0.592189
0.592188
0.592187
0.592186
0.592185
0.592184
0.592183
0.592181
0.59218
0.592179
0.592178
0.592176
0.592175
0.592174
0.592173
0.592172
0.592172
0.592171
0.592172
0.592172
0.592173
0.592175
0.592178
0.592181
0.592185
0.59219
0.592196
0.592202
0.59221
)
;
    }
    left
    {
        type            calculated;
        value           nonuniform List<scalar> 
30
(
0.592218
0.592218
0.592218
0.592218
0.592217
0.592217
0.592217
0.592217
0.592216
0.592216
0.592215
0.592215
0.592214
0.592214
0.592213
0.592213
0.592212
0.592211
0.592211
0.59221
0.592209
0.592209
0.592208
0.592207
0.592207
0.592206
0.592205
0.592204
0.592203
0.592203
)
;
    }
    cylinder
    {
        type            calculated;
        value           nonuniform List<scalar> 
40
(
0.577888
0.575219
0.571276
0.567066
0.562471
0.558035
0.553943
0.550538
0.547969
0.546417
0.581331
0.58084
0.580274
0.579796
0.579393
0.57916
0.57894
0.578521
0.578191
0.57839
0.58005
0.574216
0.56851
0.563041
0.558154
0.553987
0.550741
0.548082
0.546503
0.545912
0.615222
0.615029
0.614019
0.611997
0.609153
0.605593
0.601379
0.596596
0.591358
0.585792
)
;
    }
    defaultFaces
    {
        type            empty;
    }
}


// ************************************************************************* //
