/*--------------------------------*- C++ -*----------------------------------*\
  =========                 |
  \\      /  F ield         | OpenFOAM: The Open Source CFD Toolbox
   \\    /   O peration     | Website:  https://openfoam.org
    \\  /    A nd           | Version:  8
     \\/     M anipulation  |
\*---------------------------------------------------------------------------*/
FoamFile
{
    version     2.0;
    format      ascii;
    class       volScalarField;
    location    "1";
    object      T;
}
// * * * * * * * * * * * * * * * * * * * * * * * * * * * * * * * * * * * * * //

dimensions      [0 0 0 1 0 0 0];

internalField   nonuniform List<scalar> 
800
(
289.49728
289.49859
289.49793
289.49799
289.49794
289.49796
289.49795
289.49795
289.49795
289.49795
289.49795
289.49795
289.49795
289.49795
289.49796
289.49794
289.49799
289.49793
289.49859
289.49728
302.97102
302.97111
302.97106
302.97107
302.97106
302.97106
302.97106
302.97106
302.97106
302.97106
302.97106
302.97106
302.97106
302.97106
302.97106
302.97106
302.97107
302.97106
302.97111
302.97102
302.99165
302.99164
302.99164
302.99164
302.99164
302.99164
302.99164
302.99164
302.99164
302.99164
302.99164
302.99164
302.99164
302.99164
302.99164
302.99164
302.99164
302.99164
302.99164
302.99165
302.98928
302.98927
302.98928
302.98927
302.98928
302.98927
302.98928
302.98928
302.98928
302.98927
302.98927
302.98928
302.98928
302.98928
302.98927
302.98928
302.98927
302.98928
302.98927
302.98928
302.98568
302.98567
302.98567
302.98567
302.98567
302.98567
302.98567
302.98567
302.98567
302.98567
302.98567
302.98567
302.98567
302.98567
302.98567
302.98567
302.98567
302.98567
302.98567
302.98568
302.97924
302.97923
302.97923
302.97923
302.97923
302.97923
302.97923
302.97923
302.97923
302.97923
302.97923
302.97923
302.97923
302.97923
302.97923
302.97923
302.97923
302.97923
302.97923
302.97924
302.97575
302.97574
302.97574
302.97574
302.97574
302.97574
302.97574
302.97574
302.97574
302.97574
302.97574
302.97574
302.97574
302.97574
302.97574
302.97574
302.97574
302.97574
302.97574
302.97575
302.96044
302.96042
302.96042
302.96042
302.96042
302.96042
302.96042
302.96042
302.96042
302.96042
302.96042
302.96042
302.96042
302.96042
302.96042
302.96042
302.96042
302.96042
302.96042
302.96044
302.95545
302.95542
302.95543
302.95542
302.95542
302.95542
302.95542
302.95542
302.95542
302.95542
302.95542
302.95542
302.95542
302.95542
302.95542
302.95542
302.95542
302.95543
302.95542
302.95545
302.92343
302.92339
302.9234
302.92339
302.9234
302.92339
302.9234
302.92339
302.92339
302.92339
302.92339
302.92339
302.92339
302.9234
302.92339
302.9234
302.92339
302.9234
302.92339
302.92343
289.50132
289.50264
289.50197
289.50203
289.50199
289.502
289.50199
289.502
289.502
289.502
289.502
289.502
289.502
289.50199
289.502
289.50199
289.50203
289.50197
289.50264
289.50132
302.97132
302.97141
302.97136
302.97137
302.97136
302.97137
302.97136
302.97136
302.97136
302.97136
302.97136
302.97136
302.97136
302.97136
302.97137
302.97136
302.97137
302.97136
302.97141
302.97132
302.99163
302.99163
302.99163
302.99163
302.99163
302.99163
302.99163
302.99163
302.99163
302.99163
302.99163
302.99163
302.99163
302.99163
302.99163
302.99163
302.99163
302.99163
302.99163
302.99163
302.98926
302.98926
302.98926
302.98926
302.98926
302.98926
302.98926
302.98926
302.98926
302.98926
302.98926
302.98926
302.98926
302.98926
302.98926
302.98926
302.98926
302.98926
302.98926
302.98926
302.98565
302.98565
302.98565
302.98565
302.98565
302.98565
302.98565
302.98565
302.98565
302.98565
302.98565
302.98565
302.98565
302.98565
302.98565
302.98565
302.98565
302.98565
302.98565
302.98565
302.97921
302.9792
302.9792
302.9792
302.9792
302.9792
302.9792
302.9792
302.9792
302.9792
302.9792
302.9792
302.9792
302.9792
302.9792
302.9792
302.9792
302.9792
302.9792
302.97921
302.9757
302.97569
302.97569
302.97569
302.97569
302.97569
302.97569
302.97569
302.97569
302.97569
302.97569
302.97569
302.97569
302.97569
302.97569
302.97569
302.97569
302.97569
302.97569
302.9757
302.96038
302.96036
302.96036
302.96036
302.96036
302.96036
302.96036
302.96036
302.96036
302.96036
302.96036
302.96036
302.96036
302.96036
302.96036
302.96036
302.96036
302.96036
302.96036
302.96038
302.95536
302.95534
302.95534
302.95534
302.95534
302.95534
302.95534
302.95534
302.95534
302.95534
302.95534
302.95534
302.95534
302.95534
302.95534
302.95534
302.95534
302.95534
302.95534
302.95536
302.92331
302.92328
302.92328
302.92328
302.92328
302.92328
302.92328
302.92328
302.92328
302.92328
302.92328
302.92328
302.92328
302.92328
302.92328
302.92328
302.92328
302.92328
302.92328
302.92331
289.50132
289.50264
289.50197
289.50203
289.50199
289.502
289.50199
289.502
289.502
289.502
289.502
289.502
289.502
289.50199
289.502
289.50199
289.50203
289.50197
289.50264
289.50132
302.97132
302.97141
302.97136
302.97137
302.97136
302.97137
302.97136
302.97136
302.97136
302.97136
302.97136
302.97136
302.97136
302.97136
302.97137
302.97136
302.97137
302.97136
302.97141
302.97132
302.99163
302.99163
302.99163
302.99163
302.99163
302.99163
302.99163
302.99163
302.99163
302.99163
302.99163
302.99163
302.99163
302.99163
302.99163
302.99163
302.99163
302.99163
302.99163
302.99163
302.98926
302.98926
302.98926
302.98926
302.98926
302.98926
302.98926
302.98926
302.98926
302.98926
302.98926
302.98926
302.98926
302.98926
302.98926
302.98926
302.98926
302.98926
302.98926
302.98926
302.98565
302.98565
302.98565
302.98565
302.98565
302.98565
302.98565
302.98565
302.98565
302.98565
302.98565
302.98565
302.98565
302.98565
302.98565
302.98565
302.98565
302.98565
302.98565
302.98565
302.97921
302.9792
302.9792
302.9792
302.9792
302.9792
302.9792
302.9792
302.9792
302.9792
302.9792
302.9792
302.9792
302.9792
302.9792
302.9792
302.9792
302.9792
302.9792
302.97921
302.9757
302.97569
302.97569
302.97569
302.97569
302.97569
302.97569
302.97569
302.97569
302.97569
302.97569
302.97569
302.97569
302.97569
302.97569
302.97569
302.97569
302.97569
302.97569
302.9757
302.96038
302.96036
302.96036
302.96036
302.96036
302.96036
302.96036
302.96036
302.96036
302.96036
302.96036
302.96036
302.96036
302.96036
302.96036
302.96036
302.96036
302.96036
302.96036
302.96038
302.95536
302.95534
302.95534
302.95534
302.95534
302.95534
302.95534
302.95534
302.95534
302.95534
302.95534
302.95534
302.95534
302.95534
302.95534
302.95534
302.95534
302.95534
302.95534
302.95536
302.92331
302.92328
302.92328
302.92328
302.92328
302.92328
302.92328
302.92328
302.92328
302.92328
302.92328
302.92328
302.92328
302.92328
302.92328
302.92328
302.92328
302.92328
302.92328
302.92331
289.49728
289.49859
289.49793
289.49799
289.49794
289.49796
289.49795
289.49795
289.49795
289.49795
289.49795
289.49795
289.49795
289.49795
289.49796
289.49794
289.49799
289.49793
289.49859
289.49728
302.97102
302.97111
302.97106
302.97107
302.97106
302.97106
302.97106
302.97106
302.97106
302.97106
302.97106
302.97106
302.97106
302.97106
302.97106
302.97106
302.97107
302.97106
302.97111
302.97102
302.99165
302.99164
302.99164
302.99164
302.99164
302.99164
302.99164
302.99164
302.99164
302.99164
302.99164
302.99164
302.99164
302.99164
302.99164
302.99164
302.99164
302.99164
302.99164
302.99165
302.98928
302.98927
302.98928
302.98927
302.98928
302.98927
302.98928
302.98928
302.98928
302.98927
302.98927
302.98928
302.98928
302.98928
302.98927
302.98928
302.98927
302.98928
302.98927
302.98928
302.98568
302.98567
302.98567
302.98567
302.98567
302.98567
302.98567
302.98567
302.98567
302.98567
302.98567
302.98567
302.98567
302.98567
302.98567
302.98567
302.98567
302.98567
302.98567
302.98568
302.97924
302.97923
302.97923
302.97923
302.97923
302.97923
302.97923
302.97923
302.97923
302.97923
302.97923
302.97923
302.97923
302.97923
302.97923
302.97923
302.97923
302.97923
302.97923
302.97924
302.97575
302.97574
302.97574
302.97574
302.97574
302.97574
302.97574
302.97574
302.97574
302.97574
302.97574
302.97574
302.97574
302.97574
302.97574
302.97574
302.97574
302.97574
302.97574
302.97575
302.96044
302.96042
302.96042
302.96042
302.96042
302.96042
302.96042
302.96042
302.96042
302.96042
302.96042
302.96042
302.96042
302.96042
302.96042
302.96042
302.96042
302.96042
302.96042
302.96044
302.95545
302.95542
302.95543
302.95542
302.95542
302.95542
302.95542
302.95542
302.95542
302.95542
302.95542
302.95542
302.95542
302.95542
302.95542
302.95542
302.95542
302.95543
302.95542
302.95545
302.92343
302.92339
302.9234
302.92339
302.9234
302.92339
302.9234
302.92339
302.92339
302.92339
302.92339
302.92339
302.92339
302.9234
302.92339
302.9234
302.92339
302.9234
302.92339
302.92343
)
;

boundaryField
{
    left
    {
        type            zeroGradient;
    }
    right
    {
        type            zeroGradient;
    }
    walls
    {
        type            fixedValue;
        value           uniform 301;
    }
    centreline
    {
        type            fixedValue;
        value           uniform 303;
    }
    frontAndBack
    {
        type            zeroGradient;
    }
}


// ************************************************************************* //
