/*--------------------------------*- C++ -*----------------------------------*\
  =========                 |
  \\      /  F ield         | OpenFOAM: The Open Source CFD Toolbox
   \\    /   O peration     | Website:  https://openfoam.org
    \\  /    A nd           | Version:  8
     \\/     M anipulation  |
\*---------------------------------------------------------------------------*/
FoamFile
{
    version     2.0;
    format      ascii;
    class       volScalarField;
    location    "0.8";
    object      p;
}
// * * * * * * * * * * * * * * * * * * * * * * * * * * * * * * * * * * * * * //

dimensions      [1 -1 -2 0 0 0 0];

internalField   nonuniform List<scalar> 
2000
(
4246.9994
4246.9994
4246.9994
4246.9994
4246.9994
4246.9994
4246.9994
4246.9994
4246.9994
4246.9994
4246.9994
4246.9994
4246.9994
4246.9994
4246.9994
4246.9994
4246.9994
4246.9994
4246.9994
4246.9994
4246.9994
4246.9994
4246.9994
4246.9994
4246.9994
4246.9994
4246.9994
4246.9994
4246.9994
4246.9994
4246.9994
4246.9994
4246.9994
4246.9994
4246.9994
4246.9994
4246.9994
4246.9994
4246.9994
4246.9994
4246.9994
4246.9994
4246.9994
4246.9994
4246.9994
4246.9994
4246.9994
4246.9994
4246.9994
4246.9994
4246.9994
4246.9994
4246.9994
4246.9994
4246.9994
4246.9994
4246.9994
4246.9994
4246.9994
4246.9994
4246.9994
4246.9994
4246.9994
4246.9994
4246.9994
4246.9994
4246.9994
4246.9994
4246.9994
4246.9994
4246.9994
4246.9994
4246.9994
4246.9994
4246.9994
4246.9994
4246.9994
4246.9994
4246.9994
4246.9994
4246.9994
4246.9994
4246.9994
4246.9994
4246.9994
4246.9994
4246.9994
4246.9994
4246.9994
4246.9994
4246.9994
4246.9994
4246.9994
4246.9994
4246.9994
4246.9994
4246.9994
4246.9994
4246.9994
4246.9994
4246.9994
4246.9994
4246.9994
4246.9994
4246.9994
4246.9994
4246.9994
4246.9994
4246.9994
4246.9994
4246.9994
4246.9994
4246.9994
4246.9994
4246.9994
4246.9994
4246.9994
4246.9994
4246.9994
4246.9994
4246.9994
4246.9994
4246.9994
4246.9994
4246.9994
4246.9994
4246.9994
4246.9994
4246.9994
4246.9994
4246.9994
4246.9994
4246.9994
4246.9994
4246.9994
4246.9994
4246.9994
4246.9994
4246.9994
4246.9994
4246.9994
4246.9994
4246.9994
4246.9994
4246.9994
4246.9994
4246.9994
4246.9994
4246.9994
4246.9994
4246.9994
4246.9994
4246.9994
4246.9994
4246.9994
4246.9994
4246.9994
4246.9994
4246.9994
4246.9994
4246.9994
4246.9994
4246.9994
4246.9994
4246.9994
4246.9994
4246.9994
4246.9994
4246.9994
4246.9994
4246.9994
4246.9994
4246.9994
4246.9994
4246.9994
4246.9994
4246.9994
4246.9994
4246.9994
4246.9994
4246.9994
4246.9994
4246.9994
4246.9994
4246.9994
4246.9994
4246.9994
4246.9994
4246.9994
4246.9994
4246.9994
4246.9994
4246.9994
4246.9994
4246.9994
4246.9994
4246.9994
4246.9994
4246.9994
4246.9994
4246.9994
4246.9994
4246.9994
4246.9994
4246.9994
4246.9994
4246.9994
4246.9994
4246.9994
4246.9994
4246.9994
4246.9994
4246.9994
4246.9994
4246.9994
4246.9994
4246.9994
4246.9994
4246.9994
4246.9994
4246.9994
4246.9994
4246.9994
4246.9994
4246.9994
4246.9994
4246.9994
4246.9994
4246.9994
4246.9994
4246.9994
4246.9994
4246.9994
4246.9994
4246.9994
4246.9994
4246.9994
4246.9994
4246.9994
4246.9994
4246.9994
4246.9994
4246.9994
4246.9994
4246.9994
4246.9994
4246.9994
4246.9994
4246.9994
4246.9994
4246.9994
4246.9994
4246.9994
4246.9994
4246.9994
4246.9994
4246.9994
4246.9994
4246.9994
4246.9994
4246.9994
4246.9994
4246.9994
4246.9994
4246.9994
4246.9994
4246.9994
4246.9994
4246.9994
4246.9994
4246.9994
4246.9994
4246.9994
4246.9994
4246.9994
4246.9994
4246.9994
4246.9994
4246.9994
4246.9994
4246.9995
4246.9995
4246.9995
4246.9995
4246.9995
4246.9995
4246.9995
4246.9995
4246.9995
4246.9995
4246.9994
4246.9994
4246.9994
4246.9994
4246.9994
4246.9994
4246.9994
4246.9994
4246.9994
4246.9994
4246.9995
4246.9995
4246.9995
4246.9995
4246.9995
4246.9995
4246.9995
4246.9995
4246.9995
4246.9995
4246.9994
4246.9994
4246.9994
4246.9994
4246.9994
4246.9994
4246.9994
4246.9994
4246.9994
4246.9994
4246.9995
4246.9995
4246.9995
4246.9995
4246.9995
4246.9995
4246.9995
4246.9995
4246.9995
4246.9995
4246.9993
4246.9993
4246.9993
4246.9993
4246.9993
4246.9993
4246.9993
4246.9993
4246.9993
4246.9993
4246.9995
4246.9995
4246.9995
4246.9995
4246.9995
4246.9995
4246.9995
4246.9995
4246.9995
4246.9995
4246.9993
4246.9993
4246.9993
4246.9993
4246.9993
4246.9993
4246.9993
4246.9993
4246.9993
4246.9993
4246.9996
4246.9996
4246.9996
4246.9996
4246.9996
4246.9996
4246.9996
4246.9996
4246.9996
4246.9996
4246.9992
4246.9992
4246.9992
4246.9992
4246.9992
4246.9992
4246.9992
4246.9992
4246.9992
4246.9992
4246.9997
4246.9997
4246.9997
4246.9997
4246.9997
4246.9997
4246.9997
4246.9997
4246.9997
4246.9997
4246.9992
4246.9992
4246.9992
4246.9992
4246.9992
4246.9992
4246.9992
4246.9992
4246.9992
4246.9992
4246.9997
4246.9997
4246.9997
4246.9997
4246.9997
4246.9997
4246.9997
4246.9997
4246.9997
4246.9997
4246.9991
4246.9991
4246.9991
4246.9991
4246.9991
4246.9991
4246.9991
4246.9991
4246.9991
4246.9991
4246.9998
4246.9998
4246.9998
4246.9998
4246.9998
4246.9998
4246.9998
4246.9998
4246.9998
4246.9998
4246.999
4246.999
4246.999
4246.999
4246.999
4246.999
4246.999
4246.999
4246.999
4246.999
4247
4247
4247
4247
4247
4247
4247
4247
4247
4247
4246.9988
4246.9988
4246.9988
4246.9988
4246.9988
4246.9988
4246.9988
4246.9988
4246.9988
4246.9988
4247.0001
4247.0001
4247.0001
4247.0001
4247.0001
4247.0001
4247.0001
4247.0001
4247.0001
4247.0001
4246.9987
4246.9987
4246.9987
4246.9987
4246.9987
4246.9987
4246.9987
4246.9987
4246.9987
4246.9987
4247.0003
4247.0003
4247.0003
4247.0003
4247.0003
4247.0003
4247.0003
4247.0003
4247.0003
4247.0003
4246.9985
4246.9985
4246.9985
4246.9985
4246.9985
4246.9985
4246.9985
4246.9985
4246.9985
4246.9985
4247.0005
4247.0005
4247.0005
4247.0005
4247.0005
4247.0005
4247.0005
4247.0005
4247.0005
4247.0005
4246.9982
4246.9982
4246.9982
4246.9982
4246.9982
4246.9982
4246.9982
4246.9982
4246.9982
4246.9982
4247.0008
4247.0008
4247.0008
4247.0008
4247.0008
4247.0008
4247.0008
4247.0008
4247.0008
4247.0008
4246.998
4246.998
4246.998
4246.998
4246.998
4246.998
4246.998
4246.998
4246.998
4246.998
4247.0011
4247.0011
4247.0011
4247.0011
4247.0011
4247.0011
4247.0011
4247.0011
4247.0011
4247.0011
4246.9977
4246.9976
4246.9977
4246.9976
4246.9977
4246.9977
4246.9976
4246.9977
4246.9976
4246.9977
4247.0014
4247.0014
4247.0014
4247.0014
4247.0014
4247.0014
4247.0014
4247.0014
4247.0014
4247.0014
4246.9973
4246.9973
4246.9973
4246.9973
4246.9973
4246.9973
4246.9973
4246.9973
4246.9973
4246.9973
4247.0018
4247.0018
4247.0018
4247.0018
4247.0018
4247.0018
4247.0018
4247.0018
4247.0018
4247.0018
4246.9969
4246.9969
4246.9969
4246.9969
4246.9969
4246.9969
4246.9969
4246.9969
4246.9969
4246.9969
4247.0022
4247.0022
4247.0022
4247.0022
4247.0022
4247.0022
4247.0022
4247.0022
4247.0022
4247.0022
4246.9964
4246.9964
4246.9964
4246.9964
4246.9964
4246.9964
4246.9964
4246.9964
4246.9964
4246.9964
4247.0027
4247.0027
4247.0027
4247.0027
4247.0027
4247.0027
4247.0027
4247.0027
4247.0027
4247.0027
4246.9959
4246.9959
4246.9959
4246.9959
4246.9959
4246.9959
4246.9959
4246.9959
4246.9959
4246.9959
4247.0033
4247.0033
4247.0033
4247.0033
4247.0033
4247.0033
4247.0033
4247.0033
4247.0033
4247.0033
4246.9953
4246.9953
4246.9953
4246.9953
4246.9953
4246.9953
4246.9953
4246.9953
4246.9953
4246.9953
4247.0039
4247.0039
4247.0039
4247.0039
4247.0039
4247.0039
4247.0039
4247.0039
4247.0039
4247.0039
4246.9947
4246.9947
4246.9947
4246.9947
4246.9947
4246.9947
4246.9947
4246.9947
4246.9947
4246.9947
4247.0045
4247.0046
4247.0045
4247.0046
4247.0046
4247.0046
4247.0046
4247.0045
4247.0046
4247.0045
4246.994
4246.994
4246.994
4246.994
4246.994
4246.994
4246.994
4246.994
4246.994
4246.994
4247.0053
4247.0053
4247.0053
4247.0053
4247.0053
4247.0053
4247.0053
4247.0053
4247.0053
4247.0053
4246.9932
4246.9932
4246.9932
4246.9932
4246.9932
4246.9932
4246.9932
4246.9932
4246.9932
4246.9932
4247.0061
4247.0062
4247.0061
4247.0061
4247.0061
4247.0061
4247.0061
4247.0061
4247.0062
4247.0061
4246.9924
4246.9923
4246.9923
4246.9923
4246.9923
4246.9923
4246.9923
4246.9923
4246.9923
4246.9924
4247.007
4247.0071
4247.007
4247.0071
4247.007
4247.007
4247.0071
4247.007
4247.0071
4247.007
4246.9914
4246.9914
4246.9914
4246.9914
4246.9914
4246.9914
4246.9914
4246.9914
4246.9914
4246.9914
4247.008
4247.0081
4247.008
4247.0081
4247.008
4247.008
4247.0081
4247.008
4247.0081
4247.008
4246.9904
4246.9903
4246.9904
4246.9903
4246.9904
4246.9904
4246.9903
4246.9904
4246.9903
4246.9904
4247.0091
4247.0091
4247.0091
4247.0091
4247.0091
4247.0091
4247.0091
4247.0091
4247.0091
4247.0091
4246.9893
4246.9892
4246.9893
4246.9892
4246.9892
4246.9892
4246.9892
4246.9893
4246.9892
4246.9893
4247.0103
4247.0103
4247.0103
4247.0103
4247.0103
4247.0103
4247.0103
4247.0103
4247.0103
4247.0103
4246.9881
4246.988
4246.988
4246.988
4246.988
4246.988
4246.988
4246.988
4246.988
4246.9881
4247.0115
4247.0116
4247.0115
4247.0116
4247.0116
4247.0116
4247.0116
4247.0115
4247.0116
4247.0115
4246.9867
4246.9867
4246.9867
4246.9867
4246.9867
4246.9867
4246.9867
4246.9867
4246.9867
4246.9867
4247.0129
4247.013
4247.0129
4247.013
4247.0129
4247.0129
4247.013
4247.0129
4247.013
4247.0129
4246.9853
4246.9852
4246.9853
4246.9853
4246.9853
4246.9853
4246.9853
4246.9853
4246.9852
4246.9853
4247.0145
4247.0146
4247.0145
4247.0145
4247.0145
4247.0145
4247.0145
4247.0145
4247.0146
4247.0145
4246.9837
4246.9836
4246.9837
4246.9836
4246.9836
4246.9836
4246.9836
4246.9837
4246.9836
4246.9837
4247.0159
4247.016
4247.0159
4247.016
4247.0159
4247.0159
4247.016
4247.0159
4247.016
4247.0159
4246.9822
4246.9821
4246.9822
4246.9821
4246.9822
4246.9822
4246.9821
4246.9822
4246.9821
4246.9822
4247.0178
4247.0179
4247.0178
4247.0179
4247.0178
4247.0178
4247.0179
4247.0178
4247.0179
4247.0178
4246.9803
4246.9802
4246.9803
4246.9802
4246.9802
4246.9802
4246.9802
4246.9803
4246.9802
4246.9803
4247.0194
4247.0196
4247.0195
4247.0195
4247.0195
4247.0195
4247.0195
4247.0195
4247.0196
4247.0194
4246.9785
4246.9784
4246.9785
4246.9784
4246.9785
4246.9785
4246.9784
4246.9785
4246.9784
4246.9785
4247.0216
4247.0217
4247.0216
4247.0217
4247.0216
4247.0216
4247.0217
4247.0216
4247.0217
4247.0216
4246.9764
4246.9762
4246.9763
4246.9763
4246.9763
4246.9763
4246.9763
4246.9763
4246.9762
4246.9764
4247.0236
4247.0237
4247.0236
4247.0237
4247.0237
4247.0237
4247.0237
4247.0236
4247.0237
4247.0236
4246.9743
4246.9741
4246.9742
4246.9742
4246.9742
4246.9742
4246.9742
4246.9742
4246.9741
4246.9743
4247.0259
4247.0261
4247.026
4247.026
4247.026
4247.026
4247.026
4247.026
4247.0261
4247.0259
4246.9719
4246.9717
4246.9718
4246.9717
4246.9718
4246.9718
4246.9717
4246.9718
4246.9717
4246.9719
4246.9994
4246.9994
4246.9994
4246.9994
4246.9994
4246.9994
4246.9994
4246.9994
4246.9994
4246.9994
4246.9994
4246.9994
4246.9994
4246.9994
4246.9994
4246.9994
4246.9994
4246.9994
4246.9994
4246.9994
4246.9994
4246.9994
4246.9994
4246.9994
4246.9994
4246.9994
4246.9994
4246.9994
4246.9994
4246.9994
4246.9994
4246.9994
4246.9994
4246.9994
4246.9994
4246.9994
4246.9994
4246.9994
4246.9994
4246.9994
4246.9994
4246.9994
4246.9994
4246.9994
4246.9994
4246.9994
4246.9994
4246.9994
4246.9994
4246.9994
4246.9994
4246.9994
4246.9994
4246.9994
4246.9994
4246.9994
4246.9994
4246.9994
4246.9994
4246.9994
4246.9994
4246.9994
4246.9994
4246.9994
4246.9994
4246.9994
4246.9994
4246.9994
4246.9994
4246.9994
4246.9994
4246.9994
4246.9994
4246.9994
4246.9994
4246.9994
4246.9994
4246.9994
4246.9994
4246.9994
4246.9994
4246.9994
4246.9994
4246.9994
4246.9994
4246.9994
4246.9994
4246.9994
4246.9994
4246.9994
4246.9994
4246.9994
4246.9994
4246.9994
4246.9994
4246.9994
4246.9994
4246.9994
4246.9994
4246.9994
4246.9994
4246.9994
4246.9994
4246.9994
4246.9994
4246.9994
4246.9994
4246.9994
4246.9994
4246.9994
4246.9994
4246.9994
4246.9994
4246.9994
4246.9994
4246.9994
4246.9994
4246.9994
4246.9994
4246.9994
4246.9994
4246.9994
4246.9994
4246.9994
4246.9994
4246.9994
4246.9994
4246.9994
4246.9994
4246.9994
4246.9994
4246.9994
4246.9994
4246.9994
4246.9994
4246.9994
4246.9994
4246.9994
4246.9994
4246.9994
4246.9994
4246.9994
4246.9994
4246.9994
4246.9994
4246.9994
4246.9994
4246.9994
4246.9994
4246.9994
4246.9994
4246.9994
4246.9994
4246.9994
4246.9994
4246.9994
4246.9994
4246.9994
4246.9994
4246.9994
4246.9994
4246.9994
4246.9994
4246.9994
4246.9994
4246.9994
4246.9994
4246.9994
4246.9994
4246.9994
4246.9994
4246.9994
4246.9994
4246.9994
4246.9994
4246.9994
4246.9994
4246.9994
4246.9994
4246.9994
4246.9994
4246.9994
4246.9994
4246.9994
4246.9994
4246.9994
4246.9994
4246.9994
4246.9994
4246.9994
4246.9994
4246.9994
4246.9994
4246.9994
4246.9994
4246.9994
4246.9994
4246.9994
4246.9994
4246.9994
4246.9994
4246.9994
4246.9994
4246.9994
4246.9994
4246.9994
4246.9994
4246.9994
4246.9994
4246.9994
4246.9994
4246.9994
4246.9994
4246.9994
4246.9994
4246.9994
4246.9994
4246.9994
4246.9994
4246.9994
4246.9994
4246.9994
4246.9994
4246.9994
4246.9994
4246.9994
4246.9994
4246.9994
4246.9994
4246.9994
4246.9994
4246.9994
4246.9994
4246.9994
4246.9994
4246.9994
4246.9994
4246.9994
4246.9994
4246.9994
4246.9994
4246.9994
4246.9994
4246.9994
4246.9994
4246.9994
4246.9994
4246.9994
4246.9994
4246.9994
4246.9994
4246.9994
4246.9994
4246.9994
4246.9994
4246.9994
4246.9994
4246.9994
4246.9994
4246.9994
4246.9994
4246.9994
4246.9994
4246.9994
4246.9994
4246.9994
4246.9994
4246.9994
4246.9994
4246.9994
4246.9994
4246.9994
4246.9994
4246.9994
4246.9994
4246.9994
4246.9994
4246.9994
4246.9994
4246.9994
4246.9995
4246.9995
4246.9995
4246.9995
4246.9995
4246.9995
4246.9995
4246.9995
4246.9995
4246.9995
4246.9994
4246.9994
4246.9994
4246.9994
4246.9994
4246.9994
4246.9994
4246.9994
4246.9994
4246.9994
4246.9995
4246.9995
4246.9995
4246.9995
4246.9995
4246.9995
4246.9995
4246.9995
4246.9995
4246.9995
4246.9994
4246.9994
4246.9994
4246.9994
4246.9994
4246.9994
4246.9994
4246.9994
4246.9994
4246.9994
4246.9995
4246.9995
4246.9995
4246.9995
4246.9995
4246.9995
4246.9995
4246.9995
4246.9995
4246.9995
4246.9993
4246.9993
4246.9993
4246.9993
4246.9993
4246.9993
4246.9993
4246.9993
4246.9993
4246.9993
4246.9995
4246.9995
4246.9995
4246.9995
4246.9995
4246.9995
4246.9995
4246.9995
4246.9995
4246.9995
4246.9993
4246.9993
4246.9993
4246.9993
4246.9993
4246.9993
4246.9993
4246.9993
4246.9993
4246.9993
4246.9996
4246.9996
4246.9996
4246.9996
4246.9996
4246.9996
4246.9996
4246.9996
4246.9996
4246.9996
4246.9992
4246.9992
4246.9992
4246.9992
4246.9992
4246.9992
4246.9992
4246.9992
4246.9992
4246.9992
4246.9997
4246.9997
4246.9997
4246.9997
4246.9997
4246.9997
4246.9997
4246.9997
4246.9997
4246.9997
4246.9992
4246.9992
4246.9992
4246.9992
4246.9992
4246.9992
4246.9992
4246.9992
4246.9992
4246.9992
4246.9997
4246.9997
4246.9997
4246.9997
4246.9997
4246.9997
4246.9997
4246.9997
4246.9997
4246.9997
4246.9991
4246.9991
4246.9991
4246.9991
4246.9991
4246.9991
4246.9991
4246.9991
4246.9991
4246.9991
4246.9998
4246.9998
4246.9998
4246.9998
4246.9998
4246.9998
4246.9998
4246.9998
4246.9998
4246.9998
4246.999
4246.999
4246.999
4246.999
4246.999
4246.999
4246.999
4246.999
4246.999
4246.999
4247
4247
4247
4247
4247
4247
4247
4247
4247
4247
4246.9988
4246.9988
4246.9988
4246.9988
4246.9988
4246.9988
4246.9988
4246.9988
4246.9988
4246.9988
4247.0001
4247.0001
4247.0001
4247.0001
4247.0001
4247.0001
4247.0001
4247.0001
4247.0001
4247.0001
4246.9987
4246.9987
4246.9987
4246.9987
4246.9987
4246.9987
4246.9987
4246.9987
4246.9987
4246.9987
4247.0003
4247.0003
4247.0003
4247.0003
4247.0003
4247.0003
4247.0003
4247.0003
4247.0003
4247.0003
4246.9985
4246.9985
4246.9985
4246.9985
4246.9985
4246.9985
4246.9985
4246.9985
4246.9985
4246.9985
4247.0005
4247.0005
4247.0005
4247.0005
4247.0005
4247.0005
4247.0005
4247.0005
4247.0005
4247.0005
4246.9982
4246.9982
4246.9982
4246.9982
4246.9982
4246.9982
4246.9982
4246.9982
4246.9982
4246.9982
4247.0008
4247.0008
4247.0008
4247.0008
4247.0008
4247.0008
4247.0008
4247.0008
4247.0008
4247.0008
4246.998
4246.998
4246.998
4246.998
4246.998
4246.998
4246.998
4246.998
4246.998
4246.998
4247.0011
4247.0011
4247.0011
4247.0011
4247.0011
4247.0011
4247.0011
4247.0011
4247.0011
4247.0011
4246.9977
4246.9976
4246.9977
4246.9976
4246.9977
4246.9977
4246.9976
4246.9977
4246.9976
4246.9977
4247.0014
4247.0014
4247.0014
4247.0014
4247.0014
4247.0014
4247.0014
4247.0014
4247.0014
4247.0014
4246.9973
4246.9973
4246.9973
4246.9973
4246.9973
4246.9973
4246.9973
4246.9973
4246.9973
4246.9973
4247.0018
4247.0018
4247.0018
4247.0018
4247.0018
4247.0018
4247.0018
4247.0018
4247.0018
4247.0018
4246.9969
4246.9969
4246.9969
4246.9969
4246.9969
4246.9969
4246.9969
4246.9969
4246.9969
4246.9969
4247.0022
4247.0022
4247.0022
4247.0022
4247.0022
4247.0022
4247.0022
4247.0022
4247.0022
4247.0022
4246.9964
4246.9964
4246.9964
4246.9964
4246.9964
4246.9964
4246.9964
4246.9964
4246.9964
4246.9964
4247.0027
4247.0027
4247.0027
4247.0027
4247.0027
4247.0027
4247.0027
4247.0027
4247.0027
4247.0027
4246.9959
4246.9959
4246.9959
4246.9959
4246.9959
4246.9959
4246.9959
4246.9959
4246.9959
4246.9959
4247.0033
4247.0033
4247.0033
4247.0033
4247.0033
4247.0033
4247.0033
4247.0033
4247.0033
4247.0033
4246.9953
4246.9953
4246.9953
4246.9953
4246.9953
4246.9953
4246.9953
4246.9953
4246.9953
4246.9953
4247.0039
4247.0039
4247.0039
4247.0039
4247.0039
4247.0039
4247.0039
4247.0039
4247.0039
4247.0039
4246.9947
4246.9947
4246.9947
4246.9947
4246.9947
4246.9947
4246.9947
4246.9947
4246.9947
4246.9947
4247.0045
4247.0046
4247.0045
4247.0046
4247.0046
4247.0046
4247.0046
4247.0045
4247.0046
4247.0045
4246.994
4246.994
4246.994
4246.994
4246.994
4246.994
4246.994
4246.994
4246.994
4246.994
4247.0053
4247.0053
4247.0053
4247.0053
4247.0053
4247.0053
4247.0053
4247.0053
4247.0053
4247.0053
4246.9932
4246.9932
4246.9932
4246.9932
4246.9932
4246.9932
4246.9932
4246.9932
4246.9932
4246.9932
4247.0061
4247.0062
4247.0061
4247.0061
4247.0061
4247.0061
4247.0061
4247.0061
4247.0062
4247.0061
4246.9924
4246.9923
4246.9923
4246.9923
4246.9923
4246.9923
4246.9923
4246.9923
4246.9923
4246.9924
4247.007
4247.0071
4247.007
4247.0071
4247.007
4247.007
4247.0071
4247.007
4247.0071
4247.007
4246.9914
4246.9914
4246.9914
4246.9914
4246.9914
4246.9914
4246.9914
4246.9914
4246.9914
4246.9914
4247.008
4247.0081
4247.008
4247.0081
4247.008
4247.008
4247.0081
4247.008
4247.0081
4247.008
4246.9904
4246.9903
4246.9904
4246.9903
4246.9904
4246.9904
4246.9903
4246.9904
4246.9903
4246.9904
4247.0091
4247.0091
4247.0091
4247.0091
4247.0091
4247.0091
4247.0091
4247.0091
4247.0091
4247.0091
4246.9893
4246.9892
4246.9893
4246.9892
4246.9892
4246.9892
4246.9892
4246.9893
4246.9892
4246.9893
4247.0103
4247.0103
4247.0103
4247.0103
4247.0103
4247.0103
4247.0103
4247.0103
4247.0103
4247.0103
4246.9881
4246.988
4246.988
4246.988
4246.988
4246.988
4246.988
4246.988
4246.988
4246.9881
4247.0115
4247.0116
4247.0115
4247.0116
4247.0116
4247.0116
4247.0116
4247.0115
4247.0116
4247.0115
4246.9867
4246.9867
4246.9867
4246.9867
4246.9867
4246.9867
4246.9867
4246.9867
4246.9867
4246.9867
4247.0129
4247.013
4247.0129
4247.013
4247.0129
4247.0129
4247.013
4247.0129
4247.013
4247.0129
4246.9853
4246.9852
4246.9853
4246.9853
4246.9853
4246.9853
4246.9853
4246.9853
4246.9852
4246.9853
4247.0145
4247.0146
4247.0145
4247.0145
4247.0145
4247.0145
4247.0145
4247.0145
4247.0146
4247.0145
4246.9837
4246.9836
4246.9837
4246.9836
4246.9836
4246.9836
4246.9836
4246.9837
4246.9836
4246.9837
4247.0159
4247.016
4247.0159
4247.016
4247.0159
4247.0159
4247.016
4247.0159
4247.016
4247.0159
4246.9822
4246.9821
4246.9822
4246.9821
4246.9822
4246.9822
4246.9821
4246.9822
4246.9821
4246.9822
4247.0178
4247.0179
4247.0178
4247.0179
4247.0178
4247.0178
4247.0179
4247.0178
4247.0179
4247.0178
4246.9803
4246.9802
4246.9803
4246.9802
4246.9802
4246.9802
4246.9802
4246.9803
4246.9802
4246.9803
4247.0194
4247.0196
4247.0195
4247.0195
4247.0195
4247.0195
4247.0195
4247.0195
4247.0196
4247.0194
4246.9785
4246.9784
4246.9785
4246.9784
4246.9785
4246.9785
4246.9784
4246.9785
4246.9784
4246.9785
4247.0216
4247.0217
4247.0216
4247.0217
4247.0216
4247.0216
4247.0217
4247.0216
4247.0217
4247.0216
4246.9764
4246.9762
4246.9763
4246.9763
4246.9763
4246.9763
4246.9763
4246.9763
4246.9762
4246.9764
4247.0236
4247.0237
4247.0236
4247.0237
4247.0237
4247.0237
4247.0237
4247.0236
4247.0237
4247.0236
4246.9743
4246.9741
4246.9742
4246.9742
4246.9742
4246.9742
4246.9742
4246.9742
4246.9741
4246.9743
4247.0259
4247.0261
4247.026
4247.026
4247.026
4247.026
4247.026
4247.026
4247.0261
4247.0259
4246.9719
4246.9717
4246.9718
4246.9717
4246.9718
4246.9718
4246.9717
4246.9718
4246.9717
4246.9719
)
;

boundaryField
{
    left
    {
        type            zeroGradient;
    }
    right
    {
        type            zeroGradient;
    }
    walls
    {
        type            zeroGradient;
    }
    centreline
    {
        type            fixedValue;
        value           uniform 4247;
    }
    frontAndBack
    {
        type            zeroGradient;
    }
}


// ************************************************************************* //
