/*--------------------------------*- C++ -*----------------------------------*\
  =========                 |
  \\      /  F ield         | OpenFOAM: The Open Source CFD Toolbox
   \\    /   O peration     | Website:  https://openfoam.org
    \\  /    A nd           | Version:  8
     \\/     M anipulation  |
\*---------------------------------------------------------------------------*/
FoamFile
{
    version     2.0;
    format      ascii;
    class       volVectorField;
    location    "0.8";
    object      U;
}
// * * * * * * * * * * * * * * * * * * * * * * * * * * * * * * * * * * * * * //

dimensions      [0 1 -1 0 0 0 0];

internalField   nonuniform List<vector> 
2000
(
(-2.6227179e-06 -0.0004418258 -5.2998727e-06)
(-4.9311997e-07 -0.00044183222 -5.3049464e-06)
(-1.0861834e-07 -0.00044183365 -5.3049616e-06)
(1.5296057e-07 -0.00044183095 -5.3049882e-06)
(-2.6271826e-07 -0.0004418322 -5.3049801e-06)
(2.6267402e-07 -0.0004418322 -5.3049803e-06)
(-1.5298256e-07 -0.00044183094 -5.3049884e-06)
(1.0861978e-07 -0.00044183365 -5.3049618e-06)
(4.9313346e-07 -0.00044183222 -5.3049462e-06)
(2.6227254e-06 -0.0004418258 -5.2998726e-06)
(-4.1754947e-06 -0.00084318042 -8.3624831e-06)
(-1.0151991e-06 -0.00084330451 -8.3724995e-06)
(-2.2645253e-07 -0.00084326269 -8.372522e-06)
(2.8800598e-07 -0.00084324542 -8.3725188e-06)
(-5.1403685e-07 -0.00084325161 -8.3725241e-06)
(5.1399913e-07 -0.00084325161 -8.372524e-06)
(-2.8802521e-07 -0.00084324542 -8.372519e-06)
(2.2645684e-07 -0.00084326269 -8.3725223e-06)
(1.0152117e-06 -0.00084330451 -8.3724993e-06)
(4.1755025e-06 -0.00084318042 -8.3624829e-06)
(-2.30666e-06 -0.00087870809 -4.5844881e-06)
(-1.2528728e-06 -0.00087892692 -4.5923594e-06)
(-2.834057e-07 -0.00087886836 -4.5923739e-06)
(3.3929658e-07 -0.00087882579 -4.5923649e-06)
(-6.2140948e-07 -0.00087884088 -4.5923732e-06)
(6.2137242e-07 -0.00087884088 -4.5923731e-06)
(-3.3931646e-07 -0.00087882579 -4.5923651e-06)
(2.8341073e-07 -0.00087886836 -4.5923741e-06)
(1.2528856e-06 -0.00087892692 -4.5923593e-06)
(2.3066675e-06 -0.00087870809 -4.5844881e-06)
(-1.0159328e-06 -0.00091581417 -2.0031368e-06)
(-1.3385973e-06 -0.00091607697 -2.0075828e-06)
(-3.0782189e-07 -0.00091602518 -2.0076132e-06)
(3.5656068e-07 -0.00091596053 -2.0075966e-06)
(-6.6279058e-07 -0.00091598279 -2.0076083e-06)
(6.6275283e-07 -0.00091598279 -2.0076084e-06)
(-3.5657898e-07 -0.00091596053 -2.0075969e-06)
(3.078253e-07 -0.00091602518 -2.0076135e-06)
(1.3386109e-06 -0.00091607697 -2.0075826e-06)
(1.0159396e-06 -0.00091581416 -2.0031366e-06)
(-3.453441e-07 -0.00089403336 -6.8745458e-07)
(-1.3557635e-06 -0.00089432219 -6.8959499e-07)
(-3.161642e-07 -0.0008942912 -6.8960742e-07)
(3.6185033e-07 -0.00089419635 -6.8959559e-07)
(-6.7721692e-07 -0.00089422933 -6.8960468e-07)
(6.7717868e-07 -0.00089422933 -6.896049e-07)
(-3.6186769e-07 -0.00089419635 -6.895959e-07)
(3.1616631e-07 -0.0008942912 -6.8960757e-07)
(1.3557776e-06 -0.00089432219 -6.8959485e-07)
(3.4535012e-07 -0.00089403336 -6.8745447e-07)
(-1.0759e-07 -0.00091302811 -2.5607793e-07)
(-1.3435813e-06 -0.00091333835 -2.5705121e-07)
(-3.1825475e-07 -0.00091332757 -2.5708152e-07)
(3.6389235e-07 -0.00091321156 -2.5705899e-07)
(-6.8210113e-07 -0.00091325124 -2.5707275e-07)
(6.8206252e-07 -0.00091325124 -2.5707292e-07)
(-3.6390922e-07 -0.00091321156 -2.5705924e-07)
(3.1825614e-07 -0.00091332757 -2.5708156e-07)
(1.3435955e-06 -0.00091333835 -2.5705102e-07)
(1.0759559e-07 -0.00091302811 -2.5607783e-07)
(2.083677e-08 -0.00089704276 -4.749566e-08)
(-1.3219261e-06 -0.00089735835 -4.8004076e-08)
(-3.1758032e-07 -0.00089737942 -4.801201e-08)
(3.6502457e-07 -0.00089722934 -4.80032e-08)
(-6.837556e-07 -0.0008972816 -4.8010586e-08)
(6.837169e-07 -0.0008972816 -4.8010849e-08)
(-3.6504125e-07 -0.00089722934 -4.8003387e-08)
(3.175815e-07 -0.00089737942 -4.801205e-08)
(1.32194e-06 -0.00089735835 -4.8004011e-08)
(-2.0831281e-08 -0.00089704276 -4.7495592e-08)
(5.596668e-08 -0.00091082717 -3.1633836e-08)
(-1.2963337e-06 -0.0009111678 -3.1926136e-08)
(-3.1638179e-07 -0.00091120641 -3.1961625e-08)
(3.6656588e-07 -0.00091103957 -3.1932492e-08)
(-6.8492086e-07 -0.0009110967 -3.1948988e-08)
(6.8488201e-07 -0.0009110967 -3.1949187e-08)
(-3.6658239e-07 -0.00091103957 -3.193274e-08)
(3.1638248e-07 -0.00091120641 -3.1961534e-08)
(1.296348e-06 -0.0009111678 -3.1926069e-08)
(-5.5961375e-08 -0.00091082717 -3.1633778e-08)
(1.0192664e-07 -0.00089856922 8.4242057e-09)
(-1.2706275e-06 -0.00089890102 8.1778165e-09)
(-3.1465054e-07 -0.0008989802 8.1768492e-09)
(3.6782775e-07 -0.00089877262 8.1785291e-09)
(-6.8557324e-07 -0.00089884553 8.1746777e-09)
(6.855344e-07 -0.00089884553 8.1743104e-09)
(-3.6784413e-07 -0.00089877262 8.1782551e-09)
(3.1465096e-07 -0.0008989802 8.1768386e-09)
(1.2706419e-06 -0.00089890102 8.1777722e-09)
(-1.0192135e-07 -0.00089856922 8.4242382e-09)
(1.2251552e-07 -0.00090989269 -7.6889222e-09)
(-1.2439895e-06 -0.00091026183 -7.8301195e-09)
(-3.1312368e-07 -0.00091034958 -7.87676e-09)
(3.7004856e-07 -0.00091013401 -7.8368505e-09)
(-6.8689458e-07 -0.00091020798 -7.8580356e-09)
(6.868556e-07 -0.00091020798 -7.8583209e-09)
(-3.7006496e-07 -0.00091013401 -7.8368912e-09)
(3.1312425e-07 -0.00091034957 -7.8767794e-09)
(1.2440039e-06 -0.00091026183 -7.8299498e-09)
(-1.2251015e-07 -0.00090989269 -7.688786e-09)
(1.5511508e-07 -0.00089888692 5.7706644e-09)
(-1.2183686e-06 -0.00089922639 5.5964796e-09)
(-3.1127531e-07 -0.00089936886 5.6096162e-09)
(3.715193e-07 -0.00089910015 5.5971135e-09)
(-6.8751695e-07 -0.00089919569 5.599584e-09)
(6.8747814e-07 -0.00089919569 5.5993534e-09)
(-3.715358e-07 -0.00089910015 5.5969308e-09)
(3.1127576e-07 -0.00089936886 5.6096583e-09)
(1.2183831e-06 -0.00089922639 5.5968373e-09)
(-1.5510973e-07 -0.00089888692 5.7709737e-09)
(1.8235249e-07 -0.00091019048 -2.5303048e-10)
(-1.1916502e-06 -0.00091059037 -2.8134479e-10)
(-3.0973745e-07 -0.00091072419 -3.4889804e-10)
(3.7466553e-07 -0.00091046398 -2.8918408e-10)
(-6.8945201e-07 -0.00091055327 -3.193959e-10)
(6.8941313e-07 -0.00091055327 -3.1956542e-10)
(-3.7468212e-07 -0.00091046398 -2.8925837e-10)
(3.0973814e-07 -0.00091072419 -3.4875745e-10)
(1.1916649e-06 -0.00091059037 -2.810837e-10)
(-1.8234729e-07 -0.00091019048 -2.5268611e-10)
(2.0690241e-07 -0.00089788317 -1.1336893e-09)
(-1.1666201e-06 -0.00089821814 -1.2654804e-09)
(-3.0782125e-07 -0.00089843167 -1.2259402e-09)
(3.7609461e-07 -0.00089809564 -1.2637304e-09)
(-6.8990139e-07 -0.00089821694 -1.2498547e-09)
(6.8986265e-07 -0.00089821694 -1.2500849e-09)
(-3.7611148e-07 -0.00089809564 -1.2639565e-09)
(3.0782228e-07 -0.00089843166 -1.2259125e-09)
(1.1666342e-06 -0.00089821814 -1.26526e-09)
(-2.068968e-07 -0.00089788317 -1.133463e-09)
(2.441078e-07 -0.00091199181 7.4837718e-09)
(-1.1396156e-06 -0.0009124292 7.5886368e-09)
(-3.0635468e-07 -0.00091260256 7.4843304e-09)
(3.805664e-07 -0.00091230506 7.5786792e-09)
(-6.9279699e-07 -0.00091240665 7.5328211e-09)
(6.9275822e-07 -0.00091240665 7.5326829e-09)
(-3.8058293e-07 -0.00091230506 7.5787235e-09)
(3.0635492e-07 -0.00091260256 7.4842508e-09)
(1.1396304e-06 -0.00091242919 7.5886627e-09)
(-2.4410245e-07 -0.00091199181 7.4837472e-09)
(2.5804759e-07 -0.0008951117 -1.0269716e-08)
(-1.1155411e-06 -0.00089542361 -1.0387436e-08)
(-3.0432906e-07 -0.00089572061 -1.0300355e-08)
(3.8146716e-07 -0.00089530678 -1.0383387e-08)
(-6.926729e-07 -0.00089545892 -1.0349112e-08)
(6.9263432e-07 -0.00089545892 -1.0349246e-08)
(-3.8148348e-07 -0.00089530678 -1.0383556e-08)
(3.0432803e-07 -0.00089572061 -1.030041e-08)
(1.115557e-06 -0.00089542361 -1.0387372e-08)
(-2.5804269e-07 -0.0008951117 -1.0269647e-08)
(3.0976755e-07 -0.00091594693 1.8301105e-08)
(-1.0877905e-06 -0.00091643603 1.8577899e-08)
(-3.0303873e-07 -0.00091663656 1.8409592e-08)
(3.8798645e-07 -0.00091631467 1.8564673e-08)
(-6.9713e-07 -0.00091642299 1.8491148e-08)
(6.9709146e-07 -0.00091642299 1.8491097e-08)
(-3.8800297e-07 -0.00091631467 1.856455e-08)
(3.0303895e-07 -0.00091663656 1.8409455e-08)
(1.0878052e-06 -0.00091643603 1.8577817e-08)
(-3.0976237e-07 -0.00091594693 1.8300961e-08)
(3.0702029e-07 -0.00088968391 -2.3771299e-08)
(-1.0652689e-06 -0.00088994398 -2.3921807e-08)
(-3.0080928e-07 -0.00089034456 -2.3752497e-08)
(3.8744844e-07 -0.00088983532 -2.3913362e-08)
(-6.9567664e-07 -0.0008900266 -2.3843622e-08)
(6.9563797e-07 -0.0008900266 -2.3843685e-08)
(-3.8746508e-07 -0.00088983532 -2.3913217e-08)
(3.008101e-07 -0.00089034456 -2.3752285e-08)
(1.065283e-06 -0.00088994398 -2.3921773e-08)
(-3.0701512e-07 -0.00088968391 -2.377134e-08)
(3.8168785e-07 -0.00092322683 3.4965911e-08)
(-1.0359823e-06 -0.00092379391 3.5477288e-08)
(-2.9987041e-07 -0.0009239998 3.519987e-08)
(3.9730314e-07 -0.0009236753 3.5457084e-08)
(-7.0276691e-07 -0.00092378072 3.533729e-08)
(7.0272842e-07 -0.00092378072 3.5337188e-08)
(-3.9731965e-07 -0.0009236753 3.5457144e-08)
(2.9987068e-07 -0.0009239998 3.5199772e-08)
(1.0359965e-06 -0.00092379391 3.5476989e-08)
(-3.8168242e-07 -0.00092322683 3.4965643e-08)
(3.5129838e-07 -0.00088009625 -4.491144e-08)
(-1.0160165e-06 -0.00088026003 -4.5169808e-08)
(-2.9726086e-07 -0.00088079626 -4.4862109e-08)
(3.9367755e-07 -0.00088016289 -4.5153294e-08)
(-6.9861128e-07 -0.00088040669 -4.5024327e-08)
(6.985726e-07 -0.00088040669 -4.5024421e-08)
(-3.9369416e-07 -0.00088016289 -4.5153072e-08)
(2.9726008e-07 -0.00088079626 -4.4861917e-08)
(1.0160326e-06 -0.00088026003 -4.5170048e-08)
(-3.5129357e-07 -0.00088009625 -4.4911761e-08)
(4.6338405e-07 -0.00093572707 6.1401288e-08)
(-9.8386443e-07 -0.00093641674 6.224382e-08)
(-2.9696926e-07 -0.00093659173 6.1788306e-08)
(4.0912216e-07 -0.00093629997 6.2213107e-08)
(-7.1021636e-07 -0.00093638665 6.2017117e-08)
(7.1017798e-07 -0.00093638665 6.2016913e-08)
(-4.0913865e-07 -0.00093629997 6.2212929e-08)
(2.969689e-07 -0.00093659173 6.1788176e-08)
(9.8387954e-07 -0.00093641674 6.2243519e-08)
(-4.63379e-07 -0.00093572707 6.1401224e-08)
(3.869885e-07 -0.00086399841 -7.8356296e-08)
(-9.6813301e-07 -0.00086399849 -7.8836945e-08)
(-2.9364775e-07 -0.0008647202 -7.8305234e-08)
(3.9951289e-07 -0.00086391753 -7.880587e-08)
(-7.0094086e-07 -0.00086423475 -7.8581569e-08)
(7.0090227e-07 -0.00086423475 -7.8581641e-08)
(-3.9952931e-07 -0.00086391753 -7.880585e-08)
(2.9364709e-07 -0.0008647202 -7.8305318e-08)
(9.6814878e-07 -0.00086399849 -7.8837263e-08)
(-3.8698367e-07 -0.00086399841 -7.835634e-08)
(5.600471e-07 -0.00095631935 1.03097e-07)
(-9.3093458e-07 -0.00095720253 1.044122e-07)
(-2.9450489e-07 -0.00095728964 1.0367669e-07)
(4.2440345e-07 -0.00095708532 1.043638e-07)
(-7.2028395e-07 -0.00095712853 1.0404848e-07)
(7.2024551e-07 -0.00095712853 1.0404849e-07)
(-4.2441962e-07 -0.00095708532 1.0436383e-07)
(2.9450408e-07 -0.00095728963 1.0367674e-07)
(9.3095049e-07 -0.00095720253 1.0441199e-07)
(-5.6004248e-07 -0.00095631935 1.0309696e-07)
(4.0832361e-07 -0.00083793483 -1.3047238e-07)
(-9.2215829e-07 -0.00083767249 -1.3133844e-07)
(-2.8988319e-07 -0.00083865388 -1.3046251e-07)
(4.0389044e-07 -0.00083761428 -1.3128486e-07)
(-7.0177261e-07 -0.00083803616 -1.3091387e-07)
(7.0173398e-07 -0.00083803615 -1.3091382e-07)
(-4.0390666e-07 -0.00083761427 -1.3128443e-07)
(2.8988318e-07 -0.00083865387 -1.3046235e-07)
(9.2217306e-07 -0.00083767248 -1.3133854e-07)
(-4.0831852e-07 -0.00083793482 -1.3047232e-07)
(6.7902471e-07 -0.00098909904 1.6730447e-07)
(-8.7642938e-07 -0.00099028123 1.6928577e-07)
(-2.9273016e-07 -0.0009901962 1.6813195e-07)
(4.4461342e-07 -0.00099015927 1.6920993e-07)
(-7.3420816e-07 -0.00099012269 1.687162e-07)
(7.3416998e-07 -0.00099012269 1.6871614e-07)
(-4.4462973e-07 -0.00099015927 1.6921004e-07)
(2.9273055e-07 -0.00099019619 1.6813187e-07)
(8.7644362e-07 -0.00099028123 1.6928581e-07)
(-6.7901957e-07 -0.00098909904 1.6730434e-07)
(4.0724119e-07 -0.00079713058 -2.0934744e-07)
(-8.7889407e-07 -0.000796468 -2.1081411e-07)
(-2.8580104e-07 -0.00079781364 -2.0943802e-07)
(4.0515696e-07 -0.0007964417 -2.1072643e-07)
(-6.9971548e-07 -0.0007970123 -2.101425e-07)
(6.9967717e-07 -0.0007970123 -2.1014258e-07)
(-4.0517339e-07 -0.00079644169 -2.1072633e-07)
(2.8580152e-07 -0.00079781364 -2.0943828e-07)
(8.7890787e-07 -0.000796468 -2.1081398e-07)
(-4.0723555e-07 -0.00079713057 -2.0934746e-07)
(8.3015328e-07 -0.0010395415 2.6283399e-07)
(-8.1925924e-07 -0.0010411694 2.6572428e-07)
(-2.9201392e-07 -0.0010407958 2.6398176e-07)
(4.7190038e-07 -0.0010410357 2.6560807e-07)
(-7.5380962e-07 -0.0010408694 2.6486379e-07)
(7.537715e-07 -0.0010408694 2.6486372e-07)
(-4.7191673e-07 -0.0010410357 2.6560816e-07)
(2.9201431e-07 -0.0010407958 2.6398158e-07)
(8.1927331e-07 -0.0010411694 2.6572434e-07)
(-8.3014777e-07 -0.0010395415 2.6283411e-07)
(3.7319876e-07 -0.00073541587 -3.2433454e-07)
(-8.3948106e-07 -0.00073417149 -3.2666022e-07)
(-2.8111698e-07 -0.00073601954 -3.2460295e-07)
(4.0090947e-07 -0.00073418945 -3.2652448e-07)
(-6.9273789e-07 -0.000734967 -3.2565055e-07)
(6.9269955e-07 -0.000734967 -3.2565047e-07)
(-4.0092589e-07 -0.00073418944 -3.2652435e-07)
(2.8111708e-07 -0.00073601953 -3.2460308e-07)
(8.3949594e-07 -0.00073417149 -3.266604e-07)
(-3.7319384e-07 -0.00073541587 -3.2433463e-07)
(1.0257778e-06 -0.0011144788 3.9933945e-07)
(-7.5793381e-07 -0.001116743 4.0341921e-07)
(-2.9287853e-07 -0.0011159311 4.0090017e-07)
(5.0923544e-07 -0.0011165872 4.0324712e-07)
(-7.8161979e-07 -0.0011162272 4.0217237e-07)
(7.8158188e-07 -0.0011162272 4.0217245e-07)
(-5.0925175e-07 -0.0011165872 4.0324711e-07)
(2.9287924e-07 -0.0011159311 4.0090031e-07)
(7.5794799e-07 -0.001116743 4.0341892e-07)
(-1.025773e-06 -0.0011144788 3.9933933e-07)
(2.9330879e-07 -0.00064535666 -4.8511284e-07)
(-8.0546665e-07 -0.00064330369 -4.885819e-07)
(-2.7538895e-07 -0.00064582561 -4.856557e-07)
(3.8787553e-07 -0.00064338261 -4.8838135e-07)
(-6.7805862e-07 -0.00064443898 -4.8713769e-07)
(6.7802037e-07 -0.00064443898 -4.8713761e-07)
(-3.8789194e-07 -0.00064338261 -4.8838146e-07)
(2.7539071e-07 -0.00064582561 -4.8565567e-07)
(8.0547969e-07 -0.00064330369 -4.8858229e-07)
(-2.9330372e-07 -0.00064535665 -4.8511327e-07)
(1.2805296e-06 -0.0012218676 5.8623392e-07)
(-6.9048247e-07 -0.0012250009 5.9179799e-07)
(-2.9606311e-07 -0.0012235704 5.8832021e-07)
(5.6049876e-07 -0.0012248088 5.9155333e-07)
(-8.2096547e-07 -0.0012241786 5.9007083e-07)
(8.2092756e-07 -0.0012241786 5.9007081e-07)
(-5.6051479e-07 -0.0012248088 5.9155317e-07)
(2.9606426e-07 -0.0012235704 5.8832027e-07)
(6.904969e-07 -0.0012250009 5.9179817e-07)
(-1.2805254e-06 -0.0012218676 5.8623423e-07)
(1.5269257e-07 -0.00051857052 -7.0055788e-07)
(-7.7886352e-07 -0.00051544158 -7.0545746e-07)
(-2.6797353e-07 -0.00051883704 -7.0148899e-07)
(3.6186213e-07 -0.00051560258 -7.0517437e-07)
(-6.5209152e-07 -0.00051702105 -7.0348776e-07)
(6.5205325e-07 -0.00051702104 -7.0348806e-07)
(-3.6187856e-07 -0.00051560257 -7.0517446e-07)
(2.6797473e-07 -0.00051883704 -7.0148875e-07)
(7.7887747e-07 -0.00051544158 -7.0545707e-07)
(-1.5268748e-07 -0.00051857051 -7.0055768e-07)
(1.6109125e-06 -0.0013704144 8.3162244e-07)
(-6.1440935e-07 -0.0013746864 8.3895932e-07)
(-3.0255604e-07 -0.0013724324 8.3436628e-07)
(6.3049501e-07 -0.0013744396 8.3862455e-07)
(-8.7599526e-07 -0.0013734528 8.366678e-07)
(8.7595791e-07 -0.0013734528 8.366676e-07)
(-6.3051135e-07 -0.0013744396 8.3862423e-07)
(3.0255714e-07 -0.0013724324 8.3436587e-07)
(6.144235e-07 -0.0013746864 8.3895968e-07)
(-1.6109078e-06 -0.0013704144 8.3162267e-07)
(-6.5161393e-08 -0.00034612902 -9.7783661e-07)
(-7.6220597e-07 -0.0003416216 -9.8443911e-07)
(-2.5798133e-07 -0.00034611195 -9.7928952e-07)
(3.1776656e-07 -0.00034189072 -9.8405717e-07)
(-6.1044139e-07 -0.00034376288 -9.8186937e-07)
(6.1040353e-07 -0.00034376288 -9.8186938e-07)
(-3.1778304e-07 -0.00034189072 -9.8405746e-07)
(2.5798268e-07 -0.00034611194 -9.7929021e-07)
(7.6221949e-07 -0.0003416216 -9.8443947e-07)
(6.5166368e-08 -0.00034612901 -9.7783689e-07)
(2.0350443e-06 -0.0015691774 1.1416334e-06)
(-5.2662436e-07 -0.0015748889 1.1510126e-06)
(-3.1365216e-07 -0.001571589 1.1451853e-06)
(7.2492862e-07 -0.0015745644 1.1505716e-06)
(-9.5167321e-07 -0.0015731281 1.1480909e-06)
(9.5163598e-07 -0.0015731281 1.1480908e-06)
(-7.249449e-07 -0.0015745644 1.1505719e-06)
(3.136531e-07 -0.001571589 1.1451855e-06)
(5.2663867e-07 -0.0015748889 1.1510129e-06)
(-2.0350397e-06 -0.0015691774 1.1416334e-06)
(-3.7823754e-07 -0.00011892606 -1.3220064e-06)
(-7.5860668e-07 -0.00011270804 -1.3305613e-06)
(-2.4423322e-07 -0.00011852976 -1.3241351e-06)
(2.4961821e-07 -0.00011311663 -1.3300659e-06)
(-5.4792683e-07 -0.00011553929 -1.3273356e-06)
(5.4788913e-07 -0.00011553929 -1.3273356e-06)
(-2.4963458e-07 -0.00011311663 -1.3300661e-06)
(2.442345e-07 -0.00011852976 -1.3241356e-06)
(7.5861996e-07 -0.00011270804 -1.3305619e-06)
(3.7824255e-07 -0.00011892605 -1.3220066e-06)
(2.5726412e-06 -0.0018272447 1.5202731e-06)
(-4.2338399e-07 -0.0018347225 1.5319414e-06)
(-3.3100491e-07 -0.0018301428 1.5248063e-06)
(8.5035493e-07 -0.0018342924 1.5313833e-06)
(-1.0537494e-06 -0.00183231 1.5283453e-06)
(1.0537127e-06 -0.00183231 1.5283451e-06)
(-8.5037116e-07 -0.0018342924 1.5313831e-06)
(3.3100595e-07 -0.0018301428 1.5248059e-06)
(4.2339807e-07 -0.0018347225 1.5319417e-06)
(-2.5726367e-06 -0.0018272447 1.5202731e-06)
(-8.0607988e-07 0.00017205505 -1.7360893e-06)
(-7.7183353e-07 0.00018034137 -1.746824e-06)
(-2.2520122e-07 0.00017294179 -1.7390666e-06)
(1.5062564e-07 0.00017975626 -1.7462038e-06)
(-4.5860943e-07 0.00017668361 -1.7429069e-06)
(4.5857156e-07 0.00017668361 -1.742907e-06)
(-1.5064195e-07 0.00017975627 -1.7462035e-06)
(2.2520262e-07 0.0001729418 -1.7390665e-06)
(7.7184685e-07 0.00018034137 -1.7468244e-06)
(8.0608495e-07 0.00017205505 -1.7360893e-06)
(3.2452157e-06 -0.0021535236 1.9696675e-06)
(-3.0020899e-07 -0.0021631175 1.9838523e-06)
(-3.5669048e-07 -0.0021570168 1.9753747e-06)
(1.0141447e-06 -0.002162549 1.9831678e-06)
(-1.1887406e-06 -0.0021599221 1.9795576e-06)
(1.1887042e-06 -0.0021599221 1.9795576e-06)
(-1.0141606e-06 -0.002162549 1.9831677e-06)
(3.5669147e-07 -0.0021570168 1.9753745e-06)
(3.0022315e-07 -0.0021631175 1.9838528e-06)
(-3.2452113e-06 -0.0021535236 1.9696677e-06)
(-1.3700574e-06 0.00053558407 -2.2214211e-06)
(-8.0637225e-07 0.00054631977 -2.2345464e-06)
(-1.9896508e-07 0.00053708934 -2.2254399e-06)
(1.3192978e-08 0.00054551492 -2.2337946e-06)
(-3.3579565e-07 0.00054169195 -2.2299227e-06)
(3.3575787e-07 0.00054169195 -2.2299229e-06)
(-1.3209122e-08 0.00054551492 -2.2337946e-06)
(1.9896662e-07 0.00053708934 -2.2254399e-06)
(8.0638519e-07 0.00054631978 -2.2345466e-06)
(1.3700627e-06 0.00053558407 -2.2214214e-06)
(4.07641e-06 -0.0025566296 2.4904684e-06)
(-1.5180138e-07 -0.0025687105 2.507384e-06)
(-3.9327914e-07 -0.0025608433 2.4975654e-06)
(1.2244632e-06 -0.0025679652 2.5065697e-06)
(-1.3639207e-06 -0.0025645954 2.5023858e-06)
(1.3638847e-06 -0.0025645954 2.5023859e-06)
(-1.2244791e-06 -0.0025679652 2.5065698e-06)
(3.9328051e-07 -0.0025608433 2.497565e-06)
(1.5181557e-07 -0.0025687104 2.5073843e-06)
(-4.0764059e-06 -0.0025566296 2.4904683e-06)
(-2.0937125e-06 0.00098011029 -2.7780729e-06)
(-8.6751992e-07 0.00099369921 -2.7937891e-06)
(-1.6313419e-07 0.00098238041 -2.7833478e-06)
(-1.7105762e-07 0.00099262458 -2.7929042e-06)
(-1.720526e-07 0.0009879514 -2.7884608e-06)
(1.7201517e-07 0.0009879514 -2.7884605e-06)
(1.7104165e-07 0.00099262459 -2.7929045e-06)
(1.631355e-07 0.00098238041 -2.7833484e-06)
(8.6753275e-07 0.00099369922 -2.7937891e-06)
(2.0937179e-06 0.0009801103 -2.7780732e-06)
(5.0923794e-06 -0.0030448423 3.0822542e-06)
(2.8057127e-08 -0.0030598025 3.1021089e-06)
(-4.4392334e-07 -0.0030499204 3.0909803e-06)
(1.4902664e-06 -0.0030588358 3.1011673e-06)
(-1.5873234e-06 -0.0030546257 3.0964192e-06)
(1.5872877e-06 -0.0030546257 3.0964194e-06)
(-1.4902824e-06 -0.0030588358 3.1011674e-06)
(4.4392484e-07 -0.0030499203 3.0909804e-06)
(-2.8042861e-08 -0.0030598024 3.1021094e-06)
(-5.0923754e-06 -0.0030448423 3.0822541e-06)
(-3.0031315e-06 0.0015137419 -3.4052145e-06)
(-9.6147904e-07 0.0015306112 -3.4237185e-06)
(-1.1476426e-07 0.0015169429 -3.4119841e-06)
(-4.1129029e-07 0.0015292092 -3.4227054e-06)
(4.0804859e-08 0.0015235872 -3.4177031e-06)
(-4.0842143e-08 0.0015235872 -3.417703e-06)
(4.1127418e-07 0.0015292092 -3.4227059e-06)
(1.1476587e-07 0.0015169429 -3.4119844e-06)
(9.6149162e-07 0.0015306112 -3.4237186e-06)
(3.003137e-06 0.0015137419 -3.4052151e-06)
(6.3221838e-06 -0.0036261023 3.743853e-06)
(2.4661475e-07 -0.0036443561 3.7668548e-06)
(-5.1245838e-07 -0.003632208 3.7544738e-06)
(1.8213056e-06 -0.0036431167 3.7657962e-06)
(-1.867752e-06 -0.0036379702 3.7605018e-06)
(1.8677171e-06 -0.0036379702 3.7605018e-06)
(-1.8213214e-06 -0.0036431167 3.7657959e-06)
(5.1245992e-07 -0.003632208 3.7544729e-06)
(-2.466003e-07 -0.0036443561 3.7668547e-06)
(-6.3221802e-06 -0.0036261023 3.743853e-06)
(-4.1273174e-06 0.0021442541 -4.1013921e-06)
(-1.0954612e-06 0.0021648562 -4.1228838e-06)
(-5.0259115e-08 0.0021485736 -4.109918e-06)
(-7.1746623e-07 0.0021630604 -4.1217527e-06)
(3.117295e-07 0.0021563928 -4.1162113e-06)
(-3.1176686e-07 0.0021563929 -4.1162113e-06)
(7.1745034e-07 0.0021630604 -4.1217525e-06)
(5.0260232e-08 0.0021485736 -4.1099177e-06)
(1.0954745e-06 0.0021648562 -4.1228835e-06)
(4.127323e-06 0.0021442541 -4.1013919e-06)
(7.7981834e-06 -0.0043080269 4.4735724e-06)
(5.1227942e-07 -0.004330013 4.4999331e-06)
(-6.0352772e-07 -0.004315345 4.4863797e-06)
(2.2281429e-06 -0.0043284413 4.4987752e-06)
(-2.2147962e-06 -0.0043222644 4.4929618e-06)
(2.2147621e-06 -0.0043222644 4.4929617e-06)
(-2.2281588e-06 -0.0043284413 4.498775e-06)
(6.0352914e-07 -0.004315345 4.4863792e-06)
(-5.1226432e-07 -0.004330013 4.499933e-06)
(-7.79818e-06 -0.0043080269 4.4735722e-06)
(-5.4985684e-06 0.002879111 -4.8647163e-06)
(-1.2778055e-06 0.0029039255 -4.8894032e-06)
(3.4755854e-08 0.0028847599 -4.8752844e-06)
(-1.1003658e-06 0.0029016599 -4.88817e-06)
(6.5046706e-07 0.0028938525 -4.8821169e-06)
(-6.5050396e-07 0.0028938525 -4.8821169e-06)
(1.1003503e-06 0.0029016599 -4.8881702e-06)
(-3.4754917e-08 0.0028847599 -4.8752847e-06)
(1.2778176e-06 0.0029039255 -4.8894026e-06)
(5.498575e-06 0.002879111 -4.8647158e-06)
(9.5564412e-06 -0.0050979357 5.2693523e-06)
(8.3476858e-07 -0.0051241198 5.2992916e-06)
(-7.2272808e-07 -0.0051066736 5.2846671e-06)
(2.7221697e-06 -0.0051221471 5.2980638e-06)
(-2.6388384e-06 -0.0051148473 5.2917592e-06)
(2.6388046e-06 -0.0051148474 5.2917591e-06)
(-2.7221855e-06 -0.0051221471 5.298064e-06)
(7.2272939e-07 -0.0051066736 5.2846671e-06)
(-8.3475298e-07 -0.0051241198 5.2992915e-06)
(-9.5564379e-06 -0.0050979357 5.2693522e-06)
(-7.1528734e-06 0.0037254922 -5.6929765e-06)
(-1.5181045e-06 0.0037550304 -5.7210772e-06)
(1.4558087e-07 0.0037327065 -5.7059019e-06)
(-1.5716131e-06 0.003752208 -5.7197675e-06)
(1.067587e-06 0.0037431666 -5.7132326e-06)
(-1.067624e-06 0.0037431666 -5.7132326e-06)
(1.5715986e-06 0.003752208 -5.7197676e-06)
(-1.4558029e-07 0.0037327065 -5.705902e-06)
(1.5181169e-06 0.0037550304 -5.7210767e-06)
(7.1528792e-06 0.0037254922 -5.6929762e-06)
(1.1637189e-05 -0.006002878 6.128839e-06)
(1.2252451e-06 -0.0060337567 6.1626033e-06)
(-8.7676401e-07 -0.0060132679 6.147001e-06)
(3.3156065e-06 -0.0060313031 6.1613327e-06)
(-3.1511935e-06 -0.0060227903 6.1545673e-06)
(3.1511606e-06 -0.0060227903 6.1545671e-06)
(-3.3156223e-06 -0.0060313031 6.161333e-06)
(8.7676551e-07 -0.0060132679 6.1470012e-06)
(-1.2252297e-06 -0.0060337567 6.1626029e-06)
(-1.1637186e-05 -0.006002878 6.1288384e-06)
(-9.1303384e-06 0.004690321 -6.5836872e-06)
(-1.8273568e-06 0.0047251316 -6.6154313e-06)
(2.8863205e-07 0.0046993627 -6.5993156e-06)
(-2.1437155e-06 0.0047216505 -6.614081e-06)
(1.5745152e-06 0.0047112832 -6.6071004e-06)
(-1.574552e-06 0.0047112832 -6.6071003e-06)
(2.1437015e-06 0.0047216505 -6.614081e-06)
(-2.8863144e-07 0.0046993627 -6.5993157e-06)
(1.8273691e-06 0.0047251316 -6.6154306e-06)
(9.1303443e-06 0.004690321 -6.5836869e-06)
(1.4085377e-05 -0.007029661 7.0494148e-06)
(1.6964478e-06 -0.0070657663 7.0872587e-06)
(-1.0737701e-06 -0.0070419623 7.0708043e-06)
(4.0216409e-06 -0.007062739 7.0859903e-06)
(-3.7640582e-06 -0.0070529245 7.0788002e-06)
(3.7640261e-06 -0.0070529245 7.0787999e-06)
(-4.021657e-06 -0.007062739 7.0859905e-06)
(1.0737717e-06 -0.0070419623 7.0708045e-06)
(-1.6964322e-06 -0.0070657663 7.0872586e-06)
(-1.4085374e-05 -0.007029661 7.0494147e-06)
(-1.1475668e-05 0.0057802918 -7.5341104e-06)
(-2.2181513e-06 0.0058209642 -7.5697442e-06)
(4.716534e-07 0.0057914533 -7.552821e-06)
(-2.8300909e-06 0.0058167069 -7.5684008e-06)
(2.1835711e-06 0.0058049236 -7.561013e-06)
(-2.1836077e-06 0.0058049236 -7.5610127e-06)
(2.8300773e-06 0.0058167069 -7.5684007e-06)
(-4.7165239e-07 0.0057914533 -7.5528207e-06)
(2.218164e-06 0.0058209642 -7.5697436e-06)
(1.1475673e-05 0.0057802918 -7.5341103e-06)
(1.6951179e-05 -0.0081848758 8.0282287e-06)
(2.2629896e-06 -0.0082267803 8.0704239e-06)
(-1.323492e-06 -0.0081993778 8.0532634e-06)
(4.8543835e-06 -0.0082230714 8.069217e-06)
(-4.4905605e-06 -0.0082118684 8.0616418e-06)
(4.4905293e-06 -0.0082118684 8.0616416e-06)
(-4.8543999e-06 -0.0082230714 8.0692172e-06)
(1.3234936e-06 -0.0081993778 8.053263e-06)
(-2.2629755e-06 -0.0082267803 8.0704234e-06)
(-1.6951176e-05 -0.0081848758 8.0282285e-06)
(-1.423875e-05 0.007001895 -8.5412988e-06)
(-2.7048828e-06 0.0070490664 -8.5810891e-06)
(7.0398057e-07 0.0070155024 -8.5635069e-06)
(-3.6451085e-06 0.0070438973 -8.5798125e-06)
(2.9080133e-06 0.0070306093 -8.572058e-06)
(-2.9080494e-06 0.0070306093 -8.5720576e-06)
(3.6450957e-06 0.0070438973 -8.5798124e-06)
(-7.0397987e-07 0.0070155024 -8.5635067e-06)
(2.7048946e-06 0.0070490664 -8.5810885e-06)
(1.4238756e-05 0.007001895 -8.5412984e-06)
(2.0290695e-05 -0.009474923 9.0622441e-06)
(2.9416234e-06 -0.0095232469 9.1090844e-06)
(-1.6376054e-06 -0.009491948 9.0913834e-06)
(5.828914e-06 -0.0095187303 9.1080146e-06)
(-5.3448072e-06 -0.0095060532 9.1000954e-06)
(5.3447771e-06 -0.0095060532 9.1000955e-06)
(-5.8289314e-06 -0.0095187303 9.1080146e-06)
(1.6376072e-06 -0.009491948 9.0913826e-06)
(-2.9416094e-06 -0.0095232469 9.1090843e-06)
(-2.0290691e-05 -0.0094749229 9.0622439e-06)
(-1.7475351e-05 0.0083614428 -9.60214e-06)
(-3.3040168e-06 0.0084158053 -9.6463771e-06)
(9.9685969e-07 0.0083778591 -9.6282993e-06)
(-4.6041313e-06 0.0084095671 -9.6452413e-06)
(3.762092e-06 0.0083946872 -9.6371632e-06)
(-3.7621273e-06 0.0083946872 -9.6371626e-06)
(4.6041191e-06 0.0084095671 -9.6452421e-06)
(-9.9685835e-07 0.0083778591 -9.6283001e-06)
(3.3040284e-06 0.0084158053 -9.6463768e-06)
(1.7475358e-05 0.0083614427 -9.60214e-06)
(2.4166755e-05 -0.010906035 1.0148258e-05)
(3.7515634e-06 -0.010961454 1.0200063e-05)
(-2.0300969e-06 -0.010925943 1.0182005e-05)
(6.9613309e-06 -0.010955983 1.0199224e-05)
(-6.3419377e-06 -0.010941747 1.0191005e-05)
(6.3419082e-06 -0.010941747 1.0191005e-05)
(-6.9613486e-06 -0.010955983 1.0199225e-05)
(2.0300985e-06 -0.010925943 1.0182005e-05)
(-3.7515482e-06 -0.010961454 1.0200063e-05)
(-2.4166753e-05 -0.010906035 1.0148258e-05)
(-2.1247907e-05 0.0098650903 -1.0713322e-05)
(-4.0344058e-06 0.0099274002 -1.0762322e-05)
(1.3638267e-06 0.0098847205 -1.0743934e-05)
(-5.7235598e-06 0.0099199104 -1.0761422e-05)
(4.761105e-06 0.0099033522 -1.0753062e-05)
(-4.76114e-06 0.0099033522 -1.0753061e-05)
(5.7235494e-06 0.0099199104 -1.0761423e-05)
(-1.3638257e-06 0.0098847205 -1.0743934e-05)
(4.0344178e-06 0.0099274002 -1.0762322e-05)
(2.1247913e-05 0.0098650903 -1.0713323e-05)
(2.8649837e-05 -0.012484301 1.1282806e-05)
(4.714882e-06 -0.012547555 1.1339923e-05)
(-2.5177167e-06 -0.012507491 1.1321715e-05)
(8.2687985e-06 -0.012540956 1.133943e-05)
(-7.4981734e-06 -0.012525076 1.1330953e-05)
(7.4981448e-06 -0.012525076 1.1330953e-05)
(-8.2688167e-06 -0.012540956 1.1339431e-05)
(2.5177178e-06 -0.012507491 1.1321714e-05)
(-4.714867e-06 -0.012547555 1.1339923e-05)
(-2.8649836e-05 -0.012484301 1.1282806e-05)
(-2.5626411e-05 0.011518859 -1.1871192e-05)
(-4.9176825e-06 0.011589946 -1.19253e-05)
(1.8211705e-06 0.011542154 -1.1906804e-05)
(-7.0208857e-06 0.011580993 -1.192475e-05)
(5.9214664e-06 0.011562671 -1.191615e-05)
(-5.9215006e-06 0.011562671 -1.191615e-05)
(7.0208766e-06 0.011580993 -1.1924751e-05)
(-1.8211693e-06 0.011542154 -1.1906804e-05)
(4.9176942e-06 0.011589946 -1.19253e-05)
(2.5626418e-05 0.011518858 -1.1871193e-05)
(3.3819131e-05 -0.014215685 1.246201e-05)
(5.8569949e-06 -0.014287588 1.2524815e-05)
(-3.1205306e-06 -0.014242605 1.2506687e-05)
(9.7696057e-06 -0.01427966 1.2524812e-05)
(-8.8308806e-06 -0.014262052 1.251612e-05)
(8.8308529e-06 -0.014262052 1.251612e-05)
(-9.7696247e-06 -0.01427966 1.2524812e-05)
(3.1205316e-06 -0.014242605 1.2506687e-05)
(-5.8569803e-06 -0.014287588 1.2524815e-05)
(-3.381913e-05 -0.014215685 1.246201e-05)
(-3.0689521e-05 0.013328655 -1.3071643e-05)
(-5.9787355e-06 0.013409438 -1.3131233e-05)
(2.3884821e-06 0.013356121 -1.3112857e-05)
(-8.5147409e-06 0.013398773 -1.3131174e-05)
(7.2607792e-06 0.013378602 -1.3122377e-05)
(-7.2608126e-06 0.013378602 -1.3122376e-05)
(8.5147337e-06 0.013398773 -1.3131175e-05)
(-2.3884806e-06 0.013356121 -1.3112856e-05)
(5.9787469e-06 0.013409438 -1.3131233e-05)
(3.0689528e-05 0.013328655 -1.3071643e-05)
(3.9763888e-05 -0.016106047 1.3681516e-05)
(7.2072559e-06 -0.016187503 1.3750421e-05)
(-3.8625854e-06 -0.016137197 1.373263e-05)
(1.1483221e-05 -0.016178008 1.375108e-05)
(-1.0358626e-05 -0.016158587 1.3742215e-05)
(1.03586e-05 -0.016158587 1.3742214e-05)
(-1.1483241e-05 -0.016178008 1.375108e-05)
(3.8625861e-06 -0.016137197 1.373263e-05)
(-7.2072412e-06 -0.016187503 1.3750422e-05)
(-3.9763887e-05 -0.016106047 1.3681516e-05)
(-3.6525932e-05 0.015300293 -1.4310077e-05)
(-7.2462997e-06 0.01539179 -1.4375557e-05)
(3.0893239e-06 0.015332493 -1.4357552e-05)
(-1.0224957e-05 0.015379124 -1.4376162e-05)
(8.7979155e-06 0.015357018 -1.4367206e-05)
(-8.797948e-06 0.015357018 -1.4367205e-05)
(1.0224953e-05 0.015379124 -1.4376162e-05)
(-3.0893223e-06 0.015332493 -1.4357553e-05)
(7.2463107e-06 0.015391789 -1.4375558e-05)
(3.6525938e-05 0.015300293 -1.4310078e-05)
(4.6585069e-05 -0.018161168 1.4936477e-05)
(8.7996911e-06 -0.01825318 1.5011926e-05)
(-4.772713e-06 -0.018197106 1.499476e-05)
(1.3430353e-05 -0.01824184 1.501346e-05)
(-1.2101243e-05 -0.018220519 1.5004458e-05)
(1.2101217e-05 -0.018220519 1.5004457e-05)
(-1.3430375e-05 -0.01824184 1.501346e-05)
(4.7727136e-06 -0.018197106 1.4994761e-05)
(-8.7996765e-06 -0.01825318 1.5011927e-05)
(-4.6585068e-05 -0.018161167 1.4936477e-05)
(-4.3236077e-05 0.017439514 -1.5581454e-05)
(-8.7536814e-06 0.017542858 -1.5653271e-05)
(3.9520344e-06 0.017477082 -1.5635918e-05)
(-1.2172631e-05 0.017527855 -1.5654746e-05)
(1.0553102e-05 0.017503729 -1.5645668e-05)
(-1.0553133e-05 0.017503729 -1.5645667e-05)
(1.2172627e-05 0.017527855 -1.5654746e-05)
(-3.9520322e-06 0.017477082 -1.5635918e-05)
(8.7536919e-06 0.017542858 -1.5653271e-05)
(4.3236084e-05 0.017439514 -1.5581455e-05)
(5.4397456e-05 -0.02038676 1.622177e-05)
(1.0673905e-05 -0.020490452 1.6304248e-05)
(-5.885504e-06 -0.020428114 1.628803e-05)
(1.5633006e-05 -0.020476939 1.6306914e-05)
(-1.4079891e-05 -0.02045363 1.6297809e-05)
(1.4079867e-05 -0.02045363 1.6297807e-05)
(-1.563303e-05 -0.020476939 1.6306913e-05)
(5.8855047e-06 -0.020428114 1.6288029e-05)
(-1.067389e-05 -0.020490452 1.6304249e-05)
(-5.4397456e-05 -0.02038676 1.622177e-05)
(-5.0934364e-05 0.019752003 -1.6880712e-05)
(-1.0539652e-05 0.019868466 -1.6959353e-05)
(5.0106979e-06 0.019795649 -1.6942965e-05)
(-1.4380186e-05 0.019850728 -1.6961951e-05)
(1.2548006e-05 0.019824497 -1.6952782e-05)
(-1.2548037e-05 0.019824497 -1.695278e-05)
(1.4380185e-05 0.019850728 -1.6961951e-05)
(-5.0106961e-06 0.019795649 -1.6942964e-05)
(1.0539662e-05 0.019868466 -1.6959353e-05)
(5.0934371e-05 0.019752002 -1.6880713e-05)
(6.3332304e-05 -0.022788495 1.7532469e-05)
(1.2876199e-05 -0.022905128 1.762251e-05)
(-7.2424873e-06 -0.022835971 1.7607597e-05)
(1.8114535e-05 -0.022889057 1.7626615e-05)
(-1.6317127e-05 -0.022863669 1.7617433e-05)
(1.6317104e-05 -0.022863669 1.7617431e-05)
(-1.8114559e-05 -0.022889057 1.7626615e-05)
(7.2424872e-06 -0.022835971 1.7607596e-05)
(-1.2876185e-05 -0.022905128 1.762251e-05)
(-6.3332305e-05 -0.022788495 1.753247e-05)
(-5.9751802e-05 0.022243409 -1.8203115e-05)
(-1.2649557e-05 0.022374422 -1.828912e-05)
(6.306326e-06 0.022293936 -1.8274044e-05)
(-1.6871461e-05 0.022353484 -1.8293144e-05)
(1.4805827e-05 0.022325062 -1.8283906e-05)
(-1.4805857e-05 0.022325062 -1.8283905e-05)
(1.6871463e-05 0.022353484 -1.8293144e-05)
(-6.3063244e-06 0.022293936 -1.8274043e-05)
(1.2649567e-05 0.022374422 -1.8289121e-05)
(5.9751809e-05 0.022243409 -1.8203116e-05)
(7.3540346e-05 -0.025372016 1.8864036e-05)
(1.5460949e-05 -0.025503013 1.8962226e-05)
(-8.8935559e-06 -0.02542641 1.8949022e-05)
(2.0899681e-05 -0.025483929 1.8968145e-05)
(-1.8836963e-05 -0.025456371 1.8958902e-05)
(1.8836942e-05 -0.025456371 1.89589e-05)
(-2.0899707e-05 -0.025483929 1.8968144e-05)
(8.893556e-06 -0.02542641 1.8949021e-05)
(-1.5460935e-05 -0.025503013 1.8962226e-05)
(-7.3540347e-05 -0.025372016 1.8864037e-05)
(-6.9838993e-05 0.024919365 -1.9544341e-05)
(-1.5136678e-05 0.025066542 -1.9638311e-05)
(7.8882785e-06 0.024977678 -1.9624935e-05)
(-1.9671778e-05 0.025041858 -1.9644126e-05)
(1.735138e-05 0.02501116 -1.9634833e-05)
(-1.7351409e-05 0.02501116 -1.9634831e-05)
(1.9671782e-05 0.025041858 -1.9644125e-05)
(-7.8882775e-06 0.024977678 -1.9624934e-05)
(1.5136687e-05 0.025066542 -1.9638311e-05)
(6.9839e-05 0.024919365 -1.9544342e-05)
(8.5195317e-05 -0.02814296 2.0212334e-05)
(1.8492301e-05 -0.028289933 2.0319323e-05)
(-1.0898707e-05 -0.028205172 2.0308283e-05)
(2.4014604e-05 -0.0282673 2.0327507e-05)
(-2.166493e-05 -0.028237477 2.0318208e-05)
(2.1664911e-05 -0.028237477 2.0318205e-05)
(-2.4014632e-05 -0.028267299 2.0327506e-05)
(1.0898708e-05 -0.028205172 2.0308282e-05)
(-1.8492286e-05 -0.028289933 2.0319324e-05)
(-8.5195318e-05 -0.02814296 2.0212335e-05)
(-8.1369672e-05 0.027785506 -2.0900405e-05)
(-1.8063916e-05 0.027950676 -2.1003009e-05)
(9.8159951e-06 0.027852631 -2.0991772e-05)
(-2.2808027e-05 0.027921603 -2.1011054e-05)
(2.0211179e-05 0.027888544 -2.1001708e-05)
(-2.0211208e-05 0.027888544 -2.1001706e-05)
(2.2808034e-05 0.027921603 -2.1011054e-05)
(-9.8159952e-06 0.027852631 -2.099177e-05)
(1.8063924e-05 0.027950675 -2.1003009e-05)
(8.1369679e-05 0.027785506 -2.0900406e-05)
(9.8498114e-05 -0.031106974 2.1573459e-05)
(2.2046249e-05 -0.031271755 2.1689971e-05)
(-1.3330153e-05 -0.031178025 2.1681609e-05)
(2.7486881e-05 -0.031244939 2.1700964e-05)
(-2.4828128e-05 -0.031212756 2.1691596e-05)
(2.4828111e-05 -0.031212756 2.1691592e-05)
(-2.7486911e-05 -0.031244939 2.1700963e-05)
(1.3330155e-05 -0.031178025 2.1681607e-05)
(-2.2046234e-05 -0.031271755 2.1689971e-05)
(-9.8498116e-05 -0.031106974 2.1573461e-05)
(-9.4544926e-05 0.030847483 -2.2267463e-05)
(-2.1505877e-05 0.031032726 -2.237945e-05)
(1.2161103e-05 0.030924588 -2.2370845e-05)
(-2.6308722e-05 0.030998509 -2.2390258e-05)
(2.3413513e-05 0.030963003 -2.2380844e-05)
(-2.3413541e-05 0.030963003 -2.238084e-05)
(2.6308731e-05 0.030998509 -2.2390258e-05)
(-1.2161104e-05 0.030924588 -2.2370844e-05)
(2.1505882e-05 0.031032726 -2.2379451e-05)
(9.4544932e-05 0.030847483 -2.2267465e-05)
(0.00011368188 -0.034269732 2.2943651e-05)
(2.6213195e-05 -0.034454411 2.3070487e-05)
(-1.6274905e-05 -0.034350786 2.3065387e-05)
(3.1345467e-05 -0.034422665 2.3084947e-05)
(-2.8355257e-05 -0.034388024 2.3075478e-05)
(2.8355244e-05 -0.034388024 2.3075473e-05)
(-3.1345497e-05 -0.034422665 2.3084947e-05)
(1.6274908e-05 -0.034350786 2.3065385e-05)
(-2.6213178e-05 -0.034454411 2.3070487e-05)
(-0.00011368188 -0.034269732 2.2943652e-05)
(-0.00010959848 0.034110984 -2.3641933e-05)
(-2.5551418e-05 0.034318675 -2.3764144e-05)
(1.5009993e-05 0.034199398 -2.3758732e-05)
(-3.020402e-05 0.034278419 -2.3778355e-05)
(2.6988507e-05 0.034240382 -2.3768835e-05)
(-2.6988537e-05 0.034240383 -2.3768829e-05)
(3.0204032e-05 0.034278419 -2.3778355e-05)
(-1.5009997e-05 0.034199398 -2.375873e-05)
(2.5551421e-05 0.034318675 -2.3764146e-05)
(0.00010959848 0.034110984 -2.3641935e-05)
(0.00013101831 -0.037636954 2.431953e-05)
(3.1101064e-05 -0.037843923 2.4457587e-05)
(-1.9837939e-05 -0.037729339 2.4456417e-05)
(3.5620592e-05 -0.037806361 2.447631e-05)
(-3.2276621e-05 -0.037769164 2.446668e-05)
(3.2276612e-05 -0.037769164 2.4466674e-05)
(-3.5620622e-05 -0.037806361 2.447631e-05)
(1.9837945e-05 -0.037729339 2.4456415e-05)
(-3.1101046e-05 -0.037843923 2.4457588e-05)
(-0.00013101831 -0.037636954 2.4319532e-05)
(-0.00012680339 0.037581749 -2.5020573e-05)
(-3.0307005e-05 0.037814604 -2.5154041e-05)
(1.8467112e-05 0.037682993 -2.5152404e-05)
(-3.4525851e-05 0.037767253 -2.5172394e-05)
(3.0968314e-05 0.037726607 -2.5162694e-05)
(-3.0968346e-05 0.037726607 -2.5162687e-05)
(3.4525864e-05 0.037767253 -2.5172394e-05)
(-1.8467118e-05 0.037682993 -2.5152401e-05)
(3.0307007e-05 0.037814604 -2.5154041e-05)
(0.00012680339 0.037581749 -2.5020576e-05)
(0.00015087552 -0.0412144 2.5708563e-05)
(3.68535e-05 -0.041446405 2.586126e-05)
(-2.4152529e-05 -0.041319638 2.5863256e-05)
(4.0360382e-05 -0.041401976 2.5884277e-05)
(-3.6638835e-05 -0.041362126 2.5874108e-05)
(3.6638833e-05 -0.041362126 2.5874099e-05)
(-4.0360411e-05 -0.041401976 2.5884277e-05)
(2.4152537e-05 -0.041319638 2.5863254e-05)
(-3.685348e-05 -0.041446405 2.5861261e-05)
(-0.00015087552 -0.0412144 2.5708566e-05)
(-0.00014624652 0.041265491 -2.6410468e-05)
(-3.5815738e-05 0.041526635 -2.6558409e-05)
(2.2552725e-05 0.041381312 -2.6559849e-05)
(-3.9286777e-05 0.041470934 -2.6580983e-05)
(3.5367157e-05 0.041427603 -2.6570733e-05)
(-3.5367193e-05 0.041427603 -2.6570723e-05)
(3.928679e-05 0.041470934 -2.6580982e-05)
(-2.2552735e-05 0.041381312 -2.6559847e-05)
(3.5815737e-05 0.041526635 -2.655841e-05)
(0.00014624652 0.041265491 -2.6410472e-05)
(0.00017329469 -0.045007744 2.7099219e-05)
(4.3505659e-05 -0.045267863 2.7263457e-05)
(-2.9248728e-05 -0.045127542 2.7272208e-05)
(4.5542567e-05 -0.045215368 2.7293632e-05)
(-4.1426367e-05 -0.045172764 2.7283269e-05)
(4.1426374e-05 -0.045172765 2.7283257e-05)
(-4.5542593e-05 -0.045215368 2.7293631e-05)
(2.9248739e-05 -0.045127542 2.7272205e-05)
(-4.3505638e-05 -0.045267863 2.7263459e-05)
(-0.00017329469 -0.045007744 2.7099224e-05)
(-0.00016871706 0.045167907 -2.7798784e-05)
(-4.2367733e-05 0.045460844 -2.7957983e-05)
(2.7597921e-05 0.045300266 -2.7966391e-05)
(-4.4564797e-05 0.045395359 -2.7987738e-05)
(4.0262175e-05 0.045349273 -2.7977394e-05)
(-4.0262217e-05 0.045349273 -2.797738e-05)
(4.4564808e-05 0.045395359 -2.7987736e-05)
(-2.7597935e-05 0.045300266 -2.7966388e-05)
(4.2367728e-05 0.045460844 -2.7957985e-05)
(0.00016871706 0.045167907 -2.779879e-05)
(0.00019913173 -0.049023207 2.8482521e-05)
(5.1393722e-05 -0.049314921 2.86622e-05)
(-3.5498611e-05 -0.049159554 2.8676574e-05)
(5.1252756e-05 -0.049252951 2.8699822e-05)
(-4.6721825e-05 -0.04920754 2.8688595e-05)
(4.6721844e-05 -0.04920754 2.8688579e-05)
(-5.1252777e-05 -0.049252951 2.869982e-05)
(3.5498626e-05 -0.049159554 2.867657e-05)
(-5.1393699e-05 -0.049314921 2.8662202e-05)
(-0.00019913173 -0.049023207 2.8482528e-05)
(-0.0001943844 0.049295341 -2.9015427e-05)
(-5.0116782e-05 0.049624036 -2.9162593e-05)
(3.369101e-05 0.049446522 -2.9200158e-05)
(-5.0372991e-05 0.049547087 -2.9208073e-05)
(4.5668292e-05 0.04949823 -2.9204019e-05)
(-4.5668343e-05 0.04949823 -2.9204001e-05)
(5.0372998e-05 0.049547087 -2.9208071e-05)
(-3.3691029e-05 0.049446522 -2.9200153e-05)
(5.0116773e-05 0.049624036 -2.9162596e-05)
(0.0001943844 0.049295341 -2.9015434e-05)
(0.00022868361 -0.053218494 2.9710445e-05)
(6.0720357e-05 -0.053549462 2.9877252e-05)
(-4.3024711e-05 -0.053374107 2.9924211e-05)
(5.7511357e-05 -0.05347508 2.9933581e-05)
(-5.2547985e-05 -0.053425895 2.9928861e-05)
(5.2548017e-05 -0.053425895 2.9928841e-05)
(-5.7511371e-05 -0.05347508 2.9933579e-05)
(4.3024732e-05 -0.053374107 2.9924206e-05)
(-6.0720331e-05 -0.053549462 2.9877255e-05)
(-0.00022868361 -0.053218494 2.9710453e-05)
(-0.00022418181 0.053604878 -3.0248649e-05)
(-5.9294219e-05 0.053977607 -3.0454779e-05)
(4.1222779e-05 0.053777948 -3.0462317e-05)
(-5.6821013e-05 0.053885915 -3.0495737e-05)
(5.1690326e-05 0.053833356 -3.0479668e-05)
(-5.1690389e-05 0.053833356 -3.0479645e-05)
(5.6821012e-05 0.053885915 -3.0495734e-05)
(-4.1222803e-05 0.053777948 -3.0462311e-05)
(5.9294206e-05 0.053977607 -3.0454783e-05)
(0.00022418181 0.053604878 -3.0248659e-05)
(0.00026295907 -0.057671633 3.0916682e-05)
(7.1769452e-05 -0.058046763 3.1141175e-05)
(-5.227533e-05 -0.057849298 3.1161767e-05)
(6.4425593e-05 -0.057957821 3.1195858e-05)
(-5.9007534e-05 -0.057904855 3.1179489e-05)
(5.9007584e-05 -0.057904855 3.1179464e-05)
(-6.4425596e-05 -0.057957821 3.1195855e-05)
(5.2275356e-05 -0.057849298 3.1161761e-05)
(-7.1769424e-05 -0.058046763 3.114118e-05)
(-0.00026295907 -0.057671633 3.0916693e-05)
(-0.00025880526 0.058175396 -3.1734968e-05)
(-7.0181466e-05 0.058597726 -3.1961876e-05)
(5.0413049e-05 0.058373547 -3.1976479e-05)
(-6.3945514e-05 0.058488764 -3.2013116e-05)
(5.8367821e-05 0.058432557 -3.1995537e-05)
(-5.83679e-05 0.058432558 -3.199551e-05)
(6.3945502e-05 0.058488764 -3.2013113e-05)
(-5.0413081e-05 0.058373548 -3.1976472e-05)
(7.0181451e-05 0.058597726 -3.1961881e-05)
(0.00025880526 0.058175396 -3.1734981e-05)
(0.00030279449 -0.062380511 3.2352825e-05)
(8.4884844e-05 -0.062805511 3.2601096e-05)
(-6.3544143e-05 -0.062583486 3.2628922e-05)
(7.2029679e-05 -0.06269943 3.2668274e-05)
(-6.6138019e-05 -0.062642727 3.2649412e-05)
(6.6138091e-05 -0.062642727 3.2649382e-05)
(-7.2029665e-05 -0.06269943 3.266827e-05)
(6.3544177e-05 -0.062583486 3.2628915e-05)
(-8.4884815e-05 -0.062805511 3.2601101e-05)
(-0.00030279449 -0.062380512 3.2352839e-05)
(-0.00029894045 0.063005029 -3.3214727e-05)
(-8.3136933e-05 0.063483435 -3.3459486e-05)
(6.1634102e-05 0.063232003 -3.3486944e-05)
(-7.1787937e-05 0.063354172 -3.3525226e-05)
(6.5743367e-05 0.063294445 -3.3506835e-05)
(-6.5743466e-05 0.063294445 -3.3506803e-05)
(7.1787909e-05 0.063354172 -3.3525222e-05)
(-6.1634142e-05 0.063232003 -3.3486935e-05)
(8.3136915e-05 0.063483435 -3.3459491e-05)
(0.00029894045 0.06300503 -3.3214741e-05)
(0.00034900672 -0.067354504 3.380321e-05)
(0.00010049732 -0.067835756 3.407194e-05)
(-7.7267678e-05 -0.06758657 3.4113691e-05)
(8.0351786e-05 -0.06770955 3.4156594e-05)
(-7.3969685e-05 -0.067649282 3.4136011e-05)
(7.3969781e-05 -0.067649282 3.4135977e-05)
(-8.0351751e-05 -0.06770955 3.415659e-05)
(7.726772e-05 -0.06758657 3.4113683e-05)
(-0.00010049729 -0.067835756 3.4071945e-05)
(-0.00034900672 -0.067354504 3.3803226e-05)
(-0.00034542112 0.068102902 -3.4631223e-05)
(-9.8565737e-05 0.06864466 -3.4892069e-05)
(7.5290205e-05 0.068363059 -3.4937561e-05)
(-8.037256e-05 0.068491575 -3.4976802e-05)
(7.384611e-05 0.068428608 -3.4957911e-05)
(-7.3846228e-05 0.068428608 -3.4957874e-05)
(8.037251e-05 0.068491576 -3.4976798e-05)
(-7.5290254e-05 0.06836306 -3.4937552e-05)
(9.8565716e-05 0.06864466 -3.4892075e-05)
(0.00034542112 0.068102902 -3.463124e-05)
(0.00040259474 -0.072589992 3.5191872e-05)
(0.00011911111 -0.073134866 3.5478535e-05)
(-9.3945045e-05 -0.072855574 3.5540247e-05)
(8.9406228e-05 -0.072984996 3.5586345e-05)
(-8.2521949e-05 -0.072921441 3.5564172e-05)
(8.2522069e-05 -0.072921442 3.5564136e-05)
(-8.9406166e-05 -0.072984996 3.558634e-05)
(9.3945097e-05 -0.072855574 3.5540238e-05)
(-0.00011911108 -0.073134866 3.5478541e-05)
(-0.00040259474 -0.072589992 3.5191887e-05)
(-0.00039941353 0.073465578 -3.6177371e-05)
(-0.00011698455 0.074079094 -3.6455186e-05)
(9.189331e-05 0.073764008 -3.6523239e-05)
(-8.9718216e-05 0.073898041 -3.6563713e-05)
(8.2697471e-05 0.073832228 -3.6544183e-05)
(-8.2697609e-05 0.073832228 -3.6544142e-05)
(8.9718141e-05 0.073898041 -3.6563706e-05)
(-9.1893371e-05 0.073764008 -3.6523228e-05)
(0.00011698453 0.074079094 -3.6455193e-05)
(0.00039941353 0.073465579 -3.6177389e-05)
(0.00046202019 -0.07808975 3.0953629e-05)
(0.00014135373 -0.078706274 3.1224791e-05)
(-0.0001141959 -0.078394003 3.131951e-05)
(9.9196674e-05 -0.078528713 3.1365937e-05)
(-9.1802075e-05 -0.078462428 3.134359e-05)
(9.1802214e-05 -0.078462429 3.1343544e-05)
(-9.9196579e-05 -0.078528713 3.1365928e-05)
(0.00011419597 -0.078394003 3.1319502e-05)
(-0.00014135369 -0.078706274 3.1224799e-05)
(-0.00046202019 -0.07808975 3.095365e-05)
(-0.00051423969 0.079095693 -0.00014188107)
(-0.00013901182 0.079789923 -0.00014288974)
(0.0001120072 0.079438166 -0.00014276893)
(-9.9777818e-05 0.07957633 -0.00014288923)
(9.2258202e-05 0.079508342 -0.00014283039)
(-9.2258351e-05 0.079508342 -0.00014283041)
(9.9777712e-05 0.07957633 -0.00014288924)
(-0.00011200727 0.079438167 -0.00014276892)
(0.00013901179 0.079789923 -0.00014288974)
(0.00051423967 0.079095693 -0.00014188106)
(-0.00021222706 -0.08383764 -0.0014517097)
(0.00016657561 -0.084550967 -0.001462024)
(-0.00013801832 -0.084194574 -0.0014578802)
(0.0001094114 -0.08433299 -0.0014594446)
(-0.00010151485 -0.084264744 -0.0014586761)
(0.00010151499 -0.084264744 -0.001458676)
(-0.00010941126 -0.08433299 -0.0014594446)
(0.0001380184 -0.084194574 -0.0014578802)
(-0.00016657557 -0.084550968 -0.001462024)
(0.00021222708 -0.08383764 -0.0014517097)
(-2.6227178e-06 -0.0004418258 5.2998726e-06)
(-4.9311982e-07 -0.00044183222 5.3049463e-06)
(-1.0861847e-07 -0.00044183365 5.3049617e-06)
(1.5296066e-07 -0.00044183095 5.3049885e-06)
(-2.6271832e-07 -0.0004418322 5.3049802e-06)
(2.6267382e-07 -0.0004418322 5.3049801e-06)
(-1.5298251e-07 -0.00044183094 5.3049882e-06)
(1.0861985e-07 -0.00044183365 5.3049615e-06)
(4.9313361e-07 -0.00044183222 5.3049463e-06)
(2.6227254e-06 -0.0004418258 5.2998726e-06)
(-4.1754947e-06 -0.00084318042 8.3624828e-06)
(-1.0151988e-06 -0.00084330451 8.3724994e-06)
(-2.2645294e-07 -0.00084326269 8.3725222e-06)
(2.880062e-07 -0.00084324542 8.3725192e-06)
(-5.1403692e-07 -0.00084325161 8.372524e-06)
(5.1399899e-07 -0.00084325161 8.3725239e-06)
(-2.8802517e-07 -0.00084324542 8.3725188e-06)
(2.264568e-07 -0.00084326269 8.3725219e-06)
(1.015212e-06 -0.00084330451 8.3724993e-06)
(4.1755024e-06 -0.00084318042 8.3624828e-06)
(-2.3066599e-06 -0.00087870809 4.5844879e-06)
(-1.2528725e-06 -0.00087892692 4.5923593e-06)
(-2.8340653e-07 -0.00087886836 4.5923739e-06)
(3.3929709e-07 -0.00087882579 4.5923648e-06)
(-6.2140968e-07 -0.00087884088 4.5923727e-06)
(6.2137247e-07 -0.00087884088 4.5923726e-06)
(-3.3931655e-07 -0.00087882579 4.5923646e-06)
(2.8341068e-07 -0.00087886836 4.5923738e-06)
(1.2528859e-06 -0.00087892692 4.5923591e-06)
(2.3066675e-06 -0.00087870809 4.5844879e-06)
(-1.0159328e-06 -0.00091581417 2.0031366e-06)
(-1.3385975e-06 -0.00091607697 2.0075827e-06)
(-3.0782195e-07 -0.00091602518 2.0076134e-06)
(3.5656099e-07 -0.00091596053 2.0075966e-06)
(-6.6279088e-07 -0.00091598279 2.0076078e-06)
(6.6275297e-07 -0.00091598279 2.0076078e-06)
(-3.5657918e-07 -0.00091596053 2.0075965e-06)
(3.0782507e-07 -0.00091602518 2.0076132e-06)
(1.3386116e-06 -0.00091607697 2.0075826e-06)
(1.0159394e-06 -0.00091581416 2.0031366e-06)
(-3.4534407e-07 -0.00089403336 6.8745435e-07)
(-1.3557636e-06 -0.00089432219 6.895949e-07)
(-3.1616427e-07 -0.0008942912 6.8960743e-07)
(3.6185035e-07 -0.00089419635 6.895957e-07)
(-6.7721697e-07 -0.00089422933 6.8960446e-07)
(6.7717876e-07 -0.00089422933 6.8960434e-07)
(-3.6186787e-07 -0.00089419635 6.8959552e-07)
(3.1616634e-07 -0.0008942912 6.896073e-07)
(1.3557779e-06 -0.00089432219 6.8959475e-07)
(3.4534998e-07 -0.00089403336 6.8745433e-07)
(-1.0758996e-07 -0.00091302811 2.5607769e-07)
(-1.3435813e-06 -0.00091333835 2.5705115e-07)
(-3.1825489e-07 -0.00091332757 2.5708134e-07)
(3.6389198e-07 -0.00091321156 2.5705883e-07)
(-6.821007e-07 -0.00091325124 2.5707252e-07)
(6.820624e-07 -0.00091325124 2.5707246e-07)
(-3.6390929e-07 -0.00091321156 2.5705872e-07)
(3.1825632e-07 -0.00091332757 2.5708126e-07)
(1.3435957e-06 -0.00091333835 2.5705104e-07)
(1.075955e-07 -0.00091302811 2.5607779e-07)
(2.0836827e-08 -0.00089704276 4.7495402e-08)
(-1.3219261e-06 -0.00089735835 4.8004007e-08)
(-3.175803e-07 -0.00089737942 4.8011779e-08)
(3.6502435e-07 -0.00089722934 4.8003228e-08)
(-6.8375537e-07 -0.0008972816 4.8010696e-08)
(6.8371662e-07 -0.0008972816 4.8010459e-08)
(-3.6504119e-07 -0.00089722934 4.8002933e-08)
(3.1758165e-07 -0.00089737942 4.8011627e-08)
(1.3219401e-06 -0.00089735835 4.8003903e-08)
(-2.0831338e-08 -0.00089704276 4.7495461e-08)
(5.596673e-08 -0.00091082717 3.1633632e-08)
(-1.2963337e-06 -0.0009111678 3.1926069e-08)
(-3.163818e-07 -0.00091120641 3.1961333e-08)
(3.6656562e-07 -0.00091103957 3.193252e-08)
(-6.8492059e-07 -0.0009110967 3.1949187e-08)
(6.8488175e-07 -0.0009110967 3.1948849e-08)
(-3.6658228e-07 -0.00091103957 3.1932362e-08)
(3.1638263e-07 -0.00091120641 3.1961139e-08)
(1.2963481e-06 -0.0009111678 3.1926085e-08)
(-5.5961452e-08 -0.00091082717 3.1633593e-08)
(1.0192664e-07 -0.00089856922 -8.4243971e-09)
(-1.2706274e-06 -0.00089890102 -8.1778919e-09)
(-3.1465046e-07 -0.0008989802 -8.1771883e-09)
(3.6782751e-07 -0.00089877262 -8.1781445e-09)
(-6.8557286e-07 -0.00089884553 -8.1740196e-09)
(6.8553395e-07 -0.00089884553 -8.1743552e-09)
(-3.6784406e-07 -0.00089877262 -8.1784802e-09)
(3.1465102e-07 -0.0008989802 -8.1773474e-09)
(1.2706419e-06 -0.00089890102 -8.1778113e-09)
(-1.0192135e-07 -0.00089856922 -8.4244121e-09)
(1.2251556e-07 -0.00090989269 7.6887649e-09)
(-1.2439896e-06 -0.00091026183 7.8300431e-09)
(-3.1312371e-07 -0.00091034958 7.8764914e-09)
(3.7004825e-07 -0.00091013401 7.8367274e-09)
(-6.8689423e-07 -0.00091020798 7.8582477e-09)
(6.8685528e-07 -0.00091020798 7.85808e-09)
(-3.7006477e-07 -0.00091013401 7.8365344e-09)
(3.1312426e-07 -0.00091034957 7.8765842e-09)
(1.244004e-06 -0.00091026183 7.8303028e-09)
(-1.225102e-07 -0.00090989269 7.6887672e-09)
(1.5511514e-07 -0.00089888692 -5.7710257e-09)
(-1.2183686e-06 -0.00089922639 -5.59663e-09)
(-3.1127521e-07 -0.00089936886 -5.6099483e-09)
(3.7151918e-07 -0.00089910015 -5.5970779e-09)
(-6.8751681e-07 -0.00089919569 -5.5993248e-09)
(6.8747785e-07 -0.00089919569 -5.5995727e-09)
(-3.7153568e-07 -0.00089910015 -5.597328e-09)
(3.1127584e-07 -0.00089936886 -5.6097829e-09)
(1.2183829e-06 -0.00089922639 -5.5962614e-09)
(-1.5510977e-07 -0.00089888692 -5.770869e-09)
(1.8235256e-07 -0.00091019048 2.5291464e-10)
(-1.1916504e-06 -0.00091059037 2.8130888e-10)
(-3.0973749e-07 -0.00091072419 3.4857485e-10)
(3.746654e-07 -0.00091046398 2.887688e-10)
(-6.8945179e-07 -0.00091055327 3.1931497e-10)
(6.8941292e-07 -0.00091055327 3.1917752e-10)
(-3.7468202e-07 -0.00091046398 2.8873812e-10)
(3.0973835e-07 -0.00091072419 3.4849327e-10)
(1.1916646e-06 -0.00091059037 2.8167137e-10)
(-1.8234729e-07 -0.00091019048 2.530964e-10)
(2.0690238e-07 -0.00089788317 1.1334461e-09)
(-1.1666201e-06 -0.00089821814 1.2652841e-09)
(-3.0782117e-07 -0.00089843166 1.2257359e-09)
(3.7609457e-07 -0.00089809565 1.2639346e-09)
(-6.8990129e-07 -0.00089821694 1.2500861e-09)
(6.8986238e-07 -0.00089821694 1.2498582e-09)
(-3.7611138e-07 -0.00089809564 1.2637298e-09)
(3.0782243e-07 -0.00089843166 1.2256117e-09)
(1.1666339e-06 -0.00089821814 1.2655434e-09)
(-2.0689681e-07 -0.00089788317 1.1335897e-09)
(2.4410757e-07 -0.00091199181 -7.4837861e-09)
(-1.1396154e-06 -0.0009124292 -7.5886412e-09)
(-3.0635488e-07 -0.00091260256 -7.4845846e-09)
(3.8056646e-07 -0.00091230506 -7.5790806e-09)
(-6.9279682e-07 -0.00091240665 -7.5329532e-09)
(6.9275799e-07 -0.00091240665 -7.5329306e-09)
(-3.8058285e-07 -0.00091230506 -7.5791182e-09)
(3.0635504e-07 -0.00091260256 -7.4846285e-09)
(1.1396302e-06 -0.00091242919 -7.5886784e-09)
(-2.4410245e-07 -0.00091199181 -7.4838991e-09)
(2.5804761e-07 -0.0008951117 1.0269423e-08)
(-1.115541e-06 -0.00089542361 1.0387302e-08)
(-3.043293e-07 -0.00089572061 1.0300339e-08)
(3.8146736e-07 -0.00089530678 1.0383384e-08)
(-6.9267285e-07 -0.00089545892 1.0349e-08)
(6.9263403e-07 -0.00089545892 1.0349015e-08)
(-3.8148335e-07 -0.00089530678 1.0383248e-08)
(3.0432813e-07 -0.00089572061 1.0300255e-08)
(1.115557e-06 -0.00089542361 1.0387346e-08)
(-2.5804278e-07 -0.0008951117 1.0269482e-08)
(3.0976757e-07 -0.00091594693 -1.8301126e-08)
(-1.0877905e-06 -0.00091643603 -1.8577935e-08)
(-3.0303896e-07 -0.00091663656 -1.8409566e-08)
(3.8798672e-07 -0.00091631467 -1.8564347e-08)
(-6.9712989e-07 -0.00091642299 -1.8490817e-08)
(6.9709114e-07 -0.00091642299 -1.849093e-08)
(-3.8800297e-07 -0.00091631467 -1.8564432e-08)
(3.0303891e-07 -0.00091663656 -1.8409597e-08)
(1.0878056e-06 -0.00091643603 -1.8578061e-08)
(-3.0976283e-07 -0.00091594693 -1.8301267e-08)
(3.0702028e-07 -0.00088968391 2.3771134e-08)
(-1.0652688e-06 -0.00088994398 2.3921648e-08)
(-3.008096e-07 -0.00089034456 2.3752102e-08)
(3.8744864e-07 -0.00088983532 2.3912617e-08)
(-6.9567663e-07 -0.0008900266 2.3843275e-08)
(6.9563783e-07 -0.0008900266 2.3843128e-08)
(-3.87465e-07 -0.00088983532 2.3912741e-08)
(3.0081025e-07 -0.00089034456 2.3752326e-08)
(1.0652825e-06 -0.00088994398 2.3921589e-08)
(-3.0701465e-07 -0.00088968391 2.3771108e-08)
(3.8168783e-07 -0.00092322683 -3.4965659e-08)
(-1.035982e-06 -0.00092379391 -3.5476948e-08)
(-2.9987063e-07 -0.0009239998 -3.519995e-08)
(3.9730342e-07 -0.0009236753 -3.5457295e-08)
(-7.0276711e-07 -0.00092378072 -3.5337384e-08)
(7.0272839e-07 -0.00092378072 -3.5337432e-08)
(-3.9731981e-07 -0.0009236753 -3.5457391e-08)
(2.9987071e-07 -0.0009239998 -3.5200046e-08)
(1.0359964e-06 -0.00092379391 -3.547725e-08)
(-3.8168224e-07 -0.00092322683 -3.4965777e-08)
(3.5129834e-07 -0.00088009625 4.4911658e-08)
(-1.0160162e-06 -0.00088026003 4.5170042e-08)
(-2.9726131e-07 -0.00088079626 4.4861692e-08)
(3.9367768e-07 -0.00088016289 4.5152091e-08)
(-6.9861126e-07 -0.00088040669 4.5023653e-08)
(6.9857256e-07 -0.00088040669 4.50237e-08)
(-3.9369407e-07 -0.00088016289 4.5152321e-08)
(2.9726028e-07 -0.00088079626 4.4861818e-08)
(1.0160324e-06 -0.00088026003 4.517007e-08)
(-3.5129362e-07 -0.00088009625 4.4911546e-08)
(4.6338403e-07 -0.00093572707 -6.1401085e-08)
(-9.8386402e-07 -0.00093641674 -6.2243591e-08)
(-2.9696938e-07 -0.00093659174 -6.1788182e-08)
(4.0912228e-07 -0.00093629998 -6.2212489e-08)
(-7.1021628e-07 -0.00093638665 -6.2016649e-08)
(7.101777e-07 -0.00093638665 -6.2016816e-08)
(-4.0913862e-07 -0.00093629997 -6.221262e-08)
(2.9696886e-07 -0.00093659173 -6.1788521e-08)
(9.8387941e-07 -0.00093641674 -6.2243575e-08)
(-4.6337895e-07 -0.00093572707 -6.1401038e-08)
(3.8698852e-07 -0.00086399841 7.8356458e-08)
(-9.6813275e-07 -0.00086399849 7.8837196e-08)
(-2.9364815e-07 -0.0008647202 7.8304963e-08)
(3.9951283e-07 -0.00086391753 7.8805666e-08)
(-7.0094042e-07 -0.00086423475 7.8581527e-08)
(7.0090188e-07 -0.00086423475 7.8581426e-08)
(-3.9952926e-07 -0.00086391753 7.8805806e-08)
(2.9364733e-07 -0.0008647202 7.8304849e-08)
(9.6814864e-07 -0.00086399849 7.8837174e-08)
(-3.8698367e-07 -0.00086399841 7.8356505e-08)
(5.6004708e-07 -0.00095631936 -1.0309721e-07)
(-9.309344e-07 -0.00095720253 -1.0441241e-07)
(-2.9450492e-07 -0.00095728964 -1.0367686e-07)
(4.2440335e-07 -0.00095708532 -1.043635e-07)
(-7.2028353e-07 -0.00095712853 -1.0404806e-07)
(7.2024511e-07 -0.00095712853 -1.0404825e-07)
(-4.2441966e-07 -0.00095708532 -1.0436325e-07)
(2.9450421e-07 -0.00095728963 -1.036767e-07)
(9.3095033e-07 -0.00095720253 -1.0441242e-07)
(-5.6004248e-07 -0.00095631935 -1.0309716e-07)
(4.083236e-07 -0.00083793483 1.304723e-07)
(-9.2215826e-07 -0.00083767249 1.3133836e-07)
(-2.8988339e-07 -0.00083865388 1.304621e-07)
(4.0389028e-07 -0.00083761428 1.3128462e-07)
(-7.0177208e-07 -0.00083803615 1.30914e-07)
(7.017336e-07 -0.00083803615 1.3091385e-07)
(-4.0390662e-07 -0.00083761427 1.3128494e-07)
(2.8988338e-07 -0.00083865387 1.3046246e-07)
(9.2217301e-07 -0.00083767248 1.3133832e-07)
(-4.0831848e-07 -0.00083793482 1.3047241e-07)
(6.7902464e-07 -0.00098909904 -1.6730467e-07)
(-8.7642927e-07 -0.00099028123 -1.6928613e-07)
(-2.9273021e-07 -0.0009901962 -1.6813195e-07)
(4.446133e-07 -0.00099015927 -1.6920959e-07)
(-7.3420786e-07 -0.00099012269 -1.6871604e-07)
(7.3416959e-07 -0.00099012269 -1.6871609e-07)
(-4.4462959e-07 -0.00099015927 -1.6920976e-07)
(2.9273053e-07 -0.00099019619 -1.6813182e-07)
(8.7644358e-07 -0.00099028123 -1.6928607e-07)
(-6.7901952e-07 -0.00098909904 -1.6730444e-07)
(4.0724114e-07 -0.00079713058 2.0934736e-07)
(-8.7889408e-07 -0.000796468 2.1081389e-07)
(-2.8580109e-07 -0.00079781364 2.0943797e-07)
(4.0515701e-07 -0.0007964417 2.1072658e-07)
(-6.9971532e-07 -0.0007970123 2.1014276e-07)
(6.9967684e-07 -0.0007970123 2.1014268e-07)
(-4.0517331e-07 -0.00079644169 2.1072643e-07)
(2.8580147e-07 -0.00079781364 2.09438e-07)
(8.789079e-07 -0.000796468 2.1081402e-07)
(-4.0723553e-07 -0.00079713057 2.0934776e-07)
(8.3015328e-07 -0.0010395415 -2.628341e-07)
(-8.1925926e-07 -0.0010411694 -2.6572437e-07)
(-2.920141e-07 -0.0010407958 -2.6398203e-07)
(4.7190042e-07 -0.0010410357 -2.6560856e-07)
(-7.5380956e-07 -0.0010408694 -2.6486409e-07)
(7.537713e-07 -0.0010408694 -2.6486408e-07)
(-4.7191655e-07 -0.0010410357 -2.6560859e-07)
(2.9201433e-07 -0.0010407958 -2.6398176e-07)
(8.1927336e-07 -0.0010411694 -2.6572427e-07)
(-8.3014778e-07 -0.0010395415 -2.6283379e-07)
(3.7319874e-07 -0.00073541587 3.243343e-07)
(-8.39481e-07 -0.00073417149 3.2666e-07)
(-2.8111703e-07 -0.00073601954 3.2460258e-07)
(4.0090956e-07 -0.00073418945 3.2652416e-07)
(-6.927378e-07 -0.000734967 3.2565042e-07)
(6.926994e-07 -0.000734967 3.2565049e-07)
(-4.0092579e-07 -0.00073418944 3.2652421e-07)
(2.8111676e-07 -0.00073601953 3.2460271e-07)
(8.3949604e-07 -0.00073417149 3.2665985e-07)
(-3.731938e-07 -0.00073541587 3.2433437e-07)
(1.0257778e-06 -0.0011144788 -3.9933929e-07)
(-7.5793362e-07 -0.001116743 -4.0341892e-07)
(-2.9287862e-07 -0.0011159311 -4.0090047e-07)
(5.0923536e-07 -0.0011165872 -4.0324739e-07)
(-7.8161969e-07 -0.0011162272 -4.0217251e-07)
(7.8158162e-07 -0.0011162272 -4.0217269e-07)
(-5.0925138e-07 -0.0011165872 -4.0324735e-07)
(2.9287877e-07 -0.0011159311 -4.0090036e-07)
(7.5794834e-07 -0.001116743 -4.0341916e-07)
(-1.025773e-06 -0.0011144788 -3.9933937e-07)
(2.9330872e-07 -0.00064535665 4.8511298e-07)
(-8.0546647e-07 -0.00064330369 4.8858208e-07)
(-2.7538907e-07 -0.00064582561 4.8565508e-07)
(3.878753e-07 -0.00064338261 4.8838116e-07)
(-6.7805809e-07 -0.00064443898 4.8713792e-07)
(6.7801983e-07 -0.00064443898 4.8713785e-07)
(-3.8789153e-07 -0.00064338261 4.8838128e-07)
(2.7538945e-07 -0.00064582561 4.8565502e-07)
(8.0548044e-07 -0.00064330369 4.8858163e-07)
(-2.9330351e-07 -0.00064535665 4.8511288e-07)
(1.2805295e-06 -0.0012218676 -5.8623411e-07)
(-6.9048228e-07 -0.0012250009 -5.9179805e-07)
(-2.96063e-07 -0.0012235704 -5.8832028e-07)
(5.6049825e-07 -0.0012248088 -5.9155274e-07)
(-8.2096485e-07 -0.0012241786 -5.9007019e-07)
(8.2092708e-07 -0.0012241786 -5.9007035e-07)
(-5.605142e-07 -0.0012248088 -5.9155274e-07)
(2.9606344e-07 -0.0012235704 -5.8832025e-07)
(6.9049659e-07 -0.0012250009 -5.9179776e-07)
(-1.2805247e-06 -0.0012218676 -5.8623385e-07)
(1.5269252e-07 -0.00051857052 7.0055785e-07)
(-7.7886362e-07 -0.00051544158 7.0545734e-07)
(-2.6797365e-07 -0.00051883704 7.0148856e-07)
(3.6186186e-07 -0.00051560258 7.0517436e-07)
(-6.5209091e-07 -0.00051702104 7.0348827e-07)
(6.5205279e-07 -0.00051702104 7.0348804e-07)
(-3.6187806e-07 -0.00051560257 7.051743e-07)
(2.6797425e-07 -0.00051883704 7.0148894e-07)
(7.7887738e-07 -0.00051544158 7.0545775e-07)
(-1.5268747e-07 -0.00051857052 7.0055787e-07)
(1.6109125e-06 -0.0013704145 -8.3162273e-07)
(-6.1440916e-07 -0.0013746864 -8.3895952e-07)
(-3.0255623e-07 -0.0013724324 -8.3436568e-07)
(6.3049513e-07 -0.0013744396 -8.3862348e-07)
(-8.7599503e-07 -0.0013734528 -8.3666721e-07)
(8.7595757e-07 -0.0013734528 -8.366673e-07)
(-6.3051108e-07 -0.0013744396 -8.386239e-07)
(3.0255677e-07 -0.0013724324 -8.3436567e-07)
(6.1442347e-07 -0.0013746864 -8.3895931e-07)
(-1.6109078e-06 -0.0013704144 -8.3162235e-07)
(-6.5161353e-08 -0.00034612902 9.7783648e-07)
(-7.622059e-07 -0.0003416216 9.8443901e-07)
(-2.5798188e-07 -0.00034611195 9.7928983e-07)
(3.1776674e-07 -0.00034189072 9.8405715e-07)
(-6.1044134e-07 -0.00034376288 9.8186882e-07)
(6.1040338e-07 -0.00034376288 9.8186886e-07)
(-3.1778301e-07 -0.00034189071 9.8405672e-07)
(2.5798246e-07 -0.00034611194 9.7928935e-07)
(7.6221961e-07 -0.0003416216 9.8443854e-07)
(6.5166519e-08 -0.00034612901 9.7783637e-07)
(2.0350443e-06 -0.0015691774 -1.1416336e-06)
(-5.266244e-07 -0.0015748889 -1.151013e-06)
(-3.136524e-07 -0.001571589 -1.1451853e-06)
(7.2492902e-07 -0.0015745644 -1.1505716e-06)
(-9.5167309e-07 -0.0015731281 -1.1480906e-06)
(9.5163597e-07 -0.0015731281 -1.1480905e-06)
(-7.249449e-07 -0.0015745644 -1.1505713e-06)
(3.1365297e-07 -0.001571589 -1.1451852e-06)
(5.2663866e-07 -0.0015748889 -1.1510128e-06)
(-2.0350398e-06 -0.0015691774 -1.1416334e-06)
(-3.7823706e-07 -0.00011892606 1.3220062e-06)
(-7.5860703e-07 -0.00011270804 1.3305612e-06)
(-2.4423398e-07 -0.00011852976 1.3241352e-06)
(2.4961859e-07 -0.00011311663 1.3300658e-06)
(-5.4792686e-07 -0.00011553929 1.3273349e-06)
(5.4788905e-07 -0.00011553929 1.327335e-06)
(-2.4963469e-07 -0.00011311663 1.3300656e-06)
(2.4423449e-07 -0.00011852975 1.3241344e-06)
(7.5862012e-07 -0.00011270804 1.3305607e-06)
(3.7824266e-07 -0.00011892605 1.3220061e-06)
(2.5726412e-06 -0.0018272447 -1.5202732e-06)
(-4.2338363e-07 -0.0018347225 -1.531942e-06)
(-3.3100529e-07 -0.0018301428 -1.5248049e-06)
(8.5035536e-07 -0.0018342924 -1.5313815e-06)
(-1.0537493e-06 -0.00183231 -1.5283446e-06)
(1.0537126e-06 -0.00183231 -1.5283446e-06)
(-8.5037115e-07 -0.0018342924 -1.5313817e-06)
(3.3100582e-07 -0.0018301428 -1.5248055e-06)
(4.2339803e-07 -0.0018347225 -1.5319416e-06)
(-2.5726369e-06 -0.0018272447 -1.5202732e-06)
(-8.0607989e-07 0.00017205505 1.7360891e-06)
(-7.7183366e-07 0.00018034137 1.7468237e-06)
(-2.2520189e-07 0.0001729418 1.7390661e-06)
(1.5062603e-07 0.00017975626 1.7462035e-06)
(-4.5860893e-07 0.00017668361 1.7429067e-06)
(4.5857121e-07 0.00017668361 1.7429067e-06)
(-1.5064206e-07 0.00017975627 1.7462037e-06)
(2.2520252e-07 0.0001729418 1.739066e-06)
(7.7184701e-07 0.00018034137 1.7468234e-06)
(8.0608503e-07 0.00017205505 1.7360887e-06)
(3.2452155e-06 -0.0021535236 -1.9696676e-06)
(-3.0020869e-07 -0.0021631175 -1.9838528e-06)
(-3.5669084e-07 -0.0021570168 -1.9753735e-06)
(1.014145e-06 -0.002162549 -1.9831665e-06)
(-1.1887404e-06 -0.0021599221 -1.9795572e-06)
(1.188704e-06 -0.0021599221 -1.9795572e-06)
(-1.0141607e-06 -0.002162549 -1.9831668e-06)
(3.5669146e-07 -0.0021570168 -1.9753737e-06)
(3.002233e-07 -0.0021631175 -1.9838524e-06)
(-3.2452115e-06 -0.0021535236 -1.9696678e-06)
(-1.3700575e-06 0.00053558407 2.2214211e-06)
(-8.0637215e-07 0.00054631977 2.234546e-06)
(-1.9896574e-07 0.00053708934 2.22544e-06)
(1.3193366e-08 0.00054551492 2.2337952e-06)
(-3.3579542e-07 0.00054169195 2.2299227e-06)
(3.3575775e-07 0.00054169195 2.2299225e-06)
(-1.3209221e-08 0.00054551493 2.2337952e-06)
(1.9896636e-07 0.00053708934 2.22544e-06)
(8.0638542e-07 0.00054631978 2.2345459e-06)
(1.3700627e-06 0.00053558407 2.2214207e-06)
(4.0764099e-06 -0.0025566296 -2.4904685e-06)
(-1.5180116e-07 -0.0025687105 -2.5073842e-06)
(-3.9327984e-07 -0.0025608433 -2.4975648e-06)
(1.2244636e-06 -0.0025679652 -2.5065693e-06)
(-1.3639204e-06 -0.0025645954 -2.5023853e-06)
(1.3638844e-06 -0.0025645954 -2.5023855e-06)
(-1.2244792e-06 -0.0025679652 -2.5065692e-06)
(3.9328053e-07 -0.0025608433 -2.4975651e-06)
(1.5181574e-07 -0.0025687104 -2.5073842e-06)
(-4.076406e-06 -0.0025566296 -2.4904685e-06)
(-2.0937126e-06 0.00098011029 2.7780728e-06)
(-8.6751968e-07 0.00099369921 2.7937886e-06)
(-1.6313448e-07 0.00098238041 2.7833486e-06)
(-1.7105737e-07 0.00099262458 2.7929053e-06)
(-1.7205255e-07 0.0009879514 2.788461e-06)
(1.7201509e-07 0.0009879514 2.7884606e-06)
(1.7104163e-07 0.00099262459 2.7929053e-06)
(1.6313513e-07 0.00098238041 2.7833483e-06)
(8.6753268e-07 0.00099369922 2.7937881e-06)
(2.093718e-06 0.0009801103 2.7780724e-06)
(5.0923793e-06 -0.0030448423 -3.0822541e-06)
(2.8057105e-08 -0.0030598025 -3.1021091e-06)
(-4.4392408e-07 -0.0030499204 -3.0909808e-06)
(1.4902668e-06 -0.0030588359 -3.1011684e-06)
(-1.5873229e-06 -0.0030546257 -3.0964194e-06)
(1.5872875e-06 -0.0030546257 -3.0964196e-06)
(-1.4902824e-06 -0.0030588358 -3.1011678e-06)
(4.4392477e-07 -0.0030499203 -3.0909805e-06)
(-2.804245e-08 -0.0030598025 -3.102109e-06)
(-5.0923755e-06 -0.0030448423 -3.082254e-06)
(-3.0031315e-06 0.0015137419 3.4052145e-06)
(-9.6147863e-07 0.0015306112 3.4237182e-06)
(-1.1476473e-07 0.0015169429 3.4119846e-06)
(-4.1128976e-07 0.0015292092 3.4227061e-06)
(4.0804705e-08 0.0015235872 3.417703e-06)
(-4.0842065e-08 0.0015235872 3.4177028e-06)
(4.1127411e-07 0.0015292092 3.422706e-06)
(1.1476554e-07 0.0015169429 3.4119845e-06)
(9.6149144e-07 0.0015306113 3.423718e-06)
(3.0031369e-06 0.0015137419 3.405214e-06)
(6.3221837e-06 -0.0036261023 -3.7438522e-06)
(2.4661503e-07 -0.0036443561 -3.7668541e-06)
(-5.1245915e-07 -0.003632208 -3.754473e-06)
(1.821306e-06 -0.0036431167 -3.7657961e-06)
(-1.8677521e-06 -0.0036379702 -3.7605021e-06)
(1.8677172e-06 -0.0036379702 -3.7605019e-06)
(-1.8213216e-06 -0.0036431167 -3.7657963e-06)
(5.1246003e-07 -0.003632208 -3.7544733e-06)
(-2.4660035e-07 -0.0036443561 -3.7668545e-06)
(-6.3221801e-06 -0.0036261023 -3.7438523e-06)
(-4.1273175e-06 0.0021442541 4.1013915e-06)
(-1.0954612e-06 0.0021648562 4.1228829e-06)
(-5.0259467e-08 0.0021485736 4.109917e-06)
(-7.174656e-07 0.0021630604 4.121752e-06)
(3.1172962e-07 0.0021563928 4.116211e-06)
(-3.1176685e-07 0.0021563929 4.1162111e-06)
(7.1745028e-07 0.0021630604 4.1217523e-06)
(5.0260226e-08 0.0021485736 4.1099175e-06)
(1.0954739e-06 0.0021648562 4.1228832e-06)
(4.1273229e-06 0.0021442541 4.1013913e-06)
(7.7981833e-06 -0.0043080269 -4.4735716e-06)
(5.1227952e-07 -0.004330013 -4.4999326e-06)
(-6.0352836e-07 -0.004315345 -4.4863786e-06)
(2.2281433e-06 -0.0043284413 -4.4987746e-06)
(-2.2147964e-06 -0.0043222644 -4.4929619e-06)
(2.2147621e-06 -0.0043222644 -4.492962e-06)
(-2.2281589e-06 -0.0043284413 -4.4987753e-06)
(6.0352935e-07 -0.004315345 -4.4863793e-06)
(-5.1226483e-07 -0.004330013 -4.4999328e-06)
(-7.7981799e-06 -0.0043080269 -4.473572e-06)
(-5.4985686e-06 0.002879111 4.8647156e-06)
(-1.2778052e-06 0.0029039255 4.8894022e-06)
(3.4755458e-08 0.0028847599 4.8752845e-06)
(-1.1003653e-06 0.0029016599 4.8881703e-06)
(6.504669e-07 0.0028938525 4.8821164e-06)
(-6.5050397e-07 0.0028938525 4.8821162e-06)
(1.1003503e-06 0.0029016599 4.8881698e-06)
(-3.475471e-08 0.0028847599 4.8752843e-06)
(1.277817e-06 0.0029039255 4.8894029e-06)
(5.4985749e-06 0.002879111 4.8647159e-06)
(9.556441e-06 -0.0050979357 -5.2693514e-06)
(8.3476837e-07 -0.0051241198 -5.2992911e-06)
(-7.2272846e-07 -0.0051066736 -5.2846673e-06)
(2.72217e-06 -0.0051221471 -5.2980642e-06)
(-2.6388383e-06 -0.0051148473 -5.2917591e-06)
(2.6388046e-06 -0.0051148474 -5.2917591e-06)
(-2.7221855e-06 -0.0051221471 -5.2980641e-06)
(7.2272952e-07 -0.0051066736 -5.2846671e-06)
(-8.347536e-07 -0.0051241198 -5.299291e-06)
(-9.5564378e-06 -0.0050979357 -5.2693515e-06)
(-7.1528735e-06 0.0037254922 5.6929758e-06)
(-1.5181044e-06 0.0037550304 5.7210761e-06)
(1.4558091e-07 0.0037327065 5.7059015e-06)
(-1.5716131e-06 0.003752208 5.7197669e-06)
(1.0675869e-06 0.0037431666 5.7132319e-06)
(-1.0676239e-06 0.0037431666 5.713232e-06)
(1.5715986e-06 0.003752208 5.719767e-06)
(-1.4558016e-07 0.0037327065 5.7059014e-06)
(1.5181167e-06 0.0037550304 5.7210766e-06)
(7.1528793e-06 0.0037254922 5.6929763e-06)
(1.1637188e-05 -0.006002878 -6.1288382e-06)
(1.2252449e-06 -0.0060337567 -6.1626027e-06)
(-8.7676423e-07 -0.0060132679 -6.1470011e-06)
(3.3156067e-06 -0.0060313031 -6.161333e-06)
(-3.1511935e-06 -0.0060227903 -6.154567e-06)
(3.1511605e-06 -0.0060227903 -6.1545669e-06)
(-3.3156223e-06 -0.0060313031 -6.1613327e-06)
(8.7676529e-07 -0.0060132679 -6.147001e-06)
(-1.2252299e-06 -0.0060337567 -6.1626032e-06)
(-1.1637186e-05 -0.006002878 -6.1288387e-06)
(-9.1303385e-06 0.004690321 6.5836866e-06)
(-1.8273569e-06 0.0047251316 6.6154301e-06)
(2.886322e-07 0.0046993627 6.5993151e-06)
(-2.1437155e-06 0.0047216505 6.6140804e-06)
(1.5745152e-06 0.0047112832 6.6070994e-06)
(-1.574552e-06 0.0047112832 6.6070996e-06)
(2.1437016e-06 0.0047216505 6.6140803e-06)
(-2.8863145e-07 0.0046993628 6.5993152e-06)
(1.8273691e-06 0.0047251316 6.6154307e-06)
(9.1303443e-06 0.004690321 6.5836869e-06)
(1.4085377e-05 -0.007029661 -7.049414e-06)
(1.6964475e-06 -0.0070657663 -7.0872579e-06)
(-1.0737703e-06 -0.0070419623 -7.0708042e-06)
(4.021641e-06 -0.007062739 -7.0859903e-06)
(-3.7640581e-06 -0.0070529245 -7.0787996e-06)
(3.764026e-06 -0.0070529245 -7.0787996e-06)
(-4.0216569e-06 -0.007062739 -7.0859902e-06)
(1.0737713e-06 -0.0070419623 -7.0708039e-06)
(-1.6964322e-06 -0.0070657663 -7.0872582e-06)
(-1.4085374e-05 -0.007029661 -7.0494143e-06)
(-1.1475668e-05 0.0057802918 7.5341097e-06)
(-2.2181511e-06 0.0058209642 7.5697431e-06)
(4.7165336e-07 0.0057914533 7.5528204e-06)
(-2.8300911e-06 0.0058167069 7.5684001e-06)
(2.1835713e-06 0.0058049236 7.5610118e-06)
(-2.1836076e-06 0.0058049236 7.5610118e-06)
(2.8300777e-06 0.0058167069 7.5684e-06)
(-4.7165261e-07 0.0057914533 7.5528209e-06)
(2.218164e-06 0.0058209642 7.5697437e-06)
(1.1475673e-05 0.0057802918 7.5341096e-06)
(1.6951179e-05 -0.0081848758 -8.0282275e-06)
(2.2629898e-06 -0.0082267803 -8.070423e-06)
(-1.3234922e-06 -0.0081993778 -8.0532631e-06)
(4.8543835e-06 -0.0082230714 -8.0692167e-06)
(-4.4905602e-06 -0.0082118684 -8.0616408e-06)
(4.490529e-06 -0.0082118684 -8.061641e-06)
(-4.8543998e-06 -0.0082230714 -8.0692165e-06)
(1.3234932e-06 -0.0081993778 -8.0532633e-06)
(-2.2629757e-06 -0.0082267803 -8.0704236e-06)
(-1.6951176e-05 -0.0081848758 -8.028228e-06)
(-1.423875e-05 0.007001895 8.5412985e-06)
(-2.7048825e-06 0.0070490664 8.5810887e-06)
(7.0398046e-07 0.0070155024 8.5635061e-06)
(-3.6451087e-06 0.0070438973 8.5798124e-06)
(2.9080136e-06 0.0070306093 8.5720573e-06)
(-2.9080496e-06 0.0070306093 8.5720575e-06)
(3.6450959e-06 0.0070438973 8.5798123e-06)
(-7.0397956e-07 0.0070155024 8.5635064e-06)
(2.704894e-06 0.0070490664 8.5810893e-06)
(1.4238756e-05 0.007001895 8.5412986e-06)
(2.0290694e-05 -0.009474923 -9.0622435e-06)
(2.9416237e-06 -0.0095232469 -9.1090845e-06)
(-1.6376061e-06 -0.009491948 -9.0913821e-06)
(5.8289144e-06 -0.0095187303 -9.1080141e-06)
(-5.3448073e-06 -0.0095060532 -9.1000951e-06)
(5.3447768e-06 -0.0095060532 -9.1000956e-06)
(-5.8289313e-06 -0.0095187303 -9.1080145e-06)
(1.6376072e-06 -0.009491948 -9.0913829e-06)
(-2.9416098e-06 -0.0095232469 -9.1090846e-06)
(-2.0290691e-05 -0.0094749229 -9.0622435e-06)
(-1.7475351e-05 0.0083614428 9.6021394e-06)
(-3.3040164e-06 0.0084158053 9.6463763e-06)
(9.9685928e-07 0.0083778591 9.6283004e-06)
(-4.6041311e-06 0.0084095671 9.6452431e-06)
(3.762092e-06 0.0083946872 9.6371624e-06)
(-3.7621275e-06 0.0083946872 9.6371626e-06)
(4.6041194e-06 0.0084095671 9.6452421e-06)
(-9.9685833e-07 0.0083778591 9.6282997e-06)
(3.3040279e-06 0.0084158053 9.6463767e-06)
(1.7475358e-05 0.0083614427 9.6021397e-06)
(2.4166755e-05 -0.010906035 -1.0148258e-05)
(3.7515635e-06 -0.010961454 -1.0200063e-05)
(-2.0300974e-06 -0.010925943 -1.0182005e-05)
(6.9613311e-06 -0.010955983 -1.0199224e-05)
(-6.3419373e-06 -0.010941747 -1.0191004e-05)
(6.3419078e-06 -0.010941747 -1.0191004e-05)
(-6.9613486e-06 -0.010955983 -1.0199224e-05)
(2.0300983e-06 -0.010925943 -1.0182005e-05)
(-3.7515483e-06 -0.010961454 -1.0200063e-05)
(-2.4166753e-05 -0.010906035 -1.0148258e-05)
(-2.1247907e-05 0.0098650903 1.0713322e-05)
(-4.0344057e-06 0.0099274002 1.0762321e-05)
(1.3638266e-06 0.0098847205 1.0743934e-05)
(-5.72356e-06 0.0099199104 1.0761422e-05)
(4.7611049e-06 0.0099033522 1.075306e-05)
(-4.7611399e-06 0.0099033522 1.075306e-05)
(5.7235496e-06 0.0099199104 1.0761422e-05)
(-1.3638257e-06 0.0098847205 1.0743934e-05)
(4.0344174e-06 0.0099274002 1.0762321e-05)
(2.1247913e-05 0.0098650903 1.0713321e-05)
(2.8649837e-05 -0.012484301 -1.1282806e-05)
(4.7148819e-06 -0.012547555 -1.1339923e-05)
(-2.5177168e-06 -0.012507491 -1.1321714e-05)
(8.2687989e-06 -0.012540956 -1.133943e-05)
(-7.4981733e-06 -0.012525076 -1.1330952e-05)
(7.4981446e-06 -0.012525076 -1.1330953e-05)
(-8.2688169e-06 -0.012540956 -1.133943e-05)
(2.5177177e-06 -0.012507491 -1.1321715e-05)
(-4.714867e-06 -0.012547555 -1.1339923e-05)
(-2.8649835e-05 -0.012484301 -1.1282806e-05)
(-2.5626411e-05 0.011518859 1.1871192e-05)
(-4.9176824e-06 0.011589946 1.1925299e-05)
(1.8211704e-06 0.011542154 1.1906804e-05)
(-7.0208859e-06 0.011580993 1.192475e-05)
(5.9214663e-06 0.011562671 1.1916149e-05)
(-5.9215005e-06 0.011562671 1.1916149e-05)
(7.0208769e-06 0.011580993 1.192475e-05)
(-1.8211694e-06 0.011542154 1.1906804e-05)
(4.9176939e-06 0.011589946 1.1925299e-05)
(2.5626417e-05 0.011518858 1.1871191e-05)
(3.3819131e-05 -0.014215685 -1.2462009e-05)
(5.8569949e-06 -0.014287588 -1.2524815e-05)
(-3.1205305e-06 -0.014242605 -1.2506687e-05)
(9.769606e-06 -0.01427966 -1.2524811e-05)
(-8.8308805e-06 -0.014262052 -1.2516119e-05)
(8.8308528e-06 -0.014262052 -1.2516119e-05)
(-9.7696249e-06 -0.01427966 -1.2524811e-05)
(3.1205313e-06 -0.014242605 -1.2506687e-05)
(-5.85698e-06 -0.014287588 -1.2524815e-05)
(-3.381913e-05 -0.014215685 -1.2462009e-05)
(-3.0689521e-05 0.013328655 1.3071643e-05)
(-5.9787354e-06 0.013409438 1.3131232e-05)
(2.3884821e-06 0.013356121 1.3112856e-05)
(-8.5147413e-06 0.013398773 1.3131174e-05)
(7.2607791e-06 0.013378602 1.3122375e-05)
(-7.2608123e-06 0.013378602 1.3122376e-05)
(8.5147339e-06 0.013398773 1.3131174e-05)
(-2.388481e-06 0.013356121 1.3112856e-05)
(5.9787467e-06 0.013409438 1.3131232e-05)
(3.0689528e-05 0.013328655 1.3071642e-05)
(3.9763887e-05 -0.016106047 -1.3681515e-05)
(7.2072558e-06 -0.016187503 -1.3750421e-05)
(-3.8625853e-06 -0.016137197 -1.373263e-05)
(1.1483221e-05 -0.016178008 -1.375108e-05)
(-1.0358626e-05 -0.016158587 -1.3742213e-05)
(1.0358599e-05 -0.016158587 -1.3742214e-05)
(-1.1483241e-05 -0.016178008 -1.375108e-05)
(3.862586e-06 -0.016137197 -1.3732629e-05)
(-7.207241e-06 -0.016187503 -1.375042e-05)
(-3.9763887e-05 -0.016106047 -1.3681515e-05)
(-3.6525932e-05 0.015300293 1.4310077e-05)
(-7.2462995e-06 0.01539179 1.4375557e-05)
(3.0893237e-06 0.015332493 1.4357552e-05)
(-1.0224958e-05 0.015379124 1.4376161e-05)
(8.7979156e-06 0.015357018 1.4367204e-05)
(-8.7979478e-06 0.015357018 1.4367205e-05)
(1.0224952e-05 0.015379124 1.4376161e-05)
(-3.0893227e-06 0.015332493 1.4357552e-05)
(7.2463105e-06 0.015391789 1.4375555e-05)
(3.6525938e-05 0.015300293 1.4310076e-05)
(4.6585069e-05 -0.018161168 -1.4936476e-05)
(8.799691e-06 -0.01825318 -1.5011926e-05)
(-4.772713e-06 -0.018197106 -1.499476e-05)
(1.3430353e-05 -0.01824184 -1.5013459e-05)
(-1.2101243e-05 -0.018220519 -1.5004456e-05)
(1.2101217e-05 -0.018220519 -1.5004457e-05)
(-1.3430375e-05 -0.01824184 -1.5013459e-05)
(4.7727135e-06 -0.018197106 -1.499476e-05)
(-8.7996763e-06 -0.01825318 -1.5011925e-05)
(-4.6585068e-05 -0.018161167 -1.4936476e-05)
(-4.3236077e-05 0.017439514 1.5581454e-05)
(-8.7536812e-06 0.017542858 1.565327e-05)
(3.9520337e-06 0.017477082 1.5635918e-05)
(-1.2172631e-05 0.017527855 1.5654746e-05)
(1.0553102e-05 0.017503729 1.5645666e-05)
(-1.0553133e-05 0.017503729 1.5645667e-05)
(1.2172627e-05 0.017527855 1.5654745e-05)
(-3.9520326e-06 0.017477082 1.5635918e-05)
(8.7536915e-06 0.017542858 1.565327e-05)
(4.3236084e-05 0.017439514 1.5581453e-05)
(5.4397456e-05 -0.02038676 -1.622177e-05)
(1.0673905e-05 -0.020490452 -1.6304249e-05)
(-5.885504e-06 -0.020428114 -1.6288028e-05)
(1.5633007e-05 -0.020476939 -1.6306911e-05)
(-1.4079892e-05 -0.02045363 -1.6297806e-05)
(1.4079867e-05 -0.02045363 -1.6297807e-05)
(-1.563303e-05 -0.020476939 -1.6306912e-05)
(5.8855043e-06 -0.020428114 -1.6288029e-05)
(-1.067389e-05 -0.020490452 -1.6304249e-05)
(-5.4397455e-05 -0.02038676 -1.6221769e-05)
(-5.0934364e-05 0.019752003 1.6880712e-05)
(-1.0539652e-05 0.019868466 1.6959353e-05)
(5.0106973e-06 0.019795649 1.6942963e-05)
(-1.4380186e-05 0.019850728 1.6961949e-05)
(1.2548006e-05 0.019824497 1.6952779e-05)
(-1.2548036e-05 0.019824497 1.695278e-05)
(1.4380185e-05 0.019850728 1.696195e-05)
(-5.0106962e-06 0.019795649 1.6942964e-05)
(1.0539662e-05 0.019868466 1.6959352e-05)
(5.0934371e-05 0.019752002 1.6880712e-05)
(6.3332304e-05 -0.022788495 -1.7532469e-05)
(1.28762e-05 -0.022905128 -1.7622511e-05)
(-7.2424865e-06 -0.022835971 -1.7607595e-05)
(1.8114535e-05 -0.022889057 -1.7626613e-05)
(-1.6317128e-05 -0.022863669 -1.761743e-05)
(1.6317104e-05 -0.022863669 -1.7617431e-05)
(-1.811456e-05 -0.022889057 -1.7626614e-05)
(7.2424869e-06 -0.022835971 -1.7607596e-05)
(-1.2876185e-05 -0.022905128 -1.7622511e-05)
(-6.3332304e-05 -0.022788495 -1.7532469e-05)
(-5.9751802e-05 0.022243409 1.8203116e-05)
(-1.2649558e-05 0.022374422 1.8289121e-05)
(6.3063254e-06 0.022293936 1.8274042e-05)
(-1.6871461e-05 0.022353484 1.8293142e-05)
(1.4805827e-05 0.022325062 1.8283903e-05)
(-1.4805856e-05 0.022325062 1.8283905e-05)
(1.6871463e-05 0.022353484 1.8293143e-05)
(-6.3063245e-06 0.022293936 1.8274043e-05)
(1.2649567e-05 0.022374422 1.828912e-05)
(5.9751809e-05 0.022243409 1.8203115e-05)
(7.3540346e-05 -0.025372016 -1.8864037e-05)
(1.546095e-05 -0.025503013 -1.8962227e-05)
(-8.8935552e-06 -0.02542641 -1.8949021e-05)
(2.0899682e-05 -0.025483929 -1.8968143e-05)
(-1.8836964e-05 -0.025456371 -1.8958898e-05)
(1.8836941e-05 -0.025456371 -1.89589e-05)
(-2.0899707e-05 -0.025483929 -1.8968144e-05)
(8.8935557e-06 -0.02542641 -1.8949022e-05)
(-1.5460935e-05 -0.025503013 -1.8962227e-05)
(-7.3540346e-05 -0.025372016 -1.8864036e-05)
(-6.9838993e-05 0.024919365 1.9544342e-05)
(-1.5136678e-05 0.025066542 1.9638312e-05)
(7.8882777e-06 0.024977678 1.9624934e-05)
(-1.9671778e-05 0.025041858 1.9644123e-05)
(1.7351381e-05 0.02501116 1.9634829e-05)
(-1.7351409e-05 0.02501116 1.9634831e-05)
(1.9671783e-05 0.025041858 1.9644124e-05)
(-7.8882775e-06 0.024977678 1.9624935e-05)
(1.5136686e-05 0.025066542 1.9638311e-05)
(6.9838999e-05 0.024919365 1.9544341e-05)
(8.5195317e-05 -0.02814296 -2.0212334e-05)
(1.8492302e-05 -0.028289933 -2.0319324e-05)
(-1.0898707e-05 -0.028205172 -2.0308281e-05)
(2.4014605e-05 -0.0282673 -2.0327505e-05)
(-2.1664931e-05 -0.028237477 -2.0318203e-05)
(2.166491e-05 -0.028237477 -2.0318205e-05)
(-2.4014632e-05 -0.028267299 -2.0327505e-05)
(1.0898708e-05 -0.028205172 -2.0308283e-05)
(-1.8492286e-05 -0.028289933 -2.0319323e-05)
(-8.5195318e-05 -0.02814296 -2.0212333e-05)
(-8.1369672e-05 0.027785506 2.0900405e-05)
(-1.8063917e-05 0.027950676 2.1003009e-05)
(9.8159943e-06 0.027852631 2.099177e-05)
(-2.2808028e-05 0.027921603 2.1011052e-05)
(2.021118e-05 0.027888544 2.1001704e-05)
(-2.0211207e-05 0.027888544 2.1001706e-05)
(2.2808035e-05 0.027921603 2.1011053e-05)
(-9.815995e-06 0.027852631 2.0991771e-05)
(1.8063923e-05 0.027950675 2.1003009e-05)
(8.1369678e-05 0.027785506 2.0900404e-05)
(9.8498114e-05 -0.031106974 -2.157346e-05)
(2.204625e-05 -0.031271755 -2.1689972e-05)
(-1.3330153e-05 -0.031178025 -2.1681607e-05)
(2.7486883e-05 -0.031244939 -2.1700961e-05)
(-2.4828129e-05 -0.031212756 -2.169159e-05)
(2.482811e-05 -0.031212756 -2.1691593e-05)
(-2.7486911e-05 -0.031244939 -2.1700962e-05)
(1.3330155e-05 -0.031178025 -2.1681608e-05)
(-2.2046233e-05 -0.031271755 -2.1689972e-05)
(-9.8498115e-05 -0.031106974 -2.1573459e-05)
(-9.4544926e-05 0.030847483 2.2267464e-05)
(-2.1505877e-05 0.031032726 2.2379452e-05)
(1.2161102e-05 0.030924588 2.2370845e-05)
(-2.6308722e-05 0.030998509 2.2390257e-05)
(2.3413513e-05 0.030963003 2.2380837e-05)
(-2.341354e-05 0.030963003 2.2380841e-05)
(2.6308731e-05 0.030998509 2.2390257e-05)
(-1.2161104e-05 0.030924588 2.2370846e-05)
(2.1505881e-05 0.031032726 2.2379451e-05)
(9.4544931e-05 0.030847483 2.2267463e-05)
(0.00011368188 -0.034269732 -2.2943651e-05)
(2.6213195e-05 -0.034454411 -2.3070489e-05)
(-1.6274904e-05 -0.034350786 -2.3065387e-05)
(3.1345469e-05 -0.034422665 -2.3084946e-05)
(-2.8355258e-05 -0.034388024 -2.307547e-05)
(2.8355242e-05 -0.034388024 -2.3075475e-05)
(-3.1345497e-05 -0.034422665 -2.3084946e-05)
(1.6274907e-05 -0.034350786 -2.3065388e-05)
(-2.6213177e-05 -0.034454411 -2.3070489e-05)
(-0.00011368188 -0.034269732 -2.294365e-05)
(-0.00010959848 0.034110984 2.3641935e-05)
(-2.5551418e-05 0.034318675 2.3764147e-05)
(1.5009992e-05 0.034199398 2.3758732e-05)
(-3.0204022e-05 0.034278419 2.3778354e-05)
(2.6988508e-05 0.034240382 2.3768826e-05)
(-2.6988535e-05 0.034240383 2.3768831e-05)
(3.0204032e-05 0.034278419 2.3778354e-05)
(-1.5009996e-05 0.034199398 2.3758733e-05)
(2.555142e-05 0.034318675 2.3764146e-05)
(0.00010959848 0.034110984 2.3641932e-05)
(0.00013101831 -0.037636954 -2.4319531e-05)
(3.1101065e-05 -0.037843923 -2.445759e-05)
(-1.9837938e-05 -0.037729339 -2.4456417e-05)
(3.5620594e-05 -0.037806361 -2.4476309e-05)
(-3.2276622e-05 -0.037769164 -2.446667e-05)
(3.227661e-05 -0.037769164 -2.4466676e-05)
(-3.5620622e-05 -0.037806361 -2.4476309e-05)
(1.9837944e-05 -0.037729339 -2.4456419e-05)
(-3.1101045e-05 -0.037843923 -2.445759e-05)
(-0.00013101831 -0.037636954 -2.4319529e-05)
(-0.00012680339 0.037581749 2.5020576e-05)
(-3.0307006e-05 0.037814604 2.5154044e-05)
(1.846711e-05 0.037682993 2.5152404e-05)
(-3.4525854e-05 0.037767253 2.5172393e-05)
(3.0968315e-05 0.037726607 2.5162683e-05)
(-3.0968343e-05 0.037726607 2.516269e-05)
(3.4525864e-05 0.037767253 2.5172393e-05)
(-1.8467117e-05 0.037682993 2.5152405e-05)
(3.0307004e-05 0.037814604 2.5154044e-05)
(0.00012680339 0.037581749 2.5020573e-05)
(0.00015087552 -0.0412144 -2.5708566e-05)
(3.6853501e-05 -0.041446405 -2.5861265e-05)
(-2.4152527e-05 -0.041319638 -2.5863256e-05)
(4.0360386e-05 -0.041401976 -2.5884276e-05)
(-3.6638836e-05 -0.041362126 -2.5874094e-05)
(3.663883e-05 -0.041362126 -2.5874103e-05)
(-4.0360412e-05 -0.041401976 -2.5884276e-05)
(2.4152536e-05 -0.041319638 -2.5863258e-05)
(-3.6853479e-05 -0.041446405 -2.5861264e-05)
(-0.00015087552 -0.0412144 -2.5708562e-05)
(-0.00014624652 0.041265491 2.6410472e-05)
(-3.5815739e-05 0.041526635 2.6558414e-05)
(2.2552723e-05 0.041381312 2.655985e-05)
(-3.9286781e-05 0.041470934 2.6580982e-05)
(3.5367158e-05 0.041427603 2.6570718e-05)
(-3.5367189e-05 0.041427603 2.6570728e-05)
(3.928679e-05 0.041470934 2.6580982e-05)
(-2.2552734e-05 0.041381312 2.6559853e-05)
(3.5815733e-05 0.041526635 2.6558413e-05)
(0.00014624652 0.041265491 2.6410468e-05)
(0.00017329469 -0.045007744 -2.7099223e-05)
(4.3505661e-05 -0.045267863 -2.7263463e-05)
(-2.9248726e-05 -0.045127542 -2.7272208e-05)
(4.5542571e-05 -0.045215368 -2.729363e-05)
(-4.1426369e-05 -0.045172764 -2.7283251e-05)
(4.142637e-05 -0.045172765 -2.7283262e-05)
(-4.5542593e-05 -0.045215368 -2.7293631e-05)
(2.9248739e-05 -0.045127542 -2.7272212e-05)
(-4.3505635e-05 -0.045267863 -2.7263462e-05)
(-0.00017329469 -0.045007744 -2.7099217e-05)
(-0.00016871706 0.045167907 2.779879e-05)
(-4.2367733e-05 0.045460844 2.7957992e-05)
(2.7597919e-05 0.045300266 2.7966392e-05)
(-4.4564802e-05 0.045395359 2.7987736e-05)
(4.0262177e-05 0.045349273 2.7977375e-05)
(-4.0262212e-05 0.045349273 2.7977387e-05)
(4.4564808e-05 0.045395359 2.7987737e-05)
(-2.7597934e-05 0.045300266 2.7966396e-05)
(4.2367724e-05 0.045460844 2.795799e-05)
(0.00016871706 0.045167907 2.7798785e-05)
(0.00019913173 -0.049023207 -2.8482527e-05)
(5.1393723e-05 -0.049314921 -2.8662209e-05)
(-3.5498608e-05 -0.049159554 -2.8676575e-05)
(5.1252762e-05 -0.049252951 -2.8699819e-05)
(-4.6721828e-05 -0.04920754 -2.8688572e-05)
(4.6721838e-05 -0.04920754 -2.8688587e-05)
(-5.1252778e-05 -0.049252951 -2.8699821e-05)
(3.5498626e-05 -0.049159554 -2.867658e-05)
(-5.1393695e-05 -0.049314921 -2.8662206e-05)
(-0.00019913173 -0.049023207 -2.848252e-05)
(-0.0001943844 0.049295341 2.9015432e-05)
(-5.0116783e-05 0.049624036 2.9162602e-05)
(3.3691007e-05 0.049446522 2.9200158e-05)
(-5.0372998e-05 0.049547087 2.9208069e-05)
(4.5668295e-05 0.04949823 2.9203993e-05)
(-4.5668336e-05 0.04949823 2.920401e-05)
(5.0372999e-05 0.049547087 2.9208071e-05)
(-3.3691028e-05 0.049446522 2.9200163e-05)
(5.0116769e-05 0.049624036 2.9162599e-05)
(0.0001943844 0.049295341 2.9015425e-05)
(0.00022868361 -0.053218494 -2.9710451e-05)
(6.0720358e-05 -0.053549462 -2.9877262e-05)
(-4.3024707e-05 -0.053374107 -2.9924212e-05)
(5.7511365e-05 -0.05347508 -2.9933576e-05)
(-5.2547988e-05 -0.053425895 -2.9928831e-05)
(5.254801e-05 -0.053425895 -2.9928851e-05)
(-5.7511371e-05 -0.05347508 -2.9933579e-05)
(4.3024731e-05 -0.053374107 -2.9924218e-05)
(-6.0720326e-05 -0.053549462 -2.987726e-05)
(-0.00022868361 -0.053218494 -2.9710443e-05)
(-0.00022418181 0.053604878 3.0248657e-05)
(-5.929422e-05 0.053977607 3.045479e-05)
(4.1222775e-05 0.053777948 3.0462317e-05)
(-5.6821021e-05 0.053885915 3.0495731e-05)
(5.169033e-05 0.053833356 3.0479634e-05)
(-5.1690381e-05 0.053833356 3.0479655e-05)
(5.6821013e-05 0.053885915 3.0495733e-05)
(-4.1222803e-05 0.053777948 3.0462324e-05)
(5.9294201e-05 0.053977607 3.0454787e-05)
(0.00022418181 0.053604878 3.0248647e-05)
(0.00026295907 -0.057671633 -3.0916691e-05)
(7.1769454e-05 -0.058046763 -3.1141187e-05)
(-5.2275325e-05 -0.057849298 -3.1161768e-05)
(6.4425603e-05 -0.057957821 -3.1195851e-05)
(-5.9007538e-05 -0.057904855 -3.117945e-05)
(5.9007575e-05 -0.057904855 -3.1179474e-05)
(-6.4425596e-05 -0.057957821 -3.1195854e-05)
(5.2275355e-05 -0.057849298 -3.1161774e-05)
(-7.1769418e-05 -0.058046763 -3.1141183e-05)
(-0.00026295907 -0.057671633 -3.0916679e-05)
(-0.00025880526 0.058175396 3.1734977e-05)
(-7.0181468e-05 0.058597726 3.1961888e-05)
(5.0413044e-05 0.058373547 3.1976479e-05)
(-6.3945525e-05 0.058488764 3.2013108e-05)
(5.8367826e-05 0.058432557 3.1995495e-05)
(-5.836789e-05 0.058432558 3.1995521e-05)
(6.3945502e-05 0.058488764 3.2013112e-05)
(-5.0413079e-05 0.058373548 3.1976486e-05)
(7.0181444e-05 0.058597726 3.1961884e-05)
(0.00025880526 0.058175396 3.1734965e-05)
(0.00030279449 -0.062380511 -3.2352835e-05)
(8.4884847e-05 -0.062805511 -3.260111e-05)
(-6.3544138e-05 -0.062583486 -3.2628923e-05)
(7.202969e-05 -0.06269943 -3.2668264e-05)
(-6.6138024e-05 -0.062642727 -3.2649365e-05)
(6.6138079e-05 -0.062642727 -3.2649394e-05)
(-7.2029665e-05 -0.06269943 -3.2668268e-05)
(6.3544175e-05 -0.062583486 -3.2628931e-05)
(-8.4884807e-05 -0.062805511 -3.2601105e-05)
(-0.00030279449 -0.062380512 -3.2352822e-05)
(-0.00029894045 0.063005029 3.3214737e-05)
(-8.3136935e-05 0.063483435 3.34595e-05)
(6.1634097e-05 0.063232003 3.3486944e-05)
(-7.178795e-05 0.063354172 3.3525217e-05)
(6.5743373e-05 0.063294445 3.3506785e-05)
(-6.5743455e-05 0.063294445 3.3506817e-05)
(7.178791e-05 0.063354172 3.3525221e-05)
(-6.1634141e-05 0.063232003 3.3486952e-05)
(8.3136907e-05 0.063483435 3.3459495e-05)
(0.00029894044 0.06300503 3.3214723e-05)
(0.00034900672 -0.067354504 -3.3803222e-05)
(0.00010049732 -0.067835756 -3.4071956e-05)
(-7.7267671e-05 -0.06758657 -3.4113692e-05)
(8.0351799e-05 -0.06770955 -3.4156583e-05)
(-7.396969e-05 -0.067649282 -3.4135957e-05)
(7.3969768e-05 -0.067649282 -3.4135991e-05)
(-8.0351752e-05 -0.06770955 -3.4156587e-05)
(7.7267718e-05 -0.06758657 -3.41137e-05)
(-0.00010049728 -0.067835756 -3.407195e-05)
(-0.00034900671 -0.067354504 -3.3803207e-05)
(-0.00034542112 0.068102902 3.4631235e-05)
(-9.856574e-05 0.06864466 3.4892085e-05)
(7.5290198e-05 0.068363059 3.4937562e-05)
(-8.0372573e-05 0.068491575 3.497679e-05)
(7.3846116e-05 0.068428608 3.4957852e-05)
(-7.3846215e-05 0.068428608 3.4957888e-05)
(8.0372511e-05 0.068491576 3.4976794e-05)
(-7.5290252e-05 0.06836306 3.4937571e-05)
(9.8565707e-05 0.06864466 3.4892079e-05)
(0.00034542111 0.068102902 3.4631218e-05)
(0.00040259474 -0.072589992 -3.5191883e-05)
(0.00011911112 -0.073134866 -3.5478552e-05)
(-9.3945039e-05 -0.072855574 -3.5540246e-05)
(8.9406242e-05 -0.072984996 -3.5586331e-05)
(-8.2521956e-05 -0.072921441 -3.5564115e-05)
(8.2522056e-05 -0.072921442 -3.5564151e-05)
(-8.9406167e-05 -0.072984996 -3.5586336e-05)
(9.3945096e-05 -0.072855574 -3.5540256e-05)
(-0.00011911107 -0.073134866 -3.5478546e-05)
(-0.00040259473 -0.072589992 -3.5191867e-05)
(-0.00039941353 0.073465578 3.6177383e-05)
(-0.00011698456 0.074079094 3.6455205e-05)
(9.1893303e-05 0.073764008 3.6523238e-05)
(-8.971823e-05 0.073898041 3.6563699e-05)
(8.2697479e-05 0.073832228 3.654412e-05)
(-8.2697596e-05 0.073832228 3.6544159e-05)
(8.9718142e-05 0.073898041 3.6563705e-05)
(-9.1893369e-05 0.073764008 3.6523249e-05)
(0.00011698452 0.074079094 3.6455198e-05)
(0.00039941352 0.073465579 3.6177366e-05)
(0.00046202019 -0.07808975 -3.0953642e-05)
(0.00014135373 -0.078706274 -3.122481e-05)
(-0.0001141959 -0.078394003 -3.131951e-05)
(9.9196685e-05 -0.078528713 -3.1365923e-05)
(-9.1802081e-05 -0.078462428 -3.1343525e-05)
(9.1802204e-05 -0.078462429 -3.1343562e-05)
(-9.919658e-05 -0.078528713 -3.1365928e-05)
(0.00011419597 -0.078394003 -3.1319525e-05)
(-0.00014135368 -0.078706274 -3.1224805e-05)
(-0.00046202018 -0.07808975 -3.0953626e-05)
(-0.00051423969 0.079095693 0.00014188107)
(-0.00013901183 0.079789923 0.00014288974)
(0.0001120072 0.079438166 0.00014276892)
(-9.9777829e-05 0.07957633 0.00014288924)
(9.2258208e-05 0.079508342 0.0001428304)
(-9.2258339e-05 0.079508342 0.00014283041)
(9.9777713e-05 0.07957633 0.00014288924)
(-0.00011200727 0.079438167 0.00014276891)
(0.00013901179 0.079789923 0.00014288974)
(0.00051423968 0.079095693 0.00014188106)
(-0.00021222706 -0.08383764 0.0014517097)
(0.00016657561 -0.084550967 0.001462024)
(-0.00013801832 -0.084194574 0.0014578802)
(0.0001094114 -0.08433299 0.0014594446)
(-0.00010151485 -0.084264744 0.001458676)
(0.00010151499 -0.084264744 0.001458676)
(-0.00010941126 -0.08433299 0.0014594446)
(0.0001380184 -0.084194574 0.0014578802)
(-0.00016657557 -0.084550968 0.001462024)
(0.00021222708 -0.083837641 0.0014517097)
)
;

boundaryField
{
    left
    {
        type            noSlip;
    }
    right
    {
        type            noSlip;
    }
    walls
    {
        type            noSlip;
    }
    centreline
    {
        type            noSlip;
    }
    frontAndBack
    {
        type            noSlip;
    }
}


// ************************************************************************* //
