/*--------------------------------*- C++ -*----------------------------------*\
  =========                 |
  \\      /  F ield         | OpenFOAM: The Open Source CFD Toolbox
   \\    /   O peration     | Website:  https://openfoam.org
    \\  /    A nd           | Version:  8
     \\/     M anipulation  |
\*---------------------------------------------------------------------------*/
FoamFile
{
    version     2.0;
    format      ascii;
    class       volScalarField;
    location    "3.4999919616";
    object      alphat;
}
// * * * * * * * * * * * * * * * * * * * * * * * * * * * * * * * * * * * * * //

dimensions      [1 -1 -1 0 0 0 0];

internalField   nonuniform List<scalar> 
6800
(
0.00582392
0.0138426
0.0192076
0.0211706
0.0242502
0.0285164
0.026872
0.0226722
0.0134848
0.00996071
0.00424589
0.0138151
0.020245
0.0219329
0.0269937
0.027416
0.0196591
0.0119551
0.00871301
0.00779324
0.00521479
0.0159464
0.0208414
0.0239961
0.0280609
0.0189894
0.0111753
0.00846901
0.00766522
0.00705586
0.00573474
0.0179909
0.0224193
0.0255381
0.0214061
0.0129421
0.0102363
0.00879053
0.00737857
0.00673466
0.00604647
0.0194219
0.0228188
0.024956
0.0152953
0.0109492
0.00805974
0.00697071
0.00631218
0.00578994
0.00631013
0.0215978
0.0238511
0.0206691
0.0128415
0.00897443
0.00823103
0.00761437
0.0065621
0.00575214
0.00644382
0.0227457
0.0239171
0.0169502
0.0101335
0.00903654
0.00744042
0.0061258
0.0054498
0.00509279
0.00673129
0.0247887
0.0236624
0.0128558
0.0106666
0.00836286
0.00713786
0.00655413
0.0057782
0.00532636
0.00702286
0.0263327
0.0203334
0.0129231
0.0094474
0.00781894
0.00662006
0.00554962
0.00505119
0.00478144
0.00734359
0.0269855
0.0187988
0.0108784
0.00954517
0.00745013
0.0065477
0.00589286
0.0053064
0.00496148
0.0345478
0.147431
0.203694
0.219295
0.223707
0.224341
0.226643
0.230168
0.234104
0.235838
0.033158
0.142118
0.196972
0.212875
0.215541
0.21418
0.214257
0.215679
0.217526
0.219108
0.0306518
0.130793
0.183149
0.200287
0.201071
0.198275
0.196363
0.194736
0.192636
0.192991
0.0276766
0.117831
0.166864
0.182988
0.18204
0.178408
0.172739
0.168673
0.162702
0.153473
0.0245535
0.105011
0.149955
0.159728
0.155891
0.148761
0.139818
0.129643
0.118924
0.0926615
0.0218545
0.0939026
0.127412
0.128192
0.119428
0.110332
0.0949455
0.0712074
0.058037
0.0423337
0.0195717
0.0798205
0.0993282
0.0892957
0.0782482
0.0556623
0.0406979
0.034562
0.0342742
0.0301028
0.0184373
0.0629222
0.0581758
0.0476564
0.0319588
0.0293201
0.0295955
0.0290193
0.0292583
0.0271505
0.0159326
0.0330639
0.0255412
0.0244215
0.0241476
0.026106
0.0280526
0.0281611
0.0275352
0.0242708
0.011638
0.0162184
0.0187751
0.0210463
0.0232671
0.0264549
0.0285661
0.02634
0.0257014
0.0160285
0.237037
0.237816
0.236478
0.234668
0.232931
0.231401
0.23007
0.228953
0.228049
0.227319
0.22673
0.226232
0.225804
0.225432
0.225104
0.224819
0.224577
0.224369
0.224186
0.224021
0.223865
0.22371
0.223549
0.223377
0.223189
0.222982
0.222755
0.222506
0.222235
0.221944
0.221637
0.221319
0.220993
0.220659
0.220323
0.219984
0.21965
0.219322
0.219009
0.218711
0.218436
0.218188
0.217967
0.217773
0.217606
0.217462
0.217339
0.217234
0.217143
0.217061
0.216985
0.216911
0.216835
0.216756
0.216671
0.216581
0.216485
0.216382
0.216274
0.21616
0.216041
0.215916
0.215784
0.215647
0.215503
0.215352
0.215193
0.215025
0.214848
0.214661
0.214462
0.214251
0.214027
0.213791
0.213545
0.213291
0.213032
0.212771
0.212512
0.212259
0.212016
0.211785
0.211568
0.211369
0.211185
0.211021
0.210869
0.210741
0.210617
0.210521
0.210413
0.210347
0.210244
0.210211
0.210102
0.2101
0.20997
0.210002
0.209776
0.210096
0.220599
0.221379
0.220706
0.219472
0.218253
0.217219
0.216381
0.21575
0.215281
0.214948
0.214728
0.214547
0.214414
0.214318
0.214251
0.214225
0.214238
0.21428
0.21434
0.214409
0.214476
0.214535
0.214577
0.214599
0.214595
0.214566
0.214508
0.214424
0.214308
0.214172
0.214022
0.21386
0.213686
0.2135
0.213306
0.213103
0.212899
0.212696
0.212503
0.212321
0.212165
0.212036
0.211933
0.211854
0.211799
0.211765
0.21175
0.21175
0.21176
0.211776
0.211794
0.211809
0.211819
0.211823
0.211817
0.211803
0.211781
0.211751
0.211715
0.211674
0.211627
0.211575
0.211517
0.211456
0.211389
0.211316
0.211236
0.211148
0.211049
0.210937
0.210809
0.210665
0.210504
0.210325
0.210131
0.209923
0.209707
0.209485
0.209263
0.209045
0.208835
0.208636
0.20845
0.208282
0.208128
0.207995
0.207875
0.207777
0.207684
0.20762
0.207543
0.207511
0.207437
0.207437
0.207356
0.207388
0.207284
0.207355
0.207145
0.207518
0.196716
0.196233
0.195282
0.194054
0.193022
0.192344
0.191961
0.191824
0.191849
0.191996
0.192235
0.192589
0.193021
0.193577
0.194225
0.194909
0.195604
0.196293
0.196966
0.197611
0.19822
0.198784
0.199299
0.199762
0.200173
0.200533
0.200842
0.201106
0.201319
0.201524
0.201713
0.201877
0.202011
0.202116
0.202194
0.20225
0.202293
0.202329
0.202368
0.202416
0.202473
0.202539
0.20262
0.202716
0.202827
0.202953
0.203091
0.203238
0.20339
0.203541
0.203687
0.203827
0.203955
0.204076
0.204182
0.204275
0.204358
0.204434
0.204507
0.204573
0.204631
0.204687
0.20474
0.204793
0.204842
0.204889
0.204928
0.204958
0.204975
0.204974
0.204952
0.204904
0.204831
0.204731
0.204608
0.204466
0.204309
0.204143
0.203974
0.203807
0.203647
0.203498
0.203362
0.203243
0.203138
0.203055
0.202983
0.202934
0.202886
0.202868
0.202832
0.202845
0.20281
0.202856
0.202812
0.202893
0.202822
0.202949
0.202767
0.203227
0.155398
0.156628
0.158509
0.159623
0.160839
0.162229
0.16364
0.16503
0.166367
0.167653
0.168898
0.170125
0.171351
0.172532
0.173697
0.174849
0.17599
0.177107
0.178191
0.179226
0.180202
0.18111
0.181949
0.182717
0.18342
0.18406
0.184642
0.185163
0.185646
0.186052
0.186399
0.186701
0.186965
0.187193
0.187395
0.187575
0.187746
0.187915
0.188094
0.188288
0.1885
0.188729
0.188976
0.189239
0.189521
0.189818
0.19013
0.19045
0.190774
0.191093
0.191405
0.191704
0.191991
0.192265
0.192533
0.192797
0.193059
0.193324
0.193585
0.193863
0.194152
0.194452
0.194756
0.195062
0.195368
0.19567
0.195958
0.196236
0.19649
0.196716
0.196903
0.197046
0.197144
0.197197
0.197209
0.197186
0.197137
0.197069
0.19699
0.196906
0.196823
0.196747
0.196679
0.196625
0.196581
0.196553
0.196531
0.196528
0.196523
0.19655
0.196556
0.196616
0.196624
0.196721
0.196723
0.196862
0.196842
0.197034
0.196879
0.197461
0.0926422
0.0949789
0.0974181
0.100541
0.104028
0.107866
0.111411
0.114667
0.117656
0.120458
0.123126
0.125701
0.128208
0.13063
0.133002
0.135297
0.137538
0.139703
0.141782
0.143745
0.14559
0.14731
0.148917
0.150416
0.151822
0.153142
0.15438
0.155543
0.156667
0.15778
0.158851
0.159864
0.160812
0.161694
0.162522
0.163302
0.16406
0.164802
0.165548
0.166297
0.167054
0.16781
0.168568
0.16932
0.170078
0.170835
0.171595
0.172343
0.173074
0.173779
0.174459
0.175109
0.175736
0.176341
0.176931
0.177511
0.178087
0.178663
0.179241
0.179824
0.180407
0.180998
0.181587
0.182181
0.182779
0.183366
0.183931
0.18446
0.184949
0.185391
0.185776
0.186096
0.18635
0.186543
0.186684
0.186782
0.186848
0.186892
0.186922
0.186945
0.18697
0.187004
0.187042
0.187095
0.187154
0.187224
0.187291
0.187374
0.18744
0.187534
0.187597
0.18772
0.187785
0.187953
0.18802
0.188239
0.188288
0.188581
0.188487
0.189232
0.0434692
0.0459924
0.0484004
0.0512745
0.0538689
0.0562404
0.0588466
0.0616205
0.0643716
0.0672689
0.0702781
0.0734118
0.0765844
0.0796918
0.0828614
0.0859382
0.0890349
0.0920405
0.0948921
0.0975246
0.0999848
0.102314
0.104533
0.106661
0.108728
0.110726
0.11265
0.114497
0.116418
0.118374
0.120181
0.121875
0.12348
0.125013
0.126496
0.127924
0.129346
0.130748
0.132169
0.133583
0.134998
0.136382
0.137754
0.139089
0.140431
0.141761
0.143092
0.144381
0.145628
0.146823
0.147988
0.149108
0.150205
0.151275
0.152335
0.153385
0.154436
0.155494
0.156558
0.157637
0.158711
0.159806
0.160881
0.161973
0.163067
0.164104
0.165091
0.16605
0.166994
0.167883
0.168699
0.169412
0.170024
0.170548
0.170997
0.171392
0.171742
0.17206
0.172353
0.172626
0.172891
0.173152
0.173394
0.173651
0.173884
0.174095
0.174287
0.174472
0.174614
0.174774
0.174898
0.175093
0.175232
0.175496
0.175661
0.176003
0.176169
0.176611
0.176624
0.177634
0.0308592
0.0317296
0.032534
0.0333609
0.0341592
0.0349618
0.0356558
0.0364429
0.0370818
0.0378831
0.0390412
0.0400193
0.041352
0.0422879
0.0434653
0.04462
0.0460761
0.0473799
0.0490176
0.0506663
0.0524228
0.0542162
0.0560178
0.0579476
0.0599719
0.062022
0.0640847
0.0661741
0.0682911
0.0704443
0.072613
0.0747889
0.0769601
0.0790623
0.0811267
0.0831419
0.0852223
0.0872599
0.0893931
0.0914426
0.0934525
0.0953708
0.0972554
0.0991766
0.101101
0.103098
0.104988
0.106836
0.108544
0.110263
0.111996
0.113682
0.115383
0.117053
0.118738
0.120416
0.122109
0.123816
0.125524
0.127253
0.128945
0.130685
0.132338
0.134087
0.135832
0.137149
0.138515
0.139936
0.141598
0.143036
0.14446
0.1456
0.146606
0.147504
0.148329
0.149104
0.149838
0.150539
0.151213
0.151867
0.152526
0.153158
0.153779
0.154413
0.154939
0.155404
0.155843
0.15617
0.156389
0.156571
0.156747
0.157012
0.157249
0.157628
0.157918
0.158419
0.158726
0.159366
0.159539
0.160816
0.0274757
0.0276624
0.0277657
0.0277707
0.0277075
0.0275559
0.0273485
0.0270779
0.0268144
0.0265058
0.0262647
0.0259889
0.0257073
0.0253304
0.0251185
0.0249476
0.024954
0.024908
0.0249219
0.0248763
0.0250285
0.0250059
0.0253396
0.0256486
0.0262059
0.0264093
0.0268345
0.027407
0.0281953
0.0289694
0.0299507
0.0309884
0.0321423
0.0333408
0.0346328
0.0359246
0.0374621
0.0389271
0.0406581
0.0422923
0.0443644
0.0463727
0.0487161
0.0509097
0.053341
0.0556747
0.0581621
0.0605323
0.0629637
0.0652781
0.0676576
0.0699343
0.0722856
0.0745792
0.0769303
0.0792682
0.0816466
0.0840421
0.086377
0.0887005
0.0909586
0.0932935
0.0955315
0.0978615
0.100178
0.102427
0.10465
0.106747
0.108867
0.11081
0.112577
0.114135
0.115726
0.117192
0.118655
0.120031
0.121412
0.122683
0.12399
0.125244
0.126505
0.127688
0.129289
0.130424
0.131298
0.132236
0.13303
0.133262
0.133316
0.133231
0.133489
0.133691
0.13396
0.134183
0.134484
0.134921
0.135251
0.136028
0.136396
0.137986
0.0240181
0.0236578
0.0232788
0.0228372
0.0224098
0.0218741
0.0212611
0.020599
0.0199159
0.0192353
0.0185747
0.0179508
0.0173728
0.016848
0.0162426
0.0156996
0.0150674
0.0145178
0.0140559
0.0136551
0.0133099
0.0130138
0.0127255
0.012527
0.0123185
0.0122228
0.0120313
0.0120659
0.0118796
0.012058
0.0122402
0.0123379
0.0124387
0.0126651
0.0127732
0.0130885
0.0132831
0.0134642
0.013988
0.0141268
0.014876
0.0153872
0.0163087
0.016984
0.0179986
0.0188899
0.0200367
0.0211547
0.0224357
0.0237289
0.0251719
0.0266599
0.0282657
0.0299823
0.0317522
0.0337359
0.0357199
0.0379822
0.0403063
0.0429786
0.0456213
0.0485619
0.0512831
0.0543754
0.0572039
0.0602579
0.0631089
0.0659131
0.0686422
0.0711034
0.0735308
0.0756525
0.0778383
0.0797473
0.0817825
0.0834849
0.0853222
0.0869052
0.0885914
0.0900691
0.0917998
0.0930294
0.0947971
0.0959826
0.0975586
0.0987103
0.0998123
0.101044
0.102267
0.102987
0.105568
0.106651
0.107513
0.105852
0.10732
0.106128
0.106829
0.106984
0.107533
0.109244
0.0156159
0.0151554
0.0145519
0.0139556
0.0132674
0.0126575
0.0121131
0.011623
0.0111793
0.0107782
0.0104134
0.010087
0.00978943
0.00952925
0.00929142
0.00907782
0.00887967
0.00869196
0.00851539
0.00834847
0.00818931
0.0080412
0.00789792
0.00776703
0.00764031
0.00753107
0.00741997
0.0073328
0.00724023
0.00715918
0.00712101
0.00708005
0.00705212
0.00704902
0.00701802
0.00704052
0.0070088
0.00702636
0.00695295
0.00696696
0.00703599
0.00709456
0.00715643
0.00718951
0.00730125
0.00727004
0.00751666
0.00772029
0.00789879
0.0081268
0.00835789
0.00868743
0.0089831
0.00937606
0.00973101
0.0102122
0.0106715
0.0113498
0.0119359
0.0129256
0.0136537
0.0150617
0.0159447
0.0177467
0.0189496
0.020948
0.0225528
0.0245173
0.0263727
0.0282992
0.0301008
0.0320378
0.0337368
0.0357122
0.0374683
0.0393607
0.0411238
0.0430934
0.0446462
0.0464695
0.0483694
0.0499685
0.0516788
0.053619
0.0551939
0.0575352
0.0588374
0.0604804
0.0625598
0.0643492
0.0658587
0.0669471
0.0707801
0.0742589
0.074197
0.0726059
0.076134
0.0739485
0.0744402
0.0757562
0.00801753
0.00812343
0.00815277
0.00814354
0.0080921
0.00800513
0.00789166
0.00775969
0.00761702
0.00747026
0.0073248
0.00718504
0.00705358
0.00693226
0.00682168
0.00672101
0.00662992
0.0065463
0.00646949
0.00639784
0.00633063
0.00626732
0.00620709
0.00615028
0.00609611
0.0060457
0.0059973
0.00595367
0.0059105
0.00587295
0.00583667
0.00580524
0.00577584
0.00574999
0.00572637
0.00570497
0.00568495
0.00566422
0.00564715
0.00562743
0.00561642
0.00560232
0.00559114
0.00558353
0.00556931
0.00556489
0.00555315
0.00555454
0.0055467
0.00554632
0.00555114
0.0055422
0.0056054
0.0055919
0.00565878
0.005656
0.00572903
0.00571842
0.00573069
0.00580931
0.00581464
0.00601498
0.0060351
0.00633769
0.00643533
0.00682295
0.00705274
0.00747334
0.00781907
0.00830888
0.00872286
0.00927394
0.0097734
0.0103431
0.0110214
0.0115836
0.0123246
0.0129617
0.0138607
0.0145118
0.015681
0.0164513
0.0176475
0.0186432
0.0200045
0.0211343
0.0226899
0.0237598
0.0253822
0.0264467
0.0282474
0.0298599
0.0309953
0.0325829
0.0342424
0.0370115
0.0394701
0.0380991
0.0415291
0.041693
0.00662856
0.00659399
0.00654081
0.00648268
0.00642139
0.0063573
0.00629201
0.00622588
0.00616059
0.00609659
0.0060353
0.00597689
0.0059221
0.00587052
0.00582224
0.00577637
0.00573282
0.0056906
0.00564982
0.00560979
0.00557088
0.00553276
0.00549596
0.00546028
0.00542663
0.00539416
0.00536406
0.0053362
0.0053116
0.00528896
0.00526837
0.00524959
0.00523206
0.00521609
0.00520092
0.00518637
0.00517284
0.00515897
0.00514697
0.00513493
0.00512468
0.00511394
0.00510405
0.00509334
0.00508309
0.00507211
0.00506064
0.00504869
0.00503656
0.00502523
0.00501218
0.00499868
0.00499384
0.00498281
0.00498448
0.00497632
0.00498824
0.00498672
0.00500965
0.00501237
0.00503391
0.00504667
0.00506988
0.00505388
0.00505202
0.00504714
0.00508556
0.00505421
0.00513918
0.00519806
0.00525621
0.00531484
0.0053629
0.00540545
0.00542024
0.00546418
0.00543547
0.00545005
0.00546358
0.00541772
0.00553293
0.00539188
0.00550843
0.00546103
0.00564075
0.00572024
0.00580268
0.00588942
0.00617759
0.00643015
0.00689475
0.00763624
0.00801887
0.00888447
0.00937308
0.0102653
0.00995184
0.011657
0.013122
0.0130993
0.00583759
0.00582547
0.00581162
0.00579453
0.00577449
0.00575098
0.00572465
0.00569518
0.00566361
0.00562991
0.00559536
0.00555992
0.0055248
0.00548967
0.00545552
0.00542168
0.005389
0.00535664
0.00532546
0.0052946
0.00526498
0.00523581
0.00520799
0.00518079
0.00515498
0.00512992
0.00510616
0.00508312
0.00506109
0.00503964
0.00501893
0.00499878
0.00497916
0.00496026
0.00494178
0.00492435
0.00490727
0.00489144
0.00487586
0.00486159
0.00484745
0.00483457
0.00482174
0.00481012
0.00479841
0.00478787
0.00477709
0.00476742
0.00475735
0.00474824
0.00473871
0.00472983
0.00472067
0.00471168
0.00470276
0.00469356
0.00468467
0.0046754
0.00466648
0.00465744
0.00464849
0.00464008
0.00463141
0.00462392
0.004616
0.00460915
0.00460313
0.0045954
0.00459254
0.00458643
0.00458542
0.00458057
0.0045812
0.00457713
0.00457311
0.00456986
0.00456006
0.00455248
0.00454529
0.00452704
0.00453215
0.00452038
0.00450896
0.00448193
0.00446133
0.00445361
0.00440975
0.00440338
0.00436714
0.00435715
0.00436185
0.00434762
0.00449435
0.00445004
0.00462664
0.00450726
0.00467014
0.00484539
0.00496127
0.00513975
0.00533243
0.0053185
0.0053019
0.00528212
0.00526069
0.00523777
0.00521455
0.00519047
0.00516627
0.00514101
0.00511538
0.00508848
0.00506132
0.00503324
0.00500557
0.00497779
0.00495134
0.00492559
0.00490187
0.00487925
0.00485888
0.00483951
0.00482212
0.0048053
0.00478995
0.00477459
0.00476019
0.00474529
0.00473101
0.00471597
0.00470143
0.00468612
0.00467143
0.00465617
0.00464175
0.004627
0.00461324
0.00459941
0.00458664
0.00457404
0.00456253
0.00455137
0.00454124
0.0045316
0.00452282
0.00451456
0.00450687
0.00449965
0.00449265
0.00448604
0.00447926
0.0044728
0.00446583
0.00445914
0.00445175
0.00444462
0.00443679
0.00442925
0.00442113
0.00441343
0.0044053
0.00439774
0.0043901
0.00438289
0.00437602
0.0043697
0.00436415
0.00435836
0.00435436
0.00434954
0.00434687
0.00434358
0.00434216
0.00433937
0.00433776
0.00433366
0.00433177
0.00432627
0.00432191
0.0043162
0.00431062
0.00430295
0.0042851
0.00427925
0.00423615
0.0042732
0.0042579
0.00421584
0.00424301
0.00423272
0.0042133
0.00413275
0.00409874
0.00410055
0.00408293
0.00410187
0.00413641
0.00414734
0.00417719
0.00419823
0.00493743
0.00493187
0.00492361
0.00491236
0.00489921
0.00488374
0.00486698
0.00484832
0.00482888
0.00480804
0.00478707
0.00476529
0.00474403
0.00472242
0.00470175
0.00468091
0.00466116
0.00464119
0.0046223
0.00460309
0.00458497
0.00456648
0.00454916
0.00453152
0.00451519
0.0044986
0.00448348
0.00446814
0.00445438
0.0044404
0.00442806
0.00441544
0.00440448
0.00439312
0.0043834
0.00437318
0.00436457
0.00435534
0.00434772
0.00433935
0.00433258
0.00432493
0.00431885
0.00431176
0.00430621
0.00429956
0.00429441
0.00428807
0.0042832
0.0042771
0.00427244
0.00426654
0.00426207
0.00425636
0.00425209
0.00424656
0.00424251
0.00423717
0.00423335
0.00422819
0.00422463
0.00421963
0.00421633
0.0042115
0.00420843
0.00420376
0.00420091
0.0041964
0.00419375
0.00418944
0.00418697
0.0041829
0.00418063
0.00417683
0.00417473
0.00417126
0.00416931
0.00416626
0.00416437
0.00416179
0.00416
0.00415778
0.00415598
0.00415385
0.00415213
0.00414986
0.0041486
0.00414551
0.00414513
0.00414137
0.0041411
0.00413692
0.00413693
0.00413401
0.0041344
0.00413291
0.00413265
0.004131
0.00414007
0.00411783
0.00463435
0.00463261
0.00462829
0.00462104
0.0046121
0.00460122
0.00458954
0.00457648
0.00456311
0.00454869
0.00453433
0.0045192
0.00450449
0.00448929
0.00447487
0.0044602
0.0044466
0.00443288
0.00442036
0.0044077
0.00439624
0.00438448
0.00437383
0.00436269
0.00435258
0.00434183
0.00433207
0.00432157
0.00431213
0.00430193
0.00429289
0.00428309
0.00427456
0.00426525
0.0042573
0.0042485
0.00424111
0.00423274
0.00422582
0.00421779
0.00421122
0.00420341
0.00419709
0.0041894
0.00418326
0.00417566
0.0041697
0.00416223
0.0041565
0.00414925
0.00414384
0.0041369
0.00413193
0.00412542
0.00412094
0.00411493
0.00411098
0.00410547
0.00410204
0.00409701
0.00409403
0.00408941
0.00408682
0.00408251
0.00408023
0.00407615
0.0040741
0.00407018
0.00406831
0.00406452
0.00406281
0.00405912
0.00405757
0.00405398
0.00405263
0.00404914
0.00404806
0.00404467
0.0040439
0.00404064
0.00404015
0.00403707
0.00403668
0.00403383
0.00403341
0.00403071
0.00403008
0.00402748
0.00402666
0.00402382
0.0040229
0.00401984
0.00401915
0.00401582
0.00401606
0.00401137
0.00401312
0.00401019
0.00399635
0.004014
0.00442003
0.00442115
0.00442016
0.00441646
0.00441124
0.00440411
0.00439617
0.0043868
0.00437708
0.00436628
0.00435553
0.00434398
0.00433279
0.00432099
0.00430977
0.00429803
0.00428703
0.00427554
0.00426488
0.00425374
0.00424352
0.00423281
0.00422312
0.00421291
0.00420381
0.00419417
0.00418569
0.00417663
0.00416878
0.00416028
0.00415304
0.00414507
0.0041384
0.00413092
0.0041248
0.00411779
0.00411219
0.00410562
0.00410051
0.00409434
0.00408968
0.00408387
0.00407962
0.00407412
0.00407021
0.00406497
0.00406136
0.00405632
0.00405294
0.00404805
0.00404487
0.00404011
0.0040371
0.00403244
0.00402958
0.00402503
0.00402232
0.00401787
0.00401531
0.00401096
0.00400855
0.0040043
0.00400205
0.0039979
0.0039958
0.00399175
0.00398982
0.00398585
0.00398408
0.00398021
0.00397858
0.00397481
0.00397333
0.00396966
0.00396832
0.00396474
0.00396355
0.00396007
0.003959
0.00395562
0.00395467
0.0039514
0.00395051
0.00394739
0.00394651
0.00394356
0.00394267
0.00393987
0.00393896
0.00393629
0.00393534
0.00393276
0.00393182
0.00392958
0.00392827
0.00392548
0.0039241
0.00392154
0.00391989
0.00391724
0.00426625
0.00426848
0.00426906
0.00426725
0.00426415
0.00425933
0.00425384
0.00424704
0.00423995
0.00423184
0.00422379
0.00421492
0.00420639
0.00419721
0.00418858
0.00417941
0.00417095
0.004162
0.00415386
0.00414524
0.00413748
0.0041292
0.00412184
0.00411389
0.0041069
0.00409928
0.00409268
0.00408537
0.00407915
0.00407216
0.0040663
0.00405962
0.00405411
0.00404769
0.0040425
0.00403631
0.00403139
0.0040254
0.00402073
0.00401492
0.00401049
0.00400485
0.00400067
0.00399521
0.00399129
0.00398605
0.00398242
0.00397742
0.0039741
0.00396936
0.00396634
0.00396184
0.00395911
0.00395484
0.00395238
0.00394831
0.00394609
0.00394217
0.00394016
0.00393636
0.0039345
0.00393079
0.00392907
0.00392542
0.00392381
0.0039202
0.0039187
0.00391511
0.0039137
0.00391014
0.00390881
0.0039053
0.00390404
0.00390057
0.00389938
0.00389598
0.00389485
0.00389152
0.00389046
0.00388721
0.0038862
0.00388305
0.00388208
0.00387904
0.00387809
0.00387518
0.00387423
0.00387144
0.00387051
0.00386784
0.0038669
0.0038643
0.00386336
0.00386113
0.00385986
0.00385698
0.00385574
0.00385303
0.00385159
0.00384884
0.00415376
0.00415639
0.00415781
0.00415716
0.00415542
0.00415211
0.00414822
0.0041431
0.00413775
0.00413141
0.00412512
0.00411804
0.00411126
0.0041038
0.00409682
0.00408924
0.00408228
0.00407476
0.00406796
0.00406062
0.00405407
0.00404697
0.00404072
0.0040339
0.00402799
0.00402145
0.00401588
0.00400962
0.00400439
0.0039984
0.00399349
0.00398776
0.00398317
0.00397768
0.00397338
0.00396812
0.00396411
0.00395906
0.00395532
0.00395047
0.00394698
0.0039423
0.00393904
0.00393453
0.00393148
0.00392711
0.00392425
0.00392001
0.00391732
0.00391319
0.00391066
0.00390664
0.00390427
0.00390033
0.0038981
0.00389425
0.00389215
0.00388837
0.0038864
0.00388268
0.00388083
0.00387716
0.00387543
0.0038718
0.00387017
0.0038666
0.00386505
0.00386153
0.00386006
0.0038566
0.00385521
0.00385181
0.00385049
0.00384716
0.0038459
0.00384266
0.00384145
0.00383831
0.00383715
0.00383411
0.00383299
0.00383005
0.00382899
0.00382613
0.00382514
0.00382235
0.00382145
0.00381871
0.00381789
0.0038152
0.00381446
0.00381186
0.00381114
0.00380842
0.00380802
0.00380569
0.00380465
0.00380195
0.00380082
0.00379737
0.00406895
0.00407181
0.00407366
0.00407363
0.00407271
0.00407035
0.00406754
0.00406356
0.00405942
0.00405431
0.0040493
0.00404349
0.00403798
0.00403179
0.00402606
0.00401972
0.00401398
0.00400765
0.00400202
0.00399582
0.00399038
0.00398436
0.00397916
0.00397335
0.0039684
0.0039628
0.00395811
0.00395273
0.0039483
0.00394311
0.00393893
0.00393392
0.00392998
0.00392514
0.00392142
0.00391673
0.00391323
0.00390867
0.00390538
0.00390096
0.00389787
0.00389359
0.00389069
0.00388654
0.00388384
0.00387981
0.00387728
0.00387339
0.00387101
0.00386724
0.00386502
0.00386136
0.00385927
0.0038557
0.00385372
0.00385023
0.00384836
0.0038449
0.00384313
0.00383972
0.00383804
0.00383465
0.00383305
0.00382968
0.00382814
0.0038248
0.00382331
0.00382001
0.00381857
0.00381532
0.00381391
0.00381074
0.00380935
0.00380626
0.00380491
0.00380191
0.00380058
0.00379769
0.00379639
0.00379359
0.00379233
0.00378962
0.00378843
0.00378577
0.00378468
0.00378204
0.00378109
0.00377844
0.00377762
0.00377498
0.00377427
0.00377168
0.003771
0.00376829
0.00376792
0.00376566
0.0037646
0.00376189
0.00376076
0.00375741
0.00400444
0.00400729
0.00400935
0.00400971
0.00400936
0.00400766
0.00400563
0.00400247
0.00399924
0.00399506
0.00399103
0.00398619
0.00398168
0.00397646
0.00397172
0.00396632
0.00396151
0.00395608
0.00395133
0.00394594
0.00394132
0.00393606
0.00393161
0.0039265
0.00392225
0.00391732
0.00391328
0.00390851
0.00390468
0.00390008
0.00389646
0.00389201
0.00388859
0.00388427
0.00388106
0.00387686
0.00387383
0.00386974
0.00386689
0.0038629
0.00386022
0.00385631
0.00385379
0.00384998
0.0038476
0.00384387
0.00384162
0.00383797
0.00383584
0.00383228
0.00383025
0.00382678
0.00382485
0.00382146
0.00381961
0.0038163
0.00381453
0.00381128
0.00380958
0.00380638
0.00380476
0.00380159
0.00380004
0.00379691
0.00379539
0.00379232
0.00379082
0.00378782
0.00378632
0.00378341
0.00378189
0.00377909
0.00377755
0.00377486
0.00377329
0.00377073
0.00376914
0.0037667
0.00376509
0.00376279
0.00376116
0.00375897
0.00375738
0.00375522
0.00375376
0.00375154
0.0037503
0.00374794
0.00374696
0.00374443
0.0037437
0.0037411
0.00374049
0.00373768
0.00373725
0.00373494
0.0037342
0.00373143
0.00373024
0.0037272
0.00395605
0.00395886
0.00396096
0.00396151
0.0039615
0.00396024
0.00395873
0.00395615
0.00395355
0.00395002
0.00394668
0.00394252
0.00393872
0.00393418
0.00393014
0.0039254
0.00392128
0.00391648
0.00391238
0.0039076
0.00390361
0.00389891
0.00389506
0.00389048
0.00388679
0.00388234
0.00387881
0.0038745
0.00387115
0.00386695
0.00386377
0.0038597
0.00385668
0.00385271
0.00384986
0.00384597
0.00384327
0.00383947
0.00383693
0.0038332
0.0038308
0.00382713
0.00382488
0.00382127
0.00381915
0.0038156
0.0038136
0.0038101
0.00380821
0.00380477
0.00380299
0.0037996
0.0037979
0.00379459
0.00379296
0.0037897
0.00378813
0.00378493
0.0037834
0.00378026
0.00377877
0.00377568
0.00377423
0.00377117
0.00376976
0.00376673
0.00376535
0.00376236
0.00376102
0.00375806
0.00375675
0.00375383
0.00375257
0.00374967
0.00374848
0.00374558
0.00374451
0.00374158
0.00374065
0.00373766
0.00373688
0.00373387
0.0037332
0.00373022
0.00372958
0.00372672
0.00372604
0.00372333
0.0037226
0.00372002
0.00371927
0.00371681
0.00371608
0.00371342
0.00371314
0.00371089
0.00370934
0.00370858
0.00369755
0.00371276
0.00391918
0.00392183
0.00392389
0.00392454
0.00392472
0.00392374
0.00392257
0.00392039
0.00391821
0.00391515
0.00391229
0.00390863
0.00390533
0.0039013
0.00389775
0.00389352
0.00388987
0.00388555
0.00388191
0.00387758
0.00387401
0.00386974
0.00386628
0.00386208
0.00385877
0.00385467
0.0038515
0.0038475
0.00384448
0.00384058
0.00383771
0.0038339
0.00383118
0.00382746
0.00382487
0.00382122
0.00381877
0.00381518
0.00381287
0.00380933
0.00380716
0.00380366
0.00380161
0.00379816
0.00379624
0.00379282
0.00379101
0.00378764
0.00378592
0.0037826
0.00378098
0.00377769
0.00377616
0.00377292
0.00377145
0.00376826
0.00376686
0.00376369
0.00376236
0.0037592
0.00375795
0.00375477
0.00375362
0.0037504
0.00374935
0.00374609
0.00374513
0.00374183
0.00374097
0.00373764
0.00373686
0.00373351
0.00373281
0.00372947
0.00372882
0.0037255
0.00372491
0.00372164
0.00372106
0.00371789
0.00371728
0.00371427
0.00371357
0.00371077
0.00370995
0.00370735
0.00370647
0.00370395
0.00370314
0.00370061
0.00369994
0.00369725
0.00369688
0.00369388
0.00369416
0.00369004
0.00369183
0.00368911
0.003677
0.00369199
0.00389107
0.00389352
0.00389547
0.00389611
0.00389638
0.00389555
0.00389457
0.00389263
0.00389072
0.00388796
0.0038854
0.00388208
0.0038791
0.00387541
0.00387219
0.0038683
0.00386498
0.003861
0.00385766
0.00385367
0.00385039
0.00384643
0.00384324
0.00383935
0.00383629
0.00383248
0.00382954
0.00382581
0.00382301
0.00381937
0.0038167
0.00381313
0.0038106
0.00380708
0.00380468
0.00380122
0.00379895
0.00379553
0.00379338
0.00379001
0.00378797
0.00378463
0.00378271
0.0037794
0.00377758
0.00377432
0.00377259
0.00376936
0.00376773
0.00376453
0.00376298
0.00375982
0.00375834
0.00375522
0.00375381
0.00375072
0.00374937
0.00374629
0.00374501
0.00374193
0.00374073
0.00373763
0.00373651
0.00373337
0.00373235
0.00372916
0.00372823
0.003725
0.00372415
0.0037209
0.00372011
0.00371687
0.00371612
0.00371292
0.00371219
0.00370905
0.00370831
0.00370527
0.00370452
0.00370157
0.00370085
0.0036979
0.00369734
0.00369425
0.00369398
0.00369066
0.0036907
0.0036872
0.00368744
0.0036839
0.00368421
0.00368071
0.00368102
0.00367766
0.00367779
0.00367527
0.00367322
0.00367172
0.00367061
0.00366799
0.00386813
0.00387043
0.00387229
0.00387291
0.00387323
0.00387248
0.00387163
0.00386985
0.00386813
0.00386557
0.00386323
0.00386014
0.00385741
0.00385398
0.00385102
0.00384739
0.00384433
0.00384061
0.00383753
0.00383379
0.00383075
0.00382705
0.00382409
0.00382045
0.00381759
0.00381402
0.00381128
0.00380778
0.00380515
0.00380172
0.00379922
0.00379584
0.00379345
0.00379013
0.00378786
0.00378457
0.00378241
0.00377916
0.00377711
0.00377388
0.00377194
0.00376874
0.0037669
0.00376371
0.00376197
0.00375881
0.00375716
0.00375403
0.00375245
0.00374936
0.00374785
0.00374479
0.00374333
0.00374032
0.00373891
0.00373593
0.00373456
0.0037316
0.00373029
0.00372733
0.00372607
0.00372311
0.00372191
0.00371893
0.0037178
0.0037148
0.00371372
0.00371071
0.00370967
0.00370669
0.00370567
0.00370274
0.00370171
0.00369887
0.0036978
0.00369508
0.00369396
0.00369139
0.0036902
0.00368776
0.00368655
0.00368416
0.00368307
0.00368056
0.00367977
0.00367697
0.00367658
0.00367347
0.00367342
0.00367011
0.00367027
0.00366687
0.00366715
0.00366377
0.0036638
0.00366117
0.0036598
0.00365612
0.00366444
0.00364485
0.00384938
0.00385151
0.00385328
0.00385387
0.00385423
0.00385356
0.00385284
0.0038512
0.00384966
0.00384729
0.00384518
0.0038423
0.00383982
0.00383661
0.0038339
0.0038305
0.00382768
0.00382418
0.00382134
0.00381781
0.00381499
0.00381147
0.00380872
0.00380523
0.00380256
0.00379913
0.00379654
0.00379316
0.00379067
0.00378734
0.00378493
0.00378165
0.00377934
0.00377609
0.00377387
0.00377065
0.00376853
0.00376534
0.00376331
0.00376013
0.00375821
0.00375504
0.00375321
0.00375006
0.00374833
0.00374519
0.00374355
0.00374043
0.00373887
0.00373578
0.00373429
0.00373124
0.0037298
0.00372679
0.0037254
0.00372242
0.00372108
0.00371813
0.00371682
0.0037139
0.00371263
0.00370973
0.00370849
0.0037056
0.00370441
0.00370151
0.00370037
0.00369748
0.00369638
0.00369349
0.00369245
0.00368956
0.00368858
0.00368568
0.00368479
0.00368186
0.00368108
0.0036781
0.00367746
0.00367444
0.0036739
0.0036709
0.00367037
0.0036675
0.00366687
0.0036642
0.00366347
0.00366095
0.00366019
0.00365771
0.00365704
0.00365446
0.00365405
0.00365111
0.00365154
0.00364735
0.00364907
0.00364611
0.00363453
0.00364931
0.0038358
0.00383772
0.00383936
0.00383986
0.00384021
0.00383955
0.00383889
0.00383732
0.00383588
0.00383362
0.00383163
0.00382886
0.00382649
0.00382339
0.00382079
0.00381746
0.00381473
0.00381127
0.00380848
0.00380496
0.00380218
0.00379864
0.00379589
0.00379235
0.00378966
0.00378615
0.00378352
0.00378004
0.0037775
0.00377407
0.00377161
0.00376823
0.00376587
0.00376253
0.00376027
0.00375698
0.00375482
0.00375157
0.00374952
0.00374631
0.00374436
0.00374118
0.00373933
0.00373617
0.00373441
0.00373128
0.00372961
0.00372652
0.00372495
0.0037219
0.0037204
0.0037174
0.00371597
0.00371301
0.00371165
0.00370873
0.00370743
0.00370454
0.0037033
0.00370042
0.00369924
0.00369637
0.00369524
0.00369238
0.00369131
0.00368844
0.00368743
0.00368456
0.00368359
0.00368073
0.00367982
0.00367697
0.0036761
0.00367327
0.00367245
0.00366963
0.00366886
0.00366608
0.00366533
0.00366261
0.00366187
0.00365923
0.00365847
0.00365593
0.00365514
0.00365269
0.00365189
0.00364951
0.00364873
0.00364637
0.00364564
0.0036433
0.00364263
0.00364011
0.00363974
0.00363765
0.0036363
0.00363579
0.00362494
0.00363973
0.00382537
0.00382712
0.00382862
0.00382903
0.00382931
0.0038286
0.00382789
0.00382625
0.00382474
0.00382236
0.00382023
0.0038173
0.00381473
0.0038114
0.00380855
0.00380497
0.00380195
0.00379824
0.00379517
0.00379141
0.00378835
0.00378449
0.00378145
0.0037776
0.00377464
0.00377087
0.00376804
0.00376438
0.00376172
0.00375819
0.00375569
0.00375227
0.00374994
0.00374664
0.00374447
0.00374126
0.00373923
0.00373611
0.00373423
0.00373117
0.00372941
0.00372642
0.0037248
0.00372186
0.00372037
0.00371747
0.00371609
0.00371322
0.00371193
0.00370909
0.00370788
0.00370507
0.00370393
0.00370114
0.00370005
0.00369729
0.00369624
0.0036935
0.00369249
0.00368974
0.00368879
0.00368602
0.00368513
0.00368232
0.0036815
0.00367865
0.0036779
0.003675
0.00367431
0.00367139
0.00367075
0.00366782
0.00366722
0.00366429
0.00366372
0.00366082
0.00366027
0.00365742
0.00365686
0.0036541
0.00365349
0.00365087
0.00365017
0.00364772
0.00364691
0.00364461
0.00364375
0.00364153
0.00364069
0.00363846
0.00363771
0.00363547
0.00363479
0.00363234
0.003632
0.00362994
0.00362868
0.00362812
0.00361751
0.0036323
0.00381749
0.00381881
0.00381978
0.00381975
0.00381948
0.00381804
0.00381652
0.00381395
0.00381151
0.00380817
0.00380516
0.00380135
0.00379806
0.00379404
0.00379069
0.00378665
0.00378338
0.00377944
0.00377635
0.00377256
0.0037697
0.0037662
0.00376364
0.00376038
0.00375807
0.00375498
0.00375287
0.00374993
0.00374798
0.00374513
0.00374331
0.00374053
0.00373882
0.00373609
0.00373446
0.00373176
0.00373021
0.00372752
0.00372605
0.00372337
0.00372197
0.00371928
0.00371796
0.00371526
0.00371401
0.00371131
0.00371013
0.00370742
0.0037063
0.00370359
0.00370253
0.00369982
0.00369882
0.00369611
0.00369515
0.00369245
0.00369152
0.00368882
0.00368793
0.00368521
0.00368437
0.00368161
0.00368084
0.00367803
0.00367734
0.00367445
0.00367385
0.00367089
0.00367037
0.00366736
0.0036669
0.00366386
0.00366346
0.00366041
0.00366003
0.00365701
0.00365664
0.00365367
0.00365328
0.0036504
0.00364996
0.00364721
0.00364668
0.00364408
0.00364347
0.003641
0.00364035
0.00363793
0.00363732
0.0036349
0.00363439
0.00363185
0.00363155
0.00362876
0.00362903
0.00362524
0.00362687
0.00362445
0.00361294
0.00362745
0.00379438
0.00379433
0.00379441
0.0037935
0.0037928
0.0037914
0.0037903
0.0037885
0.00378707
0.00378497
0.00378332
0.003781
0.00377921
0.00377674
0.00377488
0.00377233
0.00377044
0.00376784
0.00376596
0.00376334
0.00376149
0.00375887
0.00375707
0.00375445
0.0037527
0.0037501
0.00374841
0.00374582
0.00374418
0.00374161
0.00374002
0.00373745
0.00373592
0.00373334
0.00373186
0.00372929
0.00372785
0.00372527
0.00372389
0.00372129
0.00371997
0.00371735
0.0037161
0.00371346
0.00371226
0.00370961
0.00370848
0.00370581
0.00370474
0.00370206
0.00370105
0.00369837
0.0036974
0.00369472
0.00369379
0.0036911
0.00369021
0.00368752
0.00368666
0.00368395
0.00368315
0.0036804
0.00367965
0.00367685
0.00367618
0.0036733
0.00367272
0.00366976
0.00366928
0.00366625
0.00366584
0.00366277
0.00366241
0.00365934
0.003659
0.00365596
0.00365561
0.00365264
0.00365226
0.00364937
0.00364898
0.00364611
0.00364581
0.00364286
0.00364275
0.00363965
0.00363974
0.00363654
0.00363673
0.00363353
0.00363374
0.00363058
0.0036308
0.00362774
0.00362781
0.0036255
0.00362353
0.00362211
0.00362072
0.00361873
0.00468485
0.00456805
0.00486583
0.0048717
0.00524009
0.00533347
0.00578032
0.00644889
0.00654679
0.00797879
0.00434726
0.00443677
0.00450465
0.00470415
0.00472266
0.00510995
0.00511712
0.00578682
0.00594498
0.00664193
0.00421763
0.00428488
0.00432703
0.00445762
0.00451229
0.00474145
0.00483504
0.00520229
0.0053944
0.00584477
0.00412441
0.00417128
0.00420365
0.0042847
0.00433363
0.00447762
0.00456094
0.00480868
0.00495715
0.00530914
0.00406593
0.00410335
0.00412647
0.00418209
0.00421606
0.00430825
0.00436551
0.0045281
0.0046314
0.00490981
0.00400652
0.00403871
0.00405798
0.00410353
0.00412957
0.00419581
0.00423503
0.00434174
0.00440961
0.00462065
0.00396238
0.00398685
0.00400181
0.00403848
0.00405895
0.00411004
0.00413888
0.00421379
0.00425912
0.00440888
0.00392808
0.00394824
0.00395943
0.00398859
0.00400411
0.00404377
0.00406532
0.00412048
0.00415204
0.00425323
0.00389672
0.00391241
0.00392554
0.00394892
0.00396069
0.00399117
0.00400768
0.00404937
0.00407244
0.00414052
0.00387381
0.00388409
0.00389755
0.00391245
0.00392715
0.00394939
0.00396183
0.00399323
0.00401035
0.00405773
0.00385653
0.00386215
0.00387538
0.0038834
0.00389994
0.00391342
0.00392816
0.00394964
0.00396223
0.00399723
0.00383992
0.00384702
0.00385541
0.00386464
0.00387476
0.0038861
0.00389947
0.0039143
0.00392725
0.0039518
0.00382807
0.0038317
0.00384172
0.00384585
0.00385846
0.00386256
0.00387799
0.00388241
0.00390297
0.00391518
0.00381794
0.00381955
0.0038293
0.00383177
0.00384276
0.0038462
0.0038577
0.00386265
0.00387805
0.00388733
0.00380958
0.0038106
0.00381902
0.00382103
0.00383001
0.00383301
0.00384202
0.00384602
0.00385188
0.00386456
0.00380227
0.00380417
0.00381024
0.00381337
0.00381937
0.00382359
0.00382902
0.00383421
0.00383714
0.00384599
0.00379544
0.00379963
0.00380235
0.00380769
0.0038103
0.00381636
0.00381857
0.00382493
0.00382671
0.00383264
0.00379082
0.00379526
0.00379703
0.00380207
0.00380417
0.00380928
0.00381147
0.0038162
0.00381833
0.00382241
0.00378807
0.00379192
0.00379365
0.00379785
0.00379996
0.00380407
0.00380624
0.00380993
0.0038119
0.00381499
0.00377827
0.0037802
0.00378125
0.00378347
0.00378481
0.00378708
0.00378838
0.00379046
0.00379148
0.00379321
0.00438563
0.00465898
0.00482151
0.0053777
0.00608307
0.0071889
0.0088655
0.0130329
0.0406327
0.00929507
0.00437805
0.00466501
0.0048545
0.00537509
0.00588554
0.00680813
0.00863614
0.0123872
0.0384465
0.0090463
0.00440795
0.00468313
0.0048975
0.00553795
0.00639179
0.00735906
0.00879552
0.0125923
0.0353007
0.00893128
0.00438486
0.00462849
0.00485758
0.00536065
0.00606326
0.00722684
0.00909218
0.0119995
0.0330005
0.00860955
0.00448197
0.00475055
0.00503842
0.00572682
0.00651379
0.00740746
0.0091179
0.0128773
0.0314247
0.00845296
0.00441456
0.00464975
0.00488645
0.00545771
0.00653567
0.00795292
0.00971727
0.0123749
0.0313598
0.00816023
0.00458271
0.00484809
0.00520908
0.00596162
0.00659096
0.00794353
0.00975767
0.0137797
0.0309123
0.00804795
0.00448624
0.0047097
0.00498316
0.00572386
0.00687193
0.00878162
0.0106934
0.0136498
0.0297182
0.00780855
0.00473808
0.00502381
0.0054767
0.00619007
0.00690789
0.00912707
0.0105653
0.015528
0.0298013
0.00773519
0.00460003
0.00482523
0.00519295
0.00613851
0.00719434
0.00937185
0.0119138
0.0162435
0.0266209
0.0074447
0.0043838
0.00429393
0.00459649
0.00461782
0.00541215
0.00624976
0.0100258
0.0127862
0.0493484
0.0119265
0.00429642
0.00435065
0.00465453
0.00459647
0.00522154
0.0061683
0.00848752
0.0112965
0.0473953
0.0112223
0.00434826
0.00442741
0.00475353
0.00486576
0.00536122
0.00658447
0.00909823
0.0121382
0.0477701
0.0108945
0.00437575
0.00447912
0.00478393
0.00497358
0.00546248
0.00712589
0.00829402
0.0126047
0.0536216
0.0110713
0.00439386
0.00453456
0.00481042
0.0050206
0.00553479
0.00698005
0.0085846
0.0130587
0.0547896
0.0109299
0.00439371
0.00456799
0.00479557
0.00506738
0.00565846
0.00688487
0.00885594
0.0138238
0.054687
0.01075
0.00438949
0.00457221
0.00483848
0.00510529
0.00574348
0.00674497
0.00884131
0.0138913
0.0527384
0.0103626
0.00438461
0.00458978
0.00483531
0.00519933
0.0057875
0.00672924
0.00837748
0.0139228
0.0497164
0.0101043
0.00437006
0.0046022
0.00481892
0.00522636
0.0058508
0.00691004
0.0088097
0.0142463
0.0444701
0.0096919
0.00438373
0.00460974
0.00484347
0.00530682
0.0057806
0.00667587
0.00836739
0.0132682
0.0434496
0.00951985
0.00494047
0.00485488
0.00478479
0.0047258
0.00467503
0.00463058
0.00459108
0.00455561
0.00452339
0.00449395
0.00446678
0.00444167
0.0044182
0.00439632
0.00437568
0.00435631
0.00433789
0.00432053
0.00430391
0.00428819
0.00427304
0.0042587
0.00424478
0.0042316
0.00421872
0.00420655
0.00419456
0.00418326
0.00417205
0.0041615
0.00415097
0.0041411
0.00413116
0.00412189
0.00411248
0.00410375
0.00409481
0.00408658
0.00407805
0.00407027
0.00406211
0.00405476
0.00404692
0.00403996
0.0040324
0.00402582
0.00401852
0.00401228
0.00400521
0.0039993
0.00399243
0.00398683
0.00398016
0.00397485
0.00396834
0.00396331
0.00395696
0.0039522
0.00394599
0.00394148
0.00393541
0.00393114
0.00392522
0.00392114
0.00391539
0.0039115
0.00390592
0.00390221
0.00389679
0.00389328
0.00388801
0.00388473
0.00387956
0.00387663
0.00387145
0.00386902
0.00386373
0.00386198
0.00385647
0.0038556
0.00384983
0.00384999
0.00384408
0.00384532
0.00383965
0.00384189
0.00383718
0.00384037
0.00383743
0.00384221
0.00384167
0.00385047
0.00385215
0.00386694
0.00387901
0.00391896
0.00393844
0.00403147
0.00409904
0.00423477
0.00494044
0.00485478
0.00478464
0.00472562
0.00467481
0.00463035
0.00459083
0.00455535
0.00452311
0.00449367
0.00446649
0.00444136
0.0044179
0.00439601
0.00437537
0.00435599
0.00433757
0.00432021
0.00430358
0.00428786
0.00427272
0.00425837
0.00424445
0.00423126
0.0042184
0.0042062
0.00419424
0.00418291
0.00417172
0.00416115
0.00415064
0.00414074
0.00413084
0.00412153
0.00411216
0.00410339
0.00409449
0.00408621
0.00407774
0.0040699
0.0040618
0.00405437
0.00404661
0.00403957
0.0040321
0.00402542
0.00401822
0.00401188
0.00400491
0.0039989
0.00399214
0.00398643
0.00397987
0.00397444
0.00396806
0.00396289
0.00395669
0.00395177
0.00394573
0.00394104
0.00393516
0.00393069
0.00392497
0.0039207
0.00391513
0.00391108
0.00390564
0.00390182
0.00389646
0.00389295
0.0038876
0.00388451
0.00387905
0.00387652
0.00387085
0.00386898
0.0038631
0.00386191
0.00385596
0.00385536
0.00384956
0.00384951
0.00384404
0.00384471
0.00383969
0.00384137
0.00383708
0.00384007
0.00383734
0.00384197
0.00384206
0.00384992
0.00385381
0.00386776
0.00387958
0.00390696
0.00396463
0.00397675
0.00406624
0.00421618
0.0049404
0.00485459
0.00478435
0.00472524
0.00467439
0.00462988
0.00459033
0.00455481
0.00452257
0.00449309
0.00446592
0.00444076
0.0044173
0.00439538
0.00437475
0.00435535
0.00433695
0.00431955
0.00430295
0.0042872
0.00427208
0.00425769
0.00424381
0.00423058
0.00421775
0.00420551
0.00419359
0.0041822
0.00417108
0.00416044
0.00415
0.00414002
0.0041302
0.0041208
0.00411152
0.00410265
0.00409386
0.00408547
0.00407711
0.00406915
0.00406118
0.00405361
0.00404599
0.0040388
0.00403149
0.00402464
0.00401762
0.00401109
0.00400433
0.00399809
0.00399157
0.0039856
0.00397932
0.00397359
0.00396753
0.00396203
0.00395617
0.00395089
0.00394523
0.00394015
0.00393468
0.0039298
0.00392449
0.00391981
0.00391466
0.00391018
0.00390517
0.00390092
0.00389602
0.00389204
0.0038872
0.00388355
0.00387873
0.00387546
0.00387068
0.0038678
0.00386311
0.00386059
0.00385615
0.00385392
0.00384992
0.003848
0.00384458
0.00384313
0.00384042
0.00383975
0.00383801
0.00383852
0.00383842
0.00384068
0.00384329
0.00384878
0.00385552
0.00386645
0.00388186
0.00391857
0.00394285
0.00399784
0.00405597
0.00420095
0.00494033
0.00485429
0.0047839
0.00472469
0.00467375
0.00462917
0.00458958
0.00455402
0.00452175
0.00449224
0.00446505
0.00443987
0.00441641
0.00439446
0.00437383
0.0043544
0.00433601
0.00431858
0.004302
0.00428621
0.00427112
0.00425669
0.00424285
0.00422956
0.00421679
0.00420448
0.00419262
0.00418117
0.0041701
0.00415939
0.00414903
0.00413897
0.00412922
0.00411974
0.00411055
0.00410159
0.00409289
0.00408439
0.00407614
0.00406806
0.00406022
0.00405252
0.00404504
0.00403769
0.00403055
0.00402352
0.00401669
0.00400996
0.00400341
0.00399694
0.00399067
0.00398444
0.00397843
0.00397242
0.00396665
0.00396085
0.00395531
0.00394969
0.00394438
0.00393894
0.00393384
0.00392857
0.00392368
0.00391857
0.00391386
0.00390893
0.00390439
0.00389966
0.00389526
0.00389077
0.00388646
0.00388226
0.00387803
0.00387415
0.00387003
0.00386644
0.00386255
0.00385915
0.0038557
0.00385242
0.00384958
0.00384645
0.00384433
0.00384155
0.0038403
0.00383813
0.00383804
0.0038369
0.00383861
0.00383911
0.00384372
0.00384729
0.00385636
0.00386509
0.00388323
0.00391941
0.00394347
0.0040067
0.00407007
0.00418478
0.00494024
0.00485391
0.00478332
0.00472395
0.00467291
0.00462824
0.0045886
0.00455297
0.00452067
0.00449111
0.00446391
0.00443868
0.00441522
0.00439323
0.00437262
0.00435314
0.00433477
0.0043173
0.00430075
0.00428491
0.00426985
0.00425537
0.00424157
0.00422823
0.0042155
0.00420314
0.00419133
0.00417982
0.00416881
0.00415803
0.00414773
0.0041376
0.00412793
0.00411836
0.00410926
0.0041002
0.0040916
0.00408299
0.00407485
0.00406665
0.00405893
0.0040511
0.00404376
0.00403627
0.00402928
0.00402209
0.00401543
0.00400851
0.00400216
0.00399548
0.00398943
0.00398297
0.0039772
0.00397094
0.00396544
0.00395935
0.00395411
0.00394819
0.0039432
0.00393742
0.00393269
0.00392703
0.00392255
0.00391701
0.00391278
0.00390734
0.00390336
0.00389803
0.0038943
0.00388909
0.00388559
0.00388054
0.00387726
0.00387239
0.00386936
0.00386466
0.00386196
0.00385742
0.00385519
0.00385076
0.00384916
0.00384487
0.00384409
0.00384004
0.0038403
0.00383673
0.00383839
0.00383565
0.00383941
0.00383813
0.00384524
0.00384673
0.00385886
0.00386521
0.00388742
0.00391218
0.00396368
0.00397289
0.00408307
0.00417847
0.00494013
0.00485343
0.00478259
0.00472303
0.00467187
0.00462709
0.00458737
0.00455167
0.00451933
0.00448972
0.0044625
0.00443723
0.00441375
0.00439172
0.00437111
0.0043516
0.00433324
0.00431573
0.00429919
0.00428331
0.00426828
0.00425375
0.00423998
0.0042266
0.0042139
0.00420149
0.00418973
0.00417816
0.0041672
0.00415636
0.00414612
0.00413592
0.00412632
0.00411667
0.00410765
0.0040985
0.00408999
0.00408128
0.00407325
0.00406494
0.00405734
0.00404937
0.00404218
0.00403453
0.0040277
0.00402034
0.00401386
0.00400674
0.0040006
0.00399371
0.00398788
0.00398119
0.00397567
0.00396914
0.00396392
0.00395754
0.00395261
0.00394635
0.00394173
0.00393557
0.00393124
0.00392515
0.00392113
0.0039151
0.0039114
0.00390539
0.00390203
0.00389603
0.00389303
0.00388703
0.0038844
0.0038784
0.00387616
0.00387016
0.00386834
0.00386237
0.00386101
0.00385507
0.00385429
0.00384837
0.00384832
0.00384241
0.00384334
0.00383748
0.00383971
0.00383402
0.00383798
0.0038328
0.00383923
0.00383514
0.0038454
0.00384365
0.00385956
0.00386225
0.00388898
0.00391829
0.0039379
0.00400935
0.00405912
0.00419344
0.00494
0.00485286
0.00478172
0.00472195
0.00467063
0.00462573
0.00458592
0.00455014
0.00451774
0.00448807
0.00446082
0.0044355
0.00441201
0.00438994
0.00436932
0.00434977
0.00433141
0.00431387
0.00429734
0.00428143
0.00426641
0.00425185
0.0042381
0.00422468
0.00421201
0.00419956
0.00418783
0.00417621
0.0041653
0.0041544
0.00414421
0.00413395
0.00412441
0.00411469
0.00410574
0.00409651
0.00408808
0.00407929
0.00407134
0.00406294
0.00405543
0.00404737
0.00404028
0.00403251
0.00402581
0.00401832
0.00401197
0.00400472
0.00399872
0.00399168
0.00398601
0.00397915
0.00397381
0.0039671
0.00396208
0.00395549
0.00395079
0.00394431
0.00393992
0.00393352
0.00392945
0.0039231
0.00391937
0.00391305
0.00390967
0.00390335
0.00390034
0.00389401
0.0038914
0.00388502
0.00388284
0.00387641
0.0038747
0.00386822
0.003867
0.00386051
0.00385982
0.00385333
0.00385328
0.0038468
0.00384757
0.00384108
0.00384294
0.00383647
0.00383979
0.00383344
0.00383875
0.00383281
0.00384093
0.00383598
0.00384828
0.0038449
0.00386316
0.00386399
0.00389365
0.00392321
0.00395099
0.00400536
0.00408228
0.00420396
0.00493985
0.0048522
0.00478072
0.0047207
0.00466921
0.00462416
0.00458425
0.00454837
0.00451592
0.00448618
0.00445889
0.00443352
0.00441001
0.0043879
0.00436727
0.00434768
0.00432932
0.00431174
0.00429522
0.00427927
0.00426427
0.00424967
0.00423594
0.00422248
0.00420984
0.00419734
0.00418565
0.00417398
0.00416312
0.00415216
0.00414203
0.0041317
0.00412223
0.00411244
0.00410356
0.00409425
0.00408591
0.00407702
0.00406917
0.00406065
0.00405327
0.00404507
0.00403812
0.00403021
0.00402366
0.004016
0.00400984
0.0040024
0.00399661
0.00398934
0.00398391
0.0039768
0.00397173
0.00396473
0.00396001
0.0039531
0.00394875
0.00394189
0.0039379
0.00393108
0.00392746
0.00392063
0.00391742
0.00391054
0.00390775
0.00390079
0.00389846
0.00389138
0.00388955
0.00388231
0.00388103
0.0038736
0.00387292
0.00386527
0.00386526
0.00385737
0.00385812
0.00384995
0.0038516
0.0038431
0.00384589
0.00383697
0.00384121
0.0038318
0.00383796
0.00382806
0.00383675
0.0038265
0.00383869
0.00382846
0.00384617
0.00383751
0.00386356
0.00385819
0.00389875
0.00392164
0.003946
0.00402266
0.00408409
0.00422274
0.00493967
0.00485146
0.0047796
0.0047193
0.0046676
0.00462239
0.00458236
0.00454639
0.00451386
0.00448406
0.00445672
0.0044313
0.00440775
0.00438561
0.00436496
0.00434534
0.00432697
0.00430937
0.00429284
0.00427687
0.00426187
0.00424724
0.00423353
0.00422004
0.00420742
0.00419489
0.00418322
0.00417152
0.00416068
0.00414969
0.00413959
0.00412922
0.00411979
0.00410996
0.00410112
0.00409176
0.00408348
0.00407453
0.00406675
0.00405817
0.00405086
0.00404259
0.00403572
0.00402773
0.00402127
0.00401352
0.00400746
0.00399991
0.00399424
0.00398686
0.00398157
0.00397432
0.0039694
0.00396225
0.00395771
0.00395063
0.00394648
0.00393943
0.00393567
0.00392862
0.00392527
0.0039182
0.00391528
0.00390814
0.00390569
0.00389843
0.0038965
0.00388909
0.00388772
0.00388013
0.00387938
0.00387157
0.00387151
0.00386346
0.00386418
0.00385586
0.00385749
0.00384888
0.00385159
0.00384265
0.00384671
0.00383739
0.00384316
0.00383339
0.00384101
0.00383071
0.00384114
0.00383049
0.00384472
0.00383402
0.00385375
0.0038436
0.00387143
0.00386517
0.00390813
0.00393053
0.00395474
0.0040225
0.00408922
0.00423179
0.00493948
0.00485064
0.00477835
0.00471775
0.00466584
0.00462046
0.00458031
0.00454424
0.00451164
0.00448177
0.00445438
0.00442892
0.00440535
0.00438317
0.00436251
0.00434286
0.00432449
0.00430686
0.00429034
0.00427434
0.00425935
0.00424471
0.004231
0.0042175
0.00420489
0.00419235
0.00418069
0.00416898
0.00415816
0.00414715
0.00413708
0.00412669
0.00411728
0.00410742
0.00409862
0.00408923
0.00408098
0.00407201
0.00406426
0.00405565
0.00404837
0.00404007
0.00403323
0.00402521
0.00401879
0.00401101
0.00400499
0.0039974
0.00399177
0.00398435
0.0039791
0.00397181
0.00396693
0.00395974
0.00395524
0.00394811
0.003944
0.0039369
0.00393318
0.00392609
0.00392277
0.00391564
0.00391275
0.00390555
0.00390311
0.00389581
0.00389388
0.00388642
0.00388505
0.0038774
0.00387664
0.00386875
0.00386868
0.00386052
0.00386123
0.00385276
0.00385438
0.00384556
0.00384824
0.003839
0.00384305
0.00383335
0.00383916
0.00382908
0.00383749
0.00382729
0.0038386
0.00382875
0.00384388
0.00383543
0.00385587
0.00385087
0.00387619
0.00387759
0.00391321
0.00394439
0.00397596
0.00404303
0.00412077
0.00426578
0.00493939
0.00485028
0.00477782
0.00471709
0.00466509
0.00461964
0.00457945
0.00454333
0.0045107
0.0044808
0.0044534
0.00442792
0.00440434
0.00438214
0.00436148
0.00434181
0.00432344
0.00430579
0.00428928
0.00427326
0.00425828
0.00424361
0.00422993
0.00421639
0.00420381
0.00419123
0.00417961
0.00416785
0.00415707
0.00414602
0.00413599
0.00412554
0.00411619
0.00410627
0.00409753
0.00408808
0.00407989
0.00407084
0.00406317
0.00405448
0.00404729
0.00403889
0.00403217
0.00402403
0.00401773
0.00400982
0.00400394
0.0039962
0.00399074
0.00398314
0.00397808
0.0039706
0.00396592
0.00395852
0.00395425
0.00394689
0.00394302
0.00393568
0.00393222
0.00392486
0.00392183
0.00391441
0.00391182
0.00390431
0.0039022
0.00389457
0.00389295
0.00388515
0.00388407
0.00387608
0.00387558
0.00386736
0.00386752
0.00385904
0.00385992
0.00385113
0.00385285
0.00384373
0.00384646
0.00383698
0.00384088
0.00383103
0.00383633
0.00382618
0.00383321
0.00382298
0.00383221
0.00382232
0.0038345
0.00382578
0.00384228
0.00383638
0.00386097
0.00386231
0.00390283
0.00391891
0.00395914
0.00401726
0.00409005
0.00423367
0.00493939
0.00485028
0.00477781
0.00471708
0.00466508
0.00461964
0.00457944
0.00454332
0.00451068
0.00448079
0.00445338
0.0044279
0.00440431
0.00438212
0.00436144
0.00434179
0.0043234
0.00430576
0.00428923
0.00427323
0.00425823
0.00424358
0.00422987
0.00421635
0.00420374
0.00419119
0.00417954
0.00416781
0.00415699
0.00414598
0.0041359
0.0041255
0.00411609
0.00410623
0.00409742
0.00408804
0.00407978
0.00407081
0.00406305
0.00405444
0.00404716
0.00403886
0.00403202
0.004024
0.00401758
0.00400979
0.00400377
0.00399619
0.00399055
0.00398314
0.00397788
0.00397061
0.00396571
0.00395855
0.00395402
0.00394694
0.00394278
0.00393575
0.00393196
0.00392497
0.00392156
0.00391457
0.00391155
0.00390454
0.00390193
0.00389489
0.0038927
0.00388561
0.00388388
0.00387672
0.00387545
0.00386823
0.00386748
0.00386018
0.00386
0.00385265
0.00385311
0.00384572
0.00384689
0.00383954
0.0038415
0.0038343
0.00383714
0.00383031
0.00383409
0.00382798
0.0038328
0.00382803
0.00383396
0.00383163
0.0038388
0.00384112
0.00384957
0.00386228
0.00387259
0.00390563
0.00393061
0.00397448
0.00401073
0.00417918
0.00493939
0.00485028
0.00477781
0.00471709
0.00466507
0.00461964
0.00457943
0.00454333
0.00451068
0.00448079
0.00445337
0.00442791
0.0044043
0.00438213
0.00436142
0.0043418
0.00432338
0.00430578
0.0042892
0.00427325
0.0042582
0.0042436
0.00422983
0.00421638
0.0042037
0.00419122
0.00417949
0.00416784
0.00415694
0.00414602
0.00413584
0.00412555
0.00411602
0.00410629
0.00409734
0.0040881
0.00407968
0.00407088
0.00406294
0.00405453
0.00404703
0.00403896
0.00403188
0.00402411
0.00401742
0.00400992
0.00400359
0.00399634
0.00399034
0.00398331
0.00397763
0.0039708
0.00396543
0.00395876
0.00395369
0.00394718
0.0039424
0.00393603
0.00393152
0.00392528
0.00392103
0.00391491
0.00391092
0.00390492
0.00390118
0.0038953
0.0038918
0.00388604
0.00388278
0.00387717
0.00387416
0.00386871
0.00386594
0.00386072
0.00385817
0.00385326
0.0038509
0.00384641
0.00384421
0.00384035
0.00383823
0.00383528
0.00383314
0.00383155
0.0038292
0.00382965
0.00382679
0.00383033
0.00382671
0.0038347
0.00382982
0.00384443
0.00383827
0.00385975
0.00386033
0.00388655
0.00391163
0.00394106
0.00397355
0.00406726
0.00493939
0.00485028
0.00477781
0.00471709
0.00466507
0.00461964
0.00457942
0.00454333
0.00451067
0.0044808
0.00445336
0.00442792
0.00440428
0.00438214
0.00436141
0.00434181
0.00432336
0.0043058
0.00428918
0.00427327
0.00425817
0.00424363
0.0042298
0.00421641
0.00420367
0.00419126
0.00417945
0.00416789
0.00415689
0.00414607
0.00413578
0.00412561
0.00411595
0.00410636
0.00409727
0.00408818
0.0040796
0.00407097
0.00406285
0.00405463
0.00404692
0.00403908
0.00403175
0.00402425
0.00401727
0.00401007
0.00400342
0.00399651
0.00399016
0.0039835
0.00397743
0.00397101
0.0039652
0.00395901
0.00395344
0.00394746
0.00394212
0.00393633
0.00393121
0.00392562
0.0039207
0.00391529
0.00391057
0.00390534
0.00390081
0.00389577
0.00389142
0.00388657
0.00388241
0.00387776
0.00387379
0.00386936
0.00386557
0.00386139
0.0038578
0.00385393
0.00385055
0.00384704
0.00384392
0.00384084
0.00383807
0.00383548
0.00383323
0.00383116
0.00382975
0.00382815
0.00382824
0.00382681
0.00382938
0.00382758
0.00383468
0.00383125
0.0038468
0.00383848
0.00386649
0.00385956
0.00389762
0.00391368
0.00395334
0.00399864
0.00493939
0.00485028
0.0047778
0.00471709
0.00466507
0.00461965
0.00457942
0.00454333
0.00451067
0.00448081
0.00445335
0.00442792
0.00440428
0.00438215
0.0043614
0.00434182
0.00432335
0.0043058
0.00428917
0.00427328
0.00425816
0.00424364
0.00422979
0.00421643
0.00420365
0.00419128
0.00417943
0.00416791
0.00415687
0.00414609
0.00413576
0.00412563
0.00411593
0.00410638
0.00409724
0.00408821
0.00407957
0.004071
0.00406282
0.00405466
0.0040469
0.00403911
0.00403173
0.00402428
0.00401725
0.0040101
0.0040034
0.00399653
0.00399013
0.00398352
0.00397741
0.00397103
0.00396518
0.00395902
0.00395343
0.00394746
0.00394211
0.00393632
0.00393121
0.00392559
0.00392071
0.00391524
0.0039106
0.00390526
0.00390086
0.00389565
0.00389149
0.00388641
0.00388249
0.00387753
0.0038739
0.00386905
0.00386572
0.003861
0.003858
0.00385341
0.00385081
0.00384638
0.00384425
0.00384001
0.00383846
0.00383445
0.00383364
0.00382993
0.00383003
0.00382678
0.00382794
0.00382551
0.00382784
0.00382695
0.00383044
0.00383272
0.00383577
0.00384678
0.0038432
0.00386832
0.00386359
0.0039012
0.00392658
0.00395006
0.00493939
0.00485028
0.0047778
0.00471709
0.00466507
0.00461965
0.00457942
0.00454334
0.00451066
0.00448081
0.00445335
0.00442792
0.00440427
0.00438215
0.0043614
0.00434183
0.00432335
0.00430581
0.00428917
0.00427329
0.00425815
0.00424365
0.00422978
0.00421644
0.00420364
0.00419129
0.00417942
0.00416792
0.00415686
0.0041461
0.00413575
0.00412565
0.00411592
0.0041064
0.00409722
0.00408823
0.00407955
0.00407102
0.0040628
0.00405469
0.00404687
0.00403914
0.0040317
0.00402431
0.00401721
0.00401015
0.00400336
0.00399658
0.00399009
0.00398358
0.00397736
0.0039711
0.00396512
0.0039591
0.00395336
0.00394755
0.00394203
0.00393642
0.00393112
0.00392571
0.00392061
0.00391538
0.00391047
0.00390542
0.00390071
0.00389584
0.00389131
0.00388663
0.00388228
0.0038778
0.00387363
0.00386937
0.00386539
0.00386139
0.00385758
0.00385389
0.00385027
0.00384697
0.00384352
0.00384074
0.00383744
0.00383533
0.00383218
0.00383097
0.00382795
0.00382796
0.00382505
0.00382683
0.00382392
0.00382821
0.00382458
0.00383277
0.00382964
0.00384063
0.0038438
0.00385163
0.00386672
0.00387021
0.00390937
0.0039294
0.00493938
0.00485028
0.0047778
0.00471709
0.00466506
0.00461965
0.00457942
0.00454334
0.00451066
0.00448081
0.00445335
0.00442792
0.00440427
0.00438215
0.00436139
0.00434183
0.00432335
0.00430581
0.00428916
0.00427329
0.00425815
0.00424365
0.00422978
0.00421644
0.00420364
0.00419129
0.00417941
0.00416793
0.00415685
0.00414611
0.00413574
0.00412566
0.00411591
0.00410642
0.00409721
0.00408825
0.00407954
0.00407105
0.00406278
0.00405471
0.00404685
0.00403917
0.00403167
0.00402435
0.00401718
0.00401019
0.00400332
0.00399664
0.00399004
0.00398364
0.0039773
0.00397117
0.00396505
0.00395918
0.00395328
0.00394764
0.00394194
0.00393653
0.00393101
0.00392583
0.00392047
0.00391552
0.00391032
0.00390559
0.00390053
0.00389603
0.00389111
0.00388683
0.00388205
0.00387802
0.00387338
0.00386961
0.00386511
0.00386163
0.00385728
0.00385412
0.00384996
0.00384716
0.00384322
0.00384082
0.0038372
0.00383523
0.00383206
0.00383051
0.00382804
0.00382679
0.00382547
0.00382416
0.00382506
0.0038229
0.00382792
0.00382298
0.00383436
0.00382482
0.00384495
0.00383363
0.00386099
0.00385132
0.00388556
0.00390316
0.00493938
0.00485028
0.0047778
0.00471709
0.00466506
0.00461964
0.00457942
0.00454333
0.00451066
0.0044808
0.00445335
0.00442792
0.00440428
0.00438214
0.0043614
0.00434182
0.00432335
0.0043058
0.00428917
0.00427328
0.00425816
0.00424364
0.00422979
0.00421643
0.00420366
0.00419128
0.00417943
0.00416791
0.00415687
0.00414609
0.00413577
0.00412563
0.00411594
0.00410638
0.00409725
0.00408821
0.00407958
0.004071
0.00406283
0.00405466
0.00404691
0.00403911
0.00403174
0.00402428
0.00401726
0.00401011
0.00400341
0.00399654
0.00399015
0.00398353
0.00397743
0.00397104
0.0039652
0.00395902
0.00395345
0.00394746
0.00394214
0.00393632
0.00393125
0.00392558
0.00392075
0.00391523
0.00391065
0.00390524
0.00390092
0.00389561
0.00389157
0.00388633
0.0038826
0.00387742
0.00387403
0.00386889
0.00386589
0.00386075
0.00385822
0.00385305
0.00385109
0.00384584
0.00384457
0.0038392
0.0038388
0.00383322
0.00383396
0.00382802
0.00383024
0.00382378
0.00382791
0.00382071
0.00382698
0.00381889
0.00382813
0.00381969
0.00383108
0.00382464
0.00383572
0.00383311
0.00384433
0.00384815
0.00386281
0.00387836
0.00493938
0.00485028
0.0047778
0.00471709
0.00466506
0.00461964
0.00457942
0.00454333
0.00451066
0.0044808
0.00445336
0.00442792
0.00440428
0.00438214
0.0043614
0.00434181
0.00432336
0.0043058
0.00428918
0.00427327
0.00425817
0.00424363
0.0042298
0.00421641
0.00420367
0.00419126
0.00417945
0.00416789
0.0041569
0.00414607
0.00413579
0.00412561
0.00411597
0.00410635
0.00409729
0.00408817
0.00407963
0.00407095
0.00406289
0.00405461
0.00404697
0.00403905
0.00403182
0.0040242
0.00401735
0.00401002
0.00400352
0.00399643
0.00399027
0.00398341
0.00397757
0.00397089
0.00396536
0.00395886
0.00395364
0.00394727
0.00394235
0.0039361
0.00393149
0.00392533
0.00392103
0.00391494
0.00391096
0.00390491
0.00390127
0.00389524
0.00389196
0.00388592
0.00388304
0.00387696
0.00387451
0.00386837
0.00386641
0.00386019
0.00385877
0.00385244
0.00385165
0.0038452
0.00384511
0.00383854
0.00383924
0.00383258
0.00383414
0.00382745
0.00382992
0.00382335
0.0038267
0.00382054
0.00382459
0.00381942
0.0038236
0.00382007
0.00382432
0.00382302
0.00382792
0.00382866
0.00383451
0.00383816
0.00384435
0.00385796
0.00493938
0.00485028
0.0047778
0.00471709
0.00466506
0.00461964
0.00457941
0.00454333
0.00451066
0.0044808
0.00445335
0.00442792
0.00440427
0.00438214
0.0043614
0.00434182
0.00432335
0.0043058
0.00428917
0.00427328
0.00425816
0.00424364
0.00422979
0.00421643
0.00420366
0.00419128
0.00417944
0.00416791
0.00415688
0.00414609
0.00413577
0.00412563
0.00411595
0.00410638
0.00409727
0.0040882
0.0040796
0.00407099
0.00406285
0.00405464
0.00404694
0.00403909
0.00403178
0.00402425
0.00401731
0.00401007
0.00400347
0.00399649
0.00399022
0.00398347
0.0039775
0.00397097
0.00396529
0.00395894
0.00395356
0.00394737
0.00394226
0.00393621
0.00393138
0.00392546
0.00392091
0.00391508
0.00391081
0.00390508
0.0039011
0.00389543
0.00389175
0.00388615
0.00388279
0.00387724
0.0038742
0.00386871
0.00386603
0.0038606
0.00385829
0.00385295
0.00385103
0.00384582
0.00384432
0.00383929
0.00383823
0.00383348
0.00383285
0.00382851
0.0038283
0.00382454
0.00382468
0.00382177
0.00382212
0.00382035
0.00382075
0.00382013
0.00382067
0.00382114
0.00382218
0.00382448
0.00382595
0.0038307
0.00382993
0.00384497
0.00493938
0.00485028
0.00477779
0.00471709
0.00466506
0.00461965
0.00457941
0.00454334
0.00451065
0.00448081
0.00445334
0.00442793
0.00440426
0.00438216
0.00436138
0.00434184
0.00432333
0.00430583
0.00428915
0.00427331
0.00425813
0.00424368
0.00422976
0.00421647
0.00420361
0.00419132
0.00417939
0.00416796
0.00415682
0.00414615
0.00413571
0.0041257
0.00411587
0.00410646
0.00409718
0.0040883
0.0040795
0.0040711
0.00406274
0.00405477
0.00404681
0.00403923
0.00403163
0.00402441
0.00401714
0.00401025
0.00400328
0.0039967
0.00399001
0.0039837
0.00397727
0.00397122
0.00396503
0.00395923
0.00395327
0.00394768
0.00394193
0.00393657
0.00393102
0.00392585
0.0039205
0.00391552
0.00391036
0.00390557
0.00390059
0.00389598
0.00389118
0.00388676
0.00388214
0.00387792
0.00387348
0.00386947
0.00386521
0.00386145
0.00385737
0.00385389
0.00384999
0.00384685
0.00384314
0.00384042
0.00383688
0.00383469
0.0038313
0.00382977
0.0038265
0.00382573
0.00382257
0.00382264
0.00381961
0.00382076
0.00381765
0.00382038
0.00381669
0.00382104
0.00381672
0.00382245
0.00381816
0.00382586
0.00382199
0.00383175
0.00493938
0.00485028
0.00477779
0.00471709
0.00466505
0.00461965
0.0045794
0.00454335
0.00451064
0.00448082
0.00445332
0.00442795
0.00440424
0.00438218
0.00436136
0.00434186
0.0043233
0.00430586
0.00428911
0.00427335
0.00425809
0.00424372
0.00422971
0.00421652
0.00420356
0.00419138
0.00417932
0.00416803
0.00415675
0.00414623
0.00413562
0.0041258
0.00411578
0.00410657
0.00409707
0.00408842
0.00407938
0.00407124
0.0040626
0.00405493
0.00404665
0.00403941
0.00403145
0.00402461
0.00401694
0.00401047
0.00400306
0.00399695
0.00398975
0.00398398
0.00397699
0.00397153
0.00396472
0.00395957
0.00395291
0.00394807
0.00394154
0.00393699
0.00393058
0.00392632
0.00392001
0.00391604
0.00390982
0.00390614
0.00389999
0.00389661
0.00389052
0.00388746
0.00388142
0.00387868
0.00387268
0.0038703
0.00386433
0.00386235
0.0038564
0.00385486
0.00384893
0.00384789
0.00384198
0.00384151
0.00383561
0.0038358
0.00382992
0.00383084
0.00382498
0.00382672
0.00382085
0.00382346
0.00381756
0.00382103
0.00381514
0.00381936
0.00381367
0.00381888
0.00381312
0.00381896
0.00381348
0.00381972
0.00381548
0.00382246
0.00493937
0.00485029
0.00477779
0.0047171
0.00466504
0.00461966
0.00457939
0.00454335
0.00451063
0.00448083
0.00445331
0.00442796
0.00440423
0.0043822
0.00436134
0.00434188
0.00432328
0.00430588
0.00428909
0.00427337
0.00425806
0.00424375
0.00422967
0.00421656
0.00420352
0.00419143
0.00417928
0.00416809
0.00415669
0.0041463
0.00413556
0.00412587
0.0041157
0.00410665
0.00409698
0.00408851
0.00407928
0.00407134
0.00406249
0.00405505
0.00404653
0.00403954
0.00403131
0.00402476
0.00401679
0.00401064
0.00400289
0.00399713
0.00398956
0.00398419
0.00397677
0.00397177
0.00396448
0.00395983
0.00395265
0.00394835
0.00394125
0.0039373
0.00393027
0.00392666
0.00391967
0.00391641
0.00390945
0.00390654
0.00389959
0.00389704
0.00389008
0.00388792
0.00388094
0.00387917
0.00387217
0.00387082
0.00386379
0.00386289
0.00385584
0.00385541
0.00384835
0.00384843
0.00384138
0.00384202
0.003835
0.00383623
0.0038293
0.00383115
0.00382434
0.00382681
0.00382018
0.00382324
0.00381683
0.00382037
0.00381425
0.00381798
0.00381233
0.00381571
0.00381086
0.00381428
0.00381014
0.00381312
0.00381038
0.00381338
0.00493937
0.00485029
0.00477778
0.0047171
0.00466504
0.00461966
0.00457939
0.00454336
0.00451062
0.00448084
0.00445331
0.00442796
0.00440422
0.0043822
0.00436133
0.00434189
0.00432327
0.00430589
0.00428908
0.00427339
0.00425805
0.00424377
0.00422966
0.00421657
0.0042035
0.00419145
0.00417926
0.00416811
0.00415667
0.00414632
0.00413553
0.0041259
0.00411568
0.00410668
0.00409695
0.00408855
0.00407925
0.00407138
0.00406245
0.00405509
0.00404649
0.00403959
0.00403127
0.00402482
0.00401673
0.0040107
0.00400283
0.0039972
0.0039895
0.00398426
0.00397671
0.00397185
0.00396441
0.00395992
0.00395257
0.00394844
0.00394117
0.0039374
0.00393018
0.00392676
0.00391958
0.00391651
0.00390935
0.00390665
0.00389949
0.00389715
0.00388999
0.00388801
0.00388086
0.00387926
0.0038721
0.00387088
0.00386374
0.00386292
0.0038558
0.0038554
0.00384834
0.00384837
0.00384141
0.00384187
0.00383507
0.00383598
0.0038294
0.00383074
0.00382446
0.00382619
0.0038203
0.00382231
0.00381689
0.00381901
0.00381412
0.00381613
0.00381191
0.00381345
0.0038097
0.0038105
0.00380756
0.00380786
0.00380597
0.00380622
0.00493937
0.00485028
0.00477778
0.0047171
0.00466504
0.00461966
0.00457939
0.00454335
0.00451063
0.00448083
0.00445331
0.00442796
0.00440422
0.0043822
0.00436133
0.00434189
0.00432327
0.00430589
0.00428908
0.00427338
0.00425806
0.00424376
0.00422967
0.00421657
0.00420351
0.00419144
0.00417927
0.0041681
0.00415669
0.00414631
0.00413555
0.00412588
0.0041157
0.00410667
0.00409698
0.00408853
0.00407927
0.00407136
0.00406248
0.00405506
0.00404652
0.00403956
0.00403131
0.00402478
0.00401678
0.00401066
0.00400288
0.00399715
0.00398956
0.00398421
0.00397677
0.00397178
0.00396448
0.00395984
0.00395266
0.00394836
0.00394127
0.0039373
0.00393029
0.00392665
0.0039197
0.00391639
0.00390949
0.0039065
0.00389965
0.00389698
0.00389018
0.00388783
0.00388107
0.00387904
0.00387234
0.00387063
0.00386401
0.00386262
0.00385612
0.00385505
0.0038487
0.00384795
0.00384181
0.00384138
0.00383551
0.00383539
0.00382987
0.00383003
0.00382494
0.00382531
0.00382074
0.00382122
0.0038172
0.00381764
0.00381417
0.00381439
0.00381125
0.00381121
0.00380883
0.00380778
0.0038057
0.00380411
0.00380264
0.00380103
0.00493937
0.00485028
0.00477778
0.00471709
0.00466504
0.00461965
0.00457939
0.00454335
0.00451063
0.00448083
0.00445331
0.00442795
0.00440423
0.00438219
0.00436134
0.00434187
0.00432329
0.00430587
0.0042891
0.00427336
0.00425807
0.00424374
0.00422969
0.00421654
0.00420354
0.00419141
0.0041793
0.00416807
0.00415672
0.00414627
0.00413559
0.00412584
0.00411574
0.00410662
0.00409703
0.00408847
0.00407934
0.0040713
0.00406256
0.00405499
0.0040466
0.00403948
0.0040314
0.00402469
0.00401688
0.00401056
0.004003
0.00399704
0.00398969
0.00398408
0.00397692
0.00397164
0.00396464
0.00395969
0.00395283
0.00394819
0.00394146
0.00393711
0.0039305
0.00392644
0.00391994
0.00391616
0.00390975
0.00390624
0.00389994
0.00389669
0.00389049
0.0038875
0.00388141
0.00387868
0.00387271
0.00387024
0.00386442
0.00386219
0.00385656
0.00385457
0.00384917
0.00384743
0.00384231
0.0038408
0.00383604
0.00383474
0.00383041
0.0038293
0.00382546
0.00382449
0.00382117
0.00382027
0.00381748
0.00381653
0.00381419
0.00381303
0.00381101
0.00380942
0.00380738
0.00380561
0.00380395
0.00380138
0.00379953
0.00379723
0.00493937
0.00485028
0.00477778
0.00471709
0.00466504
0.00461965
0.00457939
0.00454334
0.00451064
0.00448082
0.00445332
0.00442794
0.00440424
0.00438218
0.00436136
0.00434186
0.0043233
0.00430586
0.00428912
0.00427334
0.0042581
0.00424372
0.00422971
0.00421652
0.00420357
0.00419138
0.00417934
0.00416803
0.00415676
0.00414623
0.00413564
0.00412579
0.0041158
0.00410656
0.00409709
0.00408841
0.00407941
0.00407123
0.00406263
0.00405492
0.00404669
0.00403939
0.0040315
0.00402459
0.00401699
0.00401045
0.00400312
0.00399692
0.00398983
0.00398395
0.00397707
0.00397149
0.00396481
0.00395952
0.00395302
0.003948
0.00394167
0.00393691
0.00393073
0.00392622
0.00392018
0.00391591
0.00391002
0.00390598
0.00390022
0.0038964
0.0038908
0.00388719
0.00388174
0.00387834
0.00387307
0.00386987
0.00386479
0.0038618
0.00385695
0.00385416
0.00384958
0.00384699
0.00384272
0.00384035
0.00383643
0.00383428
0.00383077
0.00382882
0.00382574
0.00382398
0.00382133
0.00381972
0.00381745
0.00381588
0.00381386
0.00381221
0.00381025
0.0038084
0.0038062
0.00380406
0.00380144
0.00379977
0.00379674
0.00379482
0.00493937
0.00485028
0.00477778
0.00471709
0.00466505
0.00461965
0.0045794
0.00454334
0.00451064
0.00448081
0.00445333
0.00442794
0.00440425
0.00438217
0.00436136
0.00434185
0.00432331
0.00430584
0.00428913
0.00427333
0.00425811
0.0042437
0.00422973
0.0042165
0.00420359
0.00419136
0.00417936
0.004168
0.00415679
0.0041462
0.00413567
0.00412576
0.00411584
0.00410653
0.00409714
0.00408837
0.00407946
0.00407118
0.00406269
0.00405486
0.00404675
0.00403933
0.00403157
0.00402452
0.00401707
0.00401038
0.00400321
0.00399683
0.00398992
0.00398385
0.00397718
0.00397139
0.00396493
0.00395941
0.00395315
0.00394788
0.00394181
0.00393677
0.00393088
0.00392607
0.00392034
0.00391575
0.00391019
0.0039058
0.0039004
0.00389622
0.00389099
0.003887
0.00388194
0.00387814
0.00387327
0.00386967
0.00386499
0.00386159
0.00385714
0.00385395
0.00384976
0.0038468
0.00384288
0.00384017
0.00383657
0.00383413
0.00383087
0.00382871
0.00382579
0.00382393
0.00382132
0.00381972
0.00381733
0.00381593
0.0038136
0.00381229
0.00380979
0.00380842
0.00380553
0.00380394
0.00380042
0.00379839
0.00379503
0.00379332
0.00493937
0.00485027
0.00477778
0.00471708
0.00466505
0.00461964
0.0045794
0.00454333
0.00451064
0.00448081
0.00445333
0.00442793
0.00440425
0.00438216
0.00436137
0.00434184
0.00432332
0.00430584
0.00428914
0.00427332
0.00425812
0.00424369
0.00422974
0.00421648
0.0042036
0.00419135
0.00417938
0.00416799
0.00415681
0.00414618
0.00413569
0.00412574
0.00411586
0.00410651
0.00409716
0.00408835
0.00407948
0.00407115
0.00406272
0.00405483
0.00404679
0.0040393
0.0040316
0.00402449
0.00401711
0.00401034
0.00400325
0.00399679
0.00398997
0.00398381
0.00397722
0.00397134
0.00396498
0.00395935
0.0039532
0.00394782
0.00394185
0.00393671
0.00393092
0.003926
0.00392038
0.00391568
0.00391022
0.00390573
0.00390043
0.00389614
0.003891
0.00388691
0.00388193
0.00387805
0.00387323
0.00386957
0.00386492
0.00386148
0.00385701
0.00385381
0.00384954
0.0038466
0.00384256
0.00383992
0.00383612
0.00383379
0.00383026
0.00382828
0.00382501
0.00382337
0.00382033
0.003819
0.00381611
0.00381502
0.00381213
0.00381114
0.00380806
0.00380698
0.00380352
0.00380219
0.00379823
0.00379664
0.00379207
0.0037908
0.00493937
0.00485027
0.00477778
0.00471708
0.00466505
0.00461964
0.0045794
0.00454333
0.00451064
0.00448081
0.00445333
0.00442793
0.00440425
0.00438216
0.00436137
0.00434184
0.00432332
0.00430583
0.00428914
0.00427332
0.00425812
0.00424369
0.00422975
0.00421648
0.00420361
0.00419134
0.00417938
0.00416798
0.00415681
0.00414618
0.0041357
0.00412573
0.00411586
0.0041065
0.00409717
0.00408834
0.00407949
0.00407114
0.00406273
0.00405482
0.00404679
0.00403929
0.00403161
0.00402448
0.00401711
0.00401032
0.00400325
0.00399677
0.00398996
0.00398378
0.00397721
0.0039713
0.00396495
0.00395931
0.00395316
0.00394776
0.0039418
0.00393663
0.00393084
0.0039259
0.00392027
0.00391554
0.00391007
0.00390554
0.00390021
0.00389589
0.00389069
0.00388657
0.00388151
0.00387759
0.00387267
0.00386895
0.00386417
0.00386067
0.00385606
0.00385279
0.00384834
0.00384532
0.00384105
0.0038383
0.00383423
0.00383179
0.00382794
0.00382582
0.0038222
0.00382043
0.00381704
0.0038156
0.0038124
0.00381125
0.00380814
0.00380717
0.00380404
0.00380307
0.00379975
0.00379862
0.00379501
0.00379362
0.00378978
0.00378811
0.00422616
0.0042474
0.0042586
0.00427615
0.00428775
0.00426793
0.0043845
0.00430895
0.00450893
0.00439272
0.00416559
0.00415698
0.00415922
0.00414557
0.00415534
0.00416325
0.00420747
0.00419294
0.00426388
0.00428397
0.00408506
0.00407998
0.0040698
0.00407319
0.00407647
0.00409543
0.00410251
0.00413293
0.00414804
0.00419113
0.00400324
0.00399885
0.00400185
0.00400558
0.00401292
0.00401816
0.00402975
0.00405795
0.00407063
0.00410154
0.00396497
0.0039673
0.00397034
0.00397484
0.00397869
0.00398734
0.00399447
0.00401329
0.0040214
0.00404981
0.00393271
0.00393304
0.00393366
0.00393303
0.003936
0.00393953
0.00394784
0.00395684
0.00396926
0.00399412
0.00390109
0.00390163
0.00390048
0.00390168
0.00390335
0.00390803
0.00391373
0.00392268
0.00393305
0.00394858
0.0038787
0.0038784
0.00387789
0.00387828
0.00387992
0.00388301
0.00388815
0.00389472
0.00390398
0.00391476
0.00385861
0.00385863
0.0038566
0.00385785
0.00385739
0.00386147
0.00386368
0.00387117
0.00387654
0.00388793
0.00384277
0.003841
0.00384068
0.0038403
0.00384115
0.00384337
0.00384625
0.00385133
0.00385689
0.00386478
0.00383039
0.00382815
0.0038288
0.00382703
0.00382933
0.00382903
0.00383365
0.00383523
0.00384259
0.00384617
0.00382028
0.00381883
0.00381818
0.00381736
0.00381803
0.00381869
0.00382122
0.00382386
0.00382846
0.00383332
0.00381246
0.00380979
0.00380996
0.00380799
0.00380935
0.00380871
0.00381182
0.00381276
0.003818
0.00382048
0.00380569
0.00380249
0.00380314
0.00380034
0.0038023
0.00380046
0.00380424
0.00380358
0.00380942
0.00381002
0.00380045
0.00379718
0.00379774
0.00379475
0.00379666
0.00379443
0.00379808
0.00379688
0.00380242
0.00380234
0.00379606
0.00379313
0.00379312
0.00379051
0.00379173
0.0037899
0.00379263
0.00379194
0.0037962
0.00379682
0.00379228
0.00379043
0.00378897
0.00378772
0.00378713
0.00378693
0.00378746
0.00378867
0.00379029
0.00379304
0.00378983
0.00378864
0.00378617
0.00378574
0.00378403
0.00378472
0.00378396
0.00378602
0.00378628
0.00378967
0.0037872
0.00378622
0.00378372
0.00378353
0.00378181
0.00378264
0.00378179
0.00378379
0.00378394
0.00378701
0.00378492
0.00378357
0.00378096
0.00378003
0.00377781
0.00377762
0.00377626
0.00377689
0.00377647
0.00377783
)
;

boundaryField
{
    down
    {
        type            symmetryPlane;
    }
    right
    {
        type            calculated;
        value           nonuniform List<scalar> 
30
(
0.210095
0.207517
0.203226
0.197459
0.189231
0.177633
0.160816
0.137986
0.109244
0.0757561
0.041693
0.0130992
0.00513974
0.00419822
0.00411782
0.00401399
0.00391723
0.00384884
0.00379737
0.0037574
0.00372719
0.00371276
0.00369199
0.00366798
0.00364485
0.0036493
0.00363973
0.0036323
0.00362745
0.00361873
)
;
    }
    up
    {
        type            calculated;
        value           nonuniform List<scalar> 
220
(
0.0037784
0.00378033
0.00378138
0.00378361
0.00378495
0.00378722
0.00378852
0.00379061
0.00379163
0.00379336
0.00379452
0.00379447
0.00379454
0.00379361
0.00379291
0.0037915
0.00379039
0.00378858
0.00378715
0.00378503
0.00378338
0.00378105
0.00377925
0.00377678
0.00377491
0.00377235
0.00377046
0.00376785
0.00376597
0.00376335
0.0037615
0.00375887
0.00375707
0.00375445
0.0037527
0.0037501
0.0037484
0.00374581
0.00374417
0.00374159
0.00374001
0.00373743
0.0037359
0.00373333
0.00373185
0.00372927
0.00372784
0.00372525
0.00372388
0.00372127
0.00371995
0.00371733
0.00371608
0.00371344
0.00371225
0.00370959
0.00370847
0.0037058
0.00370473
0.00370205
0.00370104
0.00369835
0.00369739
0.0036947
0.00369378
0.00369109
0.0036902
0.00368751
0.00368665
0.00368394
0.00368314
0.00368039
0.00367964
0.00367684
0.00367617
0.00367329
0.00367272
0.00366976
0.00366927
0.00366624
0.00366583
0.00366277
0.0036624
0.00365934
0.00365899
0.00365596
0.0036556
0.00365264
0.00365226
0.00364936
0.00364898
0.00364611
0.00364581
0.00364286
0.00364275
0.00363965
0.00363973
0.00363653
0.00363673
0.00363353
0.00363374
0.00363058
0.00363079
0.00362774
0.00362781
0.0036255
0.00362353
0.00362211
0.00362072
0.00361873
0.00378494
0.00378362
0.00378102
0.00378009
0.00377789
0.00377772
0.00377636
0.003777
0.00377658
0.00377796
0.00493937
0.00485027
0.00477778
0.00471708
0.00466505
0.00461964
0.0045794
0.00454333
0.00451064
0.00448081
0.00445333
0.00442793
0.00440425
0.00438216
0.00436137
0.00434184
0.00432332
0.00430583
0.00428914
0.00427331
0.00425812
0.00424368
0.00422975
0.00421648
0.00420361
0.00419134
0.00417938
0.00416798
0.00415681
0.00414617
0.0041357
0.00412573
0.00411586
0.00410649
0.00409716
0.00408833
0.00407949
0.00407114
0.00406272
0.00405482
0.00404679
0.00403928
0.0040316
0.00402447
0.00401711
0.00401031
0.00400324
0.00399676
0.00398995
0.00398377
0.0039772
0.00397129
0.00396494
0.00395929
0.00395315
0.00394774
0.00394178
0.00393661
0.00393083
0.00392588
0.00392025
0.00391552
0.00391004
0.00390551
0.00390018
0.00389586
0.00389066
0.00388654
0.00388148
0.00387755
0.00387263
0.0038689
0.00386413
0.00386062
0.00385601
0.00385273
0.00384828
0.00384526
0.00384098
0.00383823
0.00383416
0.00383171
0.00382786
0.00382573
0.00382211
0.00382034
0.00381694
0.00381551
0.0038123
0.00381115
0.00380805
0.00380707
0.00380395
0.00380299
0.00379968
0.00379856
0.00379497
0.00379359
0.00378976
0.00378811
)
;
    }
    left
    {
        type            calculated;
        value           nonuniform List<scalar> 
30
(
0.00496579
0.00496579
0.00496579
0.00496579
0.00496579
0.00496579
0.00496579
0.00496579
0.00496579
0.00496579
0.00496579
0.00496579
0.00496579
0.00496578
0.00496578
0.00496578
0.00496578
0.00496578
0.00496578
0.00496578
0.00496578
0.00496578
0.00496578
0.00496577
0.00496577
0.00496577
0.00496577
0.00496577
0.00496577
0.00496577
)
;
    }
    cylinder
    {
        type            compressible::alphatWallFunction;
        Prt             0.85;
        value           uniform 0;
    }
    defaultFaces
    {
        type            empty;
    }
}


// ************************************************************************* //
