/*--------------------------------*- C++ -*----------------------------------*\
  =========                 |
  \\      /  F ield         | OpenFOAM: The Open Source CFD Toolbox
   \\    /   O peration     | Website:  https://openfoam.org
    \\  /    A nd           | Version:  8
     \\/     M anipulation  |
\*---------------------------------------------------------------------------*/
FoamFile
{
    version     2.0;
    format      ascii;
    class       volScalarField;
    location    "3.4999919616";
    object      p;
}
// * * * * * * * * * * * * * * * * * * * * * * * * * * * * * * * * * * * * * //

dimensions      [1 -1 -2 0 0 0 0];

internalField   nonuniform List<scalar> 
6800
(
101069
101080
101092
101100
101107
101113
101120
101128
101135
101140
101041
101073
101076
101082
101091
101100
101108
101117
101127
101135
100973
101043
101045
101055
101068
101080
101092
101105
101117
101128
100874
100990
100997
101018
101038
101056
101073
101089
101105
101119
100756
100921
100937
100973
101003
101028
101051
101072
101092
101109
100627
100843
100870
100925
100966
100999
101029
101055
101078
101099
100500
100762
100803
100878
100929
100972
101008
101039
101066
101090
100384
100685
100741
100835
100896
100947
100989
101025
101056
101083
100286
100619
100689
100800
100870
100929
100976
101016
101050
101079
100212
100569
100652
100776
100852
100918
100970
101013
101049
101080
101155
101136
101126
101125
101127
101132
101139
101150
101162
101176
101149
101132
101123
101121
101122
101127
101134
101145
101159
101175
101136
101123
101115
101113
101114
101118
101127
101139
101155
101173
101120
101112
101107
101106
101107
101111
101120
101135
101153
101174
101106
101103
101101
101101
101103
101109
101120
101135
101153
101175
101094
101097
101100
101102
101106
101113
101124
101138
101154
101174
101087
101096
101103
101108
101113
101120
101130
101142
101155
101172
101081
101098
101108
101114
101120
101126
101134
101144
101155
101168
101074
101096
101109
101116
101121
101127
101134
101142
101152
101163
101072
101087
101103
101111
101116
101122
101129
101137
101146
101156
101194
101213
101230
101244
101256
101268
101278
101287
101295
101302
101308
101314
101319
101324
101328
101332
101335
101338
101340
101342
101344
101346
101347
101348
101349
101350
101350
101350
101351
101351
101351
101351
101350
101350
101350
101349
101349
101349
101348
101348
101347
101347
101346
101345
101345
101344
101344
101343
101343
101342
101341
101341
101340
101340
101339
101339
101338
101338
101337
101337
101336
101336
101336
101335
101335
101334
101334
101334
101333
101333
101333
101332
101332
101332
101331
101331
101331
101331
101330
101330
101330
101330
101329
101329
101329
101329
101328
101328
101328
101328
101327
101327
101327
101327
101327
101326
101326
101326
101326
101326
101192
101212
101229
101243
101255
101267
101277
101286
101294
101301
101308
101314
101319
101324
101328
101331
101335
101337
101340
101342
101344
101345
101347
101348
101349
101349
101350
101350
101350
101351
101351
101351
101350
101350
101350
101349
101349
101349
101348
101348
101347
101346
101346
101345
101345
101344
101344
101343
101342
101342
101341
101341
101340
101340
101339
101339
101338
101338
101337
101337
101336
101336
101336
101335
101335
101334
101334
101334
101333
101333
101333
101332
101332
101332
101331
101331
101331
101331
101330
101330
101330
101330
101329
101329
101329
101329
101328
101328
101328
101328
101327
101327
101327
101327
101327
101326
101326
101326
101326
101326
101190
101210
101226
101241
101254
101265
101275
101285
101293
101300
101307
101313
101318
101323
101327
101331
101334
101337
101339
101342
101343
101345
101346
101348
101348
101349
101350
101350
101350
101350
101350
101350
101350
101350
101350
101349
101349
101348
101348
101347
101347
101346
101346
101345
101345
101344
101344
101343
101342
101342
101341
101341
101340
101340
101339
101339
101338
101338
101337
101337
101336
101336
101335
101335
101335
101334
101334
101334
101333
101333
101333
101332
101332
101332
101331
101331
101331
101331
101330
101330
101330
101329
101329
101329
101329
101329
101328
101328
101328
101328
101327
101327
101327
101327
101327
101326
101326
101326
101326
101326
101187
101206
101223
101238
101251
101262
101273
101282
101291
101298
101305
101311
101317
101322
101326
101330
101333
101336
101339
101341
101343
101344
101346
101347
101348
101349
101349
101350
101350
101350
101350
101350
101350
101350
101349
101349
101349
101348
101348
101347
101347
101346
101346
101345
101345
101344
101343
101343
101342
101342
101341
101341
101340
101340
101339
101339
101338
101338
101337
101337
101336
101336
101335
101335
101335
101334
101334
101334
101333
101333
101333
101332
101332
101332
101331
101331
101331
101330
101330
101330
101330
101329
101329
101329
101329
101329
101328
101328
101328
101328
101327
101327
101327
101327
101327
101326
101326
101326
101326
101326
101182
101200
101218
101234
101247
101259
101270
101280
101288
101296
101303
101310
101315
101320
101325
101328
101332
101335
101338
101340
101342
101344
101345
101346
101347
101348
101349
101349
101349
101350
101350
101350
101350
101349
101349
101349
101348
101348
101348
101347
101347
101346
101345
101345
101344
101344
101343
101343
101342
101342
101341
101341
101340
101340
101339
101339
101338
101338
101337
101337
101336
101336
101335
101335
101335
101334
101334
101333
101333
101333
101332
101332
101332
101332
101331
101331
101331
101330
101330
101330
101330
101329
101329
101329
101329
101329
101328
101328
101328
101328
101327
101327
101327
101327
101327
101326
101326
101326
101326
101326
101175
101192
101212
101229
101243
101255
101266
101276
101285
101294
101301
101307
101313
101318
101323
101327
101331
101334
101336
101339
101341
101343
101344
101345
101347
101347
101348
101348
101349
101349
101349
101349
101349
101349
101349
101348
101348
101348
101347
101347
101346
101346
101345
101345
101344
101344
101343
101343
101342
101341
101341
101340
101340
101339
101339
101338
101338
101337
101337
101337
101336
101336
101335
101335
101334
101334
101334
101333
101333
101333
101332
101332
101332
101331
101331
101331
101331
101330
101330
101330
101330
101329
101329
101329
101329
101328
101328
101328
101328
101328
101327
101327
101327
101327
101327
101326
101326
101326
101326
101325
101167
101184
101205
101223
101237
101250
101261
101272
101281
101290
101297
101304
101310
101316
101320
101325
101328
101332
101335
101337
101339
101341
101343
101344
101345
101346
101347
101348
101348
101348
101349
101349
101349
101348
101348
101348
101348
101347
101347
101346
101346
101345
101345
101344
101344
101343
101343
101342
101342
101341
101341
101340
101340
101339
101339
101338
101338
101337
101337
101336
101336
101336
101335
101335
101334
101334
101334
101333
101333
101333
101332
101332
101332
101331
101331
101331
101331
101330
101330
101330
101330
101329
101329
101329
101329
101328
101328
101328
101328
101328
101327
101327
101327
101327
101327
101326
101326
101326
101326
101325
101162
101177
101198
101217
101231
101244
101256
101267
101277
101285
101293
101300
101307
101312
101317
101322
101326
101329
101332
101335
101337
101339
101341
101343
101344
101345
101346
101346
101347
101347
101347
101348
101348
101348
101347
101347
101347
101347
101346
101346
101346
101345
101345
101344
101344
101343
101343
101342
101342
101341
101341
101340
101340
101339
101339
101338
101338
101337
101337
101336
101336
101335
101335
101335
101334
101334
101334
101333
101333
101333
101332
101332
101332
101331
101331
101331
101330
101330
101330
101330
101329
101329
101329
101329
101329
101328
101328
101328
101328
101328
101327
101327
101327
101327
101326
101326
101326
101326
101325
101325
101158
101172
101191
101210
101225
101239
101251
101262
101272
101281
101289
101297
101303
101309
101314
101319
101323
101327
101330
101333
101335
101337
101339
101341
101342
101343
101344
101345
101346
101346
101346
101346
101347
101347
101346
101346
101346
101346
101346
101345
101345
101344
101344
101344
101343
101343
101342
101342
101341
101341
101340
101340
101339
101339
101338
101338
101337
101337
101337
101336
101336
101335
101335
101335
101334
101334
101333
101333
101333
101332
101332
101332
101332
101331
101331
101331
101330
101330
101330
101330
101329
101329
101329
101329
101328
101328
101328
101328
101328
101327
101327
101327
101327
101327
101326
101326
101326
101326
101325
101325
101156
101168
101185
101202
101217
101231
101244
101255
101266
101275
101283
101291
101298
101304
101310
101315
101319
101323
101326
101330
101332
101335
101337
101338
101340
101341
101342
101343
101344
101344
101345
101345
101345
101345
101345
101345
101345
101345
101345
101344
101344
101344
101343
101343
101342
101342
101342
101341
101341
101340
101340
101339
101339
101338
101338
101338
101337
101337
101336
101336
101335
101335
101335
101334
101334
101334
101333
101333
101333
101332
101332
101332
101331
101331
101331
101331
101330
101330
101330
101330
101329
101329
101329
101329
101328
101328
101328
101328
101328
101327
101327
101327
101327
101327
101326
101326
101326
101326
101325
101325
101156
101170
101186
101202
101216
101230
101242
101254
101264
101273
101282
101289
101296
101302
101308
101313
101317
101321
101325
101328
101330
101333
101335
101337
101338
101340
101341
101342
101342
101343
101343
101344
101344
101344
101344
101344
101344
101344
101344
101343
101343
101343
101342
101342
101342
101341
101341
101340
101340
101340
101339
101339
101338
101338
101337
101337
101337
101336
101336
101335
101335
101335
101334
101334
101334
101333
101333
101333
101332
101332
101332
101331
101331
101331
101331
101330
101330
101330
101330
101329
101329
101329
101329
101329
101328
101328
101328
101328
101328
101327
101327
101327
101327
101327
101326
101326
101326
101326
101325
101325
101164
101179
101194
101208
101222
101235
101246
101257
101266
101275
101283
101290
101297
101303
101308
101313
101317
101321
101324
101327
101330
101332
101334
101336
101337
101338
101340
101340
101341
101342
101342
101343
101343
101343
101343
101343
101343
101343
101343
101342
101342
101342
101341
101341
101341
101340
101340
101340
101339
101339
101338
101338
101338
101337
101337
101336
101336
101336
101335
101335
101335
101334
101334
101334
101333
101333
101333
101332
101332
101332
101331
101331
101331
101331
101330
101330
101330
101330
101329
101329
101329
101329
101329
101328
101328
101328
101328
101328
101327
101327
101327
101327
101327
101326
101326
101326
101326
101326
101325
101325
101172
101185
101200
101213
101226
101237
101248
101258
101267
101275
101283
101290
101296
101302
101307
101312
101316
101319
101323
101326
101328
101331
101333
101334
101336
101337
101338
101339
101340
101340
101341
101341
101342
101342
101342
101342
101342
101342
101342
101341
101341
101341
101341
101340
101340
101340
101339
101339
101338
101338
101338
101337
101337
101337
101336
101336
101335
101335
101335
101334
101334
101334
101333
101333
101333
101332
101332
101332
101332
101331
101331
101331
101331
101330
101330
101330
101330
101329
101329
101329
101329
101329
101328
101328
101328
101328
101328
101327
101327
101327
101327
101327
101327
101326
101326
101326
101326
101326
101325
101325
101180
101193
101206
101219
101231
101241
101251
101261
101269
101277
101284
101291
101297
101302
101307
101311
101315
101319
101322
101325
101327
101330
101332
101333
101335
101336
101337
101338
101339
101339
101340
101340
101340
101341
101341
101341
101341
101341
101341
101340
101340
101340
101340
101339
101339
101339
101338
101338
101338
101337
101337
101337
101336
101336
101336
101335
101335
101335
101334
101334
101334
101333
101333
101333
101332
101332
101332
101332
101331
101331
101331
101331
101330
101330
101330
101330
101329
101329
101329
101329
101329
101328
101328
101328
101328
101328
101327
101327
101327
101327
101327
101327
101326
101326
101326
101326
101326
101326
101325
101325
101189
101200
101213
101225
101235
101245
101255
101263
101271
101279
101285
101292
101297
101302
101307
101311
101315
101318
101321
101324
101327
101329
101331
101332
101334
101335
101336
101337
101338
101338
101339
101339
101339
101339
101340
101340
101340
101340
101340
101339
101339
101339
101339
101338
101338
101338
101338
101337
101337
101337
101336
101336
101336
101335
101335
101335
101334
101334
101334
101333
101333
101333
101333
101332
101332
101332
101331
101331
101331
101331
101330
101330
101330
101330
101330
101329
101329
101329
101329
101329
101328
101328
101328
101328
101328
101328
101327
101327
101327
101327
101327
101327
101326
101326
101326
101326
101326
101325
101325
101325
101198
101208
101220
101231
101241
101250
101258
101266
101274
101281
101287
101293
101298
101303
101307
101311
101315
101318
101321
101324
101326
101328
101330
101331
101333
101334
101335
101336
101336
101337
101338
101338
101338
101338
101339
101339
101339
101339
101338
101338
101338
101338
101338
101338
101337
101337
101337
101336
101336
101336
101336
101335
101335
101335
101334
101334
101334
101333
101333
101333
101333
101332
101332
101332
101332
101331
101331
101331
101331
101330
101330
101330
101330
101329
101329
101329
101329
101329
101329
101328
101328
101328
101328
101328
101328
101327
101327
101327
101327
101327
101327
101326
101326
101326
101326
101326
101326
101325
101325
101325
101207
101216
101227
101237
101246
101254
101262
101270
101276
101283
101289
101294
101299
101304
101308
101311
101315
101318
101321
101323
101325
101327
101329
101330
101332
101333
101334
101335
101335
101336
101336
101337
101337
101337
101337
101338
101338
101338
101337
101337
101337
101337
101337
101337
101336
101336
101336
101336
101335
101335
101335
101335
101334
101334
101334
101333
101333
101333
101333
101332
101332
101332
101332
101331
101331
101331
101331
101330
101330
101330
101330
101330
101329
101329
101329
101329
101329
101328
101328
101328
101328
101328
101328
101328
101327
101327
101327
101327
101327
101327
101326
101326
101326
101326
101326
101326
101326
101325
101325
101325
101217
101225
101234
101243
101251
101259
101266
101273
101279
101285
101291
101296
101300
101304
101308
101312
101315
101318
101320
101323
101325
101327
101328
101330
101331
101332
101333
101334
101334
101335
101335
101336
101336
101336
101336
101337
101337
101337
101337
101336
101336
101336
101336
101336
101336
101335
101335
101335
101335
101334
101334
101334
101334
101333
101333
101333
101333
101332
101332
101332
101332
101331
101331
101331
101331
101330
101330
101330
101330
101330
101329
101329
101329
101329
101329
101329
101328
101328
101328
101328
101328
101328
101327
101327
101327
101327
101327
101327
101327
101326
101326
101326
101326
101326
101326
101326
101326
101325
101325
101325
101226
101233
101242
101250
101257
101264
101270
101277
101282
101288
101293
101297
101302
101306
101309
101312
101315
101318
101320
101322
101324
101326
101328
101329
101330
101331
101332
101333
101333
101334
101334
101335
101335
101335
101335
101336
101336
101336
101336
101335
101335
101335
101335
101335
101335
101335
101334
101334
101334
101334
101333
101333
101333
101333
101332
101332
101332
101332
101332
101331
101331
101331
101331
101330
101330
101330
101330
101330
101329
101329
101329
101329
101329
101329
101328
101328
101328
101328
101328
101328
101328
101327
101327
101327
101327
101327
101327
101327
101327
101326
101326
101326
101326
101326
101326
101326
101325
101325
101325
101325
101236
101242
101249
101256
101263
101269
101275
101280
101286
101291
101295
101299
101303
101307
101310
101313
101316
101318
101320
101322
101324
101326
101327
101328
101329
101330
101331
101332
101333
101333
101333
101334
101334
101334
101334
101335
101335
101335
101335
101335
101334
101334
101334
101334
101334
101334
101333
101333
101333
101333
101333
101332
101332
101332
101332
101332
101331
101331
101331
101331
101331
101330
101330
101330
101330
101330
101329
101329
101329
101329
101329
101329
101328
101328
101328
101328
101328
101328
101328
101327
101327
101327
101327
101327
101327
101327
101327
101326
101326
101326
101326
101326
101326
101326
101326
101326
101325
101325
101325
101325
101245
101250
101257
101263
101269
101274
101279
101284
101289
101293
101298
101301
101305
101308
101311
101314
101316
101318
101320
101322
101324
101325
101327
101328
101329
101330
101330
101331
101332
101332
101333
101333
101333
101333
101333
101334
101334
101334
101334
101334
101333
101333
101333
101333
101333
101333
101333
101333
101332
101332
101332
101332
101332
101331
101331
101331
101331
101331
101330
101330
101330
101330
101330
101329
101329
101329
101329
101329
101329
101329
101328
101328
101328
101328
101328
101328
101328
101327
101327
101327
101327
101327
101327
101327
101327
101327
101326
101326
101326
101326
101326
101326
101326
101326
101326
101326
101325
101325
101325
101325
101254
101259
101264
101270
101275
101280
101284
101288
101293
101297
101300
101304
101307
101310
101312
101315
101317
101319
101321
101322
101324
101325
101326
101327
101328
101329
101330
101330
101331
101331
101332
101332
101332
101332
101333
101333
101333
101333
101333
101333
101333
101332
101332
101332
101332
101332
101332
101332
101332
101331
101331
101331
101331
101331
101331
101330
101330
101330
101330
101330
101330
101329
101329
101329
101329
101329
101329
101328
101328
101328
101328
101328
101328
101328
101328
101327
101327
101327
101327
101327
101327
101327
101327
101327
101326
101326
101326
101326
101326
101326
101326
101326
101326
101326
101326
101325
101325
101325
101325
101325
101263
101267
101272
101276
101281
101285
101289
101293
101296
101300
101303
101306
101309
101311
101313
101316
101318
101319
101321
101322
101324
101325
101326
101327
101328
101328
101329
101330
101330
101330
101331
101331
101331
101331
101332
101332
101332
101332
101332
101332
101332
101332
101332
101331
101331
101331
101331
101331
101331
101331
101330
101330
101330
101330
101330
101330
101330
101329
101329
101329
101329
101329
101329
101329
101328
101328
101328
101328
101328
101328
101328
101328
101327
101327
101327
101327
101327
101327
101327
101327
101327
101327
101326
101326
101326
101326
101326
101326
101326
101326
101326
101326
101326
101326
101325
101325
101325
101325
101325
101325
101272
101275
101279
101283
101287
101290
101294
101297
101300
101303
101306
101308
101311
101313
101315
101317
101318
101320
101321
101323
101324
101325
101326
101327
101327
101328
101328
101329
101329
101330
101330
101330
101330
101331
101331
101331
101331
101331
101331
101331
101331
101331
101331
101331
101330
101330
101330
101330
101330
101330
101330
101330
101329
101329
101329
101329
101329
101329
101329
101329
101328
101328
101328
101328
101328
101328
101328
101328
101328
101327
101327
101327
101327
101327
101327
101327
101327
101327
101327
101327
101326
101326
101326
101326
101326
101326
101326
101326
101326
101326
101326
101326
101326
101325
101325
101325
101325
101325
101325
101325
101281
101283
101286
101290
101293
101296
101298
101301
101304
101306
101309
101311
101313
101315
101316
101318
101319
101321
101322
101323
101324
101325
101326
101326
101327
101327
101328
101328
101329
101329
101329
101329
101330
101330
101330
101330
101330
101330
101330
101330
101330
101330
101330
101330
101330
101330
101329
101329
101329
101329
101329
101329
101329
101329
101329
101328
101328
101328
101328
101328
101328
101328
101328
101328
101328
101327
101327
101327
101327
101327
101327
101327
101327
101327
101327
101327
101327
101326
101326
101326
101326
101326
101326
101326
101326
101326
101326
101326
101326
101326
101326
101326
101325
101325
101325
101325
101325
101325
101325
101325
101289
101291
101294
101296
101299
101301
101303
101305
101308
101310
101311
101313
101315
101316
101318
101319
101320
101321
101322
101323
101324
101325
101325
101326
101326
101327
101327
101328
101328
101328
101328
101329
101329
101329
101329
101329
101329
101329
101329
101329
101329
101329
101329
101329
101329
101329
101329
101329
101328
101328
101328
101328
101328
101328
101328
101328
101328
101328
101328
101327
101327
101327
101327
101327
101327
101327
101327
101327
101327
101327
101327
101327
101326
101326
101326
101326
101326
101326
101326
101326
101326
101326
101326
101326
101326
101326
101326
101326
101326
101326
101325
101325
101325
101325
101325
101325
101325
101325
101325
101325
101297
101299
101301
101303
101305
101306
101308
101310
101311
101313
101314
101316
101317
101318
101319
101320
101321
101322
101323
101324
101324
101325
101325
101326
101326
101326
101327
101327
101327
101327
101328
101328
101328
101328
101328
101328
101328
101328
101328
101328
101328
101328
101328
101328
101328
101328
101328
101328
101328
101328
101328
101327
101327
101327
101327
101327
101327
101327
101327
101327
101327
101327
101327
101327
101327
101327
101326
101326
101326
101326
101326
101326
101326
101326
101326
101326
101326
101326
101326
101326
101326
101326
101326
101326
101326
101326
101326
101325
101325
101325
101325
101325
101325
101325
101325
101325
101325
101325
101325
101325
101305
101306
101308
101309
101310
101312
101313
101314
101315
101316
101317
101318
101319
101320
101321
101322
101322
101323
101323
101324
101324
101325
101325
101325
101326
101326
101326
101326
101327
101327
101327
101327
101327
101327
101327
101327
101327
101327
101327
101327
101327
101327
101327
101327
101327
101327
101327
101327
101327
101327
101327
101327
101327
101327
101327
101327
101327
101326
101326
101326
101326
101326
101326
101326
101326
101326
101326
101326
101326
101326
101326
101326
101326
101326
101326
101326
101326
101326
101326
101326
101326
101326
101326
101325
101325
101325
101325
101325
101325
101325
101325
101325
101325
101325
101325
101325
101325
101325
101325
101325
101313
101314
101315
101316
101316
101317
101318
101318
101319
101320
101320
101321
101322
101322
101323
101323
101323
101324
101324
101324
101325
101325
101325
101325
101325
101326
101326
101326
101326
101326
101326
101326
101326
101326
101326
101326
101326
101326
101326
101326
101326
101326
101326
101326
101326
101326
101326
101326
101326
101326
101326
101326
101326
101326
101326
101326
101326
101326
101326
101326
101326
101326
101326
101326
101326
101326
101326
101326
101326
101326
101326
101326
101325
101325
101325
101325
101325
101325
101325
101325
101325
101325
101325
101325
101325
101325
101325
101325
101325
101325
101325
101325
101325
101325
101325
101325
101325
101325
101325
101325
101321
101321
101322
101322
101322
101322
101323
101323
101323
101323
101323
101324
101324
101324
101324
101324
101324
101325
101325
101325
101325
101325
101325
101325
101325
101325
101325
101325
101325
101325
101325
101325
101325
101325
101325
101325
101325
101325
101325
101325
101325
101325
101325
101325
101325
101325
101325
101325
101325
101325
101325
101325
101325
101325
101325
101325
101325
101325
101325
101325
101325
101325
101325
101325
101325
101325
101325
101325
101325
101325
101325
101325
101325
101325
101325
101325
101325
101325
101325
101325
101325
101325
101325
101325
101325
101325
101325
101325
101325
101325
101325
101325
101325
101325
101325
101325
101325
101325
101325
101325
101106
101105
101107
101112
101119
101127
101135
101142
101147
101145
101129
101126
101127
101130
101134
101140
101145
101151
101155
101154
101149
101146
101145
101146
101149
101152
101156
101160
101164
101164
101167
101163
101162
101162
101163
101165
101168
101171
101173
101174
101183
101179
101177
101177
101177
101178
101180
101182
101184
101184
101197
101194
101192
101190
101190
101190
101191
101192
101194
101194
101211
101207
101205
101203
101202
101202
101203
101203
101204
101205
101223
101219
101217
101215
101214
101214
101214
101214
101215
101215
101234
101231
101228
101227
101225
101225
101224
101224
101225
101225
101244
101241
101239
101237
101236
101235
101235
101235
101235
101235
101254
101251
101249
101247
101246
101245
101245
101244
101244
101244
101263
101260
101258
101257
101256
101255
101254
101254
101254
101254
101271
101269
101267
101266
101265
101264
101264
101263
101263
101263
101279
101277
101276
101275
101274
101273
101272
101272
101272
101272
101287
101285
101284
101283
101282
101282
101281
101281
101281
101281
101294
101293
101292
101291
101290
101290
101289
101289
101289
101289
101301
101300
101300
101299
101298
101298
101298
101297
101297
101297
101308
101308
101307
101307
101306
101306
101306
101305
101305
101305
101315
101315
101314
101314
101314
101314
101313
101313
101313
101313
101322
101322
101321
101321
101321
101321
101321
101321
101321
101321
101388
101382
101371
101357
101338
101311
101273
101214
101143
100965
101340
101327
101311
101291
101264
101227
101178
101102
101018
100802
101291
101274
101252
101226
101192
101147
101087
100995
100900
100648
101246
101224
101198
101167
101126
101072
101003
100897
100793
100508
101205
101179
101149
101113
101066
101006
100929
100811
100701
100387
101169
101140
101107
101067
101016
100949
100867
100739
100625
100288
101139
101108
101072
101029
100975
100904
100819
100684
100570
100215
101115
101082
101046
101000
100944
100872
100786
100647
100536
100169
101097
101064
101027
100981
100925
100852
100768
100630
100525
100153
101085
101053
101016
100971
100916
100846
100765
100632
100536
100167
101710
101742
101773
101806
101842
101883
101927
101971
102017
102063
101705
101737
101768
101801
101837
101877
101920
101963
102007
102054
101692
101722
101752
101782
101816
101854
101894
101934
101972
102016
101671
101699
101726
101754
101784
101817
101853
101886
101915
101949
101643
101668
101692
101716
101741
101769
101797
101821
101839
101855
101609
101630
101650
101669
101689
101709
101728
101742
101747
101741
101570
101586
101601
101615
101628
101640
101649
101651
101641
101607
101526
101538
101548
101555
101561
101564
101562
101549
101524
101458
101480
101486
101491
101491
101489
101482
101468
101441
101400
101298
101432
101433
101431
101425
101414
101397
101371
101328
101271
101132
101325
101325
101325
101325
101326
101326
101326
101326
101326
101326
101326
101326
101326
101326
101326
101326
101326
101326
101326
101326
101326
101326
101326
101326
101326
101327
101327
101327
101327
101327
101327
101327
101327
101328
101328
101328
101328
101328
101329
101329
101329
101330
101330
101330
101331
101331
101331
101332
101332
101333
101334
101334
101335
101336
101336
101337
101338
101339
101340
101341
101342
101344
101345
101346
101348
101350
101352
101353
101356
101358
101360
101363
101365
101368
101372
101375
101379
101383
101387
101391
101396
101402
101407
101413
101420
101427
101435
101444
101454
101464
101476
101488
101502
101518
101536
101556
101579
101606
101637
101672
101325
101325
101325
101325
101326
101326
101326
101326
101326
101326
101326
101326
101326
101326
101326
101326
101326
101326
101326
101326
101326
101326
101326
101326
101326
101326
101327
101327
101327
101327
101327
101327
101327
101328
101328
101328
101328
101328
101329
101329
101329
101330
101330
101330
101331
101331
101331
101332
101332
101333
101334
101334
101335
101336
101336
101337
101338
101339
101340
101341
101342
101344
101345
101346
101348
101350
101352
101353
101356
101358
101360
101363
101365
101368
101372
101375
101379
101383
101387
101391
101396
101401
101407
101413
101420
101427
101435
101444
101453
101464
101475
101488
101502
101518
101535
101555
101578
101604
101634
101668
101325
101325
101325
101325
101325
101326
101326
101326
101326
101326
101326
101326
101326
101326
101326
101326
101326
101326
101326
101326
101326
101326
101326
101326
101326
101326
101327
101327
101327
101327
101327
101327
101327
101328
101328
101328
101328
101328
101329
101329
101329
101330
101330
101330
101331
101331
101331
101332
101332
101333
101334
101334
101335
101336
101336
101337
101338
101339
101340
101341
101342
101344
101345
101346
101348
101350
101351
101353
101355
101358
101360
101363
101365
101368
101371
101375
101379
101382
101387
101391
101396
101401
101407
101413
101420
101427
101435
101444
101453
101463
101475
101487
101501
101516
101533
101552
101574
101598
101626
101658
101325
101325
101325
101325
101325
101326
101326
101326
101326
101326
101326
101326
101326
101326
101326
101326
101326
101326
101326
101326
101326
101326
101326
101326
101326
101326
101327
101327
101327
101327
101327
101327
101327
101328
101328
101328
101328
101328
101329
101329
101329
101330
101330
101330
101331
101331
101331
101332
101332
101333
101334
101334
101335
101336
101336
101337
101338
101339
101340
101341
101342
101344
101345
101346
101348
101350
101351
101353
101355
101358
101360
101363
101365
101368
101371
101375
101379
101382
101387
101391
101396
101401
101407
101413
101420
101427
101435
101443
101452
101462
101474
101486
101499
101514
101530
101548
101568
101590
101615
101642
101325
101325
101325
101325
101325
101326
101326
101326
101326
101326
101326
101326
101326
101326
101326
101326
101326
101326
101326
101326
101326
101326
101326
101326
101326
101326
101327
101327
101327
101327
101327
101327
101327
101328
101328
101328
101328
101328
101329
101329
101329
101329
101330
101330
101331
101331
101331
101332
101332
101333
101334
101334
101335
101336
101336
101337
101338
101339
101340
101341
101342
101344
101345
101346
101348
101350
101351
101353
101355
101358
101360
101363
101365
101368
101371
101375
101378
101382
101387
101391
101396
101401
101407
101413
101419
101427
101434
101443
101452
101461
101472
101484
101496
101510
101526
101542
101560
101580
101600
101621
101325
101325
101325
101325
101325
101325
101326
101326
101326
101326
101326
101326
101326
101326
101326
101326
101326
101326
101326
101326
101326
101326
101326
101326
101326
101326
101327
101327
101327
101327
101327
101327
101327
101328
101328
101328
101328
101328
101329
101329
101329
101329
101330
101330
101331
101331
101331
101332
101332
101333
101333
101334
101335
101335
101336
101337
101338
101339
101340
101341
101342
101344
101345
101346
101348
101350
101351
101353
101355
101358
101360
101363
101365
101368
101371
101375
101378
101382
101387
101391
101396
101401
101407
101413
101419
101426
101434
101442
101451
101460
101470
101481
101493
101506
101520
101535
101550
101566
101582
101595
101325
101325
101325
101325
101325
101325
101325
101326
101326
101326
101326
101326
101326
101326
101326
101326
101326
101326
101326
101326
101326
101326
101326
101326
101326
101326
101327
101327
101327
101327
101327
101327
101327
101328
101328
101328
101328
101328
101329
101329
101329
101329
101330
101330
101330
101331
101331
101332
101332
101333
101333
101334
101335
101335
101336
101337
101338
101339
101340
101341
101342
101343
101345
101346
101348
101350
101351
101353
101355
101358
101360
101362
101365
101368
101371
101375
101378
101382
101386
101391
101396
101401
101406
101412
101419
101426
101433
101441
101449
101458
101468
101478
101489
101501
101513
101526
101538
101550
101559
101564
101325
101325
101325
101325
101325
101325
101325
101326
101326
101326
101326
101326
101326
101326
101326
101326
101326
101326
101326
101326
101326
101326
101326
101326
101326
101326
101327
101327
101327
101327
101327
101327
101327
101327
101328
101328
101328
101328
101329
101329
101329
101329
101330
101330
101330
101331
101331
101332
101332
101333
101333
101334
101335
101335
101336
101337
101338
101339
101340
101341
101342
101343
101345
101346
101348
101350
101351
101353
101355
101358
101360
101363
101365
101368
101371
101375
101378
101382
101386
101391
101396
101401
101406
101412
101418
101425
101432
101440
101448
101457
101466
101475
101485
101495
101505
101515
101524
101531
101534
101530
101325
101325
101325
101325
101325
101325
101325
101325
101326
101326
101326
101326
101326
101326
101326
101326
101326
101326
101326
101326
101326
101326
101326
101326
101326
101326
101326
101327
101327
101327
101327
101327
101327
101327
101328
101328
101328
101328
101328
101329
101329
101329
101330
101330
101330
101331
101331
101332
101332
101333
101333
101334
101335
101335
101336
101337
101338
101339
101340
101341
101342
101343
101345
101346
101348
101349
101351
101353
101355
101357
101360
101362
101365
101368
101371
101375
101378
101382
101386
101391
101395
101400
101406
101411
101417
101424
101431
101438
101446
101454
101462
101471
101479
101488
101496
101503
101508
101509
101506
101493
101325
101325
101325
101325
101325
101325
101325
101325
101325
101326
101326
101326
101326
101326
101326
101326
101326
101326
101326
101326
101326
101326
101326
101326
101326
101326
101326
101327
101327
101327
101327
101327
101327
101327
101328
101328
101328
101328
101328
101329
101329
101329
101330
101330
101330
101331
101331
101332
101332
101333
101333
101334
101335
101335
101336
101337
101338
101339
101340
101341
101342
101343
101345
101346
101348
101350
101351
101353
101355
101358
101360
101363
101365
101368
101372
101375
101379
101382
101387
101391
101396
101401
101406
101412
101418
101424
101431
101438
101445
101452
101460
101467
101474
101481
101486
101490
101490
101486
101475
101454
101325
101325
101325
101325
101325
101325
101325
101325
101325
101326
101326
101326
101326
101326
101326
101326
101326
101326
101326
101326
101326
101326
101326
101326
101326
101326
101326
101327
101327
101327
101327
101327
101327
101327
101328
101328
101328
101328
101328
101329
101329
101329
101330
101330
101330
101331
101331
101332
101332
101333
101333
101334
101334
101335
101336
101337
101338
101338
101340
101341
101342
101343
101344
101346
101347
101349
101351
101353
101355
101357
101359
101362
101365
101368
101371
101374
101378
101381
101385
101390
101394
101399
101404
101410
101415
101421
101427
101434
101440
101447
101453
101459
101464
101469
101471
101471
101467
101458
101441
101413
101325
101325
101325
101325
101325
101325
101325
101325
101325
101325
101326
101326
101326
101326
101326
101326
101326
101326
101326
101326
101326
101326
101326
101326
101326
101326
101326
101326
101327
101327
101327
101327
101327
101327
101327
101328
101328
101328
101328
101328
101329
101329
101329
101330
101330
101330
101331
101331
101332
101332
101333
101333
101334
101335
101335
101336
101337
101338
101339
101340
101341
101342
101344
101345
101346
101348
101350
101352
101354
101356
101358
101360
101363
101366
101369
101372
101375
101379
101383
101387
101391
101395
101400
101405
101410
101416
101421
101427
101433
101438
101444
101448
101452
101455
101456
101454
101449
101438
101421
101395
101325
101325
101325
101325
101325
101325
101325
101325
101325
101325
101325
101326
101326
101326
101326
101326
101326
101326
101326
101326
101326
101326
101326
101326
101326
101326
101326
101326
101327
101327
101327
101327
101327
101327
101327
101328
101328
101328
101328
101328
101329
101329
101329
101330
101330
101330
101331
101331
101331
101332
101333
101333
101334
101334
101335
101336
101337
101337
101338
101339
101341
101342
101343
101344
101346
101347
101349
101351
101353
101355
101357
101359
101362
101364
101367
101370
101373
101377
101380
101384
101388
101392
101397
101401
101406
101411
101416
101421
101426
101431
101435
101439
101442
101443
101443
101440
101433
101422
101405
101380
101325
101325
101325
101325
101325
101325
101325
101325
101325
101325
101325
101325
101326
101326
101326
101326
101326
101326
101326
101326
101326
101326
101326
101326
101326
101326
101326
101326
101326
101327
101327
101327
101327
101327
101327
101327
101328
101328
101328
101328
101328
101329
101329
101329
101330
101330
101330
101331
101331
101332
101332
101333
101333
101334
101335
101335
101336
101337
101338
101339
101340
101341
101342
101343
101345
101346
101348
101350
101351
101353
101355
101358
101360
101362
101365
101368
101371
101374
101378
101381
101385
101389
101393
101397
101402
101406
101411
101415
101419
101423
101427
101430
101432
101432
101430
101426
101419
101407
101391
101368
101325
101325
101325
101325
101325
101325
101325
101325
101325
101325
101325
101325
101325
101326
101326
101326
101326
101326
101326
101326
101326
101326
101326
101326
101326
101326
101326
101326
101326
101326
101327
101327
101327
101327
101327
101327
101327
101328
101328
101328
101328
101329
101329
101329
101329
101330
101330
101331
101331
101331
101332
101332
101333
101334
101334
101335
101336
101336
101337
101338
101339
101340
101341
101343
101344
101345
101347
101348
101350
101352
101354
101356
101358
101361
101363
101366
101369
101372
101375
101378
101382
101385
101389
101393
101397
101401
101405
101409
101413
101416
101419
101421
101422
101421
101419
101414
101406
101395
101379
101357
101325
101325
101325
101325
101325
101325
101325
101325
101325
101325
101325
101325
101325
101325
101326
101326
101326
101326
101326
101326
101326
101326
101326
101326
101326
101326
101326
101326
101326
101326
101327
101327
101327
101327
101327
101327
101327
101328
101328
101328
101328
101328
101329
101329
101329
101330
101330
101330
101331
101331
101331
101332
101333
101333
101334
101334
101335
101336
101337
101337
101338
101339
101340
101342
101343
101344
101346
101347
101349
101351
101352
101354
101356
101359
101361
101364
101366
101369
101372
101375
101378
101382
101385
101389
101392
101396
101400
101403
101406
101409
101411
101412
101413
101411
101409
101403
101395
101384
101369
101349
101325
101325
101325
101325
101325
101325
101325
101325
101325
101325
101325
101325
101325
101325
101325
101326
101326
101326
101326
101326
101326
101326
101326
101326
101326
101326
101326
101326
101326
101326
101326
101327
101327
101327
101327
101327
101327
101327
101328
101328
101328
101328
101328
101329
101329
101329
101330
101330
101330
101331
101331
101332
101332
101333
101333
101334
101334
101335
101336
101337
101338
101339
101340
101341
101342
101343
101344
101346
101347
101349
101351
101353
101355
101357
101359
101361
101364
101366
101369
101372
101375
101378
101381
101385
101388
101391
101394
101397
101400
101402
101403
101404
101404
101402
101399
101394
101386
101375
101361
101343
101325
101325
101325
101325
101325
101325
101325
101325
101325
101325
101325
101325
101325
101325
101325
101325
101326
101326
101326
101326
101326
101326
101326
101326
101326
101326
101326
101326
101326
101326
101326
101326
101327
101327
101327
101327
101327
101327
101327
101328
101328
101328
101328
101328
101329
101329
101329
101330
101330
101330
101331
101331
101332
101332
101333
101333
101334
101335
101335
101336
101337
101338
101339
101340
101341
101342
101343
101345
101346
101347
101349
101351
101353
101355
101357
101359
101361
101364
101366
101369
101372
101374
101377
101380
101383
101386
101389
101391
101393
101395
101396
101396
101396
101394
101390
101385
101377
101367
101354
101338
101325
101325
101325
101325
101325
101325
101325
101325
101325
101325
101325
101325
101325
101325
101325
101325
101325
101326
101326
101326
101326
101326
101326
101326
101326
101326
101326
101326
101326
101326
101326
101326
101326
101327
101327
101327
101327
101327
101327
101327
101328
101328
101328
101328
101328
101329
101329
101329
101330
101330
101330
101331
101331
101332
101332
101333
101333
101334
101335
101335
101336
101337
101338
101339
101340
101341
101342
101343
101344
101346
101347
101349
101351
101353
101354
101356
101359
101361
101363
101366
101368
101371
101373
101376
101378
101381
101383
101385
101387
101388
101389
101389
101388
101386
101382
101377
101370
101360
101348
101334
101325
101325
101325
101325
101325
101325
101325
101325
101325
101325
101325
101325
101325
101325
101325
101325
101325
101325
101326
101326
101326
101326
101326
101326
101326
101326
101326
101326
101326
101326
101326
101326
101326
101326
101327
101327
101327
101327
101327
101327
101327
101328
101328
101328
101328
101328
101329
101329
101329
101330
101330
101330
101331
101331
101332
101332
101333
101333
101334
101334
101335
101336
101337
101338
101339
101340
101341
101342
101343
101344
101346
101347
101349
101350
101352
101354
101356
101358
101360
101362
101364
101367
101369
101371
101374
101376
101378
101380
101381
101382
101382
101382
101381
101379
101375
101370
101363
101355
101344
101331
101325
101325
101325
101325
101325
101325
101325
101325
101325
101325
101325
101325
101325
101325
101325
101325
101325
101325
101325
101325
101326
101326
101326
101326
101326
101326
101326
101326
101326
101326
101326
101326
101326
101326
101326
101327
101327
101327
101327
101327
101327
101327
101328
101328
101328
101328
101328
101329
101329
101329
101329
101330
101330
101331
101331
101331
101332
101332
101333
101334
101334
101335
101336
101336
101337
101338
101339
101340
101341
101343
101344
101345
101347
101348
101350
101351
101353
101355
101357
101359
101361
101363
101365
101367
101369
101371
101373
101374
101375
101376
101376
101376
101374
101372
101369
101364
101358
101350
101340
101329
101325
101325
101325
101325
101325
101325
101325
101325
101325
101325
101325
101325
101325
101325
101325
101325
101325
101325
101325
101325
101325
101326
101326
101326
101326
101326
101326
101326
101326
101326
101326
101326
101326
101326
101326
101326
101326
101327
101327
101327
101327
101327
101327
101327
101328
101328
101328
101328
101329
101329
101329
101329
101330
101330
101330
101331
101331
101332
101332
101333
101333
101334
101335
101335
101336
101337
101338
101339
101340
101341
101342
101343
101344
101346
101347
101349
101350
101352
101354
101355
101357
101359
101361
101363
101364
101366
101367
101369
101369
101370
101370
101369
101368
101366
101363
101358
101352
101345
101337
101327
101325
101325
101325
101325
101325
101325
101325
101325
101325
101325
101325
101325
101325
101325
101325
101325
101325
101325
101325
101325
101325
101325
101325
101326
101326
101326
101326
101326
101326
101326
101326
101326
101326
101326
101326
101326
101326
101326
101327
101327
101327
101327
101327
101327
101327
101328
101328
101328
101328
101328
101329
101329
101329
101329
101330
101330
101331
101331
101331
101332
101332
101333
101334
101334
101335
101336
101336
101337
101338
101339
101340
101341
101342
101343
101345
101346
101347
101349
101350
101352
101353
101355
101357
101358
101360
101361
101362
101363
101364
101364
101364
101363
101362
101360
101357
101353
101348
101342
101335
101326
101325
101325
101325
101325
101325
101325
101325
101325
101325
101325
101325
101325
101325
101325
101325
101325
101325
101325
101325
101325
101325
101325
101325
101325
101325
101326
101326
101326
101326
101326
101326
101326
101326
101326
101326
101326
101326
101326
101326
101326
101327
101327
101327
101327
101327
101327
101327
101328
101328
101328
101328
101328
101329
101329
101329
101330
101330
101330
101331
101331
101331
101332
101332
101333
101334
101334
101335
101336
101336
101337
101338
101339
101340
101341
101342
101343
101345
101346
101347
101348
101350
101351
101352
101354
101355
101356
101357
101358
101358
101359
101359
101358
101357
101355
101352
101348
101344
101339
101332
101325
101325
101325
101325
101325
101325
101325
101325
101325
101325
101325
101325
101325
101325
101325
101325
101325
101325
101325
101325
101325
101325
101325
101325
101325
101325
101325
101325
101326
101326
101326
101326
101326
101326
101326
101326
101326
101326
101326
101326
101326
101326
101326
101326
101327
101327
101327
101327
101327
101327
101327
101328
101328
101328
101328
101329
101329
101329
101329
101330
101330
101331
101331
101331
101332
101332
101333
101333
101334
101335
101335
101336
101337
101338
101339
101340
101341
101342
101343
101344
101345
101346
101347
101348
101349
101350
101351
101352
101353
101353
101353
101353
101352
101351
101350
101347
101344
101341
101336
101331
101325
101325
101325
101325
101325
101325
101325
101325
101325
101325
101325
101325
101325
101325
101325
101325
101325
101325
101325
101325
101325
101325
101325
101325
101325
101325
101325
101325
101325
101325
101325
101326
101326
101326
101326
101326
101326
101326
101326
101326
101326
101326
101326
101326
101326
101326
101327
101327
101327
101327
101327
101327
101327
101328
101328
101328
101328
101328
101329
101329
101329
101330
101330
101330
101331
101331
101331
101332
101332
101333
101334
101334
101335
101336
101336
101337
101338
101339
101340
101340
101341
101342
101343
101344
101345
101346
101346
101347
101348
101348
101348
101348
101347
101346
101345
101343
101340
101337
101334
101329
101325
101325
101325
101325
101325
101325
101325
101325
101325
101325
101325
101325
101325
101325
101325
101325
101325
101325
101325
101325
101325
101325
101325
101325
101325
101325
101325
101325
101325
101325
101325
101325
101325
101325
101325
101326
101326
101326
101326
101326
101326
101326
101326
101326
101326
101326
101326
101326
101326
101326
101327
101327
101327
101327
101327
101327
101327
101328
101328
101328
101328
101329
101329
101329
101329
101330
101330
101330
101331
101331
101332
101332
101333
101333
101334
101334
101335
101336
101336
101337
101338
101338
101339
101340
101341
101341
101342
101342
101343
101343
101343
101343
101342
101341
101340
101339
101337
101334
101331
101328
101325
101325
101325
101325
101325
101325
101325
101325
101325
101325
101325
101325
101325
101325
101325
101325
101325
101325
101325
101325
101325
101325
101325
101325
101325
101325
101325
101325
101325
101325
101325
101325
101325
101325
101325
101325
101325
101325
101325
101326
101326
101326
101326
101326
101326
101326
101326
101326
101326
101326
101326
101326
101326
101326
101327
101327
101327
101327
101327
101327
101327
101328
101328
101328
101328
101328
101329
101329
101329
101329
101330
101330
101331
101331
101331
101332
101332
101333
101333
101334
101334
101335
101335
101336
101336
101337
101337
101337
101338
101338
101338
101338
101337
101337
101336
101335
101333
101332
101329
101327
101325
101325
101325
101325
101325
101325
101325
101325
101325
101325
101325
101325
101325
101325
101325
101325
101325
101325
101325
101325
101325
101325
101325
101325
101325
101325
101325
101325
101325
101325
101325
101325
101325
101325
101325
101325
101325
101325
101325
101325
101325
101325
101325
101325
101325
101325
101326
101326
101326
101326
101326
101326
101326
101326
101326
101326
101326
101326
101326
101326
101326
101327
101327
101327
101327
101327
101327
101327
101328
101328
101328
101328
101328
101329
101329
101329
101329
101330
101330
101330
101330
101331
101331
101331
101332
101332
101332
101332
101333
101333
101333
101333
101332
101332
101331
101331
101330
101329
101328
101326
101325
101325
101325
101325
101325
101325
101325
101325
101325
101325
101325
101325
101325
101325
101325
101325
101325
101325
101325
101325
101325
101325
101325
101325
101325
101325
101325
101325
101325
101325
101325
101325
101325
101325
101325
101325
101325
101325
101325
101325
101325
101325
101325
101325
101325
101325
101325
101325
101325
101325
101325
101325
101325
101325
101325
101325
101325
101325
101325
101325
101325
101326
101326
101326
101326
101326
101326
101326
101326
101326
101326
101326
101326
101326
101326
101326
101326
101327
101327
101327
101327
101327
101327
101327
101327
101327
101327
101328
101328
101328
101328
101328
101327
101327
101327
101327
101327
101326
101326
101325
101325
101379
101334
101290
101251
101216
101185
101160
101139
101123
101112
101366
101324
101284
101252
101223
101198
101176
101158
101145
101135
101353
101316
101282
101255
101231
101210
101192
101176
101164
101155
101342
101310
101282
101259
101239
101221
101205
101192
101181
101173
101334
101307
101283
101264
101247
101231
101217
101206
101196
101188
101328
101305
101285
101268
101254
101240
101228
101218
101209
101203
101324
101304
101287
101273
101260
101248
101238
101229
101222
101215
101321
101304
101290
101277
101266
101256
101247
101239
101233
101227
101319
101304
101292
101282
101272
101263
101256
101249
101243
101238
101318
101305
101295
101286
101278
101270
101263
101257
101252
101248
101317
101307
101298
101290
101283
101276
101271
101265
101261
101257
101317
101308
101301
101294
101288
101282
101277
101273
101269
101265
101317
101310
101304
101298
101293
101288
101284
101280
101276
101274
101318
101312
101306
101302
101298
101294
101290
101287
101284
101281
101319
101314
101309
101306
101302
101299
101296
101293
101291
101289
101320
101316
101312
101309
101306
101304
101301
101299
101297
101296
101321
101318
101315
101313
101311
101308
101307
101305
101304
101302
101322
101320
101318
101316
101315
101313
101312
101311
101310
101309
101323
101322
101321
101320
101319
101318
101317
101317
101316
101315
101324
101324
101323
101323
101323
101323
101322
101322
101322
101322
)
;

boundaryField
{
    down
    {
        type            symmetryPlane;
    }
    right
    {
        type            fixedValue;
        value           uniform 101325;
    }
    up
    {
        type            fixedValue;
        value           uniform 101325;
    }
    left
    {
        type            zeroGradient;
    }
    cylinder
    {
        type            zeroGradient;
    }
    defaultFaces
    {
        type            empty;
    }
}


// ************************************************************************* //
