/*--------------------------------*- C++ -*----------------------------------*\
  =========                 |
  \\      /  F ield         | OpenFOAM: The Open Source CFD Toolbox
   \\    /   O peration     | Website:  https://openfoam.org
    \\  /    A nd           | Version:  8
     \\/     M anipulation  |
\*---------------------------------------------------------------------------*/
FoamFile
{
    version     2.0;
    format      ascii;
    class       volScalarField;
    location    "2.50002999";
    object      epsilon;
}
// * * * * * * * * * * * * * * * * * * * * * * * * * * * * * * * * * * * * * //

dimensions      [0 2 -3 0 0 0 0];

internalField   nonuniform List<scalar> 
6800
(
3607.18
12188.7
10463.1
8294.84
6355.39
4345.67
2609.12
1313.03
702.724
430.099
2827.49
8246.1
8048.14
7081.77
4953.46
2736.55
1347.09
717.262
403.427
273.827
2861.88
7135.35
7069.37
5997.03
3460.37
1667.48
859.185
460.387
269.657
168.317
2974.47
6354.23
6549.79
5080.73
2362.06
1090.88
506.694
283.002
176.078
127.199
3021.35
6132.92
6165.36
3778.47
1540.76
664.886
358.615
221.072
144.64
105.652
3096.2
6161.46
5867.47
2791.8
1078.33
515.905
276.198
162.569
110.403
87.6126
3134.29
6618.48
5326.85
1831.24
743.411
358.85
205.194
138.552
99.8299
81.9898
3188.1
7014.04
4412.18
1500.88
624.602
313.629
183.779
117.778
85.2359
72.6745
3215.09
7530.06
3674.63
1089.97
452.324
239.876
146.875
102.697
80.8417
70.0842
3253.35
7856.26
2865.18
950.81
410.33
222.443
137.197
96.2176
73.4884
64.5005
18085.6
21528.1
20367.9
20504.9
22208.4
24530.7
26957.7
28934.1
29964.1
30220.8
17779.4
21601.6
20679.3
21559.4
24676.7
28708
32883.2
36488.9
39035.6
39995.9
82245.9
28354.7
22191
24027.7
29478.6
35954.6
41375.8
44773.1
46372.4
46275.7
80509.5
31812.3
24311.4
29006.7
37675.6
44967.5
48214.4
48016.7
47102.2
43447.6
18630.5
26107.9
29413.5
40507.4
49851.8
51463.9
49993.9
45309.5
40646.6
30381.4
18603.1
30331.1
45684.2
58525.2
57287.4
52434
43980
31385
23263.8
13254.3
85723
57310.7
68788.7
64186
53304.7
35856.7
21829.9
12992.6
9220.52
5494.32
17515.4
68005
67475.5
46320.8
24721.5
14708.8
9564.27
6304.38
4766.06
2861.24
16436.9
47549.4
35101.4
19553.5
12103.5
8148.35
5652.92
3947.12
2974.33
1694.57
10459.4
19548.3
15155.1
10422.5
7745.18
5725.02
4036.77
2770.46
1595.15
797.963
29235.9
26546.2
23899.8
21528.2
19513.3
17827.6
16407.9
15200.9
14164.7
13266.9
12481.8
11789
11172.4
10619.4
10120.1
9666.27
9251.27
8869.73
8517.29
8190.29
7885.73
7601.1
7334.32
7083.56
6847.44
6624.77
6414.45
6215.49
6026.98
5848.12
5678.19
5516.55
5362.62
5215.89
5075.85
4942.09
4814.17
4691.76
4574.5
4462.11
4354.32
4250.88
4151.54
4056.1
3964.36
3876.14
3791.24
3709.48
3630.71
3554.73
3481.4
3410.55
3342.02
3275.68
3211.39
3149.04
3088.53
3029.75
2972.64
2917.13
2863.15
2810.67
2759.63
2710
2661.75
2614.84
2569.25
2524.94
2481.88
2440.03
2399.35
2359.81
2321.37
2283.99
2247.63
2212.24
2177.79
2144.23
2111.53
2079.65
2048.55
2018.19
1988.57
1959.6
1931.35
1903.67
1876.7
1850.19
1824.47
1799.01
1774.54
1749.95
1726.86
1702.85
1681.41
1657.45
1638.47
1613.15
1599.13
1564.95
38926.3
35112
31337.7
28088.8
25361.2
23066.3
21134.5
19488.6
18077.5
16859.7
15799
14866.1
14038.5
13298.4
12631.8
12027.1
11475.4
10969.1
10502.2
10069.9
9668.04
9293.21
8942.66
8613.84
8305.38
8015.73
7742.94
7485.45
7241.99
7011.48
6792.93
6585.49
6388.37
6200.83
6022.2
5851.88
5689.32
5534.03
5385.52
5243.45
5107.39
4976.95
4851.84
4731.79
4616.55
4505.86
4399.5
4297.23
4198.83
4104.07
4012.75
3924.66
3839.61
3757.42
3677.94
3601.01
3526.5
3454.31
3384.31
3316.43
3250.58
3186.68
3124.69
3064.55
3006.2
2949.59
2894.66
2841.37
2789.66
2739.48
2690.77
2643.49
2597.58
2552.99
2509.67
2467.55
2426.6
2386.76
2347.98
2310.2
2273.41
2237.53
2202.57
2168.43
2135.16
2102.61
2070.94
2039.86
2009.73
1979.95
1951.37
1922.68
1895.78
1867.83
1842.93
1815.1
1793.09
1763.77
1747.6
1708.12
45206
41490.3
37315.7
33681.5
30589.7
27947.7
25690.5
23779.8
22142.9
20722.1
19476
18373
17388.7
16503.8
15702.7
14972
14301.4
13682.7
13109
12575.1
12076.4
11609.2
11170.6
10758.1
10369
10001.1
9653.27
9324.14
9012.49
8717.2
8437.09
8171.12
7918.26
7677.61
7448.32
7229.63
7020.83
6821.34
6630.51
6448.06
6272.91
6104.75
5943.43
5788.71
5640.3
5497.89
5361.17
5229.8
5103.5
4981.96
4864.89
4752.04
4643.16
4538.02
4436.42
4338.18
4243.12
4151.1
4061.98
3975.65
3891.97
3810.93
3732.44
3656.39
3582.7
3511.29
3442.06
3374.95
3309.89
3246.8
3185.62
3126.27
3068.68
3012.77
2958.49
2905.75
2854.5
2804.64
2756.14
2708.93
2662.97
2618.18
2574.57
2532.01
2490.58
2450.08
2410.71
2372.09
2334.72
2297.78
2262.41
2226.89
2193.68
2159.14
2128.47
2094.13
2067.14
2031.05
2011.26
1962.77
41725
38618
35355.3
32422.1
29882.1
27676
25751.9
24064
22589.8
21296.2
20152.9
19133.8
18218.9
17391.8
16639.7
15948.2
15308
14712.1
14154.9
13632.1
13140
12675.8
12237.1
11822.1
11428.8
11055.8
10701.5
10364.9
10044.6
9739.68
9449.03
9171.81
8907.12
8654.15
8412.16
8180.42
7958.32
7745.19
7540.76
7344.03
7155.86
6975.63
6802.6
6636.23
6476.08
6321.8
6173.05
6029.51
5890.91
5756.96
5627.42
5502.02
5380.59
5262.89
5148.76
5038.02
4930.54
4826.17
4724.82
4626.36
4530.74
4437.8
4347.48
4259.71
4174.47
4091.67
4011.27
3933.21
3857.41
3783.8
3712.31
3642.85
3575.37
3509.77
3446.01
3383.93
3323.49
3264.61
3207.29
3151.42
3097
3043.93
2992.23
2941.73
2892.58
2844.47
2797.74
2751.83
2707.45
2663.5
2621.5
2579.19
2539.78
2498.59
2462.24
2421.27
2389.28
2346.3
2322.92
2265.03
27341.4
24210.5
21717.9
19823.7
18389.7
17290.1
16423.3
15720.1
15142.3
14653.2
14223.5
13840.9
13495.3
13179.4
12885.3
12590.6
12300.3
12014.1
11733.4
11458.9
11190.9
10929.7
10675.8
10429.1
10189.8
9957.78
9732.86
9515.07
9303.82
9099.32
8900.73
8708.35
8521.46
8340.06
8163.52
7991.29
7823.13
7659.06
7498.85
7342.81
7190.3
7041.57
6896.71
6755.76
6618.66
6485.35
6355.67
6229.52
6106.74
5987.12
5870.54
5756.87
5646.01
5537.8
5432.17
5328.95
5228.11
5129.56
5033.26
4939.18
4847.28
4757.53
4669.89
4584.36
4500.89
4419.46
4340.03
4262.56
4187.02
4113.36
4041.52
3971.46
3903.11
3836.44
3771.32
3707.84
3645.94
3585.49
3526.46
3468.74
3412.34
3357.14
3303.2
3250.33
3198.73
3148.03
3098.7
3050.01
3002.94
2956.04
2911.32
2865.9
2823.81
2779.35
2740.44
2696
2661.73
2615.01
2589.91
2526.7
11561
10046.9
8916.37
8073.5
7430.61
6939.12
6555.9
6257.9
6027.36
5851.16
5715.85
5612.69
5539.98
5493.59
5457.67
5453.63
5466.02
5497.3
5543.86
5598.08
5655.74
5713.77
5770.75
5824.82
5874.71
5919.66
5958.6
5991.69
6017.76
6037.82
6050.26
6057.07
6055.3
6046.77
6029.74
6002.94
5969.73
5931.22
5888.18
5841.57
5791.98
5740.03
5686.15
5630.77
5574.11
5516.56
5458
5398.98
5339.11
5278.62
5217.71
5156.44
5094.84
5032.69
4970.23
4907.29
4844.17
4780.77
4717.44
4654.22
4591.13
4528.33
4465.92
4404
4342.66
4281.98
4222.01
4162.8
4104.38
4046.77
3989.99
3934.03
3878.9
3824.56
3771.06
3718.29
3666.3
3615.02
3564.53
3514.74
3465.73
3417.39
3369.86
3322.91
3276.86
3231.27
3186.75
3142.43
3099.53
3056.35
3015.25
2972.98
2934.03
2892.2
2855.99
2813.8
2781.73
2737.2
2713.58
2652.69
4950.54
4378.01
3906.62
3524.57
3209.64
2949.21
2730.36
2545.86
2390.58
2259.05
2149.38
2056.64
1980.02
1916.95
1865.8
1826.22
1795.97
1778.58
1765.37
1766.73
1773.29
1788.68
1812.51
1842.65
1879.27
1921.6
1969.05
2021.75
2078.14
2138.96
2202
2269.12
2336.95
2409.05
2485.08
2563.99
2644.32
2725.26
2805.62
2884.71
2961.65
3035.82
3106.61
3173.56
3236.25
3294.39
3347.68
3396.04
3439.36
3477.46
3510.35
3538.14
3560.17
3576.52
3588.22
3595.14
3598.27
3597.35
3594.32
3587.93
3578.61
3567.09
3553.6
3538.4
3521.67
3503.61
3484.31
3463.92
3442.53
3420.25
3397.13
3373.26
3348.65
3323.34
3297.4
3270.81
3243.72
3216.02
3188.02
3159.47
3130.71
3101.54
3072.21
3042.62
3013.06
2983.17
2953.56
2923.47
2894.08
2863.83
2834.96
2804.5
2776.57
2745.67
2719.19
2687.38
2663.46
2629.5
2611.7
2563.98
2592.96
2299.7
2047.26
1833.26
1649.42
1488.82
1348.97
1228.45
1123.8
1032.9
954.219
884.319
822.859
768.744
721.932
680.792
645.664
614.956
589.03
566.507
548.255
532.65
520.84
511.252
505.068
500.836
499.881
501.281
504.231
510.259
518.892
530.112
543.786
560.171
579.193
601.209
626.118
654.303
685.534
720.138
757.813
798.864
842.94
890.161
940.088
992.699
1047.46
1104.23
1162.46
1221.81
1282.01
1342.52
1403.96
1465.95
1527.76
1589.02
1649.17
1707.97
1764.93
1819.93
1872.49
1922.59
1969.89
2014.46
2056.03
2094.76
2130.45
2163.29
2193.19
2220.23
2244.51
2265.97
2284.5
2300.36
2313.74
2324.74
2333.74
2340.52
2345.85
2348.96
2351.29
2351.27
2350.5
2348.8
2345.56
2341.3
2336.05
2329.86
2323
2315.1
2306.96
2297.49
2288.43
2277.47
2267.81
2255.24
2245.75
2231.2
2223.44
2200.83
1526.25
1339.44
1173.08
1028.96
904.651
798.231
706.981
629.421
562.496
505.922
456.176
414.735
379.789
349.886
324.185
301.82
282.361
265.198
250.139
236.715
224.872
214.232
204.826
196.336
188.843
182.077
176.15
170.81
166.215
162.11
158.681
155.698
153.361
151.45
150.177
149.347
149.47
150.126
150.866
152.713
154.802
158.152
162.14
167.337
173.28
180.59
188.754
198.423
209.069
221.387
234.774
250.008
266.372
284.782
304.38
326.195
349.204
374.518
400.971
429.723
459.492
491.463
524.26
559.087
594.477
631.658
669.071
707.983
746.736
786.692
826.068
866.339
906.057
946.372
985.617
1025.03
1062.91
1100.62
1136.39
1171.76
1204.83
1237.44
1267.41
1296.96
1323.66
1350.03
1373.37
1396.58
1416.62
1436.81
1453.66
1471.02
1484.84
1499.58
1510.33
1522.72
1530.42
1541.2
1546.55
1556.5
686.951
585.601
505.701
442.805
392.416
351.262
317.025
288.162
263.504
242.244
223.725
207.492
193.184
180.514
169.243
159.179
150.155
142.039
134.705
128.063
122.017
116.511
111.465
106.85
102.593
98.6897
95.0674
91.7419
88.6377
85.7896
83.1149
80.6651
78.3531
76.2426
74.2301
72.4297
70.6528
69.1048
67.5815
66.2547
64.9234
63.8121
62.6865
61.8212
60.9474
60.3621
59.7986
59.5043
59.3256
59.3939
59.572
59.9599
60.4129
61.3197
62.236
63.7943
65.1236
67.3794
69.1875
72.2367
74.7299
78.6926
82.0646
87.1381
91.5829
97.9778
103.688
111.608
118.752
128.38
137.117
148.606
159.043
172.503
184.701
200.182
214.126
231.615
247.218
266.638
283.744
304.966
323.354
346.2
365.589
389.847
409.903
435.337
455.685
482.049
502.297
529.36
549.074
576.675
595.731
623.751
641.645
670.019
683.369
723.385
273.434
256.148
239.197
222.897
207.395
192.9
179.528
167.304
156.198
146.143
137.055
128.846
121.423
114.705
108.611
103.073
98.0258
93.4168
89.1868
85.3037
81.7232
78.4245
75.3677
72.5423
69.9105
67.4712
65.1868
63.0646
61.0661
59.2067
57.4454
55.8054
54.2422
52.7872
51.3911
50.0934
48.84
47.6786
46.5469
45.5037
44.4775
43.538
42.6038
41.756
40.904
40.1384
39.3612
38.671
37.9622
37.3433
36.6974
36.1464
35.5599
35.0752
34.5485
34.129
33.6656
33.3106
32.9152
32.6266
32.3076
32.0894
31.8567
31.7203
31.5918
31.5544
31.5727
31.6438
31.7819
32.0542
32.3304
32.8495
33.2859
34.1172
34.7463
35.9613
36.8212
38.5063
39.6483
41.8929
43.3714
46.2807
48.1595
51.8376
54.1767
58.7508
61.6088
67.1985
70.6318
77.3556
81.4087
89.3766
94.0809
103.389
108.747
119.328
125.814
137.363
142.64
162.892
170.301
159.682
149.536
139.956
131.149
123.097
115.774
109.114
103.067
97.564
92.5563
87.9834
83.8059
79.9742
76.4579
73.2173
70.2298
67.4629
64.908
62.5364
60.3351
58.2813
56.3656
54.5702
52.888
51.3054
49.8166
48.4112
47.0839
45.8277
44.6367
43.5072
42.4319
41.4107
40.4348
39.5071
38.6173
37.7709
36.9561
36.1808
35.4316
34.7188
34.0274
33.3697
32.7292
32.1204
31.5249
30.9597
30.4043
29.8784
29.3586
28.8683
28.3804
27.9227
27.4633
27.0356
26.602
26.2019
25.7914
25.4162
25.0263
24.6765
24.308
23.9824
23.6345
23.3329
23.0061
22.7274
22.4222
22.1672
21.8862
21.6564
21.4028
21.1993
20.9757
20.7991
20.6084
20.4593
20.3033
20.1834
20.066
19.9757
19.9031
19.853
19.8295
19.836
19.8947
19.9496
20.0506
20.2046
20.3591
20.6202
20.8867
21.2675
21.7729
22.2226
22.8133
23.2548
24.3119
25.6596
114.669
109.191
103.922
98.8842
94.1193
89.6333
85.4399
81.5195
77.8725
74.471
71.3121
68.3653
65.6283
63.071
60.6928
58.4654
56.3904
54.4412
52.6218
50.9068
49.3022
47.7845
46.3615
45.0107
43.7416
42.5328
41.3951
40.3076
39.2827
38.2995
37.3719
36.4791
35.6361
34.822
34.0528
33.3075
32.603
31.918
31.2705
30.6387
30.0414
29.4566
28.9038
28.3608
27.8477
27.3417
26.8641
26.3914
25.9456
25.5026
25.0855
24.6694
24.2782
23.8863
23.5187
23.1486
22.8026
22.4524
22.1259
21.7938
21.4855
21.1699
20.8782
20.5777
20.3014
20.0148
19.7529
19.4788
19.2305
18.968
18.7325
18.4806
18.2571
18.015
17.8031
17.5701
17.3691
17.1447
16.9541
16.7377
16.5571
16.3482
16.1779
15.9774
15.8178
15.6253
15.4768
15.2925
15.1553
14.9789
14.8539
14.6855
14.5735
14.414
14.3175
14.168
14.082
13.9464
13.8824
13.7284
82.6569
79.5457
76.4677
73.4295
70.4765
67.6297
64.9178
62.3397
59.9094
57.6155
55.4651
53.4411
51.5483
49.7671
48.102
46.5326
45.0648
43.6777
42.3788
41.1477
39.9934
38.8955
37.8648
36.8808
35.956
35.0696
34.2356
33.433
32.6773
31.9471
31.2591
30.5915
29.9625
29.3495
28.7721
28.2068
27.6746
27.1511
26.6588
26.1722
25.7152
25.2611
24.8355
24.4103
24.0127
23.6133
23.2409
22.8647
22.515
22.1597
21.8307
21.4942
21.1841
20.8647
20.5719
20.2681
19.9911
19.7015
19.4391
19.1624
18.9136
18.6488
18.4126
18.1587
17.9343
17.6903
17.477
17.2423
17.0393
16.813
16.6199
16.4015
16.2176
16.0064
15.8313
15.6267
15.4601
15.2617
15.1031
14.9105
14.7596
14.5723
14.4287
14.2463
14.1098
13.9319
13.8021
13.6283
13.505
13.3348
13.2178
13.0509
12.9402
12.7761
12.6726
12.513
12.4175
12.2631
12.1582
11.9845
63.6865
61.8049
59.9099
58.0026
56.12
54.2779
52.5018
50.7913
49.1609
47.603
46.1274
44.7224
43.3958
42.1336
40.9434
39.8099
38.741
37.721
36.7587
35.8377
34.968
34.1331
33.3439
32.5835
31.8641
31.1686
30.5101
29.871
29.2658
28.6761
28.1176
27.5714
27.0542
26.5464
26.0659
25.5921
25.1444
24.701
24.2826
23.8665
23.4746
23.083
22.7151
22.3457
21.9996
21.6504
21.3242
20.9933
20.6853
20.371
20.0798
19.7807
19.5049
19.2197
18.9582
18.6857
18.4374
18.1767
17.9407
17.6908
17.4663
17.2265
17.0127
16.7822
16.5786
16.3567
16.1627
15.9488
15.7638
15.5573
15.381
15.1814
15.0132
14.82
14.6596
14.4724
14.3194
14.1377
13.9918
13.8151
13.676
13.5042
13.3716
13.2041
13.0778
12.9143
12.7941
12.6344
12.52
12.3637
12.2551
12.102
11.9989
11.8484
11.7506
11.6037
11.5133
11.3693
11.2715
11.1099
52.2691
51.0364
49.7775
48.4867
47.1935
45.9076
44.6522
43.4255
42.2433
41.0988
40.0044
38.9499
37.9461
36.9806
36.0635
35.1813
34.3443
33.5379
32.7729
32.0344
31.3338
30.6556
30.012
29.3873
28.7943
28.2168
27.6687
27.1332
26.6251
26.1269
25.6544
25.1894
24.7488
24.3136
23.9015
23.493
23.1067
22.7222
22.3593
21.9965
21.6549
21.3119
20.9898
20.6647
20.3604
20.0518
19.7639
19.4704
19.1976
18.9178
18.659
18.3919
18.146
17.8905
17.6567
17.4119
17.1892
16.9543
16.7421
16.5163
16.3139
16.0967
15.9036
15.6942
15.5098
15.3079
15.1318
14.9367
14.7684
14.5797
14.419
14.2363
14.0827
13.9055
13.7587
13.5867
13.4464
13.2792
13.1452
12.9825
12.8546
12.696
12.5738
12.4191
12.3025
12.1514
12.0402
11.8924
11.7865
11.6417
11.5409
11.399
11.3032
11.1635
11.0729
10.9358
10.8479
10.7145
10.655
10.45
45.3142
44.4253
43.5102
42.5596
41.5982
40.6312
39.6792
38.7389
37.8256
36.9321
36.0717
35.2344
34.4322
33.6533
32.9093
32.1872
31.4986
30.8297
30.1924
29.5723
28.9818
28.406
27.8579
27.322
26.812
26.312
25.8364
25.3687
24.9241
24.4855
24.0689
23.6566
23.2655
22.877
22.5089
22.142
21.7951
21.4479
21.1202
20.7911
20.4812
20.1685
19.8749
19.5773
19.2989
19.0152
18.7508
18.4799
18.2285
17.9695
17.7302
17.4822
17.2542
17.0164
16.799
16.5706
16.3631
16.1435
15.9455
15.734
15.5448
15.341
15.1601
14.9635
14.7905
14.6005
14.4352
14.2514
14.0932
13.9152
13.7639
13.5914
13.4466
13.2791
13.1406
12.9779
12.8455
12.6872
12.5605
12.4063
12.2853
12.1349
12.0193
11.8725
11.7621
11.6186
11.5132
11.3728
11.2724
11.1349
11.0392
10.9043
10.8134
10.6807
10.5945
10.4643
10.3808
10.2537
10.1973
10.0024
40.9327
40.2273
39.4995
38.7383
37.9647
37.1804
36.4042
35.6312
34.8764
34.1319
33.4113
32.7045
32.0242
31.3589
30.7207
30.0971
29.5004
28.917
28.3597
27.814
27.2933
26.7825
26.2954
25.8166
25.3604
24.9107
24.4827
24.0596
23.6573
23.2584
22.8795
22.5028
22.1454
21.7889
21.4513
21.1133
20.7939
20.4728
20.1702
19.8648
19.5778
19.2868
19.0141
18.7365
18.4772
18.2119
17.9651
17.7113
17.4761
17.2329
17.0086
16.7752
16.5612
16.337
16.1326
15.9169
15.7215
15.5139
15.3271
15.1269
14.9481
14.7549
14.5839
14.3972
14.2335
14.0529
13.8962
13.7214
13.5713
13.4018
13.2581
13.0937
12.9561
12.7964
12.6646
12.5093
12.3831
12.232
12.1112
11.9639
11.8484
11.7047
11.5942
11.4538
11.3483
11.211
11.1102
10.9758
10.8797
10.748
10.6564
10.5272
10.44
10.3128
10.2298
10.1055
10.0287
9.90679
9.82355
9.68647
38.0255
37.4226
36.8014
36.1503
35.4876
34.8133
34.1438
33.4741
32.8179
32.1675
31.5359
30.9134
30.3124
29.7217
29.1537
28.596
28.0611
27.5358
27.033
26.5385
26.0659
25.6003
25.1559
24.7172
24.2989
23.8848
23.4906
23.0992
22.7272
22.3567
22.0051
21.6538
21.321
20.9875
20.6721
20.3548
20.0556
19.7534
19.4691
19.1809
18.9106
18.6353
18.3779
18.1146
17.8694
17.6173
17.3835
17.1417
16.9186
16.6865
16.4734
16.2504
16.0467
15.8322
15.6374
15.4307
15.2444
15.0451
14.8667
14.6744
14.5036
14.3178
14.1542
13.9744
13.8177
13.6437
13.4936
13.3249
13.1811
13.0175
12.8796
12.7208
12.5887
12.4343
12.3078
12.1576
12.0364
11.8901
11.7741
11.6314
11.5204
11.3811
11.2749
11.1388
11.0374
10.9042
10.8073
10.6769
10.5844
10.4566
10.3684
10.243
10.1591
10.0356
9.95604
9.83487
9.75771
9.63946
9.58704
9.4063
36.004
35.462
34.905
34.322
33.7289
33.1245
32.5237
31.9213
31.3297
30.7418
30.1695
29.6038
29.0563
28.5166
27.9965
27.4844
26.9923
26.5075
26.0427
25.5844
25.1457
24.7124
24.2982
23.8883
23.497
23.1087
22.7387
22.3705
22.0203
21.6707
21.3387
21.0063
20.6913
20.3749
20.0757
19.774
19.4895
19.2015
18.9307
18.6554
18.3975
18.134
17.8881
17.6357
17.4011
17.159
16.9349
16.7025
16.4884
16.265
16.0603
15.8453
15.6495
15.4424
15.255
15.0553
14.8759
14.6831
14.5112
14.325
14.1603
13.9802
13.8223
13.648
13.4967
13.3278
13.1828
13.019
12.88
12.721
12.5877
12.4332
12.3055
12.1553
12.0328
11.8866
11.7693
11.6268
11.5144
11.3754
11.2678
11.1321
11.0292
10.8965
10.7981
10.6683
10.5742
10.4471
10.3573
10.2327
10.147
10.0248
9.94316
9.82277
9.74497
9.62746
9.55525
9.43989
9.36156
9.23221
34.5528
34.0489
33.5323
32.9931
32.4455
31.8876
31.3328
30.7758
30.2284
29.6834
29.1521
28.6259
28.1159
27.6122
27.126
26.6464
26.1847
25.7292
25.2918
24.8597
24.4456
24.0358
23.6438
23.255
22.8836
22.5144
22.1624
21.8115
21.4775
21.1435
20.8263
20.508
20.2065
19.9029
19.616
19.326
19.0527
18.7754
18.515
18.2495
18.0011
17.7467
17.5095
17.2654
17.0389
16.8045
16.588
16.3626
16.1556
15.9387
15.7407
15.5317
15.3421
15.1406
14.9591
14.7645
14.5906
14.4027
14.2361
14.0542
13.8946
13.7186
13.5656
13.395
13.2484
13.083
12.9425
12.7818
12.6472
12.4911
12.3621
12.2103
12.0867
11.9388
11.8205
11.6764
11.5632
11.4225
11.3142
11.1768
11.0733
10.9389
10.8401
10.7085
10.6141
10.4852
10.3953
10.2687
10.1831
10.0588
9.97745
9.85515
9.77806
9.65761
9.584
9.4656
9.39837
9.27979
9.22841
9.05567
33.4775
32.9977
32.5072
31.997
31.48
30.9538
30.4308
29.9054
29.3889
28.8742
28.3721
27.8743
27.3914
26.9138
26.4523
25.9965
25.5574
25.1235
24.7065
24.2941
23.8983
23.5064
23.131
22.7584
22.402
22.0476
21.7092
21.3716
21.05
20.7283
20.4223
20.1152
19.824
19.5306
19.2531
18.9725
18.7078
18.4392
18.1866
17.9292
17.688
17.441
17.2105
16.9733
16.753
16.5249
16.3142
16.0947
15.893
15.6816
15.4885
15.2847
15.0998
14.9031
14.7258
14.5359
14.366
14.1823
14.0195
13.8417
13.6856
13.5134
13.3637
13.1968
13.0533
12.8913
12.7537
12.5963
12.4645
12.3115
12.1851
12.0362
11.9151
11.77
11.6541
11.5126
11.4016
11.2636
11.1574
11.0224
10.9209
10.7889
10.6919
10.5626
10.4701
10.3433
10.2551
10.1307
10.0467
9.92446
9.84455
9.72431
9.64859
9.53018
9.45782
9.34142
9.27536
9.15875
9.10822
8.93828
32.659
32.1948
31.7217
31.2312
30.7358
30.2319
29.7317
29.2291
28.7353
28.2428
27.7624
27.2856
26.8231
26.3651
25.9225
25.4848
25.063
24.6458
24.2445
23.8473
23.466
23.088
22.7256
22.3658
22.0213
21.6785
21.3509
21.024
20.7123
20.4002
20.1033
19.8052
19.5221
19.2369
18.9669
18.6939
18.4361
18.1744
17.9282
17.6771
17.4417
17.2007
16.9756
16.7439
16.5284
16.3055
16.0993
15.8847
15.6871
15.4803
15.291
15.0914
14.91
14.7173
14.5434
14.3571
14.1904
14.0102
13.8502
13.6758
13.5224
13.3533
13.2061
13.0422
12.901
12.7419
12.6065
12.4518
12.322
12.1716
12.0471
11.9007
11.7814
11.6387
11.5244
11.3853
11.2758
11.14
11.0352
10.9024
10.8023
10.6723
10.5767
10.4493
10.358
10.2332
10.1461
10.0236
9.94066
9.8202
9.74138
9.62283
9.54814
9.43134
9.36002
9.24515
9.17998
9.06496
9.01513
8.84766
32.025
31.5708
31.1096
30.6328
30.1529
29.6653
29.1821
28.6965
28.2198
27.7441
27.2805
26.8199
26.3732
25.9305
25.5027
25.0792
24.6711
24.267
23.8784
23.4933
23.1235
22.7565
22.4048
22.055
21.7203
21.3867
21.068
20.7495
20.4458
20.1415
19.8519
19.5608
19.2845
19.0058
18.7419
18.4748
18.2227
17.9664
17.7254
17.4793
17.2487
17.0123
16.7915
16.5641
16.3527
16.1338
15.9312
15.7203
15.5262
15.3228
15.1367
14.9403
14.7618
14.5721
14.401
14.2175
14.0533
13.8757
13.7182
13.5462
13.395
13.2283
13.0832
12.9215
12.7822
12.6252
12.4916
12.3389
12.2108
12.0623
11.9394
11.7948
11.6771
11.5361
11.4233
11.2857
11.1777
11.0433
10.9399
10.8086
10.7097
10.5811
10.4866
10.3607
10.2705
10.147
10.0609
9.93965
9.85775
9.73852
9.66064
9.54327
9.46948
9.35385
9.28338
9.16958
9.1052
8.99125
8.94191
8.77634
31.5347
31.0868
30.6335
30.1663
29.6978
29.2223
28.7519
28.2792
27.8159
27.3533
26.9028
26.4548
26.0208
25.5901
25.1742
24.762
24.3649
23.9712
23.5928
23.2172
22.8568
22.4986
22.1553
21.8135
21.4865
21.1601
20.8484
20.5365
20.2392
19.9408
19.657
19.3714
19.1003
18.8265
18.5674
18.3049
18.057
17.805
17.5678
17.3256
17.0985
16.8656
16.6481
16.4239
16.2155
15.9996
15.7998
15.5916
15.4
15.1991
15.0154
14.8214
14.6451
14.4576
14.2884
14.1071
13.9447
13.7692
13.6133
13.4432
13.2936
13.1287
12.9851
12.825
12.6872
12.5317
12.3994
12.2483
12.1214
11.9743
11.8526
11.7094
11.5927
11.4531
11.3413
11.205
11.0979
10.9648
10.8623
10.7322
10.6341
10.5067
10.413
10.2882
10.1987
10.0763
9.99101
9.87079
9.78955
9.67137
9.59415
9.47785
9.40444
9.28956
9.22068
9.10841
9.04329
8.93519
8.8627
8.74059
31.1734
30.7287
30.2801
29.8191
29.3583
28.8912
28.43
27.9666
27.513
27.0599
26.619
26.1804
25.7555
25.3337
24.9265
24.5224
24.1333
23.747
23.3759
23.007
22.6532
22.301
21.9637
21.6273
21.3056
20.9841
20.6771
20.3695
20.0765
19.782
19.502
19.2199
18.9522
18.6817
18.4256
18.166
17.9209
17.6715
17.4369
17.1972
16.9724
16.7418
16.5264
16.3044
16.0979
15.884
15.686
15.4797
15.2898
15.0907
14.9085
14.7162
14.5413
14.3555
14.1876
14.0079
13.8467
13.6728
13.518
13.3495
13.2009
13.0375
12.8948
12.7362
12.5993
12.4452
12.3138
12.1641
12.038
11.8923
11.7713
11.6294
11.5134
11.3751
11.2639
11.129
11.0225
10.8907
10.7887
10.6599
10.5623
10.4362
10.3429
10.2194
10.1303
10.0091
9.92417
9.80516
9.72427
9.60727
9.53038
9.41525
9.34216
9.2284
9.15984
9.04868
8.98396
8.87702
8.80488
8.68363
30.9132
30.4692
30.0221
29.5642
29.1074
28.6452
28.1892
27.7314
27.2833
26.836
26.4006
25.9675
25.5478
25.1309
24.7283
24.3286
23.9437
23.5613
23.1939
22.8283
22.4777
22.1283
21.7937
21.4597
21.1404
20.821
20.5162
20.2104
19.9193
19.6266
19.3485
19.068
18.8022
18.5333
18.279
18.021
17.7778
17.53
17.2972
17.0591
16.8361
16.6072
16.3935
16.1731
15.9682
15.7558
15.5593
15.3546
15.1661
14.9687
14.7878
14.5973
14.4237
14.2396
14.073
13.8951
13.7351
13.5629
13.4093
13.2427
13.0951
12.9336
12.7919
12.6353
12.4992
12.3472
12.2165
12.0689
11.9434
11.7999
11.6793
11.5398
11.424
11.2881
11.177
11.0445
10.938
10.8087
10.7065
10.5803
10.4823
10.359
10.2651
10.1445
10.0546
9.93653
9.85054
9.73477
9.65259
9.53899
9.46054
9.34901
9.2742
9.16437
9.09335
8.9855
8.91655
8.81127
8.76458
8.60311
30.6988
30.2546
29.8079
29.3513
28.8963
28.4361
27.9819
27.5258
27.0787
26.6322
26.1971
25.7641
25.3441
24.9271
24.524
24.1242
23.7388
23.3567
22.9887
22.6222
22.2705
21.9201
21.5848
21.2503
20.9311
20.6121
20.3082
20.0038
19.7145
19.4238
19.1482
18.8703
18.6075
18.3416
18.0908
17.8361
17.5965
17.3521
17.1231
16.8885
16.6693
16.4439
16.2342
16.0173
15.8165
15.6078
15.4154
15.2142
15.0297
14.8356
14.6586
14.4712
14.3013
14.1201
13.957
13.7817
13.625
13.4553
13.3049
13.1404
12.9959
12.8364
12.6975
12.5427
12.4093
12.259
12.1308
11.9847
11.8616
11.7194
11.6012
11.4628
11.3492
11.2144
11.1054
10.9739
10.8693
10.7409
10.6406
10.5152
10.4191
10.2965
10.2043
10.0844
9.99613
9.87863
9.7942
9.67901
9.59829
9.48527
9.40817
9.29723
9.22366
9.11433
9.04411
8.93735
8.87203
8.76721
8.69618
8.57862
30.5432
30.0915
29.6341
29.1635
28.693
28.2156
27.7447
27.2719
26.8103
26.3504
25.905
25.4633
25.0379
24.6169
24.2132
23.8136
23.4314
23.0527
22.6915
22.3343
21.9937
21.6555
21.3331
21.0119
20.7058
20.3997
20.1084
19.8159
19.5381
19.2582
18.9928
18.7244
18.4706
18.213
17.9699
17.7223
17.4894
17.2512
17.028
16.7986
16.5845
16.3635
16.158
15.9449
15.7476
15.542
15.3526
15.154
14.9721
14.7801
14.6054
14.4198
14.2519
14.0723
13.911
13.737
13.582
13.4134
13.2645
13.1009
12.9578
12.799
12.6615
12.5073
12.3752
12.2253
12.0984
11.9526
11.8307
11.6887
11.5718
11.4334
11.3212
11.1862
11.0786
10.9467
10.8436
10.7148
10.616
10.49
10.3954
10.2721
10.1816
10.0607
9.97434
9.85571
9.77327
9.65675
9.5782
9.46363
9.38888
9.27607
9.20519
9.09401
9.02625
8.91684
8.85489
8.74526
8.69779
8.53846
30.0096
29.5374
29.073
28.6078
28.1523
27.698
27.2554
26.8152
26.3881
25.9641
25.554
25.1471
24.7546
24.3651
23.99
23.6174
23.2592
22.9028
22.5607
22.2197
21.8929
21.5664
21.254
20.9413
20.6424
20.3425
20.0565
19.7687
19.4948
19.2184
18.956
18.6904
18.4389
18.1834
17.9422
17.6963
17.4649
17.2281
17.0061
16.7779
16.5648
16.3448
16.1402
15.9279
15.7314
15.5265
15.3377
15.1397
14.9584
14.767
14.5928
14.4076
14.2402
14.061
13.9001
13.7264
13.5718
13.4035
13.2549
13.0916
12.9488
12.7902
12.6531
12.499
12.3672
12.2174
12.0908
11.9451
11.8235
11.6816
11.5649
11.4265
11.3145
11.1796
11.0722
10.9404
10.8375
10.7087
10.6101
10.4841
10.3897
10.2664
10.1761
10.0552
9.96899
9.85039
9.76808
9.6516
9.57315
9.45864
9.38397
9.27124
9.20044
9.08939
9.0217
8.91248
8.85065
8.74132
8.69401
8.53504
54.5443
58.5471
61.5292
66.7456
73.5104
80.5078
95.2253
112.986
147.64
281.629
48.7839
50.0809
53.0421
55.786
60.6682
66.6583
73.5699
87.2882
100.556
178.991
44.6429
45.9862
46.7963
49.3877
51.1487
56.3588
59.7596
69.7055
76.5157
119.108
42.284
43.1457
43.5749
45.1585
46.075
49.1795
51.1583
57.4127
61.4774
84.9567
40.3301
40.8791
41.1527
42.1778
42.7311
44.6012
45.7529
49.4499
51.8675
64.9034
38.8718
39.1807
39.3284
39.9721
40.3093
41.4785
42.1628
44.3543
45.7624
53.0091
37.7316
37.8772
37.9308
38.3101
38.4973
39.2242
39.6292
40.9564
41.7731
45.8449
36.8409
36.8506
36.8465
37.0259
37.1136
37.534
37.7636
38.5618
39.0338
41.3753
36.1452
36.0544
35.9999
36.0301
36.0438
36.2428
36.3525
36.7995
37.0603
38.4353
35.5924
35.4465
35.3206
35.2544
35.2141
35.254
35.2778
35.48
35.6011
36.4063
35.1421
34.9629
34.7791
34.6588
34.5398
34.4799
34.4435
34.4766
34.5025
34.9491
34.7962
34.5604
34.3605
34.1704
34.0204
33.8761
33.7744
33.6927
33.6513
33.8576
34.5118
34.2559
34.0125
33.8039
33.5872
33.4263
33.2286
33.1232
32.9377
33.0293
34.2787
34.0272
33.7313
33.5233
33.2447
33.0741
32.8081
32.6727
32.3782
32.3895
34.0972
33.8511
33.5134
33.3048
32.9802
32.7993
32.4831
32.324
31.9926
31.8965
33.9581
33.7244
33.3483
33.1443
32.7818
32.5938
32.2411
32.06
31.7192
31.5352
33.8639
33.6116
33.2376
33.0044
32.6498
32.421
32.0799
31.8466
31.5173
31.2771
33.7944
33.5057
33.1495
32.8771
32.539
32.2703
31.9411
31.6687
31.3434
31.0656
33.7626
33.4512
33.1001
32.8038
32.4685
32.1756
31.846
31.5496
31.2198
30.9176
33.5447
33.1819
32.8082
32.4654
32.1055
31.7739
31.4192
31.0924
30.738
30.4126
53.9518
59.8018
69.1765
85.381
115.385
175.56
330.953
887.847
5123.48
3137.79
54.4244
60.2133
70.5376
86.4252
115.414
178.51
349.584
921.066
5480.8
3192.28
54.4594
60.0031
71.1521
89.562
123.738
192.391
377.183
989.89
5875.13
3242.23
55.0733
60.6355
71.6426
89.4569
123.695
195.844
396.777
1044.59
6293.96
3281.84
55.0221
60.4948
73.0859
94.0941
134.477
216.191
445.055
1132.59
6708.2
3315.24
56.346
62.3152
73.2751
94.3117
135.175
219.774
465.191
1235.07
7157.63
3336.23
56.518
62.6258
76.8162
100.868
150.383
250.451
544.643
1348.53
7576.81
3328.34
58.7943
65.5504
77.9271
102.857
154.153
256.2
570.232
1530.89
7967.62
3308.33
59.4435
66.7907
83.9439
113.529
176.136
304.386
691.97
1798.95
8121.04
3298.04
63.1232
71.1132
86.4472
118.319
185.238
322.762
743.119
2311.84
8037.99
3270.22
54.8946
62.4298
72.6975
80.8856
119.462
131.6
365.936
639.648
3532.85
2707.52
55.5945
60.3865
71.0895
81.6972
92.3214
160.495
203.518
756.287
3109.7
2660.69
55.6451
60.4865
70.7769
80.9314
94.2185
153.818
212.385
718.667
3127.68
2654.66
55.2891
60.539
70.0906
80.4671
98.3782
151.437
233.145
705.957
3267.83
2673.45
55.1472
60.2923
69.4943
81.1406
101.902
152.001
255.899
714.101
3447.23
2731.57
54.8274
60.1945
68.9615
81.4872
103.284
153.956
272.49
742.072
3624.06
2765.13
54.5373
59.8425
69.2148
81.5061
104.331
156.202
283.396
757.688
3896.56
2840.19
54.1617
59.6418
68.7563
83.2856
106.501
157.293
292.648
790.447
4121.81
2896.58
53.7506
59.2508
68.5414
83.107
109.469
163.698
300.988
811.864
4463.96
2987.95
53.6782
59.3375
68.7215
84.2179
109.973
165.754
315.517
842.074
4750.1
3053.44
13886.2
10422.4
8079.86
6429.74
5227.73
4327.31
3636.69
3096.2
2665.77
2317.75
2032.58
1796.15
1598.05
1430.51
1287.59
1164.76
1058.43
965.819
884.671
813.19
749.909
693.632
643.369
598.3
557.738
521.107
487.918
457.757
430.267
405.147
382.131
360.995
341.539
323.592
307.002
291.638
277.38
264.129
251.789
240.283
229.534
219.48
210.061
201.227
192.929
185.126
177.778
170.853
164.315
158.142
152.301
146.774
141.535
136.568
131.85
127.371
123.107
119.053
115.188
111.508
107.993
104.642
101.436
98.376
95.4433
92.6423
89.953
87.3824
84.9102
82.5457
80.268
78.0885
75.9856
73.9728
72.0276
70.1659
68.3637
66.6397
64.9679
63.3705
61.8186
60.3387
58.8988
57.5299
56.1969
54.9358
53.7091
52.5579
51.4433
50.412
49.4226
48.5438
47.7464
47.0964
46.5762
46.3041
46.5083
47.005
49.1471
52.6421
13884.6
10419.5
8076.64
6426.51
5224.66
4324.45
3634.07
3093.81
2663.59
2315.76
2030.77
1794.49
1596.53
1429.1
1286.3
1163.56
1057.33
964.794
883.719
812.302
749.081
692.857
642.643
597.618
557.097
520.502
487.348
457.217
429.757
404.663
381.672
360.559
341.124
323.197
306.625
291.278
277.037
263.801
251.476
239.982
229.246
219.204
209.796
200.972
192.684
184.89
177.551
170.634
164.104
157.938
152.105
146.584
141.351
136.391
131.679
127.204
122.947
118.898
115.037
111.362
107.851
104.504
101.302
98.2461
95.3172
92.5196
89.8338
87.2664
84.7975
82.4358
80.1613
77.9843
75.8844
73.8739
71.9316
70.0719
68.2726
66.5503
64.8813
63.2853
61.7362
60.2575
58.8204
57.4525
56.1223
54.8619
53.6381
52.4873
51.3757
50.3444
49.3582
48.479
47.6846
47.0342
46.5171
46.2444
46.4372
46.9162
48.9162
52.2016
13881.4
10413.8
8070.21
6420.08
5218.54
4318.77
3628.86
3089.04
2659.25
2311.79
2027.15
1791.17
1593.49
1426.31
1283.74
1161.19
1055.14
962.756
881.827
810.536
747.435
691.313
641.199
596.259
555.822
519.298
486.214
456.143
428.744
403.7
380.761
359.69
340.301
322.41
305.879
290.563
276.357
263.147
250.853
239.383
228.674
218.653
209.27
200.464
192.197
184.42
177.1
170.197
163.686
157.532
151.715
146.206
140.988
136.037
131.339
126.873
122.628
118.587
114.739
111.07
107.57
104.23
101.037
97.9876
95.0674
92.2759
89.5978
87.0363
84.5743
82.2184
79.9498
77.7788
75.684
73.6797
71.7415
69.8884
68.0922
66.377
64.7103
63.1219
61.5742
60.104
58.6671
57.3091
55.9779
54.729
53.5028
52.3654
51.2496
50.2356
49.2458
48.3839
47.5769
46.9489
46.4237
46.1881
46.2464
47.1765
48.6125
52.316
13876.7
10405.4
8060.65
6410.5
5209.44
4310.31
3621.1
3081.95
2652.78
2305.9
2021.77
1786.25
1588.98
1422.16
1279.92
1157.66
1051.87
959.726
879.014
807.911
744.987
689.02
639.053
594.241
553.927
517.509
484.53
454.548
427.238
402.269
379.407
358.401
339.078
321.242
304.769
289.5
275.345
262.177
249.928
238.493
227.825
217.834
208.487
199.709
191.475
183.721
176.431
169.549
163.064
156.929
151.136
145.644
140.448
135.512
130.834
126.382
122.155
118.126
114.294
110.637
107.152
103.822
100.643
97.6034
94.6955
91.9132
89.2462
86.6934
84.2413
81.894
79.6341
77.4715
75.3842
73.3882
71.4564
69.6117
67.8207
66.1141
64.4514
62.872
61.3271
59.8663
58.4311
57.0829
55.7521
54.5141
53.2866
52.1616
51.0427
50.0429
49.0484
48.2029
47.3888
46.7804
46.2462
46.0368
46.1189
46.993
48.4245
52.1222
13870.4
10394.2
8048.01
6397.86
5197.42
4299.15
3610.86
3072.6
2644.26
2298.13
2014.68
1779.76
1583.04
1416.7
1274.89
1153.01
1047.58
955.737
875.309
804.455
741.765
686.002
636.228
591.585
551.432
515.156
482.313
452.449
425.255
400.387
377.625
356.705
337.468
319.706
303.308
288.103
274.014
260.901
248.71
237.324
226.707
216.759
207.458
198.717
190.524
182.803
175.55
168.698
162.246
156.138
150.375
144.906
139.737
134.823
130.169
125.737
121.532
117.521
113.71
110.069
106.602
103.288
100.126
97.0998
94.2079
91.4382
88.786
86.245
83.8065
81.4703
79.2229
77.071
74.9951
73.0096
71.0884
69.254
67.4728
65.7766
64.1228
62.5541
61.0175
59.5679
58.1405
56.8044
55.4809
54.2564
53.0358
51.9264
50.8143
49.8332
48.8463
48.0241
47.2149
46.6345
46.1065
45.9357
45.9963
46.9996
48.3915
51.9693
13862.6
10380.4
8032.4
6382.25
5182.6
4285.4
3598.24
3061.07
2633.77
2288.55
2005.95
1771.77
1575.73
1409.98
1268.7
1147.3
1042.29
950.831
870.753
800.206
737.803
682.291
632.755
588.319
548.366
512.263
479.588
449.87
422.819
398.075
375.436
354.62
335.49
317.819
301.513
286.386
272.379
259.333
247.214
235.887
225.334
215.438
206.193
197.498
189.356
181.676
174.468
167.651
161.242
155.165
149.439
143.999
138.864
133.975
129.353
124.943
120.767
116.777
112.991
109.369
105.927
102.629
99.4891
96.4786
93.6065
90.8514
88.2171
85.69
83.2675
80.9445
78.7113
76.5721
74.5085
72.5356
70.6247
68.8029
67.0299
65.3465
63.6989
62.1433
60.6106
59.1749
57.7488
56.4275
55.1025
53.8942
52.6689
51.5775
50.457
49.4966
48.4968
47.6992
46.8715
46.3207
45.7694
45.6433
45.7517
46.6388
48.091
51.6708
13853.4
10364.1
8013.95
6363.82
5165.1
4269.16
3583.36
3047.49
2621.4
2277.28
1995.66
1762.37
1567.11
1402.06
1261.42
1140.57
1036.07
945.06
865.392
795.209
733.141
677.928
628.67
584.481
544.759
508.863
476.383
446.839
419.954
395.357
372.861
352.172
333.165
315.602
299.403
284.37
270.456
257.493
245.456
234.201
223.72
213.887
204.707
196.068
187.984
180.353
173.197
166.425
160.062
154.024
148.341
142.936
137.84
132.982
128.395
124.014
119.87
115.906
112.15
108.552
105.136
101.86
98.7451
95.7553
92.9058
90.17
87.5565
85.0476
82.6444
80.3388
78.1235
76.0011
73.9545
71.9979
70.103
68.2974
66.5398
64.8729
63.2403
61.7019
60.1841
58.7667
57.3557
56.0547
54.7456
53.5602
52.3523
51.2878
50.1869
49.2595
48.2843
47.5209
46.7119
46.1948
45.6594
45.5588
45.6534
46.6207
48.0157
51.4446
13842.8
10345.4
7992.81
6342.71
5145.08
4250.59
3566.35
3031.97
2607.27
2264.4
1983.92
1751.63
1557.28
1393.03
1253.11
1132.9
1028.98
938.48
859.281
789.513
727.829
672.956
624.015
580.108
540.651
504.989
472.733
443.387
416.692
392.263
369.93
349.383
330.517
313.077
297.001
282.074
268.268
255.397
243.455
232.28
221.884
212.121
203.016
194.438
186.422
178.845
171.75
165.026
158.718
152.723
147.09
141.723
136.672
131.849
127.303
122.953
118.846
114.91
111.188
107.614
104.231
100.977
97.891
94.9212
92.0984
89.3807
86.7916
84.2991
81.9178
79.6272
77.4316
75.3229
73.2933
71.3493
69.4689
67.6748
65.9289
64.2723
62.6481
61.1191
59.6058
58.1966
56.7857
55.4913
54.1768
52.9965
51.7763
50.7151
49.5938
48.6683
47.664
46.9181
46.0842
45.612
45.0588
45.0675
45.2174
46.1365
47.694
51.0748
13830.9
10324.4
7969.12
6319.09
5122.69
4229.85
3547.35
3014.64
2591.5
2250.04
1970.83
1739.67
1546.33
1382.97
1243.86
1124.36
1021.08
931.155
852.475
783.174
721.914
667.424
618.833
575.242
536.078
500.681
468.671
439.548
413.062
388.822
366.667
346.283
327.571
310.271
294.329
279.523
265.834
253.068
241.229
230.147
219.841
210.16
201.137
192.631
184.686
177.174
170.144
163.477
157.227
151.283
145.702
140.382
135.379
130.597
126.095
121.783
117.716
113.814
110.129
106.587
103.237
100.013
96.9587
94.0163
91.2232
88.5313
85.9703
83.5025
81.1483
78.8816
76.7124
74.6274
72.6241
70.7043
68.8506
67.082
65.3639
63.7349
62.1407
60.6426
59.1625
57.789
56.4161
55.1639
53.8887
52.7537
51.574
50.5613
49.4804
48.6055
47.6378
46.9346
46.1178
45.6699
45.117
45.1173
45.2676
46.1337
47.6504
50.7932
13817.8
10301.3
7943.08
6293.15
5098.11
4207.1
3526.52
2995.66
2574.23
2234.32
1956.51
1726.59
1534.35
1371.98
1233.74
1115.03
1012.46
923.16
845.048
776.258
715.462
661.39
613.181
569.938
531.092
495.984
464.241
435.363
409.103
385.071
363.109
342.903
324.357
307.21
291.411
276.738
263.173
250.524
238.793
227.813
217.603
208.011
199.071
190.645
182.775
175.333
168.369
161.764
155.573
149.685
144.157
138.887
133.931
129.194
124.734
120.461
116.433
112.566
108.915
105.405
102.086
98.8895
95.862
92.9442
90.1749
87.5046
84.9642
82.5151
80.1787
77.9282
75.7736
73.7025
71.7107
69.8025
67.9571
66.1983
64.4848
62.8636
61.2692
59.7759
58.2906
56.919
55.5356
54.2833
53.0039
51.8782
50.7064
49.7178
48.667
47.8381
46.9397
46.3115
45.626
45.256
44.8889
44.9738
45.2473
46.0821
47.7649
50.7931
13809.8
10288.1
7928.55
6278.84
5084.65
4194.72
3515.23
2985.42
2564.95
2225.9
1948.85
1719.61
1527.98
1366.15
1228.38
1110.1
1007.9
918.945
841.138
772.624
712.076
658.23
610.226
567.168
528.492
493.54
461.94
433.193
407.054
383.133
361.275
341.165
322.708
305.644
289.922
275.322
261.824
249.238
237.567
226.643
216.485
206.944
198.051
189.669
181.84
174.439
167.513
160.945
154.788
148.934
143.437
138.197
133.269
128.562
124.127
119.882
115.878
112.037
108.408
104.922
101.623
98.451
95.4427
92.5477
89.7965
87.1482
84.6248
82.1966
79.8759
77.6449
75.505
73.4515
71.4734
69.5802
67.7474
65.9998
64.2984
62.6843
61.1032
59.6132
58.1426
56.7686
55.4011
54.1378
52.8696
51.7157
50.5483
49.5085
48.4526
47.5429
46.6266
45.885
45.169
44.6897
44.3393
44.406
44.6501
45.4125
46.9476
49.8292
13809.8
10288.1
7928.55
6278.84
5084.65
4194.72
3515.23
2985.43
2564.94
2225.9
1948.84
1719.61
1527.97
1366.15
1228.37
1110.1
1007.89
918.944
841.129
772.622
712.066
658.227
610.215
567.165
528.481
493.537
461.929
433.189
407.042
383.129
361.263
341.16
322.695
305.638
289.908
275.315
261.81
249.231
237.552
226.634
216.469
206.934
198.034
189.659
181.822
174.428
167.494
160.932
154.768
148.92
143.416
138.182
133.247
128.545
124.104
119.864
115.853
112.018
108.383
104.902
101.598
98.4303
95.4173
92.5269
89.7719
87.1279
84.6022
82.1783
79.857
77.6307
75.4923
73.4441
71.4703
69.583
67.7575
66.0169
64.326
62.7197
61.152
59.6698
58.2157
56.8494
55.5014
54.2448
52.9979
51.8471
50.6995
49.6545
48.6094
47.6767
46.7481
45.9493
45.1736
44.5672
44.0541
43.7455
43.8073
44.265
44.9414
48.1393
13809.8
10288.2
7928.54
6278.85
5084.64
4194.73
3515.22
2985.43
2564.94
2225.91
1948.84
1719.62
1527.97
1366.15
1228.37
1110.11
1007.89
918.952
841.128
772.631
712.065
658.236
610.214
567.174
528.48
493.546
461.928
433.198
407.042
383.138
361.263
341.169
322.695
305.648
289.908
275.325
261.81
249.241
237.553
226.645
216.47
206.945
198.035
189.669
181.824
174.438
167.495
160.943
154.77
148.931
143.418
138.193
133.25
128.556
124.106
119.874
115.856
112.027
108.385
104.911
101.599
98.4374
95.4179
92.5323
89.7712
87.131
84.5998
82.1783
79.8523
77.6264
75.4843
73.4343
71.4576
69.5665
67.7398
65.9926
64.3026
62.6866
61.1223
59.6267
58.1796
56.7954
55.4597
54.1796
52.9528
51.7715
50.6553
49.5693
48.5722
47.5824
46.7215
45.8375
45.1474
44.3884
43.9194
43.4063
43.2588
43.4238
43.5875
45.8593
13809.8
10288.2
7928.53
6278.85
5084.64
4194.74
3515.22
2985.44
2564.93
2225.92
1948.84
1719.62
1527.97
1366.16
1228.37
1110.11
1007.89
918.96
841.128
772.638
712.066
658.244
610.216
567.183
528.482
493.555
461.93
433.207
407.044
383.148
361.265
341.179
322.698
305.658
289.912
275.336
261.814
249.252
237.557
226.656
216.475
206.956
198.04
189.682
181.83
174.451
167.502
160.956
154.777
148.944
143.426
138.207
133.258
128.57
124.116
119.89
115.867
112.044
108.398
104.928
101.614
98.4554
95.434
92.5512
89.7893
87.1509
84.62
82.1993
79.8747
77.6487
75.5092
73.458
71.4853
69.5917
67.7699
66.019
64.335
62.7139
61.1563
59.6544
58.2138
56.8226
55.4917
54.205
52.9782
51.7931
50.6668
49.5854
48.5575
47.5889
46.6621
45.8256
45.009
44.3624
43.6519
43.2654
42.7802
42.7604
42.8652
43.8586
13809.8
10288.2
7928.54
6278.85
5084.64
4194.74
3515.22
2985.44
2564.94
2225.92
1948.84
1719.63
1527.97
1366.16
1228.38
1110.12
1007.9
918.964
841.133
772.643
712.071
658.249
610.221
567.188
528.488
493.56
461.936
433.212
407.05
383.153
361.272
341.185
322.705
305.664
289.92
275.342
261.822
249.258
237.566
226.663
216.484
206.964
198.05
189.689
181.84
174.459
167.513
160.965
154.789
148.954
143.438
138.217
133.271
128.581
124.13
119.901
115.881
112.055
108.413
104.94
101.629
98.4683
95.4504
92.565
89.8064
87.1656
84.6377
82.2151
79.8931
77.6658
75.5282
73.4764
71.5047
69.6114
67.7895
66.0403
64.3543
62.7368
61.1749
59.6789
58.2311
56.8483
55.5065
54.2313
52.9887
51.8183
50.6704
49.6049
48.5502
47.5921
46.6328
45.7907
44.9519
44.2295
43.5759
42.975
42.5786
42.1837
42.1971
42.7114
13809.8
10288.2
7928.54
6278.85
5084.64
4194.74
3515.22
2985.44
2564.94
2225.92
1948.84
1719.63
1527.98
1366.17
1228.38
1110.12
1007.9
918.967
841.139
772.646
712.077
658.253
610.227
567.192
528.495
493.565
461.943
433.217
407.058
383.159
361.28
341.191
322.713
305.67
289.928
275.349
261.832
249.265
237.575
226.67
216.494
206.972
198.061
189.698
181.851
174.468
167.524
160.975
154.801
148.964
143.451
138.228
133.285
128.593
124.144
119.914
115.896
112.069
108.428
104.955
101.646
98.4848
95.4682
92.5829
89.8253
87.1852
84.6579
82.2364
79.9146
77.6889
75.5512
73.5014
71.5294
69.6384
67.8162
66.0692
64.3831
62.7673
61.2058
59.7104
58.2641
56.8797
55.5411
54.2596
53.024
51.8381
50.7039
49.6076
48.5789
47.5669
46.6542
45.7207
44.9347
44.0968
43.4532
42.7655
42.2749
41.8316
41.5397
41.8026
13809.8
10288.2
7928.54
6278.85
5084.64
4194.74
3515.23
2985.45
2564.94
2225.92
1948.85
1719.63
1527.98
1366.17
1228.38
1110.12
1007.91
918.972
841.143
772.652
712.081
658.259
610.232
567.198
528.499
493.572
461.949
433.225
407.064
383.166
361.286
341.199
322.72
305.679
289.935
275.358
261.839
249.275
237.583
226.68
216.502
206.982
198.069
189.709
181.861
174.48
167.534
160.987
154.811
148.977
143.462
138.241
133.297
128.607
124.157
119.928
115.91
112.084
108.444
104.971
101.662
98.5015
95.4859
92.6002
89.8446
87.2032
84.6789
82.255
79.9375
77.7082
75.5763
73.5213
71.5568
69.6588
67.846
66.09
64.4155
62.7884
61.2408
59.7316
58.3011
56.9006
55.5792
54.28
53.0612
51.8578
50.7361
49.6259
48.5948
47.5798
46.6362
45.7294
44.8608
44.0927
43.2843
42.6927
41.9611
41.6077
40.9993
41.0949
13809.8
10288.2
7928.54
6278.85
5084.65
4194.74
3515.23
2985.45
2564.94
2225.93
1948.85
1719.64
1527.98
1366.17
1228.39
1110.13
1007.91
918.976
841.148
772.657
712.087
658.264
610.238
567.204
528.506
493.577
461.955
433.231
407.071
383.173
361.294
341.206
322.728
305.686
289.944
275.366
261.848
249.283
237.592
226.689
216.512
206.992
198.08
189.719
181.872
174.49
167.546
160.998
154.824
148.988
143.476
138.253
133.311
128.62
124.173
119.942
115.926
112.099
108.461
104.987
101.681
98.5181
95.5057
92.618
89.8657
87.2223
84.7013
82.2757
79.9612
77.7305
75.6012
73.5457
71.5829
69.6855
67.873
66.1195
64.4429
62.821
61.2679
59.7678
58.3267
56.9408
55.6015
54.3243
53.0766
51.9059
50.7395
49.6759
48.58
47.6302
46.5903
45.7649
44.7737
44.0833
43.1466
42.6033
41.7402
41.3704
40.593
40.5423
13809.8
10288.2
7928.54
6278.85
5084.65
4194.74
3515.23
2985.45
2564.95
2225.93
1948.85
1719.64
1527.99
1366.18
1228.39
1110.13
1007.92
918.979
841.155
772.66
712.094
658.268
610.246
567.208
528.514
493.582
461.964
433.236
407.08
383.179
361.303
341.212
322.738
305.692
289.954
275.372
261.859
249.291
237.604
226.697
216.524
207
198.092
189.728
181.885
174.5
167.56
161.008
154.838
149
143.49
138.266
133.326
128.633
124.188
119.957
115.942
112.115
108.477
105.005
101.698
98.538
95.5232
92.6399
89.8835
87.2465
84.7195
82.3025
79.9797
77.7603
75.6198
73.5787
71.6013
69.7223
67.891
66.1604
64.46
62.8665
61.2837
59.818
58.3404
56.9956
55.6119
54.3831
53.0825
51.9665
50.739
49.7355
48.5705
47.6787
46.5691
45.7887
44.7311
44.0635
43.0615
42.5129
41.5813
41.1678
40.3096
40.1342
13809.8
10288.2
7928.54
6278.85
5084.65
4194.74
3515.23
2985.45
2564.95
2225.93
1948.86
1719.64
1527.99
1366.18
1228.4
1110.13
1007.92
918.985
841.16
772.666
712.1
658.274
610.252
567.215
528.521
493.589
461.971
433.244
407.087
383.187
361.311
341.22
322.746
305.702
289.962
275.382
261.867
249.301
237.612
226.708
216.533
207.012
198.102
189.741
181.894
174.514
167.57
161.023
154.848
149.016
143.501
138.283
133.337
128.652
124.199
119.977
115.954
112.137
108.489
105.029
101.71
98.5639
95.5356
92.6681
89.8962
87.2772
84.7324
82.3359
79.9928
77.7966
75.633
73.6183
71.6147
69.7653
67.9045
66.2068
64.4737
62.9165
61.2973
59.8713
58.3538
57.0516
55.6248
54.4404
53.0941
52.0229
50.7479
49.7856
48.5744
47.7184
46.563
45.8102
44.7059
44.051
43.0003
42.4433
41.4601
41.0068
40.1206
39.7933
13809.8
10288.2
7928.54
6278.86
5084.65
4194.75
3515.23
2985.46
2564.95
2225.94
1948.86
1719.65
1527.99
1366.19
1228.4
1110.14
1007.92
918.994
841.162
772.675
712.102
658.284
610.255
567.225
528.524
493.6
461.974
433.255
407.091
383.199
361.315
341.233
322.75
305.715
289.967
275.396
261.872
249.315
237.618
226.723
216.539
207.028
198.108
189.757
181.901
174.532
167.577
161.042
154.856
149.036
143.509
138.304
133.345
128.674
124.208
120.001
115.963
112.163
108.499
105.056
101.72
98.5929
95.5465
92.6992
89.9078
87.3104
84.7447
82.3714
80.006
77.8346
75.6472
73.6588
71.6299
69.8083
67.921
66.2524
64.4916
62.9644
61.3167
59.9211
58.3748
57.1024
55.6473
54.4908
53.1177
52.0705
50.7717
49.8262
48.5958
47.7437
46.5783
45.8114
44.7085
44.0219
42.9816
42.3636
41.3997
40.8501
39.9881
39.5296
13809.8
10288.2
7928.53
6278.87
5084.64
4194.76
3515.23
2985.46
2564.95
2225.95
1948.85
1719.66
1527.99
1366.2
1228.4
1110.15
1007.92
919.004
841.162
772.686
712.103
658.296
610.256
567.237
528.525
493.612
461.977
433.268
407.093
383.212
361.318
341.247
322.754
305.729
289.971
275.411
261.877
249.331
237.623
226.739
216.544
207.045
198.114
189.775
181.907
174.55
167.584
161.061
154.863
149.056
143.517
138.326
133.355
128.697
124.218
120.025
115.974
112.187
108.511
105.082
101.733
98.6204
95.5603
92.7281
89.9229
87.3409
84.7613
82.4036
80.0242
77.8684
75.6672
73.6942
71.6522
69.8453
67.9457
66.2908
64.519
63.0038
61.3473
59.9609
58.4088
57.1418
55.6848
54.5282
53.1584
52.1037
50.8146
49.8526
48.6388
47.7596
46.6166
45.8085
44.7355
43.9843
42.9852
42.2876
41.3639
40.7204
39.8872
39.3218
13809.8
10288.2
7928.52
6278.87
5084.64
4194.76
3515.22
2985.47
2564.94
2225.95
1948.85
1719.67
1527.99
1366.21
1228.4
1110.16
1007.92
919.015
841.163
772.697
712.104
658.307
610.258
567.249
528.528
493.625
461.979
433.28
407.097
383.225
361.322
341.26
322.758
305.743
289.976
275.425
261.882
249.346
237.629
226.755
216.551
207.061
198.121
189.792
181.915
174.568
167.592
161.079
154.873
149.075
143.527
138.345
133.366
128.717
124.23
120.046
115.987
112.21
108.526
105.105
101.749
98.6449
95.5783
92.7536
89.9428
87.3675
84.7833
82.4311
80.0486
77.897
75.6944
73.7237
71.6823
69.8756
67.9792
66.3217
64.5563
63.035
61.3886
59.9919
58.4544
57.1719
55.7345
54.5564
53.2119
52.1284
50.8703
49.8717
48.6941
47.7699
46.6672
45.8065
44.7751
43.9669
43.0004
42.24
41.3407
40.633
39.8076
39.175
13809.8
10288.2
7928.52
6278.88
5084.63
4194.77
3515.22
2985.48
2564.94
2225.96
1948.85
1719.67
1527.99
1366.22
1228.4
1110.17
1007.93
919.023
841.166
772.706
712.108
658.316
610.262
567.259
528.532
493.635
461.984
433.291
407.102
383.236
361.328
341.272
322.764
305.755
289.983
275.438
261.89
249.359
237.637
226.768
216.56
207.075
198.131
189.806
181.926
174.582
167.604
161.095
154.885
149.091
143.541
138.362
133.381
128.735
124.247
120.064
116.005
112.229
108.545
105.125
101.771
98.665
95.6019
92.7744
89.9685
87.389
84.8115
82.4534
80.0795
77.92
75.7282
73.7475
71.7193
69.9001
68.0196
66.3469
64.6003
63.0608
61.4364
60.0182
58.5058
57.1983
55.7891
54.5825
53.2688
52.1535
50.9278
49.8943
48.7494
47.7879
46.7159
45.8167
44.8084
43.9646
43.0159
42.2194
41.3253
40.5817
39.7485
39.0768
13809.8
10288.2
7928.52
6278.88
5084.64
4194.77
3515.23
2985.48
2564.95
2225.96
1948.86
1719.68
1527.99
1366.22
1228.41
1110.18
1007.93
919.029
841.173
772.712
712.115
658.322
610.269
567.265
528.54
493.642
461.993
433.299
407.111
383.244
361.337
341.28
322.775
305.763
289.994
275.447
261.901
249.368
237.649
226.778
216.573
207.085
198.145
189.817
181.941
174.594
167.62
161.107
154.902
149.104
143.559
138.375
133.4
128.749
124.267
120.079
116.027
112.244
108.569
105.141
101.796
98.6817
95.6292
92.7921
89.998
87.4076
84.8432
82.4731
80.1136
77.9408
75.7649
73.7695
71.7588
69.9235
68.0621
66.3718
64.6458
63.0872
61.4848
60.0462
58.557
57.2278
55.8426
54.6133
53.3237
52.1849
50.9825
49.9252
48.8016
47.8163
46.7621
45.8394
44.8448
43.9766
43.032
42.2151
41.3201
40.5534
39.7101
39.0117
13809.8
10288.2
7928.53
6278.88
5084.64
4194.77
3515.23
2985.48
2564.95
2225.96
1948.86
1719.68
1528
1366.22
1228.41
1110.18
1007.94
919.032
841.181
772.716
712.124
658.327
610.279
567.27
528.551
493.647
462.004
433.304
407.123
383.25
361.349
341.286
322.787
305.77
290.007
275.454
261.915
249.376
237.664
226.787
216.588
207.094
198.16
189.826
181.957
174.604
167.637
161.118
154.921
149.115
143.579
138.387
133.421
128.761
124.289
120.092
116.051
112.258
108.594
105.156
101.823
98.6983
95.6575
92.8099
90.0281
87.4267
84.8754
82.4936
80.1479
77.9628
75.8016
73.7932
71.7979
69.949
68.1037
66.3992
64.6899
63.1168
61.5315
60.078
58.606
57.2619
55.8936
54.6495
53.3758
52.2226
51.0345
49.9636
48.8515
47.8535
46.8071
45.8728
44.8815
44.0021
43.0565
42.227
41.3217
40.5479
39.6876
38.9776
13809.8
10288.2
7928.53
6278.87
5084.65
4194.77
3515.24
2985.48
2564.96
2225.96
1948.87
1719.68
1528.01
1366.22
1228.42
1110.18
1007.95
919.034
841.191
772.719
712.134
658.33
610.289
567.274
528.561
493.651
462.015
433.309
407.134
383.255
361.362
341.292
322.8
305.777
290.02
275.461
261.929
249.384
237.679
226.795
216.604
207.103
198.177
189.836
181.974
174.614
167.655
161.128
154.94
149.126
143.599
138.399
133.442
128.774
124.311
120.106
116.074
112.273
108.619
105.172
101.849
98.7158
95.6854
92.8287
90.0577
87.447
84.9068
82.5156
80.1813
77.9866
75.837
73.819
71.8355
69.9771
68.1435
66.4298
64.732
63.15
61.5757
60.1141
58.6523
57.301
55.9416
54.6914
53.4249
52.2672
51.0839
50.0097
48.8996
47.8998
46.8521
45.9168
44.9206
44.0404
43.0868
42.2551
41.3397
40.5544
39.6863
38.9631
13809.8
10288.2
7928.53
6278.87
5084.65
4194.77
3515.24
2985.48
2564.97
2225.96
1948.88
1719.68
1528.02
1366.23
1228.43
1110.18
1007.96
919.037
841.199
772.722
712.143
658.334
610.299
567.279
528.572
493.657
462.026
433.315
407.146
383.262
361.373
341.299
322.812
305.784
290.033
275.469
261.942
249.392
237.692
226.804
216.618
207.113
198.192
189.846
181.99
174.625
167.672
161.14
154.957
149.139
143.617
138.413
133.461
128.789
124.332
120.123
116.096
112.291
108.641
105.191
101.873
98.736
95.7107
92.8506
90.0845
87.4707
84.9351
82.5412
80.2112
78.0145
75.8687
73.8492
71.869
70.0099
68.1789
66.4653
64.7695
63.1884
61.6153
60.1554
58.694
57.3453
55.9853
54.7384
53.4703
52.3161
51.1305
50.0596
48.9465
47.9486
46.8977
45.9618
44.9627
44.078
43.1225
42.2812
41.3666
40.5693
39.7012
38.9558
13809.8
10288.2
7928.54
6278.87
5084.65
4194.77
3515.24
2985.48
2564.97
2225.97
1948.88
1719.68
1528.02
1366.23
1228.44
1110.19
1007.96
919.042
841.207
772.728
712.151
658.34
610.308
567.285
528.58
493.663
462.035
433.322
407.155
383.269
361.384
341.307
322.823
305.793
290.044
275.478
261.954
249.402
237.705
226.815
216.631
207.124
198.206
189.858
182.005
174.638
167.687
161.154
154.973
149.154
143.634
138.429
133.479
128.806
124.351
120.14
116.116
112.309
108.662
105.211
101.896
98.757
95.7345
92.873
90.1098
87.4947
84.9621
82.5668
80.2402
78.042
75.8998
73.8789
71.9027
70.042
68.2154
66.5
64.809
63.2259
61.6581
60.1959
58.7404
57.3887
56.0357
54.7849
53.5249
52.3658
51.1894
50.1121
49.0097
48.0037
46.9647
46.0186
45.0324
44.1352
43.1928
42.3367
41.4334
40.616
39.7568
38.9879
13809.8
10288.2
7928.54
6278.87
5084.65
4194.77
3515.25
2985.48
2564.97
2225.97
1948.89
1719.69
1528.03
1366.23
1228.44
1110.19
1007.97
919.047
841.213
772.733
712.158
658.346
610.314
567.292
528.588
493.67
462.043
433.33
407.164
383.277
361.392
341.316
322.832
305.802
290.054
275.487
261.964
249.412
237.715
226.825
216.642
207.134
198.217
189.869
182.017
174.649
167.699
161.166
154.986
149.166
143.647
138.441
133.493
128.819
124.365
120.153
116.13
112.323
108.677
105.224
101.91
98.77
95.7482
92.8851
90.1225
87.5054
84.9731
82.5754
80.2487
78.0474
75.9047
73.8799
71.9024
70.0369
68.2087
66.4875
64.7943
63.2043
61.6339
60.1636
58.7052
57.3444
55.9884
54.7278
53.4654
52.2963
51.1191
50.0325
48.9319
47.9185
46.8854
45.9351
44.9598
44.0624
43.1362
42.283
41.4
40.5867
39.7471
38.9774
49.5296
49.3571
49.2148
49.0155
48.9054
49.2212
49.184
50.5179
50.8439
53.5265
47.4741
47.0456
46.4086
45.9702
45.5828
45.4368
45.728
45.7684
46.6093
47.162
44.7958
44.318
43.8588
43.5279
43.2806
43.2391
43.1689
43.5163
43.5853
44.3156
43.2313
42.8581
42.5223
42.1819
41.9184
41.7097
41.6107
41.673
41.6835
42.0956
42.0753
41.7245
41.3108
40.9216
40.5705
40.3099
40.118
40.0362
40.0029
40.229
41.1946
40.7903
40.3574
39.9514
39.5821
39.2908
39.0505
38.9016
38.8041
38.8581
40.4817
40.0613
39.6149
39.1974
38.8119
38.4845
38.2084
37.9961
37.8461
37.7689
39.9196
39.4906
39.0227
38.6098
38.191
37.8598
37.5303
37.3013
37.0745
36.9583
39.4842
39.0301
38.5696
38.1343
37.7179
37.354
37.0132
36.7374
36.4856
36.3023
39.1458
38.6883
38.2151
37.7754
37.3458
36.9656
36.605
36.2998
36.0191
35.7938
38.8908
38.4204
37.9372
37.4914
37.046
36.6578
36.2723
35.9536
35.6366
35.3902
38.6935
38.202
37.7221
37.2556
36.8146
36.3999
36.0159
35.6635
35.343
35.0528
38.5379
38.0414
37.5508
37.0787
36.629
36.2037
35.8086
35.4411
35.1042
34.7953
38.4221
37.9285
37.4167
36.952
36.4789
36.0612
35.6391
35.2778
34.9077
34.6045
38.3405
37.8476
37.3164
36.8574
36.3633
35.9541
35.5067
35.1545
34.7542
34.4593
38.2852
37.7973
37.243
36.7955
36.276
35.8818
35.4046
35.0699
34.6358
34.3574
38.2601
37.7672
37.1999
36.7506
36.2192
35.8232
35.3361
34.9972
34.5554
34.2668
38.2577
37.7446
37.1816
36.7118
36.1883
35.7699
35.2942
34.9285
34.501
34.1806
38.2882
37.7594
37.1955
36.7115
36.1908
35.7576
35.2872
34.9042
34.4831
34.1425
38.2864
37.7388
37.178
36.6669
36.1473
35.6756
35.1998
34.7695
34.3358
33.9431
)
;

boundaryField
{
    down
    {
        type            symmetryPlane;
    }
    right
    {
        type            inletOutlet;
        inletValue      uniform 1;
        value           nonuniform List<scalar> 
30
(
1564.95
1708.12
1962.77
2265.03
2526.7
2652.69
2563.98
2200.83
1556.5
723.385
162.892
25.6596
13.7284
11.9845
11.1099
10.45
10.0024
9.68647
9.4063
9.23221
9.05567
8.93828
8.84766
8.77634
8.74059
8.68363
8.60311
8.57862
8.53846
8.53504
)
;
    }
    up
    {
        type            zeroGradient;
    }
    left
    {
        type            turbulentMixingLengthDissipationRateInlet;
        mixingLength    0.005;
        phi             phi;
        k               k;
        value           uniform 16580.2;
    }
    cylinder
    {
        type            epsilonWallFunction;
        value           nonuniform List<scalar> 
40
(
3607.18
2827.49
2861.88
2974.47
3021.35
3096.2
3134.29
3188.1
3215.09
3253.35
18085.6
17779.4
82245.9
80509.5
18630.5
18603.1
85723
17515.4
16436.9
10459.4
3137.79
3192.28
3242.23
3281.84
3315.24
3336.23
3328.34
3308.33
3298.04
3270.22
2707.52
2660.69
2654.66
2673.45
2731.57
2765.13
2840.19
2896.58
2987.95
3053.44
)
;
    }
    defaultFaces
    {
        type            empty;
    }
}


// ************************************************************************* //
