/*--------------------------------*- C++ -*----------------------------------*\
  =========                 |
  \\      /  F ield         | OpenFOAM: The Open Source CFD Toolbox
   \\    /   O peration     | Website:  https://openfoam.org
    \\  /    A nd           | Version:  8
     \\/     M anipulation  |
\*---------------------------------------------------------------------------*/
FoamFile
{
    version     2.0;
    format      ascii;
    class       volScalarField;
    location    "2.50002999";
    object      rho;
}
// * * * * * * * * * * * * * * * * * * * * * * * * * * * * * * * * * * * * * //

dimensions      [1 -3 0 0 0 0 0];

internalField   nonuniform List<scalar> 
6800
(
0.578061
0.579634
0.580227
0.581583
0.583046
0.583971
0.584707
0.58523
0.585716
0.586158
0.575136
0.57865
0.579966
0.581708
0.582846
0.583696
0.58441
0.585013
0.585602
0.586029
0.571295
0.577558
0.579385
0.580922
0.582234
0.583183
0.583951
0.584569
0.585124
0.585615
0.567058
0.576203
0.577612
0.579791
0.581253
0.582275
0.583125
0.58387
0.58457
0.585233
0.562467
0.57409
0.575791
0.57833
0.57995
0.581213
0.582266
0.583197
0.584024
0.58472
0.55804
0.57198
0.5734
0.576628
0.578555
0.580077
0.58133
0.582412
0.583355
0.584193
0.553938
0.569535
0.571243
0.575075
0.577178
0.57899
0.580471
0.58175
0.582852
0.583793
0.550539
0.56743
0.569227
0.573535
0.57595
0.578069
0.579744
0.581168
0.582373
0.583418
0.547963
0.565522
0.567647
0.572486
0.575053
0.57739
0.57923
0.580796
0.582107
0.583238
0.546418
0.564259
0.566602
0.571729
0.574484
0.577026
0.578986
0.580652
0.582028
0.583221
0.581473
0.580742
0.580521
0.580601
0.580854
0.581237
0.581723
0.582299
0.582918
0.583534
0.581094
0.580543
0.580349
0.580424
0.580663
0.581041
0.581541
0.582147
0.582807
0.583473
0.580684
0.580251
0.580094
0.580168
0.580417
0.580817
0.581348
0.581998
0.58274
0.58349
0.580121
0.579889
0.579856
0.579975
0.580266
0.580743
0.581367
0.582061
0.582833
0.58361
0.57962
0.579637
0.579742
0.579992
0.580403
0.580969
0.581596
0.582268
0.583028
0.583792
0.579266
0.579521
0.579857
0.580291
0.58082
0.581349
0.581912
0.582546
0.583278
0.58408
0.578952
0.579616
0.580172
0.580795
0.581219
0.581665
0.582218
0.582948
0.583709
0.584775
0.578644
0.579701
0.580631
0.581048
0.581432
0.581978
0.582757
0.583734
0.584662
0.585812
0.578434
0.579712
0.580679
0.581086
0.581694
0.582637
0.583777
0.584778
0.585747
0.586463
0.578547
0.57985
0.580449
0.581143
0.582355
0.583608
0.584588
0.585381
0.585935
0.586467
0.584227
0.58492
0.585482
0.585956
0.586349
0.586673
0.586947
0.58718
0.587383
0.58756
0.587715
0.587852
0.587972
0.588077
0.588169
0.58825
0.588319
0.58838
0.588433
0.588479
0.588518
0.588553
0.588583
0.588609
0.588632
0.588653
0.588671
0.588688
0.588703
0.588716
0.588729
0.588741
0.588752
0.588762
0.588772
0.588782
0.588791
0.588799
0.588808
0.588816
0.588824
0.588832
0.588839
0.588847
0.588854
0.588862
0.588869
0.588877
0.588884
0.588892
0.5889
0.588907
0.588915
0.588923
0.58893
0.588938
0.588945
0.588953
0.58896
0.588967
0.588973
0.58898
0.588986
0.588993
0.588999
0.589006
0.589012
0.589019
0.589026
0.589033
0.589041
0.589049
0.589058
0.589067
0.589076
0.589086
0.589096
0.589106
0.589116
0.589127
0.589138
0.589148
0.589159
0.589169
0.589179
0.58919
0.589199
0.589209
0.589218
0.589228
0.589236
0.589245
0.589254
0.589262
0.58927
0.589278
0.589287
0.589294
0.589305
0.589317
0.584141
0.58486
0.585427
0.585892
0.586281
0.586606
0.586884
0.58712
0.587326
0.587507
0.587665
0.587805
0.587927
0.588034
0.588128
0.588211
0.588282
0.588345
0.5884
0.588448
0.588489
0.588526
0.588558
0.588586
0.588611
0.588634
0.588653
0.588671
0.588688
0.588703
0.588716
0.588729
0.588741
0.588752
0.588763
0.588773
0.588783
0.588792
0.588801
0.58881
0.588818
0.588826
0.588834
0.588842
0.58885
0.588857
0.588865
0.588873
0.58888
0.588888
0.588896
0.588903
0.588911
0.588919
0.588927
0.588934
0.588941
0.588949
0.588956
0.588963
0.588969
0.588976
0.588982
0.588989
0.588995
0.589002
0.589009
0.589016
0.589023
0.589031
0.589039
0.589047
0.589056
0.589065
0.589074
0.589084
0.589094
0.589104
0.589114
0.589125
0.589135
0.589146
0.589156
0.589167
0.589177
0.589187
0.589197
0.589206
0.589215
0.589224
0.589233
0.589242
0.58925
0.589258
0.589267
0.589274
0.589283
0.58929
0.589301
0.589312
0.584079
0.584768
0.585327
0.585787
0.586175
0.586506
0.58679
0.587034
0.587246
0.587434
0.587598
0.587743
0.58787
0.587982
0.58808
0.588166
0.588242
0.588309
0.588367
0.588419
0.588464
0.588504
0.58854
0.588571
0.588599
0.588624
0.588646
0.588666
0.588685
0.588701
0.588717
0.588731
0.588744
0.588757
0.588768
0.588779
0.588789
0.588799
0.588808
0.588817
0.588826
0.588834
0.588842
0.58885
0.588857
0.588865
0.588873
0.58888
0.588888
0.588895
0.588903
0.58891
0.588918
0.588925
0.588932
0.588939
0.588946
0.588953
0.58896
0.588966
0.588973
0.588979
0.588986
0.588992
0.588999
0.589005
0.589012
0.589019
0.589026
0.589034
0.589042
0.58905
0.589059
0.589068
0.589077
0.589087
0.589097
0.589107
0.589117
0.589127
0.589138
0.589148
0.589158
0.589168
0.589178
0.589187
0.589197
0.589206
0.589215
0.589224
0.589232
0.589241
0.589249
0.589257
0.589265
0.589272
0.589281
0.589288
0.589298
0.589309
0.584003
0.584641
0.585223
0.585695
0.586089
0.586431
0.586727
0.586985
0.587208
0.587406
0.58758
0.587733
0.587868
0.587987
0.588092
0.588185
0.588267
0.588339
0.588403
0.588459
0.588508
0.588552
0.588591
0.588625
0.588656
0.588683
0.588707
0.588729
0.588748
0.588766
0.588781
0.588796
0.588809
0.588821
0.588832
0.588842
0.588852
0.588861
0.588869
0.588877
0.588884
0.588891
0.588898
0.588905
0.588911
0.588917
0.588924
0.58893
0.588936
0.588942
0.588948
0.588954
0.588961
0.588967
0.588972
0.588978
0.588984
0.58899
0.588995
0.589001
0.589006
0.589012
0.589018
0.589023
0.589029
0.589035
0.589041
0.589048
0.589054
0.589062
0.589069
0.589077
0.589085
0.589093
0.589102
0.589111
0.58912
0.589129
0.589138
0.589148
0.589157
0.589167
0.589176
0.589185
0.589194
0.589203
0.589212
0.58922
0.589229
0.589237
0.589245
0.589252
0.58926
0.589268
0.589275
0.589282
0.58929
0.589297
0.589305
0.589316
0.583972
0.584592
0.585246
0.585767
0.586187
0.586553
0.586873
0.587151
0.587391
0.587602
0.587787
0.587948
0.58809
0.588214
0.588323
0.588418
0.588502
0.588575
0.58864
0.588696
0.588745
0.588788
0.588826
0.588858
0.588887
0.588911
0.588932
0.588951
0.588967
0.588981
0.588993
0.589003
0.589012
0.589019
0.589026
0.589031
0.589036
0.58904
0.589044
0.589047
0.58905
0.589053
0.589056
0.589058
0.58906
0.589063
0.589065
0.589067
0.58907
0.589072
0.589074
0.589077
0.589079
0.589082
0.589084
0.589087
0.589089
0.589092
0.589095
0.589098
0.589101
0.589104
0.589107
0.58911
0.589114
0.589118
0.589122
0.589127
0.589132
0.589137
0.589143
0.589149
0.589155
0.589162
0.589169
0.589176
0.589183
0.589191
0.589198
0.589206
0.589214
0.589221
0.589229
0.589237
0.589244
0.589251
0.589258
0.589266
0.589272
0.589279
0.589286
0.589293
0.589299
0.589305
0.589311
0.589318
0.589323
0.58933
0.589336
0.589346
0.584147
0.584817
0.585595
0.586215
0.586708
0.587128
0.587493
0.587808
0.588079
0.588312
0.58851
0.58868
0.588824
0.588947
0.589051
0.589139
0.589213
0.589275
0.589326
0.589367
0.589401
0.589428
0.589449
0.589465
0.589476
0.589484
0.589488
0.58949
0.589489
0.589487
0.589482
0.589477
0.58947
0.589463
0.589455
0.589447
0.589439
0.589431
0.589422
0.589414
0.589406
0.589398
0.58939
0.589382
0.589375
0.589368
0.589361
0.589354
0.589348
0.589342
0.589336
0.589331
0.589326
0.589321
0.589316
0.589312
0.589309
0.589305
0.589302
0.589299
0.589297
0.589295
0.589293
0.589292
0.589291
0.58929
0.58929
0.58929
0.589291
0.589293
0.589294
0.589297
0.589299
0.589302
0.589306
0.589309
0.589313
0.589317
0.589321
0.589326
0.58933
0.589335
0.58934
0.589344
0.589349
0.589354
0.589358
0.589363
0.589367
0.589372
0.589376
0.58938
0.589385
0.589389
0.589393
0.589398
0.589401
0.589406
0.589408
0.589416
0.5848
0.585499
0.586361
0.58708
0.58764
0.588111
0.588528
0.588884
0.589193
0.589456
0.589679
0.589869
0.590029
0.590163
0.590274
0.590366
0.590439
0.590497
0.590541
0.590573
0.590593
0.590604
0.590607
0.590602
0.59059
0.590573
0.590551
0.590525
0.590496
0.590464
0.59043
0.590394
0.590358
0.590321
0.590284
0.590248
0.590212
0.590177
0.590142
0.590109
0.590076
0.590045
0.590015
0.589986
0.589957
0.589931
0.589905
0.58988
0.589856
0.589833
0.589811
0.589791
0.589772
0.589754
0.589736
0.58972
0.589704
0.58969
0.589674
0.589661
0.589648
0.589637
0.589626
0.589616
0.589606
0.589597
0.589589
0.589582
0.589576
0.58957
0.589565
0.58956
0.589556
0.589552
0.589549
0.589547
0.589545
0.589543
0.589541
0.58954
0.589539
0.589539
0.589538
0.589538
0.589538
0.589538
0.589538
0.589539
0.589539
0.58954
0.58954
0.589541
0.589541
0.589543
0.589543
0.589544
0.589544
0.589546
0.589544
0.589548
0.585818
0.586454
0.587289
0.588003
0.588571
0.589043
0.589449
0.5898
0.590101
0.590358
0.590576
0.590763
0.590923
0.591058
0.591173
0.591269
0.591348
0.591414
0.591466
0.591508
0.59154
0.591564
0.591579
0.591588
0.591591
0.591588
0.59158
0.591567
0.591551
0.59153
0.591506
0.591478
0.591446
0.591412
0.591375
0.591336
0.591295
0.591251
0.591207
0.59116
0.591113
0.591064
0.591015
0.590965
0.590915
0.590864
0.590814
0.590764
0.590715
0.590667
0.59062
0.590574
0.59053
0.590488
0.590447
0.590408
0.590371
0.590336
0.590302
0.59027
0.590239
0.590211
0.590183
0.590157
0.590133
0.590109
0.590087
0.590066
0.590047
0.590028
0.590011
0.589994
0.589979
0.589964
0.589951
0.589938
0.589926
0.589914
0.589903
0.589893
0.589884
0.589875
0.589866
0.589858
0.589851
0.589844
0.589837
0.589831
0.589825
0.589819
0.589813
0.589808
0.589803
0.589798
0.589793
0.589789
0.589784
0.58978
0.589773
0.589769
0.586482
0.586991
0.587734
0.58841
0.588972
0.589441
0.589842
0.590186
0.590483
0.590736
0.590954
0.591138
0.591296
0.59143
0.591545
0.591642
0.591724
0.591793
0.591851
0.591898
0.591937
0.591968
0.591992
0.592011
0.592024
0.592032
0.592037
0.592038
0.592036
0.592031
0.592023
0.592013
0.592002
0.591988
0.591973
0.591957
0.591939
0.591919
0.591898
0.591875
0.591851
0.591827
0.591801
0.591774
0.591745
0.591716
0.591685
0.591653
0.59162
0.591586
0.591551
0.591515
0.591477
0.591438
0.591398
0.591357
0.591316
0.591273
0.591231
0.591187
0.591144
0.5911
0.591057
0.591013
0.59097
0.590928
0.590886
0.590846
0.590806
0.590767
0.590729
0.590693
0.590658
0.590624
0.590592
0.590561
0.590532
0.590505
0.590478
0.590453
0.590429
0.590407
0.590385
0.590365
0.590346
0.590327
0.590309
0.590292
0.590276
0.59026
0.590245
0.590231
0.590216
0.590203
0.590189
0.590177
0.590163
0.590151
0.590136
0.590121
0.586633
0.587132
0.587775
0.588409
0.588971
0.589456
0.589874
0.590238
0.590554
0.590826
0.591061
0.591263
0.591437
0.591586
0.591713
0.591822
0.591915
0.591992
0.592058
0.592112
0.592157
0.592194
0.592223
0.592246
0.592263
0.592276
0.592283
0.592288
0.592289
0.592287
0.592283
0.592277
0.592269
0.592259
0.592248
0.592236
0.592224
0.59221
0.592196
0.592182
0.592167
0.592151
0.592136
0.59212
0.592103
0.592087
0.592071
0.592054
0.592037
0.592021
0.592004
0.591987
0.591969
0.591952
0.591934
0.591916
0.591898
0.591879
0.59186
0.59184
0.59182
0.591799
0.591777
0.591754
0.591731
0.591707
0.591682
0.591656
0.591629
0.591601
0.591573
0.591543
0.591513
0.591482
0.591451
0.591418
0.591386
0.591352
0.591319
0.591285
0.591251
0.591216
0.591183
0.591148
0.591115
0.59108
0.591048
0.591015
0.590984
0.590951
0.590921
0.59089
0.590862
0.590831
0.590805
0.590775
0.590752
0.590722
0.590699
0.590664
0.587026
0.587562
0.588131
0.588701
0.589224
0.589686
0.59009
0.590443
0.59075
0.591016
0.591246
0.591443
0.591613
0.591758
0.591882
0.591987
0.592077
0.592152
0.592214
0.592266
0.592309
0.592343
0.59237
0.592391
0.592407
0.592417
0.592424
0.592427
0.592427
0.592424
0.592419
0.592412
0.592403
0.592393
0.592382
0.59237
0.592357
0.592344
0.59233
0.592316
0.592301
0.592287
0.592272
0.592257
0.592243
0.592228
0.592214
0.5922
0.592186
0.592172
0.592159
0.592146
0.592133
0.592121
0.592109
0.592097
0.592085
0.592074
0.592063
0.592051
0.592041
0.59203
0.592019
0.592008
0.591998
0.591987
0.591977
0.591967
0.591956
0.591945
0.591935
0.591924
0.591913
0.591902
0.59189
0.591878
0.591867
0.591854
0.591841
0.591828
0.591814
0.591799
0.591785
0.591768
0.591752
0.591734
0.591717
0.591697
0.591679
0.591657
0.591637
0.591613
0.591592
0.591565
0.591543
0.591514
0.591491
0.591459
0.591437
0.59139
0.587294
0.58786
0.588423
0.588963
0.589454
0.589886
0.590264
0.590594
0.590882
0.591131
0.591347
0.591533
0.591694
0.591831
0.591948
0.592048
0.592133
0.592204
0.592264
0.592313
0.592354
0.592386
0.592413
0.592432
0.592447
0.592457
0.592464
0.592467
0.592467
0.592464
0.592459
0.592453
0.592445
0.592435
0.592425
0.592413
0.592402
0.592389
0.592376
0.592363
0.592349
0.592335
0.592322
0.592308
0.592295
0.592281
0.592268
0.592255
0.592242
0.59223
0.592218
0.592206
0.592194
0.592183
0.592172
0.592162
0.592151
0.592141
0.592132
0.592122
0.592113
0.592104
0.592096
0.592087
0.592079
0.592071
0.592063
0.592056
0.592049
0.592042
0.592035
0.592028
0.592022
0.592016
0.59201
0.592004
0.591998
0.591993
0.591987
0.591982
0.591976
0.591971
0.591966
0.59196
0.591955
0.591949
0.591944
0.591938
0.591932
0.591925
0.591919
0.591912
0.591905
0.591897
0.591889
0.59188
0.591871
0.59186
0.59185
0.591835
0.587529
0.588059
0.588593
0.589094
0.589546
0.589949
0.590306
0.590621
0.590898
0.591141
0.591352
0.591536
0.591694
0.591831
0.591949
0.59205
0.592136
0.592209
0.59227
0.592321
0.592364
0.592398
0.592426
0.592448
0.592465
0.592477
0.592485
0.59249
0.592491
0.59249
0.592487
0.592482
0.592476
0.592467
0.592458
0.592448
0.592437
0.592426
0.592414
0.592402
0.592389
0.592376
0.592364
0.592351
0.592338
0.592325
0.592313
0.592301
0.592289
0.592277
0.592266
0.592254
0.592243
0.592233
0.592223
0.592213
0.592203
0.592193
0.592184
0.592175
0.592167
0.592158
0.59215
0.592142
0.592135
0.592127
0.59212
0.592113
0.592106
0.592099
0.592093
0.592087
0.592081
0.592075
0.59207
0.592065
0.59206
0.592055
0.592051
0.592046
0.592042
0.592037
0.592033
0.592029
0.592025
0.592021
0.592018
0.592014
0.59201
0.592006
0.592002
0.591998
0.591994
0.59199
0.591986
0.591981
0.591976
0.591971
0.591966
0.591961
0.587778
0.588269
0.58878
0.589253
0.589677
0.590056
0.590394
0.590694
0.590959
0.591192
0.591395
0.591573
0.591726
0.591859
0.591974
0.592072
0.592156
0.592228
0.592288
0.592338
0.59238
0.592415
0.592442
0.592464
0.592481
0.592493
0.592502
0.592507
0.592509
0.592509
0.592506
0.592502
0.592495
0.592488
0.59248
0.59247
0.59246
0.592449
0.592438
0.592426
0.592415
0.592403
0.59239
0.592378
0.592366
0.592354
0.592343
0.592331
0.59232
0.592308
0.592297
0.592287
0.592277
0.592266
0.592257
0.592247
0.592238
0.592229
0.592221
0.592212
0.592204
0.592196
0.592188
0.592181
0.592173
0.592166
0.592159
0.592153
0.592146
0.59214
0.592134
0.592128
0.592123
0.592118
0.592113
0.592108
0.592103
0.592098
0.592094
0.59209
0.592086
0.592082
0.592078
0.592074
0.592071
0.592067
0.592064
0.59206
0.592057
0.592053
0.592049
0.592046
0.592042
0.592038
0.592035
0.592031
0.592026
0.592022
0.592018
0.592014
0.588043
0.588491
0.588971
0.589414
0.589807
0.590158
0.590474
0.590757
0.591007
0.591228
0.591423
0.591593
0.591741
0.59187
0.591981
0.592077
0.59216
0.59223
0.592289
0.592339
0.592381
0.592416
0.592444
0.592466
0.592483
0.592496
0.592506
0.592511
0.592514
0.592515
0.592513
0.59251
0.592505
0.592498
0.592491
0.592482
0.592473
0.592463
0.592453
0.592442
0.592431
0.59242
0.592409
0.592397
0.592386
0.592375
0.592364
0.592353
0.592342
0.592332
0.592322
0.592312
0.592302
0.592293
0.592283
0.592274
0.592266
0.592257
0.592249
0.592241
0.592233
0.592226
0.592219
0.592212
0.592205
0.592198
0.592191
0.592185
0.592179
0.592173
0.592168
0.592162
0.592157
0.592152
0.592147
0.592142
0.592138
0.592134
0.59213
0.592125
0.592122
0.592118
0.592114
0.592111
0.592107
0.592104
0.5921
0.592097
0.592094
0.59209
0.592087
0.592084
0.59208
0.592077
0.592073
0.592069
0.592065
0.592062
0.592057
0.592054
0.58832
0.588724
0.589169
0.58958
0.589944
0.59027
0.590564
0.590829
0.591066
0.591275
0.59146
0.591622
0.591764
0.591888
0.591995
0.592088
0.592168
0.592236
0.592294
0.592343
0.592384
0.592418
0.592445
0.592468
0.592485
0.592498
0.592507
0.592514
0.592517
0.592518
0.592517
0.592514
0.59251
0.592504
0.592497
0.592489
0.592481
0.592472
0.592462
0.592452
0.592442
0.592432
0.592421
0.592411
0.5924
0.59239
0.592379
0.592369
0.592359
0.592349
0.59234
0.59233
0.592321
0.592312
0.592303
0.592295
0.592287
0.592279
0.592271
0.592264
0.592256
0.592249
0.592242
0.592236
0.592229
0.592223
0.592217
0.592211
0.592205
0.5922
0.592194
0.592189
0.592184
0.592179
0.592175
0.59217
0.592166
0.592162
0.592158
0.592154
0.592151
0.592147
0.592144
0.59214
0.592137
0.592134
0.592131
0.592128
0.592124
0.592121
0.592118
0.592115
0.592112
0.592108
0.592105
0.592101
0.592098
0.592094
0.59209
0.592087
0.588606
0.588967
0.589375
0.589753
0.590087
0.590387
0.59066
0.590907
0.591128
0.591324
0.591498
0.591652
0.591786
0.591904
0.592006
0.592095
0.592172
0.592238
0.592294
0.592341
0.592381
0.592414
0.592441
0.592463
0.59248
0.592494
0.592503
0.59251
0.592514
0.592515
0.592515
0.592513
0.592509
0.592504
0.592498
0.592491
0.592483
0.592475
0.592466
0.592457
0.592447
0.592438
0.592428
0.592418
0.592408
0.592399
0.592389
0.592379
0.59237
0.592361
0.592352
0.592343
0.592335
0.592326
0.592318
0.59231
0.592303
0.592295
0.592288
0.592281
0.592274
0.592268
0.592261
0.592255
0.592249
0.592243
0.592237
0.592231
0.592226
0.592221
0.592216
0.592211
0.592206
0.592202
0.592198
0.592193
0.592189
0.592186
0.592182
0.592178
0.592175
0.592172
0.592168
0.592165
0.592162
0.592159
0.592156
0.592153
0.59215
0.592147
0.592144
0.592141
0.592138
0.592135
0.592132
0.592128
0.592125
0.592122
0.592118
0.592115
0.588897
0.589216
0.589586
0.58993
0.590236
0.590511
0.590762
0.59099
0.591195
0.591378
0.591541
0.591685
0.591811
0.591923
0.59202
0.592104
0.592177
0.59224
0.592293
0.592339
0.592377
0.592409
0.592435
0.592457
0.592473
0.592487
0.592496
0.592503
0.592507
0.592509
0.592509
0.592507
0.592504
0.592499
0.592494
0.592488
0.592481
0.592473
0.592465
0.592456
0.592448
0.592439
0.59243
0.592421
0.592412
0.592402
0.592394
0.592385
0.592376
0.592367
0.592359
0.592351
0.592343
0.592335
0.592328
0.59232
0.592313
0.592306
0.5923
0.592293
0.592287
0.59228
0.592274
0.592269
0.592263
0.592257
0.592252
0.592247
0.592242
0.592237
0.592232
0.592228
0.592223
0.592219
0.592215
0.592211
0.592207
0.592204
0.5922
0.592197
0.592194
0.592191
0.592188
0.592185
0.592182
0.592179
0.592176
0.592173
0.59217
0.592168
0.592165
0.592162
0.592159
0.592156
0.592153
0.59215
0.592147
0.592144
0.592141
0.592138
0.58919
0.589469
0.589801
0.590113
0.590389
0.590639
0.590868
0.591077
0.591265
0.591435
0.591585
0.591719
0.591837
0.591941
0.592032
0.592112
0.59218
0.59224
0.59229
0.592333
0.59237
0.5924
0.592426
0.592446
0.592462
0.592475
0.592484
0.592491
0.592495
0.592498
0.592498
0.592496
0.592494
0.59249
0.592485
0.592479
0.592473
0.592466
0.592459
0.592451
0.592443
0.592435
0.592427
0.592418
0.59241
0.592402
0.592393
0.592385
0.592377
0.592369
0.592361
0.592354
0.592347
0.592339
0.592332
0.592326
0.592319
0.592313
0.592306
0.5923
0.592294
0.592289
0.592283
0.592278
0.592272
0.592267
0.592262
0.592257
0.592253
0.592248
0.592244
0.59224
0.592236
0.592232
0.592228
0.592224
0.592221
0.592217
0.592214
0.592211
0.592208
0.592205
0.592202
0.5922
0.592197
0.592194
0.592192
0.592189
0.592186
0.592184
0.592181
0.592179
0.592176
0.592173
0.59217
0.592168
0.592165
0.592162
0.592159
0.592156
0.589481
0.589723
0.590018
0.590297
0.590545
0.59077
0.590977
0.591167
0.591339
0.591494
0.591632
0.591756
0.591865
0.591961
0.592045
0.592119
0.592183
0.592238
0.592286
0.592326
0.592361
0.592389
0.592413
0.592433
0.592448
0.59246
0.59247
0.592476
0.59248
0.592483
0.592483
0.592482
0.59248
0.592476
0.592472
0.592467
0.592461
0.592455
0.592448
0.592441
0.592434
0.592427
0.592419
0.592411
0.592404
0.592396
0.592388
0.592381
0.592374
0.592366
0.592359
0.592352
0.592346
0.592339
0.592333
0.592326
0.59232
0.592314
0.592309
0.592303
0.592298
0.592292
0.592287
0.592282
0.592277
0.592273
0.592268
0.592264
0.592259
0.592255
0.592251
0.592247
0.592244
0.59224
0.592237
0.592233
0.59223
0.592227
0.592224
0.592221
0.592218
0.592216
0.592213
0.59221
0.592208
0.592206
0.592203
0.592201
0.592198
0.592196
0.592193
0.592191
0.592189
0.592186
0.592184
0.592181
0.592178
0.592176
0.592173
0.592171
0.589768
0.589976
0.590235
0.590482
0.590703
0.590904
0.591089
0.59126
0.591415
0.591555
0.591681
0.591793
0.591893
0.591981
0.592058
0.592126
0.592185
0.592236
0.59228
0.592317
0.592349
0.592376
0.592398
0.592416
0.592431
0.592442
0.592451
0.592457
0.592461
0.592464
0.592464
0.592464
0.592462
0.592459
0.592455
0.592451
0.592446
0.59244
0.592434
0.592428
0.592421
0.592414
0.592408
0.592401
0.592394
0.592387
0.59238
0.592373
0.592366
0.59236
0.592353
0.592347
0.592341
0.592335
0.592329
0.592323
0.592318
0.592313
0.592307
0.592302
0.592297
0.592293
0.592288
0.592283
0.592279
0.592275
0.592271
0.592266
0.592263
0.592259
0.592255
0.592252
0.592248
0.592245
0.592242
0.592239
0.592236
0.592233
0.59223
0.592228
0.592225
0.592223
0.59222
0.592218
0.592216
0.592213
0.592211
0.592209
0.592207
0.592205
0.592202
0.5922
0.592198
0.592196
0.592193
0.592191
0.592189
0.592186
0.592184
0.592182
0.59005
0.590226
0.590451
0.590667
0.590861
0.591038
0.591202
0.591354
0.591492
0.591618
0.591731
0.591831
0.591921
0.592001
0.592071
0.592133
0.592186
0.592233
0.592273
0.592307
0.592336
0.592361
0.592381
0.592398
0.592411
0.592422
0.59243
0.592436
0.59244
0.592442
0.592443
0.592443
0.592441
0.592439
0.592435
0.592431
0.592427
0.592422
0.592416
0.592411
0.592405
0.592399
0.592393
0.592387
0.59238
0.592374
0.592368
0.592362
0.592356
0.59235
0.592344
0.592338
0.592333
0.592328
0.592322
0.592317
0.592312
0.592308
0.592303
0.592298
0.592294
0.59229
0.592285
0.592281
0.592277
0.592274
0.59227
0.592266
0.592263
0.592259
0.592256
0.592253
0.59225
0.592247
0.592244
0.592241
0.592239
0.592236
0.592234
0.592231
0.592229
0.592227
0.592225
0.592222
0.59222
0.592218
0.592216
0.592214
0.592212
0.59221
0.592208
0.592207
0.592204
0.592202
0.5922
0.592198
0.592196
0.592194
0.592192
0.59219
0.590325
0.590473
0.590665
0.590852
0.59102
0.591174
0.591318
0.59145
0.591572
0.591682
0.591782
0.591871
0.591951
0.592022
0.592084
0.592139
0.592187
0.592229
0.592265
0.592296
0.592322
0.592344
0.592362
0.592378
0.59239
0.592399
0.592407
0.592412
0.592416
0.592418
0.592419
0.592419
0.592417
0.592415
0.592413
0.592409
0.592405
0.592401
0.592396
0.592391
0.592386
0.592381
0.592375
0.59237
0.592364
0.592359
0.592354
0.592348
0.592343
0.592338
0.592332
0.592327
0.592323
0.592318
0.592313
0.592309
0.592304
0.5923
0.592296
0.592292
0.592288
0.592284
0.592281
0.592277
0.592273
0.59227
0.592267
0.592263
0.59226
0.592257
0.592254
0.592252
0.592249
0.592246
0.592244
0.592241
0.592239
0.592237
0.592235
0.592232
0.592231
0.592229
0.592227
0.592225
0.592223
0.592221
0.592219
0.592218
0.592216
0.592214
0.592212
0.592211
0.592209
0.592207
0.592205
0.592203
0.592201
0.5922
0.592198
0.592196
0.590594
0.590717
0.590878
0.591035
0.591179
0.591311
0.591434
0.591548
0.591653
0.591748
0.591835
0.591912
0.591982
0.592044
0.592098
0.592146
0.592188
0.592225
0.592256
0.592284
0.592307
0.592326
0.592342
0.592356
0.592367
0.592375
0.592382
0.592387
0.59239
0.592392
0.592393
0.592393
0.592392
0.59239
0.592388
0.592385
0.592382
0.592378
0.592374
0.59237
0.592365
0.592361
0.592356
0.592351
0.592347
0.592342
0.592337
0.592332
0.592328
0.592323
0.592319
0.592315
0.59231
0.592306
0.592302
0.592298
0.592295
0.592291
0.592287
0.592284
0.59228
0.592277
0.592274
0.592271
0.592268
0.592265
0.592262
0.592259
0.592257
0.592254
0.592251
0.592249
0.592247
0.592244
0.592242
0.59224
0.592238
0.592236
0.592234
0.592232
0.592231
0.592229
0.592227
0.592226
0.592224
0.592223
0.592221
0.59222
0.592218
0.592217
0.592215
0.592214
0.592212
0.59221
0.592209
0.592207
0.592206
0.592204
0.592202
0.592201
0.590857
0.590956
0.591088
0.591219
0.591338
0.591448
0.591551
0.591647
0.591735
0.591816
0.591889
0.591955
0.592014
0.592066
0.592113
0.592154
0.59219
0.592221
0.592248
0.592271
0.592291
0.592308
0.592322
0.592333
0.592343
0.59235
0.592356
0.59236
0.592363
0.592365
0.592366
0.592366
0.592365
0.592364
0.592362
0.59236
0.592357
0.592354
0.592351
0.592347
0.592343
0.59234
0.592336
0.592332
0.592328
0.592324
0.59232
0.592316
0.592312
0.592308
0.592304
0.592301
0.592297
0.592294
0.59229
0.592287
0.592284
0.592281
0.592278
0.592275
0.592272
0.592269
0.592267
0.592264
0.592262
0.592259
0.592257
0.592254
0.592252
0.59225
0.592248
0.592246
0.592244
0.592242
0.59224
0.592238
0.592237
0.592235
0.592233
0.592232
0.59223
0.592229
0.592227
0.592226
0.592225
0.592223
0.592222
0.592221
0.59222
0.592218
0.592217
0.592216
0.592215
0.592213
0.592212
0.592211
0.592209
0.592208
0.592206
0.592205
0.591113
0.59119
0.591295
0.5914
0.591496
0.591585
0.591668
0.591746
0.591818
0.591884
0.591944
0.591998
0.592046
0.592089
0.592128
0.592161
0.592191
0.592217
0.592239
0.592259
0.592275
0.592289
0.592301
0.592311
0.592319
0.592325
0.59233
0.592334
0.592336
0.592338
0.592339
0.592339
0.592339
0.592338
0.592336
0.592334
0.592332
0.59233
0.592327
0.592324
0.592321
0.592318
0.592315
0.592312
0.592309
0.592305
0.592302
0.592299
0.592296
0.592293
0.59229
0.592287
0.592284
0.592281
0.592279
0.592276
0.592274
0.592271
0.592269
0.592266
0.592264
0.592262
0.59226
0.592258
0.592256
0.592254
0.592252
0.59225
0.592248
0.592246
0.592244
0.592243
0.592241
0.59224
0.592238
0.592237
0.592235
0.592234
0.592233
0.592231
0.59223
0.592229
0.592228
0.592227
0.592226
0.592225
0.592224
0.592223
0.592222
0.592221
0.592219
0.592218
0.592217
0.592216
0.592215
0.592214
0.592213
0.592212
0.592211
0.59221
0.591364
0.591422
0.591502
0.591582
0.591655
0.591723
0.591788
0.591848
0.591904
0.591955
0.592001
0.592043
0.592081
0.592114
0.592144
0.592171
0.592194
0.592214
0.592232
0.592248
0.592261
0.592272
0.592281
0.592289
0.592296
0.592301
0.592305
0.592308
0.59231
0.592312
0.592313
0.592313
0.592313
0.592312
0.592311
0.59231
0.592309
0.592307
0.592305
0.592303
0.592301
0.592298
0.592296
0.592294
0.592291
0.592289
0.592286
0.592284
0.592281
0.592279
0.592277
0.592275
0.592272
0.59227
0.592268
0.592266
0.592264
0.592262
0.59226
0.592258
0.592257
0.592255
0.592253
0.592252
0.59225
0.592249
0.592247
0.592246
0.592244
0.592243
0.592242
0.59224
0.592239
0.592238
0.592237
0.592235
0.592234
0.592233
0.592232
0.592231
0.59223
0.592229
0.592228
0.592228
0.592227
0.592226
0.592225
0.592224
0.592223
0.592223
0.592222
0.592221
0.59222
0.592219
0.592218
0.592218
0.592217
0.592216
0.592215
0.592214
0.591609
0.591649
0.591704
0.59176
0.591812
0.59186
0.591906
0.591949
0.591988
0.592025
0.592058
0.592088
0.592116
0.592141
0.592163
0.592182
0.592199
0.592214
0.592228
0.592239
0.592249
0.592257
0.592265
0.592271
0.592276
0.59228
0.592283
0.592285
0.592287
0.592288
0.592289
0.59229
0.59229
0.592289
0.592289
0.592288
0.592287
0.592286
0.592284
0.592283
0.592281
0.59228
0.592278
0.592276
0.592274
0.592273
0.592271
0.592269
0.592267
0.592266
0.592264
0.592262
0.59226
0.592259
0.592257
0.592256
0.592254
0.592253
0.592252
0.59225
0.592249
0.592248
0.592246
0.592245
0.592244
0.592243
0.592242
0.592241
0.59224
0.592239
0.592238
0.592237
0.592236
0.592235
0.592234
0.592233
0.592232
0.592231
0.59223
0.59223
0.592229
0.592228
0.592228
0.592227
0.592226
0.592226
0.592225
0.592224
0.592224
0.592223
0.592222
0.592222
0.592221
0.592221
0.59222
0.592219
0.592219
0.592218
0.592217
0.592217
0.59185
0.591873
0.591905
0.591938
0.59197
0.591999
0.592027
0.592054
0.592078
0.592101
0.592123
0.592142
0.592159
0.592175
0.592188
0.592201
0.592212
0.592222
0.59223
0.592237
0.592243
0.592249
0.592253
0.592257
0.59226
0.592262
0.592264
0.592265
0.592266
0.592267
0.592267
0.592267
0.592267
0.592267
0.592266
0.592265
0.592264
0.592263
0.592262
0.592261
0.59226
0.592259
0.592257
0.592256
0.592255
0.592254
0.592253
0.592251
0.59225
0.592249
0.592247
0.592246
0.592245
0.592244
0.592243
0.592242
0.592241
0.59224
0.592239
0.592238
0.592237
0.592236
0.592235
0.592234
0.592234
0.592233
0.592232
0.592231
0.592231
0.59223
0.592229
0.592229
0.592228
0.592228
0.592227
0.592226
0.592226
0.592225
0.592225
0.592224
0.592224
0.592223
0.592223
0.592223
0.592222
0.592222
0.592221
0.592221
0.592221
0.59222
0.59222
0.592219
0.592219
0.592219
0.592218
0.592218
0.592217
0.592217
0.592217
0.592216
0.592098
0.592106
0.592118
0.59213
0.592142
0.592153
0.592164
0.592174
0.592183
0.592191
0.592199
0.592205
0.592211
0.592216
0.592221
0.592225
0.592228
0.592231
0.592233
0.592235
0.592236
0.592237
0.592238
0.592238
0.592239
0.592239
0.592239
0.592239
0.592238
0.592238
0.592237
0.592237
0.592236
0.592236
0.592235
0.592234
0.592234
0.592233
0.592232
0.592232
0.592231
0.59223
0.59223
0.592229
0.592228
0.592228
0.592227
0.592227
0.592226
0.592225
0.592225
0.592224
0.592224
0.592223
0.592223
0.592223
0.592222
0.592222
0.592221
0.592221
0.592221
0.592221
0.59222
0.59222
0.59222
0.59222
0.592219
0.592219
0.592219
0.592219
0.592218
0.592218
0.592218
0.592218
0.592218
0.592217
0.592217
0.592217
0.592217
0.592217
0.592217
0.592217
0.592216
0.592216
0.592216
0.592216
0.592216
0.592216
0.592216
0.592216
0.592216
0.592215
0.592215
0.592215
0.592215
0.592215
0.592215
0.592215
0.592215
0.592215
0.584213
0.584212
0.584363
0.584626
0.58501
0.585371
0.585844
0.586177
0.586519
0.586534
0.585042
0.585009
0.585098
0.585274
0.585561
0.585831
0.586198
0.586481
0.586765
0.586841
0.585812
0.585747
0.585782
0.58589
0.586088
0.586285
0.586556
0.586791
0.587025
0.587138
0.586483
0.586406
0.58641
0.586475
0.586611
0.586766
0.586949
0.58715
0.587338
0.58745
0.587086
0.587001
0.586984
0.587023
0.587106
0.587229
0.587361
0.587515
0.587668
0.587771
0.587625
0.587538
0.587508
0.587525
0.587577
0.587666
0.587767
0.587882
0.588006
0.588096
0.588111
0.588025
0.587987
0.587988
0.588021
0.588082
0.588159
0.588248
0.588346
0.588423
0.588553
0.588471
0.588428
0.588419
0.588438
0.588479
0.588537
0.588606
0.588684
0.58875
0.588958
0.58888
0.588836
0.58882
0.588828
0.588856
0.5889
0.588954
0.589017
0.589072
0.58933
0.589258
0.589214
0.589195
0.589196
0.589214
0.589246
0.589289
0.58934
0.589389
0.589675
0.58961
0.589568
0.589546
0.589543
0.589554
0.589578
0.589611
0.589653
0.589696
0.589998
0.589939
0.5899
0.589878
0.589871
0.589877
0.589895
0.589921
0.589956
0.589993
0.590301
0.59025
0.590214
0.590193
0.590184
0.590187
0.5902
0.59022
0.590249
0.590282
0.590587
0.590543
0.590512
0.590492
0.590483
0.590484
0.590492
0.590509
0.590532
0.59056
0.590859
0.590822
0.590796
0.590779
0.59077
0.590769
0.590776
0.590788
0.590807
0.590831
0.591119
0.591089
0.591067
0.591053
0.591045
0.591044
0.591048
0.591058
0.591073
0.591093
0.59137
0.591347
0.59133
0.591319
0.591313
0.591312
0.591315
0.591322
0.591334
0.59135
0.59161
0.591595
0.591583
0.591575
0.591571
0.59157
0.591572
0.591578
0.591586
0.591599
0.59185
0.591841
0.591834
0.591829
0.591826
0.591825
0.591827
0.59183
0.591836
0.591844
0.592086
0.592084
0.592083
0.592082
0.592083
0.592084
0.592086
0.592088
0.592092
0.592095
0.594035
0.59381
0.59347
0.593032
0.592443
0.59161
0.590442
0.588592
0.586599
0.580049
0.592516
0.592049
0.591466
0.590795
0.589934
0.588766
0.5872
0.584772
0.582409
0.574215
0.590877
0.590238
0.589472
0.588588
0.587462
0.585969
0.584044
0.581048
0.578332
0.568508
0.589284
0.588495
0.58757
0.586484
0.585112
0.583314
0.581052
0.577502
0.574543
0.563038
0.58782
0.586893
0.585822
0.584547
0.582948
0.580877
0.57834
0.574273
0.571113
0.558151
0.586518
0.585475
0.584279
0.582839
0.581052
0.578743
0.575982
0.571452
0.568223
0.553984
0.585409
0.584273
0.582977
0.581403
0.57947
0.576976
0.574078
0.569168
0.565929
0.550737
0.584514
0.583315
0.581949
0.580281
0.578259
0.575635
0.572678
0.567517
0.564391
0.548086
0.583852
0.582619
0.581213
0.579494
0.577436
0.574762
0.571825
0.566533
0.563574
0.54647
0.583419
0.58219
0.580782
0.579065
0.577031
0.574385
0.571518
0.566242
0.563549
0.545926
0.603951
0.604964
0.605921
0.606941
0.60805
0.609308
0.610659
0.612106
0.613547
0.615233
0.603819
0.604839
0.605799
0.606818
0.607926
0.609183
0.610526
0.611962
0.61335
0.615103
0.603424
0.604402
0.605329
0.606295
0.607354
0.608541
0.609802
0.611148
0.612367
0.614007
0.602809
0.603714
0.604575
0.605461
0.606419
0.607484
0.608589
0.609751
0.610708
0.611993
0.601979
0.602792
0.603554
0.604334
0.605152
0.606043
0.606943
0.607842
0.608469
0.609149
0.600955
0.601643
0.602293
0.602924
0.603579
0.604256
0.604889
0.605467
0.605713
0.60559
0.599764
0.600297
0.600814
0.601276
0.601715
0.602154
0.60248
0.602665
0.602485
0.601378
0.59842
0.598793
0.599145
0.599425
0.599628
0.599773
0.599768
0.599495
0.598874
0.596596
0.596965
0.597161
0.597341
0.597396
0.597354
0.597181
0.596802
0.596048
0.594944
0.591359
0.595394
0.59542
0.595419
0.595245
0.594936
0.594444
0.593668
0.592372
0.590831
0.585792
0.592218
0.592218
0.592218
0.592218
0.592218
0.592219
0.592219
0.59222
0.59222
0.592221
0.592221
0.592222
0.592223
0.592224
0.592225
0.592226
0.592227
0.592229
0.59223
0.592232
0.592234
0.592236
0.592238
0.59224
0.592242
0.592245
0.592248
0.592251
0.592254
0.592258
0.592261
0.592266
0.59227
0.592275
0.59228
0.592286
0.592292
0.592299
0.592305
0.592313
0.592321
0.59233
0.592338
0.59235
0.592359
0.592372
0.592383
0.592398
0.592411
0.592428
0.592443
0.592463
0.592481
0.592504
0.592524
0.59255
0.592574
0.592604
0.592631
0.592666
0.592698
0.592738
0.592774
0.592822
0.592864
0.592917
0.592966
0.593028
0.593085
0.593156
0.593223
0.593304
0.593381
0.593475
0.593565
0.593673
0.593777
0.593903
0.594024
0.594169
0.594311
0.59448
0.594647
0.594843
0.595042
0.595271
0.595507
0.595778
0.596063
0.596388
0.596733
0.597129
0.597555
0.598047
0.598584
0.599208
0.599902
0.600716
0.601638
0.602687
0.592218
0.592218
0.592218
0.592218
0.592218
0.592219
0.592219
0.59222
0.59222
0.592221
0.592221
0.592222
0.592223
0.592224
0.592225
0.592226
0.592227
0.592229
0.59223
0.592232
0.592234
0.592236
0.592238
0.59224
0.592242
0.592245
0.592248
0.592251
0.592254
0.592258
0.592261
0.592266
0.59227
0.592275
0.59228
0.592286
0.592291
0.592299
0.592305
0.592313
0.59232
0.59233
0.592338
0.592349
0.592359
0.592372
0.592383
0.592398
0.592411
0.592428
0.592443
0.592463
0.59248
0.592503
0.592524
0.59255
0.592573
0.592604
0.592631
0.592666
0.592697
0.592738
0.592774
0.592821
0.592863
0.592917
0.592966
0.593028
0.593085
0.593156
0.593223
0.593304
0.593381
0.593475
0.593565
0.593673
0.593777
0.593903
0.594024
0.594169
0.594311
0.59448
0.594647
0.594842
0.59504
0.595269
0.595505
0.595775
0.596059
0.596382
0.596726
0.597119
0.597542
0.598028
0.59856
0.599175
0.599858
0.600655
0.601557
0.602572
0.592218
0.592218
0.592218
0.592218
0.592218
0.592219
0.592219
0.592219
0.59222
0.592221
0.592221
0.592222
0.592223
0.592224
0.592225
0.592226
0.592227
0.592229
0.59223
0.592232
0.592233
0.592236
0.592237
0.59224
0.592242
0.592245
0.592247
0.592251
0.592254
0.592258
0.592261
0.592266
0.59227
0.592275
0.59228
0.592286
0.592291
0.592298
0.592305
0.592313
0.59232
0.59233
0.592338
0.592349
0.592359
0.592371
0.592383
0.592398
0.592411
0.592428
0.592443
0.592463
0.59248
0.592503
0.592523
0.592549
0.592573
0.592603
0.59263
0.592666
0.592697
0.592738
0.592774
0.592821
0.592863
0.592916
0.592966
0.593027
0.593085
0.593155
0.593222
0.593303
0.593381
0.593474
0.593565
0.593672
0.593777
0.593902
0.594024
0.594168
0.59431
0.594478
0.594645
0.59484
0.595037
0.595264
0.595499
0.595767
0.596048
0.596368
0.596708
0.597094
0.59751
0.597985
0.598502
0.599097
0.599753
0.60051
0.601358
0.602287
0.592218
0.592218
0.592218
0.592218
0.592218
0.592218
0.592219
0.592219
0.59222
0.59222
0.592221
0.592222
0.592223
0.592224
0.592225
0.592226
0.592227
0.592228
0.59223
0.592232
0.592233
0.592235
0.592237
0.59224
0.592242
0.592245
0.592247
0.592251
0.592254
0.592257
0.592261
0.592265
0.592269
0.592275
0.592279
0.592285
0.592291
0.592298
0.592304
0.592312
0.59232
0.592329
0.592337
0.592348
0.592358
0.592371
0.592382
0.592397
0.59241
0.592427
0.592442
0.592462
0.592479
0.592502
0.592522
0.592549
0.592572
0.592603
0.59263
0.592665
0.592697
0.592737
0.592774
0.59282
0.592863
0.592916
0.592966
0.593026
0.593085
0.593155
0.593223
0.593303
0.593381
0.593474
0.593565
0.593672
0.593778
0.593901
0.594024
0.594167
0.594311
0.594476
0.594644
0.594836
0.595034
0.595259
0.595492
0.595756
0.596035
0.596348
0.596682
0.597058
0.597463
0.597919
0.598416
0.598977
0.599593
0.600285
0.60105
0.601842
0.592217
0.592217
0.592217
0.592218
0.592218
0.592218
0.592219
0.592219
0.59222
0.59222
0.592221
0.592222
0.592222
0.592223
0.592224
0.592226
0.592227
0.592228
0.59223
0.592231
0.592233
0.592235
0.592237
0.592239
0.592241
0.592244
0.592247
0.59225
0.592253
0.592257
0.59226
0.592265
0.592269
0.592274
0.592279
0.592285
0.59229
0.592297
0.592303
0.592312
0.592319
0.592328
0.592337
0.592348
0.592357
0.59237
0.592381
0.592396
0.592409
0.592426
0.592441
0.592461
0.592478
0.592501
0.592521
0.592548
0.592571
0.592601
0.592629
0.592663
0.592696
0.592735
0.592773
0.592818
0.592862
0.592914
0.592965
0.593025
0.593084
0.593153
0.593222
0.593301
0.593381
0.593472
0.593565
0.59367
0.593777
0.593899
0.594023
0.594164
0.594309
0.594472
0.59464
0.59483
0.595027
0.595248
0.59548
0.595739
0.596013
0.596318
0.596644
0.597005
0.597396
0.597828
0.598295
0.598813
0.599369
0.599981
0.600625
0.601246
0.592217
0.592217
0.592217
0.592217
0.592218
0.592218
0.592218
0.592219
0.592219
0.59222
0.592221
0.592221
0.592222
0.592223
0.592224
0.592225
0.592226
0.592228
0.592229
0.592231
0.592233
0.592235
0.592236
0.592239
0.592241
0.592244
0.592246
0.59225
0.592253
0.592256
0.59226
0.592264
0.592268
0.592274
0.592278
0.592284
0.59229
0.592297
0.592303
0.592311
0.592318
0.592328
0.592336
0.592347
0.592357
0.592369
0.59238
0.592395
0.592408
0.592425
0.59244
0.59246
0.592477
0.5925
0.59252
0.592547
0.59257
0.592601
0.592628
0.592663
0.592695
0.592735
0.592772
0.592818
0.592861
0.592914
0.592964
0.593026
0.593084
0.593154
0.593222
0.593302
0.593381
0.593474
0.593565
0.593672
0.593778
0.593901
0.594024
0.594165
0.594308
0.594472
0.594638
0.594828
0.595021
0.595242
0.595467
0.595724
0.595987
0.596287
0.596596
0.596948
0.597309
0.59772
0.598139
0.598611
0.599084
0.5996
0.600088
0.600501
0.592217
0.592217
0.592217
0.592217
0.592217
0.592218
0.592218
0.592219
0.592219
0.59222
0.59222
0.592221
0.592222
0.592223
0.592224
0.592225
0.592226
0.592227
0.592229
0.592231
0.592232
0.592234
0.592236
0.592238
0.59224
0.592243
0.592246
0.592249
0.592252
0.592256
0.592259
0.592264
0.592268
0.592273
0.592277
0.592283
0.592289
0.592296
0.592302
0.59231
0.592317
0.592326
0.592335
0.592346
0.592355
0.592368
0.592379
0.592394
0.592407
0.592424
0.592439
0.592458
0.592476
0.592498
0.592519
0.592545
0.592568
0.592599
0.592626
0.592661
0.592692
0.592733
0.592769
0.592817
0.592858
0.592913
0.592962
0.593024
0.593081
0.593152
0.593219
0.593301
0.593378
0.593472
0.593562
0.59367
0.593774
0.593898
0.594019
0.594162
0.594302
0.594466
0.594629
0.594819
0.595007
0.595226
0.595444
0.595697
0.59595
0.596241
0.596533
0.596865
0.5972
0.597574
0.597948
0.598351
0.598739
0.599125
0.59945
0.599604
0.592217
0.592217
0.592217
0.592217
0.592217
0.592217
0.592218
0.592218
0.592219
0.592219
0.59222
0.592221
0.592221
0.592222
0.592223
0.592224
0.592226
0.592227
0.592228
0.59223
0.592232
0.592234
0.592235
0.592238
0.59224
0.592243
0.592245
0.592248
0.592251
0.592255
0.592258
0.592263
0.592267
0.592272
0.592277
0.592282
0.592288
0.592295
0.592301
0.592309
0.592316
0.592325
0.592334
0.592345
0.592354
0.592367
0.592378
0.592393
0.592406
0.592423
0.592438
0.592457
0.592475
0.592498
0.592518
0.592544
0.592568
0.592598
0.592625
0.592661
0.592692
0.592733
0.59277
0.592817
0.592859
0.592914
0.592963
0.593025
0.593083
0.593155
0.593222
0.593304
0.593382
0.593476
0.593566
0.593674
0.593779
0.593903
0.594025
0.594167
0.594307
0.59447
0.594632
0.594819
0.595006
0.59522
0.595434
0.595677
0.595923
0.596197
0.596475
0.59678
0.597086
0.597413
0.597733
0.598053
0.59834
0.598575
0.598708
0.598584
0.592216
0.592216
0.592216
0.592216
0.592217
0.592217
0.592217
0.592218
0.592218
0.592219
0.592219
0.59222
0.592221
0.592222
0.592223
0.592224
0.592225
0.592226
0.592228
0.592229
0.592231
0.592233
0.592235
0.592237
0.592239
0.592242
0.592244
0.592248
0.59225
0.592254
0.592258
0.592262
0.592266
0.592271
0.592275
0.592281
0.592287
0.592293
0.592299
0.592307
0.592315
0.592324
0.592332
0.592343
0.592352
0.592365
0.592376
0.592391
0.592403
0.59242
0.592435
0.592455
0.592472
0.592495
0.592515
0.592541
0.592564
0.592595
0.592622
0.592657
0.592689
0.592729
0.592766
0.592812
0.592855
0.592908
0.592959
0.59302
0.593078
0.593148
0.593216
0.593297
0.593376
0.593468
0.59356
0.593666
0.593771
0.593893
0.594015
0.594154
0.594295
0.594453
0.594615
0.594796
0.594981
0.595185
0.595396
0.595626
0.595863
0.596117
0.596377
0.59665
0.596923
0.597197
0.597456
0.597686
0.597858
0.597934
0.597861
0.597456
0.592216
0.592216
0.592216
0.592216
0.592216
0.592217
0.592217
0.592217
0.592218
0.592218
0.592219
0.59222
0.59222
0.592221
0.592222
0.592223
0.592225
0.592226
0.592227
0.592229
0.59223
0.592232
0.592234
0.592236
0.592239
0.592241
0.592244
0.592247
0.59225
0.592253
0.592257
0.592261
0.592265
0.59227
0.592275
0.59228
0.592286
0.592293
0.592299
0.592307
0.592314
0.592323
0.592331
0.592342
0.592352
0.592364
0.592376
0.59239
0.592403
0.59242
0.592435
0.592455
0.592473
0.592495
0.592516
0.592542
0.592566
0.592596
0.592625
0.592659
0.592692
0.592731
0.592771
0.592816
0.592862
0.592914
0.592967
0.593027
0.593088
0.593157
0.593228
0.593308
0.59339
0.593482
0.593577
0.593682
0.593792
0.593912
0.594038
0.594175
0.594319
0.594475
0.59464
0.594816
0.595002
0.595201
0.595408
0.595627
0.595854
0.59609
0.596329
0.596569
0.5968
0.597015
0.597196
0.59732
0.597351
0.597241
0.596923
0.596227
0.592215
0.592215
0.592215
0.592216
0.592216
0.592216
0.592216
0.592217
0.592217
0.592218
0.592218
0.592219
0.59222
0.592221
0.592222
0.592223
0.592224
0.592225
0.592226
0.592228
0.59223
0.592231
0.592233
0.592235
0.592238
0.59224
0.592243
0.592246
0.592248
0.592252
0.592255
0.59226
0.592263
0.592268
0.592273
0.592279
0.592284
0.59229
0.592296
0.592304
0.592311
0.59232
0.592329
0.592339
0.592349
0.592361
0.592372
0.592386
0.592399
0.592415
0.592431
0.592449
0.592467
0.592489
0.59251
0.592535
0.59256
0.592588
0.592617
0.59265
0.592684
0.592722
0.592761
0.592805
0.59285
0.592901
0.592954
0.593012
0.593074
0.593141
0.593212
0.593289
0.593371
0.59346
0.593554
0.593657
0.593765
0.593882
0.594005
0.594138
0.594279
0.594429
0.594588
0.594756
0.594933
0.59512
0.595313
0.595515
0.59572
0.595927
0.596132
0.596327
0.596503
0.596647
0.596738
0.59675
0.596646
0.596364
0.595849
0.594923
0.592215
0.592215
0.592215
0.592215
0.592215
0.592216
0.592216
0.592216
0.592217
0.592217
0.592218
0.592219
0.592219
0.59222
0.592221
0.592222
0.592223
0.592224
0.592226
0.592227
0.592229
0.59223
0.592232
0.592234
0.592236
0.592239
0.592241
0.592244
0.592247
0.59225
0.592253
0.592257
0.592261
0.592266
0.59227
0.592275
0.592281
0.592287
0.592293
0.5923
0.592307
0.592315
0.592324
0.592333
0.592343
0.592354
0.592365
0.592378
0.592392
0.592406
0.592422
0.592439
0.592457
0.592477
0.592498
0.592521
0.592545
0.592572
0.5926
0.592631
0.592664
0.5927
0.592738
0.592779
0.592823
0.592871
0.592922
0.592977
0.593036
0.593099
0.593167
0.593241
0.593319
0.593403
0.593493
0.593589
0.593691
0.593801
0.593918
0.594042
0.594174
0.594314
0.594462
0.594617
0.59478
0.59495
0.595125
0.595305
0.595486
0.595665
0.595838
0.595997
0.596133
0.596231
0.596273
0.596234
0.596078
0.595757
0.59522
0.59436
0.592214
0.592214
0.592214
0.592215
0.592215
0.592215
0.592215
0.592216
0.592216
0.592217
0.592217
0.592218
0.592219
0.592219
0.59222
0.592221
0.592222
0.592224
0.592225
0.592226
0.592228
0.592229
0.592231
0.592233
0.592235
0.592237
0.59224
0.592242
0.592245
0.592248
0.592252
0.592255
0.592259
0.592263
0.592268
0.592273
0.592278
0.592284
0.59229
0.592296
0.592304
0.592311
0.59232
0.592329
0.592338
0.592349
0.59236
0.592372
0.592385
0.592399
0.592414
0.592431
0.592448
0.592467
0.592487
0.59251
0.592533
0.592559
0.592586
0.592616
0.592648
0.592682
0.592719
0.592759
0.592802
0.592848
0.592897
0.59295
0.593007
0.593068
0.593133
0.593204
0.593279
0.59336
0.593446
0.593538
0.593636
0.59374
0.593851
0.593969
0.594094
0.594225
0.594363
0.594508
0.594658
0.594813
0.594972
0.595132
0.595291
0.595444
0.595587
0.595712
0.595809
0.595865
0.595863
0.595779
0.595586
0.59524
0.594707
0.593922
0.592214
0.592214
0.592214
0.592214
0.592214
0.592215
0.592215
0.592215
0.592216
0.592216
0.592217
0.592217
0.592218
0.592219
0.59222
0.592221
0.592221
0.592223
0.592224
0.592225
0.592227
0.592228
0.59223
0.592232
0.592234
0.592236
0.592238
0.592241
0.592243
0.592246
0.592249
0.592253
0.592257
0.592261
0.592265
0.59227
0.592275
0.59228
0.592286
0.592292
0.592299
0.592307
0.592314
0.592323
0.592332
0.592342
0.592353
0.592364
0.592377
0.59239
0.592405
0.59242
0.592437
0.592455
0.592475
0.592496
0.592519
0.592543
0.592569
0.592598
0.592628
0.592661
0.592696
0.592734
0.592775
0.592819
0.592866
0.592916
0.592971
0.593029
0.593091
0.593158
0.59323
0.593306
0.593388
0.593475
0.593568
0.593667
0.593771
0.593882
0.593999
0.594122
0.59425
0.594384
0.594522
0.594663
0.594805
0.594948
0.595086
0.595216
0.595333
0.595429
0.595494
0.595516
0.595477
0.595359
0.595137
0.594775
0.594246
0.593513
0.592213
0.592213
0.592213
0.592214
0.592214
0.592214
0.592214
0.592215
0.592215
0.592215
0.592216
0.592217
0.592217
0.592218
0.592219
0.59222
0.592221
0.592222
0.592223
0.592224
0.592225
0.592227
0.592229
0.59223
0.592232
0.592234
0.592236
0.592239
0.592241
0.592244
0.592247
0.592251
0.592254
0.592258
0.592262
0.592267
0.592271
0.592277
0.592282
0.592288
0.592295
0.592302
0.592309
0.592317
0.592326
0.592336
0.592346
0.592357
0.592369
0.592382
0.592396
0.59241
0.592426
0.592444
0.592462
0.592482
0.592504
0.592527
0.592552
0.592579
0.592609
0.59264
0.592673
0.59271
0.592748
0.59279
0.592835
0.592883
0.592935
0.59299
0.59305
0.593113
0.593181
0.593254
0.593331
0.593413
0.593501
0.593594
0.593692
0.593796
0.593905
0.594019
0.594138
0.59426
0.594386
0.594513
0.594641
0.594766
0.594885
0.594994
0.595087
0.595157
0.595195
0.595188
0.595124
0.594979
0.594739
0.594373
0.593858
0.593179
0.592213
0.592213
0.592213
0.592213
0.592213
0.592213
0.592214
0.592214
0.592214
0.592215
0.592215
0.592216
0.592216
0.592217
0.592218
0.592219
0.59222
0.592221
0.592222
0.592223
0.592224
0.592226
0.592227
0.592229
0.592231
0.592233
0.592235
0.592237
0.592239
0.592242
0.592245
0.592248
0.592251
0.592255
0.592259
0.592263
0.592268
0.592273
0.592278
0.592284
0.59229
0.592296
0.592304
0.592311
0.59232
0.592329
0.592338
0.592349
0.59236
0.592372
0.592385
0.5924
0.592415
0.592431
0.592449
0.592468
0.592488
0.59251
0.592534
0.59256
0.592587
0.592617
0.592649
0.592683
0.59272
0.592759
0.592802
0.592847
0.592896
0.592949
0.593005
0.593065
0.593129
0.593197
0.59327
0.593347
0.593429
0.593516
0.593608
0.593705
0.593806
0.593911
0.594021
0.594133
0.594247
0.594361
0.594475
0.594584
0.594685
0.594775
0.594848
0.594897
0.594912
0.594884
0.594798
0.594638
0.59439
0.594029
0.593539
0.592915
0.592212
0.592212
0.592212
0.592212
0.592212
0.592213
0.592213
0.592213
0.592214
0.592214
0.592215
0.592215
0.592216
0.592216
0.592217
0.592218
0.592219
0.59222
0.592221
0.592222
0.592223
0.592224
0.592226
0.592227
0.592229
0.592231
0.592233
0.592235
0.592237
0.59224
0.592243
0.592245
0.592249
0.592252
0.592256
0.59226
0.592264
0.592269
0.592274
0.592279
0.592285
0.592291
0.592298
0.592305
0.592313
0.592322
0.592331
0.592341
0.592351
0.592363
0.592375
0.592388
0.592403
0.592418
0.592435
0.592453
0.592472
0.592493
0.592515
0.592539
0.592565
0.592593
0.592623
0.592656
0.59269
0.592727
0.592767
0.59281
0.592856
0.592905
0.592958
0.593014
0.593075
0.593139
0.593207
0.593279
0.593356
0.593437
0.593522
0.593612
0.593705
0.593802
0.593902
0.594004
0.594107
0.594209
0.594309
0.594403
0.594489
0.594563
0.594617
0.594648
0.594645
0.594599
0.5945
0.594332
0.594083
0.593735
0.593275
0.592706
0.592211
0.592211
0.592212
0.592212
0.592212
0.592212
0.592212
0.592213
0.592213
0.592213
0.592214
0.592214
0.592215
0.592215
0.592216
0.592217
0.592218
0.592218
0.592219
0.592221
0.592222
0.592223
0.592224
0.592226
0.592227
0.592229
0.592231
0.592233
0.592235
0.592237
0.59224
0.592243
0.592246
0.592249
0.592252
0.592256
0.59226
0.592264
0.592269
0.592274
0.59228
0.592285
0.592292
0.592299
0.592306
0.592314
0.592323
0.592332
0.592342
0.592353
0.592364
0.592377
0.59239
0.592404
0.59242
0.592437
0.592455
0.592474
0.592495
0.592518
0.592542
0.592568
0.592597
0.592627
0.592659
0.592694
0.592731
0.592772
0.592814
0.592861
0.59291
0.592962
0.593018
0.593078
0.593141
0.593209
0.59328
0.593355
0.593433
0.593516
0.593602
0.59369
0.593781
0.593873
0.593965
0.594056
0.594143
0.594225
0.594297
0.594355
0.594395
0.594411
0.594394
0.594337
0.59423
0.594058
0.593815
0.593485
0.593059
0.592544
0.592211
0.592211
0.592211
0.592211
0.592211
0.592211
0.592212
0.592212
0.592212
0.592213
0.592213
0.592213
0.592214
0.592214
0.592215
0.592216
0.592217
0.592217
0.592218
0.592219
0.59222
0.592221
0.592223
0.592224
0.592226
0.592227
0.592229
0.592231
0.592233
0.592235
0.592237
0.59224
0.592243
0.592246
0.592249
0.592252
0.592256
0.59226
0.592264
0.592269
0.592274
0.59228
0.592286
0.592292
0.592299
0.592306
0.592314
0.592323
0.592332
0.592342
0.592353
0.592364
0.592377
0.59239
0.592405
0.592421
0.592437
0.592455
0.592475
0.592496
0.592519
0.592543
0.592569
0.592597
0.592627
0.59266
0.592694
0.592732
0.592771
0.592814
0.59286
0.592908
0.59296
0.593015
0.593074
0.593136
0.593202
0.593271
0.593343
0.593418
0.593496
0.593577
0.593659
0.593741
0.593824
0.593904
0.59398
0.594049
0.594109
0.594154
0.594182
0.594186
0.594159
0.594093
0.593982
0.593813
0.59358
0.593271
0.592881
0.592419
0.59221
0.59221
0.59221
0.59221
0.59221
0.592211
0.592211
0.592211
0.592211
0.592212
0.592212
0.592213
0.592213
0.592214
0.592214
0.592215
0.592215
0.592216
0.592217
0.592218
0.592219
0.59222
0.592221
0.592222
0.592224
0.592225
0.592227
0.592229
0.59223
0.592232
0.592235
0.592237
0.592239
0.592242
0.592245
0.592248
0.592252
0.592256
0.59226
0.592264
0.592269
0.592274
0.592279
0.592285
0.592291
0.592298
0.592305
0.592313
0.592322
0.592331
0.592341
0.592352
0.592363
0.592376
0.592389
0.592403
0.592419
0.592436
0.592454
0.592473
0.592494
0.592516
0.59254
0.592566
0.592594
0.592624
0.592656
0.59269
0.592727
0.592766
0.592808
0.592853
0.5929
0.592951
0.593005
0.593062
0.593121
0.593184
0.59325
0.593318
0.593389
0.593462
0.593535
0.593609
0.593682
0.593752
0.593817
0.593876
0.593925
0.59396
0.593977
0.593972
0.593938
0.593868
0.593756
0.593594
0.593374
0.59309
0.592736
0.592324
0.592209
0.592209
0.59221
0.59221
0.59221
0.59221
0.59221
0.59221
0.592211
0.592211
0.592211
0.592212
0.592212
0.592213
0.592213
0.592214
0.592214
0.592215
0.592216
0.592217
0.592217
0.592218
0.592219
0.592221
0.592222
0.592223
0.592225
0.592226
0.592228
0.59223
0.592232
0.592234
0.592236
0.592239
0.592241
0.592244
0.592247
0.592251
0.592255
0.592259
0.592263
0.592267
0.592272
0.592278
0.592283
0.59229
0.592296
0.592304
0.592311
0.59232
0.592329
0.592339
0.592349
0.592361
0.592373
0.592386
0.5924
0.592415
0.592432
0.592449
0.592468
0.592489
0.592511
0.592535
0.59256
0.592587
0.592616
0.592648
0.592681
0.592717
0.592755
0.592796
0.592839
0.592885
0.592934
0.592985
0.593039
0.593096
0.593156
0.593217
0.593281
0.593345
0.593411
0.593476
0.59354
0.593601
0.593657
0.593706
0.593745
0.593772
0.593781
0.59377
0.593731
0.59366
0.593551
0.593397
0.593194
0.592935
0.592619
0.592255
0.592209
0.592209
0.592209
0.592209
0.592209
0.592209
0.592209
0.59221
0.59221
0.59221
0.59221
0.592211
0.592211
0.592212
0.592212
0.592213
0.592213
0.592214
0.592214
0.592215
0.592216
0.592217
0.592218
0.592219
0.59222
0.592221
0.592222
0.592224
0.592225
0.592227
0.592229
0.592231
0.592233
0.592235
0.592238
0.59224
0.592243
0.592246
0.592249
0.592253
0.592257
0.592261
0.592265
0.59227
0.592276
0.592281
0.592287
0.592294
0.592301
0.592308
0.592317
0.592325
0.592335
0.592345
0.592356
0.592368
0.592381
0.592395
0.592409
0.592425
0.592442
0.592461
0.592481
0.592502
0.592525
0.592549
0.592576
0.592604
0.592634
0.592666
0.592701
0.592737
0.592776
0.592817
0.592861
0.592907
0.592956
0.593007
0.59306
0.593114
0.593171
0.593228
0.593286
0.593343
0.593398
0.59345
0.593498
0.593539
0.59357
0.59359
0.593593
0.593576
0.593536
0.593467
0.593364
0.593221
0.593037
0.592805
0.592524
0.592206
0.592208
0.592208
0.592208
0.592208
0.592208
0.592208
0.592209
0.592209
0.592209
0.592209
0.592209
0.59221
0.59221
0.59221
0.592211
0.592211
0.592212
0.592212
0.592213
0.592214
0.592214
0.592215
0.592216
0.592217
0.592218
0.592219
0.59222
0.592221
0.592223
0.592224
0.592226
0.592228
0.592229
0.592231
0.592234
0.592236
0.592239
0.592241
0.592244
0.592247
0.592251
0.592254
0.592258
0.592263
0.592267
0.592272
0.592278
0.592284
0.59229
0.592297
0.592304
0.592312
0.59232
0.592329
0.592339
0.59235
0.592361
0.592373
0.592386
0.5924
0.592416
0.592432
0.59245
0.592469
0.592489
0.592511
0.592534
0.592559
0.592586
0.592614
0.592645
0.592677
0.592712
0.592749
0.592787
0.592828
0.592871
0.592916
0.592962
0.59301
0.59306
0.59311
0.59316
0.593209
0.593257
0.593301
0.593341
0.593375
0.5934
0.593413
0.593412
0.593393
0.593353
0.593287
0.593192
0.593063
0.592898
0.592693
0.592449
0.592174
0.592207
0.592207
0.592207
0.592207
0.592207
0.592208
0.592208
0.592208
0.592208
0.592208
0.592209
0.592209
0.592209
0.592209
0.59221
0.59221
0.592211
0.592211
0.592212
0.592212
0.592213
0.592214
0.592214
0.592215
0.592216
0.592217
0.592218
0.592219
0.59222
0.592221
0.592223
0.592224
0.592226
0.592228
0.59223
0.592232
0.592234
0.592236
0.592239
0.592242
0.592245
0.592248
0.592251
0.592255
0.592259
0.592263
0.592268
0.592273
0.592279
0.592284
0.592291
0.592298
0.592305
0.592313
0.592321
0.592331
0.592341
0.592351
0.592363
0.592375
0.592388
0.592403
0.592418
0.592435
0.592452
0.592471
0.592492
0.592513
0.592537
0.592562
0.592588
0.592617
0.592647
0.592678
0.592712
0.592747
0.592785
0.592823
0.592864
0.592905
0.592948
0.592991
0.593033
0.593075
0.593116
0.593153
0.593186
0.593213
0.593232
0.593241
0.593238
0.593218
0.59318
0.593119
0.593034
0.592919
0.592775
0.592598
0.592388
0.592155
0.592207
0.592207
0.592207
0.592207
0.592207
0.592207
0.592207
0.592207
0.592207
0.592207
0.592208
0.592208
0.592208
0.592208
0.592209
0.592209
0.592209
0.59221
0.59221
0.592211
0.592211
0.592212
0.592212
0.592213
0.592214
0.592215
0.592216
0.592216
0.592217
0.592219
0.59222
0.592221
0.592222
0.592224
0.592226
0.592227
0.592229
0.592231
0.592233
0.592236
0.592238
0.592241
0.592244
0.592247
0.592251
0.592254
0.592258
0.592263
0.592267
0.592272
0.592278
0.592283
0.59229
0.592296
0.592304
0.592312
0.59232
0.592329
0.592339
0.592349
0.592361
0.592373
0.592386
0.5924
0.592415
0.592431
0.592448
0.592467
0.592487
0.592508
0.592531
0.592555
0.59258
0.592607
0.592636
0.592666
0.592697
0.59273
0.592764
0.592799
0.592835
0.592871
0.592907
0.592942
0.592975
0.593006
0.593033
0.593054
0.593069
0.593074
0.593069
0.59305
0.593015
0.592962
0.592887
0.592789
0.592666
0.592516
0.592341
0.592147
0.592206
0.592206
0.592206
0.592206
0.592206
0.592206
0.592206
0.592206
0.592206
0.592206
0.592207
0.592207
0.592207
0.592207
0.592208
0.592208
0.592208
0.592208
0.592209
0.592209
0.59221
0.59221
0.592211
0.592211
0.592212
0.592212
0.592213
0.592214
0.592215
0.592216
0.592217
0.592218
0.592219
0.59222
0.592221
0.592223
0.592224
0.592226
0.592228
0.59223
0.592232
0.592234
0.592236
0.592239
0.592242
0.592245
0.592248
0.592252
0.592256
0.59226
0.592264
0.592269
0.592274
0.59228
0.592286
0.592292
0.592299
0.592307
0.592315
0.592323
0.592332
0.592342
0.592353
0.592365
0.592377
0.59239
0.592405
0.59242
0.592436
0.592454
0.592472
0.592492
0.592513
0.592535
0.592558
0.592583
0.592609
0.592636
0.592664
0.592692
0.592721
0.592751
0.59278
0.592808
0.592835
0.592859
0.59288
0.592897
0.592908
0.592911
0.592905
0.592888
0.592858
0.592812
0.59275
0.592668
0.592567
0.592445
0.592303
0.592147
0.592205
0.592205
0.592205
0.592205
0.592205
0.592205
0.592205
0.592205
0.592205
0.592206
0.592206
0.592206
0.592206
0.592206
0.592206
0.592207
0.592207
0.592207
0.592207
0.592208
0.592208
0.592208
0.592209
0.592209
0.59221
0.59221
0.592211
0.592211
0.592212
0.592213
0.592213
0.592214
0.592215
0.592216
0.592217
0.592218
0.592219
0.592221
0.592222
0.592224
0.592225
0.592227
0.592229
0.592231
0.592233
0.592236
0.592238
0.592241
0.592244
0.592247
0.592251
0.592254
0.592258
0.592263
0.592267
0.592272
0.592278
0.592284
0.59229
0.592297
0.592304
0.592312
0.59232
0.592329
0.592339
0.592349
0.59236
0.592372
0.592385
0.592399
0.592413
0.592428
0.592445
0.592462
0.59248
0.5925
0.59252
0.592541
0.592562
0.592584
0.592607
0.59263
0.592652
0.592674
0.592694
0.592713
0.592729
0.592741
0.592749
0.592751
0.592745
0.592731
0.592706
0.59267
0.59262
0.592556
0.592477
0.592383
0.592273
0.592154
0.592204
0.592204
0.592204
0.592204
0.592204
0.592204
0.592204
0.592204
0.592205
0.592205
0.592205
0.592205
0.592205
0.592205
0.592205
0.592205
0.592206
0.592206
0.592206
0.592206
0.592206
0.592207
0.592207
0.592207
0.592208
0.592208
0.592208
0.592209
0.592209
0.59221
0.59221
0.592211
0.592212
0.592212
0.592213
0.592214
0.592215
0.592216
0.592217
0.592218
0.592219
0.59222
0.592221
0.592223
0.592224
0.592226
0.592228
0.59223
0.592232
0.592234
0.592237
0.59224
0.592242
0.592246
0.592249
0.592253
0.592256
0.592261
0.592265
0.59227
0.592275
0.592281
0.592287
0.592293
0.5923
0.592308
0.592316
0.592324
0.592333
0.592343
0.592353
0.592364
0.592376
0.592388
0.592401
0.592415
0.59243
0.592445
0.59246
0.592476
0.592492
0.592508
0.592524
0.592539
0.592554
0.592567
0.592578
0.592587
0.592592
0.592592
0.592588
0.592577
0.592559
0.592532
0.592496
0.592449
0.592393
0.592325
0.592248
0.592164
0.592203
0.592203
0.592203
0.592203
0.592203
0.592203
0.592204
0.592204
0.592204
0.592204
0.592204
0.592204
0.592204
0.592204
0.592204
0.592204
0.592204
0.592204
0.592204
0.592205
0.592205
0.592205
0.592205
0.592205
0.592205
0.592206
0.592206
0.592206
0.592206
0.592207
0.592207
0.592207
0.592208
0.592208
0.592209
0.592209
0.59221
0.59221
0.592211
0.592211
0.592212
0.592213
0.592214
0.592215
0.592216
0.592217
0.592218
0.592219
0.59222
0.592222
0.592223
0.592225
0.592226
0.592228
0.59223
0.592232
0.592235
0.592237
0.59224
0.592243
0.592246
0.592249
0.592253
0.592257
0.592261
0.592265
0.59227
0.592275
0.592281
0.592287
0.592293
0.5923
0.592307
0.592314
0.592322
0.59233
0.592339
0.592348
0.592357
0.592367
0.592376
0.592386
0.592395
0.592405
0.592413
0.592421
0.592428
0.592433
0.592436
0.592436
0.592433
0.592427
0.592415
0.5924
0.592377
0.59235
0.592316
0.592276
0.592229
0.59218
0.592203
0.592203
0.592203
0.592203
0.592203
0.592203
0.592203
0.592203
0.592203
0.592203
0.592203
0.592203
0.592203
0.592203
0.592203
0.592203
0.592203
0.592203
0.592203
0.592203
0.592203
0.592203
0.592203
0.592203
0.592203
0.592203
0.592203
0.592203
0.592204
0.592204
0.592204
0.592204
0.592204
0.592204
0.592204
0.592204
0.592205
0.592205
0.592205
0.592205
0.592205
0.592206
0.592206
0.592206
0.592206
0.592207
0.592207
0.592207
0.592208
0.592208
0.592209
0.592209
0.59221
0.59221
0.592211
0.592211
0.592212
0.592213
0.592214
0.592215
0.592216
0.592217
0.592218
0.592219
0.59222
0.592222
0.592223
0.592225
0.592226
0.592228
0.59223
0.592232
0.592234
0.592237
0.592239
0.592242
0.592245
0.592247
0.59225
0.592253
0.592256
0.592259
0.592262
0.592265
0.592268
0.592271
0.592273
0.592274
0.592275
0.592276
0.592275
0.592272
0.592269
0.592264
0.592257
0.592247
0.592237
0.592223
0.592209
0.592193
0.593794
0.592327
0.590798
0.589401
0.588152
0.587051
0.586112
0.585352
0.584779
0.584397
0.593399
0.591974
0.590589
0.58941
0.588382
0.587472
0.586692
0.586053
0.585563
0.585221
0.592975
0.591703
0.590521
0.589546
0.588695
0.587933
0.587273
0.586728
0.586302
0.585994
0.592615
0.591517
0.59052
0.589701
0.588983
0.588336
0.587772
0.587302
0.586931
0.586656
0.592346
0.591404
0.590562
0.589869
0.589259
0.588707
0.588224
0.587819
0.587494
0.587248
0.592151
0.591342
0.59063
0.590041
0.58952
0.589047
0.588632
0.588281
0.587995
0.587775
0.592012
0.591319
0.590715
0.590214
0.589767
0.589361
0.589002
0.588697
0.588446
0.58825
0.591919
0.591325
0.590813
0.590385
0.590001
0.589651
0.589341
0.589076
0.588855
0.58868
0.591861
0.591352
0.590918
0.590552
0.590222
0.58992
0.589652
0.589421
0.589227
0.589072
0.591831
0.591396
0.591028
0.590714
0.590431
0.590171
0.58994
0.589739
0.58957
0.589433
0.591822
0.591452
0.59114
0.590873
0.59063
0.590407
0.590208
0.590034
0.589886
0.589767
0.591831
0.591517
0.591253
0.591026
0.590819
0.590629
0.59046
0.59031
0.590182
0.590078
0.591852
0.591588
0.591366
0.591176
0.591001
0.590841
0.590696
0.590568
0.590459
0.59037
0.591883
0.591663
0.59148
0.591321
0.591176
0.591042
0.59092
0.590812
0.59072
0.590646
0.591922
0.591743
0.591593
0.591464
0.591345
0.591233
0.591132
0.591044
0.590969
0.590908
0.591967
0.591825
0.591706
0.591603
0.591506
0.591416
0.591335
0.591265
0.591206
0.591158
0.592017
0.591908
0.591816
0.591736
0.591662
0.591594
0.591533
0.59148
0.591436
0.591399
0.592066
0.591988
0.591923
0.591866
0.591814
0.591767
0.591724
0.591688
0.591657
0.591631
0.592121
0.592074
0.592036
0.592002
0.591971
0.591943
0.591918
0.591896
0.591878
0.591863
0.592173
0.592157
0.592144
0.592133
0.592123
0.592114
0.592106
0.592099
0.592094
0.592089
)
;

boundaryField
{
    down
    {
        type            symmetryPlane;
    }
    right
    {
        type            calculated;
        value           nonuniform List<scalar> 
30
(
0.589291
0.589288
0.589287
0.589297
0.58933
0.589405
0.589541
0.589767
0.590123
0.590667
0.591391
0.591834
0.591957
0.59201
0.59205
0.592084
0.592112
0.592135
0.592153
0.592168
0.592179
0.592188
0.592194
0.592199
0.592204
0.592209
0.592213
0.592216
0.592216
0.592215
)
;
    }
    up
    {
        type            calculated;
        value           nonuniform List<scalar> 
220
(
0.592238
0.59224
0.592241
0.592242
0.592244
0.592245
0.592247
0.592248
0.592249
0.59225
0.592249
0.592246
0.592244
0.592243
0.592241
0.59224
0.592239
0.592238
0.592237
0.592236
0.592235
0.592234
0.592233
0.592232
0.592231
0.59223
0.592229
0.592228
0.592227
0.592226
0.592225
0.592224
0.592224
0.592223
0.592222
0.592221
0.59222
0.59222
0.592219
0.592218
0.592218
0.592217
0.592217
0.592216
0.592216
0.592216
0.592215
0.592215
0.592215
0.592214
0.592214
0.592214
0.592214
0.592213
0.592213
0.592213
0.592213
0.592213
0.592213
0.592213
0.592213
0.592213
0.592213
0.592212
0.592212
0.592212
0.592212
0.592212
0.592212
0.592213
0.592213
0.592213
0.592213
0.592213
0.592213
0.592213
0.592213
0.592213
0.592213
0.592213
0.592213
0.592213
0.592213
0.592213
0.592213
0.592213
0.592213
0.592213
0.592213
0.592213
0.592214
0.592214
0.592214
0.592214
0.592214
0.592214
0.592214
0.592214
0.592214
0.592214
0.592214
0.592214
0.592214
0.592214
0.592214
0.592214
0.592214
0.592214
0.592214
0.592215
0.592215
0.592219
0.592222
0.592225
0.592228
0.59223
0.592232
0.592234
0.592236
0.592237
0.592202
0.592202
0.592202
0.592202
0.592202
0.592202
0.592202
0.592202
0.592202
0.592202
0.592202
0.592202
0.592202
0.592202
0.592202
0.592202
0.592202
0.592202
0.592202
0.592202
0.592202
0.592202
0.592202
0.592202
0.592202
0.592202
0.592202
0.592202
0.592202
0.592202
0.592202
0.592202
0.592202
0.592202
0.592202
0.592201
0.592201
0.592201
0.592201
0.592201
0.592201
0.592201
0.592201
0.592201
0.592201
0.5922
0.5922
0.5922
0.5922
0.5922
0.5922
0.592199
0.592199
0.592199
0.592199
0.592198
0.592198
0.592198
0.592197
0.592197
0.592196
0.592196
0.592196
0.592195
0.592194
0.592194
0.592193
0.592192
0.592192
0.592191
0.59219
0.592189
0.592188
0.592187
0.592186
0.592185
0.592184
0.592183
0.592181
0.59218
0.592179
0.592178
0.592176
0.592175
0.592174
0.592173
0.592172
0.592172
0.592171
0.592172
0.592172
0.592173
0.592175
0.592178
0.592181
0.592185
0.59219
0.592196
0.592202
0.59221
)
;
    }
    left
    {
        type            calculated;
        value           nonuniform List<scalar> 
30
(
0.592218
0.592218
0.592218
0.592218
0.592217
0.592217
0.592217
0.592217
0.592216
0.592216
0.592215
0.592215
0.592214
0.592214
0.592213
0.592213
0.592212
0.592211
0.592211
0.59221
0.592209
0.592209
0.592208
0.592207
0.592207
0.592206
0.592205
0.592204
0.592203
0.592203
)
;
    }
    cylinder
    {
        type            calculated;
        value           nonuniform List<scalar> 
40
(
0.578061
0.575136
0.571295
0.567058
0.562467
0.55804
0.553938
0.550539
0.547963
0.546418
0.581473
0.581094
0.580684
0.580121
0.57962
0.579266
0.578952
0.578644
0.578434
0.578547
0.580049
0.574215
0.568508
0.563038
0.558151
0.553984
0.550737
0.548086
0.54647
0.545926
0.615233
0.615103
0.614007
0.611993
0.609149
0.60559
0.601378
0.596596
0.591359
0.585792
)
;
    }
    defaultFaces
    {
        type            empty;
    }
}


// ************************************************************************* //
