/*--------------------------------*- C++ -*----------------------------------*\
  =========                 |
  \\      /  F ield         | OpenFOAM: The Open Source CFD Toolbox
   \\    /   O peration     | Website:  https://openfoam.org
    \\  /    A nd           | Version:  8
     \\/     M anipulation  |
\*---------------------------------------------------------------------------*/
FoamFile
{
    version     2.0;
    format      ascii;
    class       volScalarField;
    location    "0.4";
    object      rho;
}
// * * * * * * * * * * * * * * * * * * * * * * * * * * * * * * * * * * * * * //

dimensions      [1 -3 0 0 0 0 0];

internalField   nonuniform List<scalar> 
200
(
0.031718895
0.0308206
0.030480574
0.030387252
0.030367199
0.03036369
0.030363176
0.030363111
0.030363104
0.030363103
0.030363103
0.030363103
0.030363103
0.030363104
0.030363104
0.030363104
0.030363104
0.030363104
0.030363104
0.030363104
0.030363104
0.030363104
0.030363104
0.030363104
0.030363104
0.030363104
0.030363104
0.030363104
0.030363104
0.030363105
0.030363105
0.030363105
0.030363105
0.030363105
0.030363105
0.030363105
0.030363105
0.030363105
0.030363105
0.030363106
0.030363106
0.030363106
0.030363106
0.030363106
0.030363106
0.030363106
0.030363107
0.030363107
0.030363107
0.030363107
0.030363107
0.030363107
0.030363107
0.030363108
0.030363108
0.030363108
0.030363108
0.030363108
0.030363108
0.030363109
0.030363109
0.030363109
0.030363109
0.030363109
0.03036311
0.03036311
0.03036311
0.03036311
0.03036311
0.030363111
0.030363111
0.030363111
0.030363111
0.030363112
0.030363112
0.030363112
0.030363112
0.030363113
0.030363113
0.030363113
0.030363113
0.030363114
0.030363114
0.030363114
0.030363115
0.030363115
0.030363115
0.030363116
0.030363116
0.030363117
0.030363117
0.030363117
0.030363118
0.030363118
0.030363119
0.030363119
0.030363119
0.03036312
0.03036312
0.030363121
0.030363121
0.030363121
0.030363122
0.030363122
0.030363123
0.030363123
0.030363124
0.030363124
0.030363125
0.030363125
0.030363126
0.030363126
0.030363127
0.030363127
0.030363128
0.030363128
0.030363129
0.030363129
0.03036313
0.03036313
0.030363131
0.030363131
0.030363132
0.030363132
0.030363133
0.030363134
0.030363134
0.030363135
0.030363135
0.030363136
0.030363137
0.030363137
0.030363138
0.030363138
0.030363139
0.030363139
0.030363141
0.03036314
0.030363142
0.030363141
0.030363144
0.030363142
0.030363146
0.030363143
0.030363148
0.030363143
0.03036315
0.030363144
0.030363152
0.030363144
0.030363155
0.030363144
0.030363158
0.030363144
0.030363161
0.030363143
0.030363164
0.030363142
0.030363168
0.030363142
0.030363171
0.030363141
0.030363175
0.030363139
0.03036318
0.030363138
0.030363184
0.030363137
0.030363188
0.030363135
0.030363193
0.030363133
0.030363198
0.030363131
0.030363203
0.030363128
0.030363209
0.030363125
0.030363216
0.03036312
0.030363225
0.030363114
0.030363236
0.030363104
0.030363251
0.030363091
0.03036327
0.030363072
0.030363295
0.030363047
0.030363327
0.030363014
0.030363368
0.030362972
0.030363419
0.030362919
0.030363474
0.030362862
0.030363556
0.030362781
)
;

boundaryField
{
    left
    {
        type            calculated;
        value           nonuniform List<scalar> 
200
(
0.031718895
0.0308206
0.030480574
0.030387252
0.030367199
0.03036369
0.030363176
0.030363111
0.030363104
0.030363103
0.030363103
0.030363103
0.030363103
0.030363104
0.030363104
0.030363104
0.030363104
0.030363104
0.030363104
0.030363104
0.030363104
0.030363104
0.030363104
0.030363104
0.030363104
0.030363104
0.030363104
0.030363104
0.030363104
0.030363105
0.030363105
0.030363105
0.030363105
0.030363105
0.030363105
0.030363105
0.030363105
0.030363105
0.030363105
0.030363106
0.030363106
0.030363106
0.030363106
0.030363106
0.030363106
0.030363106
0.030363107
0.030363107
0.030363107
0.030363107
0.030363107
0.030363107
0.030363107
0.030363108
0.030363108
0.030363108
0.030363108
0.030363108
0.030363108
0.030363109
0.030363109
0.030363109
0.030363109
0.030363109
0.03036311
0.03036311
0.03036311
0.03036311
0.03036311
0.030363111
0.030363111
0.030363111
0.030363111
0.030363112
0.030363112
0.030363112
0.030363112
0.030363113
0.030363113
0.030363113
0.030363113
0.030363114
0.030363114
0.030363114
0.030363115
0.030363115
0.030363115
0.030363116
0.030363116
0.030363117
0.030363117
0.030363117
0.030363118
0.030363118
0.030363119
0.030363119
0.030363119
0.03036312
0.03036312
0.030363121
0.030363121
0.030363121
0.030363122
0.030363122
0.030363123
0.030363123
0.030363124
0.030363124
0.030363125
0.030363125
0.030363126
0.030363126
0.030363127
0.030363127
0.030363128
0.030363128
0.030363129
0.030363129
0.03036313
0.03036313
0.030363131
0.030363131
0.030363132
0.030363132
0.030363133
0.030363134
0.030363134
0.030363135
0.030363135
0.030363136
0.030363137
0.030363137
0.030363138
0.030363138
0.030363139
0.030363139
0.030363141
0.03036314
0.030363142
0.030363141
0.030363144
0.030363142
0.030363146
0.030363143
0.030363148
0.030363143
0.03036315
0.030363144
0.030363152
0.030363144
0.030363155
0.030363144
0.030363158
0.030363144
0.030363161
0.030363143
0.030363164
0.030363142
0.030363168
0.030363142
0.030363171
0.030363141
0.030363175
0.030363139
0.03036318
0.030363138
0.030363184
0.030363137
0.030363188
0.030363135
0.030363193
0.030363133
0.030363198
0.030363131
0.030363203
0.030363128
0.030363209
0.030363125
0.030363216
0.03036312
0.030363225
0.030363114
0.030363236
0.030363104
0.030363251
0.030363091
0.03036327
0.030363072
0.030363295
0.030363047
0.030363327
0.030363014
0.030363368
0.030362972
0.030363419
0.030362919
0.030363474
0.030362862
0.030363556
0.030362781
)
;
    }
    right
    {
        type            calculated;
        value           nonuniform List<scalar> 
200
(
0.031718895
0.0308206
0.030480574
0.030387252
0.030367199
0.03036369
0.030363176
0.030363111
0.030363104
0.030363103
0.030363103
0.030363103
0.030363103
0.030363104
0.030363104
0.030363104
0.030363104
0.030363104
0.030363104
0.030363104
0.030363104
0.030363104
0.030363104
0.030363104
0.030363104
0.030363104
0.030363104
0.030363104
0.030363104
0.030363105
0.030363105
0.030363105
0.030363105
0.030363105
0.030363105
0.030363105
0.030363105
0.030363105
0.030363105
0.030363106
0.030363106
0.030363106
0.030363106
0.030363106
0.030363106
0.030363106
0.030363107
0.030363107
0.030363107
0.030363107
0.030363107
0.030363107
0.030363107
0.030363108
0.030363108
0.030363108
0.030363108
0.030363108
0.030363108
0.030363109
0.030363109
0.030363109
0.030363109
0.030363109
0.03036311
0.03036311
0.03036311
0.03036311
0.03036311
0.030363111
0.030363111
0.030363111
0.030363111
0.030363112
0.030363112
0.030363112
0.030363112
0.030363113
0.030363113
0.030363113
0.030363113
0.030363114
0.030363114
0.030363114
0.030363115
0.030363115
0.030363115
0.030363116
0.030363116
0.030363117
0.030363117
0.030363117
0.030363118
0.030363118
0.030363119
0.030363119
0.030363119
0.03036312
0.03036312
0.030363121
0.030363121
0.030363121
0.030363122
0.030363122
0.030363123
0.030363123
0.030363124
0.030363124
0.030363125
0.030363125
0.030363126
0.030363126
0.030363127
0.030363127
0.030363128
0.030363128
0.030363129
0.030363129
0.03036313
0.03036313
0.030363131
0.030363131
0.030363132
0.030363132
0.030363133
0.030363134
0.030363134
0.030363135
0.030363135
0.030363136
0.030363137
0.030363137
0.030363138
0.030363138
0.030363139
0.030363139
0.030363141
0.03036314
0.030363142
0.030363141
0.030363144
0.030363142
0.030363146
0.030363143
0.030363148
0.030363143
0.03036315
0.030363144
0.030363152
0.030363144
0.030363155
0.030363144
0.030363158
0.030363144
0.030363161
0.030363143
0.030363164
0.030363142
0.030363168
0.030363142
0.030363171
0.030363141
0.030363175
0.030363139
0.03036318
0.030363138
0.030363184
0.030363137
0.030363188
0.030363135
0.030363193
0.030363133
0.030363198
0.030363131
0.030363203
0.030363128
0.030363209
0.030363125
0.030363216
0.03036312
0.030363225
0.030363114
0.030363236
0.030363104
0.030363251
0.030363091
0.03036327
0.030363072
0.030363295
0.030363047
0.030363327
0.030363014
0.030363368
0.030362972
0.030363419
0.030362919
0.030363474
0.030362862
0.030363556
0.030362781
)
;
    }
    walls
    {
        type            calculated;
        value           uniform 0.031401122;
    }
    centreline
    {
        type            calculated;
        value           uniform 0.030363209;
    }
    frontAndBack
    {
        type            calculated;
        value           nonuniform List<scalar> 
400
(
0.031718895
0.0308206
0.030480574
0.030387252
0.030367199
0.03036369
0.030363176
0.030363111
0.030363104
0.030363103
0.030363103
0.030363103
0.030363103
0.030363104
0.030363104
0.030363104
0.030363104
0.030363104
0.030363104
0.030363104
0.030363104
0.030363104
0.030363104
0.030363104
0.030363104
0.030363104
0.030363104
0.030363104
0.030363104
0.030363105
0.030363105
0.030363105
0.030363105
0.030363105
0.030363105
0.030363105
0.030363105
0.030363105
0.030363105
0.030363106
0.030363106
0.030363106
0.030363106
0.030363106
0.030363106
0.030363106
0.030363107
0.030363107
0.030363107
0.030363107
0.030363107
0.030363107
0.030363107
0.030363108
0.030363108
0.030363108
0.030363108
0.030363108
0.030363108
0.030363109
0.030363109
0.030363109
0.030363109
0.030363109
0.03036311
0.03036311
0.03036311
0.03036311
0.03036311
0.030363111
0.030363111
0.030363111
0.030363111
0.030363112
0.030363112
0.030363112
0.030363112
0.030363113
0.030363113
0.030363113
0.030363113
0.030363114
0.030363114
0.030363114
0.030363115
0.030363115
0.030363115
0.030363116
0.030363116
0.030363117
0.030363117
0.030363117
0.030363118
0.030363118
0.030363119
0.030363119
0.030363119
0.03036312
0.03036312
0.030363121
0.030363121
0.030363121
0.030363122
0.030363122
0.030363123
0.030363123
0.030363124
0.030363124
0.030363125
0.030363125
0.030363126
0.030363126
0.030363127
0.030363127
0.030363128
0.030363128
0.030363129
0.030363129
0.03036313
0.03036313
0.030363131
0.030363131
0.030363132
0.030363132
0.030363133
0.030363134
0.030363134
0.030363135
0.030363135
0.030363136
0.030363137
0.030363137
0.030363138
0.030363138
0.030363139
0.030363139
0.030363141
0.03036314
0.030363142
0.030363141
0.030363144
0.030363142
0.030363146
0.030363143
0.030363148
0.030363143
0.03036315
0.030363144
0.030363152
0.030363144
0.030363155
0.030363144
0.030363158
0.030363144
0.030363161
0.030363143
0.030363164
0.030363142
0.030363168
0.030363142
0.030363171
0.030363141
0.030363175
0.030363139
0.03036318
0.030363138
0.030363184
0.030363137
0.030363188
0.030363135
0.030363193
0.030363133
0.030363198
0.030363131
0.030363203
0.030363128
0.030363209
0.030363125
0.030363216
0.03036312
0.030363225
0.030363114
0.030363236
0.030363104
0.030363251
0.030363091
0.03036327
0.030363072
0.030363295
0.030363047
0.030363327
0.030363014
0.030363368
0.030362972
0.030363419
0.030362919
0.030363474
0.030362862
0.030363556
0.030362781
0.031718895
0.0308206
0.030480574
0.030387252
0.030367199
0.03036369
0.030363176
0.030363111
0.030363104
0.030363103
0.030363103
0.030363103
0.030363103
0.030363104
0.030363104
0.030363104
0.030363104
0.030363104
0.030363104
0.030363104
0.030363104
0.030363104
0.030363104
0.030363104
0.030363104
0.030363104
0.030363104
0.030363104
0.030363104
0.030363105
0.030363105
0.030363105
0.030363105
0.030363105
0.030363105
0.030363105
0.030363105
0.030363105
0.030363105
0.030363106
0.030363106
0.030363106
0.030363106
0.030363106
0.030363106
0.030363106
0.030363107
0.030363107
0.030363107
0.030363107
0.030363107
0.030363107
0.030363107
0.030363108
0.030363108
0.030363108
0.030363108
0.030363108
0.030363108
0.030363109
0.030363109
0.030363109
0.030363109
0.030363109
0.03036311
0.03036311
0.03036311
0.03036311
0.03036311
0.030363111
0.030363111
0.030363111
0.030363111
0.030363112
0.030363112
0.030363112
0.030363112
0.030363113
0.030363113
0.030363113
0.030363113
0.030363114
0.030363114
0.030363114
0.030363115
0.030363115
0.030363115
0.030363116
0.030363116
0.030363117
0.030363117
0.030363117
0.030363118
0.030363118
0.030363119
0.030363119
0.030363119
0.03036312
0.03036312
0.030363121
0.030363121
0.030363121
0.030363122
0.030363122
0.030363123
0.030363123
0.030363124
0.030363124
0.030363125
0.030363125
0.030363126
0.030363126
0.030363127
0.030363127
0.030363128
0.030363128
0.030363129
0.030363129
0.03036313
0.03036313
0.030363131
0.030363131
0.030363132
0.030363132
0.030363133
0.030363134
0.030363134
0.030363135
0.030363135
0.030363136
0.030363137
0.030363137
0.030363138
0.030363138
0.030363139
0.030363139
0.030363141
0.03036314
0.030363142
0.030363141
0.030363144
0.030363142
0.030363146
0.030363143
0.030363148
0.030363143
0.03036315
0.030363144
0.030363152
0.030363144
0.030363155
0.030363144
0.030363158
0.030363144
0.030363161
0.030363143
0.030363164
0.030363142
0.030363168
0.030363142
0.030363171
0.030363141
0.030363175
0.030363139
0.03036318
0.030363138
0.030363184
0.030363137
0.030363188
0.030363135
0.030363193
0.030363133
0.030363198
0.030363131
0.030363203
0.030363128
0.030363209
0.030363125
0.030363216
0.03036312
0.030363225
0.030363114
0.030363236
0.030363104
0.030363251
0.030363091
0.03036327
0.030363072
0.030363295
0.030363047
0.030363327
0.030363014
0.030363368
0.030362972
0.030363419
0.030362919
0.030363474
0.030362862
0.030363556
0.030362781
)
;
    }
}


// ************************************************************************* //
