/*--------------------------------*- C++ -*----------------------------------*\
  =========                 |
  \\      /  F ield         | OpenFOAM: The Open Source CFD Toolbox
   \\    /   O peration     | Website:  https://openfoam.org
    \\  /    A nd           | Version:  8
     \\/     M anipulation  |
\*---------------------------------------------------------------------------*/
FoamFile
{
    version     2.0;
    format      ascii;
    class       volScalarField;
    location    "2.0000073";
    object      T;
}
// * * * * * * * * * * * * * * * * * * * * * * * * * * * * * * * * * * * * * //

dimensions      [0 0 0 1 0 0 0];

internalField   nonuniform List<scalar> 
6800
(
373.351
373.335
373.34
373.309
373.22
373.104
373.033
372.99
372.965
372.949
373.316
373.335
373.307
373.201
373.073
373.009
372.967
372.936
372.915
372.9
373.327
373.322
373.213
373.064
372.992
372.94
372.903
372.885
372.878
372.88
373.311
373.235
373.062
372.969
372.903
372.871
372.86
372.86
372.861
372.864
373.219
373.093
372.959
372.873
372.839
372.829
372.828
372.831
372.838
372.85
373.121
372.966
372.837
372.791
372.778
372.784
372.796
372.812
372.827
372.843
372.989
372.817
372.742
372.722
372.735
372.757
372.778
372.798
372.813
372.829
372.866
372.7
372.652
372.663
372.692
372.727
372.756
372.78
372.8
372.82
372.737
372.583
372.584
372.616
372.668
372.709
372.742
372.769
372.792
372.812
372.628
372.502
372.524
372.586
372.645
372.694
372.733
372.762
372.787
372.809
373.376
373.37
373.367
373.365
373.363
373.363
373.364
373.366
373.371
373.377
373.376
373.369
373.368
373.367
373.367
373.367
373.368
373.37
373.374
373.382
373.372
373.368
373.368
373.369
373.371
373.373
373.376
373.379
373.384
373.394
373.366
373.367
373.369
373.371
373.373
373.377
373.38
373.383
373.39
373.404
373.368
373.367
373.369
373.37
373.37
373.369
373.371
373.378
373.382
373.402
373.364
373.368
373.368
373.364
373.355
373.353
373.356
373.364
373.366
373.381
373.368
373.37
373.366
373.35
373.341
373.344
373.349
373.35
373.345
373.334
373.372
373.375
373.362
373.338
373.34
373.342
373.338
373.32
373.29
373.223
373.378
373.381
373.343
373.342
373.339
373.328
373.289
373.223
373.151
373.079
373.377
373.355
373.342
373.34
373.315
373.252
373.154
373.078
373.022
372.994
373.388
373.398
373.405
373.409
373.411
373.412
373.412
373.41
373.408
373.405
373.401
373.396
373.391
373.386
373.381
373.376
373.371
373.367
373.363
373.359
373.355
373.353
373.352
373.351
373.351
373.352
373.354
373.357
373.36
373.364
373.368
373.372
373.377
373.381
373.383
373.386
373.389
373.391
373.389
373.392
373.391
373.393
373.393
373.393
373.395
373.394
373.394
373.395
373.396
373.396
373.398
373.397
373.395
373.391
373.386
373.381
373.375
373.369
373.363
373.356
373.35
373.344
373.338
373.333
373.327
373.322
373.317
373.313
373.309
373.305
373.302
373.299
373.296
373.294
373.292
373.29
373.289
373.288
373.287
373.286
373.285
373.284
373.284
373.283
373.282
373.282
373.281
373.28
373.28
373.279
373.278
373.277
373.276
373.276
373.275
373.276
373.276
373.275
373.275
373.274
373.393
373.405
373.413
373.418
373.421
373.422
373.421
373.42
373.417
373.414
373.41
373.405
373.399
373.393
373.388
373.382
373.377
373.372
373.368
373.364
373.361
373.359
373.358
373.357
373.358
373.359
373.361
373.363
373.366
373.37
373.373
373.377
373.382
373.384
373.387
373.389
373.392
373.391
373.392
373.394
373.393
373.394
373.394
373.394
373.395
373.395
373.397
373.398
373.397
373.398
373.399
373.397
373.394
373.39
373.385
373.38
373.374
373.368
373.362
373.356
373.35
373.344
373.338
373.333
373.327
373.322
373.318
373.314
373.31
373.306
373.303
373.3
373.298
373.295
373.294
373.292
373.29
373.289
373.288
373.287
373.286
373.286
373.285
373.284
373.284
373.283
373.283
373.282
373.281
373.281
373.28
373.279
373.279
373.278
373.278
373.277
373.277
373.276
373.275
373.274
373.404
373.416
373.426
373.433
373.438
373.44
373.441
373.44
373.438
373.434
373.429
373.423
373.416
373.409
373.403
373.396
373.39
373.385
373.38
373.377
373.374
373.371
373.371
373.369
373.37
373.37
373.371
373.373
373.375
373.377
373.379
373.382
373.386
373.386
373.388
373.39
373.392
373.391
373.391
373.392
373.394
373.392
373.394
373.393
373.395
373.394
373.395
373.397
373.396
373.397
373.397
373.395
373.391
373.387
373.382
373.377
373.371
373.365
373.36
373.354
373.348
373.343
373.337
373.332
373.327
373.323
373.318
373.314
373.311
373.307
373.304
373.302
373.299
373.297
373.295
373.294
373.292
373.291
373.29
373.289
373.289
373.288
373.287
373.286
373.286
373.285
373.285
373.284
373.283
373.283
373.282
373.281
373.281
373.28
373.279
373.279
373.278
373.277
373.277
373.275
373.413
373.426
373.439
373.447
373.453
373.458
373.461
373.459
373.457
373.452
373.446
373.44
373.433
373.425
373.418
373.411
373.405
373.4
373.395
373.391
373.387
373.385
373.383
373.38
373.379
373.378
373.378
373.379
373.377
373.378
373.379
373.382
373.385
373.384
373.384
373.385
373.386
373.388
373.387
373.387
373.388
373.388
373.388
373.388
373.388
373.388
373.388
373.391
373.39
373.391
373.391
373.389
373.385
373.381
373.377
373.372
373.366
373.361
373.356
373.35
373.345
373.34
373.335
373.331
373.326
373.322
373.318
373.314
373.311
373.308
373.305
373.302
373.3
373.298
373.297
373.295
373.294
373.293
373.291
373.291
373.29
373.289
373.288
373.288
373.287
373.286
373.286
373.285
373.284
373.284
373.283
373.282
373.282
373.281
373.28
373.279
373.279
373.278
373.277
373.276
373.411
373.426
373.441
373.449
373.456
373.464
373.467
373.465
373.462
373.458
373.452
373.445
373.438
373.43
373.423
373.417
373.411
373.405
373.401
373.396
373.393
373.39
373.387
373.385
373.382
373.38
373.377
373.376
373.375
373.375
373.374
373.374
373.374
373.374
373.374
373.376
373.377
373.378
373.377
373.378
373.379
373.378
373.377
373.376
373.376
373.376
373.376
373.376
373.377
373.378
373.378
373.376
373.373
373.369
373.365
373.361
373.356
373.352
373.347
373.342
373.338
373.333
373.329
373.325
373.321
373.318
373.314
373.311
373.308
373.305
373.303
373.3
373.298
373.297
373.295
373.294
373.292
373.291
373.29
373.289
373.289
373.288
373.287
373.286
373.286
373.285
373.284
373.284
373.283
373.282
373.282
373.281
373.28
373.279
373.279
373.278
373.277
373.276
373.276
373.274
373.387
373.403
373.418
373.426
373.433
373.436
373.44
373.44
373.438
373.434
373.429
373.423
373.416
373.41
373.404
373.398
373.392
373.387
373.383
373.379
373.376
373.373
373.37
373.367
373.365
373.363
373.361
373.358
373.358
373.357
373.356
373.356
373.353
373.353
373.353
373.354
373.353
373.353
373.354
373.354
373.355
373.355
373.355
373.355
373.354
373.355
373.353
373.355
373.354
373.355
373.355
373.354
373.352
373.349
373.346
373.343
373.339
373.336
373.332
373.328
373.324
373.321
373.317
373.314
373.311
373.308
373.305
373.302
373.299
373.297
373.295
373.293
373.291
373.29
373.288
373.287
373.286
373.285
373.284
373.283
373.282
373.282
373.281
373.28
373.28
373.279
373.279
373.278
373.277
373.277
373.276
373.275
373.274
373.274
373.273
373.273
373.272
373.271
373.271
373.269
373.33
373.337
373.343
373.346
373.349
373.348
373.346
373.344
373.341
373.338
373.335
373.332
373.33
373.328
373.325
373.323
373.321
373.319
373.317
373.316
373.314
373.313
373.312
373.311
373.31
373.309
373.307
373.307
373.307
373.308
373.307
373.307
373.308
373.308
373.31
373.309
373.31
373.311
373.313
373.313
373.313
373.313
373.315
373.314
373.315
373.315
373.315
373.316
373.316
373.317
373.318
373.317
373.316
373.315
373.313
373.311
373.309
373.307
373.305
373.302
373.3
373.297
373.295
373.292
373.29
373.288
373.286
373.284
373.282
373.28
373.279
373.277
373.276
373.275
373.274
373.273
373.272
373.271
373.27
373.27
373.269
373.269
373.268
373.268
373.267
373.267
373.266
373.266
373.265
373.264
373.264
373.263
373.262
373.262
373.262
373.262
373.262
373.261
373.261
373.26
373.214
373.219
373.224
373.225
373.225
373.225
373.224
373.224
373.223
373.221
373.22
373.22
373.221
373.22
373.22
373.219
373.217
373.216
373.215
373.214
373.213
373.213
373.212
373.212
373.212
373.213
373.213
373.214
373.215
373.216
373.217
373.219
373.221
373.223
373.225
373.228
373.23
373.232
373.234
373.237
373.239
373.241
373.243
373.246
373.248
373.25
373.252
373.254
373.255
373.257
373.259
373.26
373.26
373.261
373.262
373.263
373.262
373.262
373.261
373.26
373.259
373.258
373.256
373.256
373.255
373.254
373.253
373.252
373.251
373.25
373.249
373.248
373.247
373.247
373.246
373.246
373.245
373.245
373.245
373.245
373.245
373.244
373.244
373.244
373.244
373.244
373.244
373.244
373.244
373.244
373.244
373.244
373.243
373.243
373.243
373.244
373.244
373.243
373.243
373.243
373.075
373.082
373.091
373.099
373.105
373.11
373.115
373.119
373.123
373.127
373.13
373.133
373.134
373.136
373.136
373.137
373.137
373.137
373.136
373.135
373.134
373.133
373.132
373.131
373.131
373.13
373.129
373.129
373.129
373.128
373.128
373.128
373.128
373.129
373.13
373.131
373.133
373.134
373.135
373.137
373.139
373.141
373.143
373.146
373.148
373.151
373.154
373.157
373.16
373.163
373.167
373.17
373.173
373.176
373.179
373.183
373.185
373.187
373.191
373.193
373.193
373.193
373.194
373.195
373.197
373.198
373.199
373.2
373.202
373.202
373.202
373.202
373.202
373.202
373.202
373.203
373.203
373.203
373.204
373.205
373.205
373.206
373.207
373.208
373.209
373.209
373.21
373.211
373.212
373.212
373.213
373.214
373.214
373.215
373.215
373.216
373.216
373.216
373.216
373.216
372.994
373.004
373.014
373.025
373.034
373.042
373.049
373.056
373.062
373.067
373.072
373.076
373.079
373.082
373.084
373.085
373.087
373.088
373.087
373.088
373.087
373.086
373.086
373.086
373.085
373.085
373.084
373.083
373.082
373.082
373.081
373.08
373.08
373.079
373.079
373.079
373.078
373.078
373.078
373.078
373.078
373.079
373.079
373.08
373.081
373.082
373.083
373.084
373.085
373.086
373.088
373.089
373.09
373.092
373.094
373.096
373.098
373.1
373.102
373.105
373.106
373.11
373.112
373.112
373.112
373.113
373.115
373.118
373.12
373.123
373.125
373.129
373.132
373.136
373.137
373.136
373.135
373.136
373.138
373.14
373.142
373.145
373.147
373.149
373.151
373.153
373.155
373.157
373.159
373.161
373.163
373.165
373.166
373.168
373.169
373.171
373.172
373.173
373.174
373.175
372.931
372.944
372.958
372.971
372.982
372.993
373.003
373.013
373.021
373.029
373.035
373.041
373.046
373.05
373.054
373.056
373.058
373.06
373.061
373.062
373.062
373.063
373.063
373.064
373.064
373.063
373.062
373.061
373.06
373.059
373.058
373.057
373.057
373.056
373.055
373.055
373.054
373.054
373.053
373.053
373.053
373.052
373.052
373.052
373.052
373.052
373.051
373.052
373.052
373.052
373.052
373.052
373.053
373.053
373.054
373.054
373.054
373.055
373.055
373.055
373.056
373.056
373.056
373.057
373.057
373.058
373.058
373.058
373.058
373.058
373.059
373.06
373.062
373.064
373.066
373.066
373.065
373.066
373.067
373.069
373.071
373.073
373.074
373.077
373.079
373.081
373.083
373.086
373.088
373.091
373.093
373.096
373.098
373.101
373.103
373.106
373.108
373.111
373.112
373.115
372.917
372.929
372.941
372.953
372.964
372.974
372.984
372.992
373
373.008
373.014
373.02
373.025
373.03
373.033
373.036
373.039
373.041
373.043
373.044
373.045
373.046
373.046
373.048
373.048
373.048
373.048
373.048
373.048
373.046
373.045
373.044
373.044
373.043
373.043
373.042
373.042
373.042
373.041
373.041
373.041
373.041
373.041
373.041
373.041
373.04
373.04
373.04
373.04
373.039
373.04
373.04
373.04
373.04
373.039
373.039
373.039
373.039
373.039
373.039
373.038
373.038
373.037
373.037
373.036
373.036
373.035
373.035
373.035
373.034
373.034
373.034
373.034
373.035
373.035
373.035
373.035
373.035
373.035
373.035
373.036
373.036
373.036
373.036
373.036
373.037
373.037
373.038
373.038
373.039
373.04
373.041
373.043
373.044
373.045
373.047
373.048
373.05
373.051
373.053
372.911
372.923
372.934
372.945
372.956
372.965
372.974
372.983
372.99
372.997
373.004
373.009
373.015
373.019
373.023
373.027
373.03
373.032
373.034
373.036
373.037
373.039
373.04
373.04
373.041
373.041
373.041
373.041
373.04
373.04
373.039
373.037
373.036
373.036
373.035
373.035
373.034
373.034
373.034
373.034
373.033
373.033
373.033
373.033
373.032
373.032
373.032
373.032
373.031
373.032
373.032
373.032
373.032
373.031
373.031
373.031
373.03
373.03
373.031
373.03
373.03
373.029
373.029
373.028
373.028
373.027
373.027
373.026
373.026
373.025
373.025
373.025
373.025
373.024
373.024
373.024
373.024
373.024
373.023
373.023
373.023
373.023
373.023
373.023
373.023
373.022
373.022
373.022
373.022
373.022
373.022
373.022
373.022
373.022
373.022
373.023
373.023
373.023
373.023
373.024
372.911
372.921
372.932
372.942
372.951
372.96
372.968
372.976
372.983
372.99
372.996
373.001
373.006
373.011
373.015
373.018
373.021
373.024
373.026
373.028
373.029
373.03
373.031
373.032
373.033
373.032
373.033
373.033
373.033
373.032
373.032
373.031
373.03
373.03
373.029
373.029
373.029
373.028
373.028
373.028
373.028
373.028
373.027
373.027
373.027
373.027
373.027
373.027
373.027
373.027
373.027
373.027
373.026
373.026
373.026
373.026
373.026
373.026
373.025
373.025
373.025
373.024
373.024
373.023
373.023
373.022
373.022
373.021
373.021
373.02
373.02
373.02
373.019
373.019
373.019
373.019
373.019
373.018
373.018
373.018
373.018
373.018
373.018
373.017
373.017
373.017
373.017
373.017
373.016
373.016
373.016
373.016
373.016
373.015
373.015
373.015
373.015
373.015
373.015
373.014
372.912
372.922
372.932
372.941
372.95
372.958
372.965
372.972
372.979
372.985
372.99
372.995
373
373.004
373.008
373.011
373.014
373.017
373.02
373.022
373.023
373.025
373.025
373.026
373.027
373.027
373.028
373.028
373.028
373.027
373.027
373.027
373.026
373.026
373.025
373.025
373.024
373.024
373.024
373.024
373.023
373.023
373.023
373.023
373.023
373.022
373.022
373.022
373.022
373.022
373.022
373.022
373.021
373.021
373.021
373.021
373.02
373.02
373.02
373.02
373.02
373.02
373.019
373.019
373.019
373.018
373.018
373.017
373.017
373.017
373.016
373.016
373.016
373.016
373.015
373.015
373.015
373.015
373.015
373.015
373.014
373.014
373.014
373.014
373.014
373.014
373.014
373.014
373.013
373.013
373.013
373.013
373.013
373.013
373.012
373.012
373.012
373.012
373.012
373.012
372.915
372.924
372.933
372.941
372.949
372.956
372.963
372.969
372.975
372.981
372.986
372.991
372.995
372.999
373.003
373.006
373.009
373.012
373.015
373.017
373.018
373.02
373.021
373.021
373.023
373.023
373.023
373.023
373.023
373.023
373.023
373.023
373.022
373.022
373.021
373.021
373.021
373.02
373.02
373.02
373.02
373.02
373.02
373.019
373.019
373.019
373.019
373.019
373.019
373.019
373.018
373.018
373.018
373.018
373.018
373.018
373.018
373.018
373.017
373.017
373.017
373.016
373.016
373.016
373.015
373.015
373.014
373.014
373.014
373.013
373.013
373.013
373.012
373.012
373.012
373.012
373.012
373.011
373.011
373.011
373.011
373.011
373.011
373.011
373.011
373.011
373.01
373.01
373.01
373.01
373.01
373.01
373.01
373.01
373.009
373.009
373.009
373.009
373.009
373.009
372.919
372.926
372.935
372.942
372.949
372.956
372.962
372.968
372.974
372.979
372.984
372.989
372.993
372.996
373
373.003
373.006
373.008
373.011
373.013
373.014
373.016
373.017
373.017
373.018
373.019
373.019
373.02
373.019
373.019
373.019
373.019
373.019
373.018
373.018
373.017
373.017
373.017
373.017
373.017
373.017
373.016
373.016
373.016
373.016
373.015
373.015
373.015
373.015
373.015
373.015
373.014
373.014
373.014
373.014
373.014
373.014
373.014
373.013
373.013
373.013
373.012
373.012
373.013
373.012
373.012
373.012
373.012
373.011
373.011
373.011
373.011
373.01
373.01
373.01
373.01
373.009
373.009
373.009
373.009
373.009
373.009
373.008
373.008
373.008
373.008
373.008
373.008
373.008
373.008
373.008
373.007
373.007
373.007
373.007
373.007
373.007
373.007
373.007
373.006
372.923
372.93
372.937
372.944
372.95
372.956
372.962
372.968
372.973
372.978
372.982
372.987
372.991
372.994
372.997
373
373.003
373.005
373.007
373.009
373.011
373.012
373.013
373.014
373.015
373.015
373.016
373.016
373.016
373.016
373.016
373.016
373.016
373.016
373.015
373.015
373.015
373.014
373.014
373.014
373.014
373.014
373.014
373.014
373.014
373.013
373.013
373.013
373.013
373.013
373.013
373.012
373.012
373.012
373.012
373.011
373.011
373.011
373.011
373.011
373.011
373.011
373.011
373.01
373.01
373.01
373.01
373.009
373.009
373.009
373.009
373.008
373.008
373.008
373.008
373.007
373.007
373.007
373.007
373.007
373.006
373.006
373.006
373.006
373.006
373.006
373.006
373.006
373.005
373.005
373.005
373.005
373.005
373.005
373.005
373.005
373.005
373.004
373.004
373.004
372.928
372.934
372.94
372.947
372.952
372.958
372.963
372.968
372.973
372.978
372.982
372.986
372.99
372.993
372.996
372.999
373.001
373.004
373.006
373.007
373.009
373.01
373.011
373.012
373.012
373.013
373.013
373.013
373.013
373.013
373.014
373.014
373.013
373.013
373.013
373.012
373.012
373.012
373.012
373.011
373.011
373.011
373.011
373.011
373.011
373.01
373.01
373.01
373.01
373.009
373.009
373.01
373.01
373.01
373.009
373.009
373.008
373.008
373.008
373.008
373.008
373.008
373.008
373.008
373.007
373.007
373.007
373.007
373.007
373.007
373.007
373.007
373.007
373.006
373.006
373.006
373.006
373.005
373.005
373.005
373.005
373.005
373.005
373.004
373.004
373.004
373.004
373.004
373.004
373.004
373.003
373.003
373.003
373.003
373.003
373.003
373.003
373.002
373.002
373.002
372.933
372.938
372.944
372.95
372.955
372.96
372.965
372.969
372.974
372.978
372.982
372.985
372.989
372.992
372.995
372.997
373
373.002
373.003
373.005
373.006
373.008
373.008
373.009
373.01
373.01
373.011
373.011
373.011
373.011
373.011
373.012
373.011
373.011
373.011
373.011
373.01
373.01
373.01
373.01
373.009
373.009
373.009
373.009
373.009
373.009
373.009
373.008
373.008
373.008
373.008
373.008
373.008
373.008
373.008
373.007
373.007
373.007
373.007
373.007
373.007
373.006
373.006
373.006
373.006
373.006
373.006
373.006
373.006
373.006
373.006
373.005
373.005
373.005
373.005
373.004
373.004
373.004
373.004
373.004
373.003
373.003
373.003
373.003
373.003
373.003
373.003
373.002
373.002
373.002
373.002
373.002
373.002
373.002
373.002
373.002
373.001
373.001
373.001
373.001
372.938
372.943
372.948
372.953
372.958
372.962
372.967
372.971
372.975
372.979
372.983
372.986
372.989
372.992
372.995
372.997
372.999
373.001
373.003
373.004
373.005
373.006
373.007
373.008
373.008
373.009
373.009
373.01
373.009
373.01
373.01
373.01
373.01
373.009
373.009
373.008
373.008
373.008
373.008
373.007
373.007
373.007
373.007
373.007
373.007
373.007
373.007
373.006
373.006
373.006
373.006
373.006
373.005
373.006
373.005
373.005
373.005
373.005
373.005
373.005
373.004
373.004
373.005
373.005
373.005
373.004
373.004
373.004
373.004
373.004
373.004
373.004
373.004
373.004
373.004
373.003
373.003
373.003
373.003
373.003
373.002
373.002
373.002
373.002
373.002
373.002
373.001
373.001
373.001
373.001
373.001
373.001
373.001
373.001
373.001
373
373
373
373
373
372.944
372.948
372.953
372.957
372.961
372.965
372.969
372.973
372.977
372.98
372.983
372.986
372.989
372.992
372.994
372.996
372.998
373
373.001
373.003
373.004
373.005
373.005
373.006
373.006
373.007
373.007
373.008
373.008
373.007
373.008
373.008
373.008
373.007
373.007
373.007
373.007
373.007
373.006
373.006
373.006
373.006
373.006
373.006
373.006
373.006
373.006
373.005
373.005
373.005
373.005
373.005
373.005
373.005
373.005
373.004
373.004
373.004
373.004
373.004
373.004
373.004
373.004
373.004
373.004
373.004
373.003
373.003
373.003
373.003
373.003
373.003
373.003
373.003
373.003
373.003
373.002
373.002
373.002
373.002
373.002
373.002
373.001
373.001
373.001
373.001
373.001
373.001
373
373
373
373
373
373
373
373
373
373
372.999
372.999
372.95
372.954
372.958
372.962
372.965
372.969
372.972
372.976
372.979
372.982
372.985
372.988
372.99
372.993
372.995
372.997
372.998
373
373.001
373.002
373.003
373.004
373.005
373.005
373.005
373.006
373.006
373.006
373.007
373.006
373.007
373.007
373.006
373.006
373.006
373.006
373.006
373.005
373.005
373.005
373.005
373.005
373.004
373.004
373.004
373.004
373.004
373.004
373.004
373.004
373.003
373.003
373.003
373.003
373.003
373.003
373.003
373.002
373.003
373.003
373.003
373.002
373.002
373.002
373.002
373.002
373.002
373.002
373.002
373.002
373.002
373.002
373.001
373.001
373.001
373.001
373.002
373.002
373.001
373.001
373.001
373.001
373.001
373.001
373
373
373
373
373
373
373
373
372.999
372.999
372.999
372.999
372.999
372.999
372.999
372.999
372.957
372.96
372.963
372.966
372.969
372.972
372.975
372.978
372.981
372.984
372.986
372.989
372.991
372.993
372.995
372.996
372.998
372.999
373
373.001
373.002
373.003
373.003
373.004
373.004
373.005
373.005
373.005
373.005
373.006
373.006
373.006
373.005
373.005
373.005
373.005
373.004
373.004
373.004
373.004
373.004
373.004
373.004
373.004
373.003
373.003
373.003
373.003
373.003
373.003
373.003
373.003
373.003
373.002
373.002
373.002
373.002
373.002
373.002
373.002
373.002
373.002
373.002
373.002
373.001
373.001
373.001
373.001
373.001
373.001
373.001
373.001
373.001
373.001
373.001
373.001
373.001
373.001
373.001
373.001
373.001
373
373
373
373
373
373
373
372.999
372.999
372.999
372.999
372.999
372.999
372.999
372.999
372.999
372.999
372.998
372.998
372.963
372.966
372.968
372.971
372.974
372.976
372.979
372.981
372.984
372.986
372.988
372.991
372.992
372.994
372.996
372.997
372.998
372.999
373
373.001
373.002
373.002
373.003
373.003
373.003
373.003
373.004
373.004
373.004
373.004
373.004
373.004
373.004
373.004
373.004
373.004
373.004
373.003
373.003
373.003
373.003
373.003
373.003
373.002
373.002
373.002
373.002
373.002
373.002
373.002
373.002
373.002
373.002
373.001
373.001
373.001
373.001
373.001
373.001
373.001
373.001
373
373
373
373
373
373
373
373.001
373
373
373
373
373
373
373
373
373
373
373
373
373
373
373
372.999
372.999
372.999
372.999
372.999
372.999
372.999
372.998
372.998
372.998
372.998
372.998
372.998
372.998
372.998
372.998
372.97
372.972
372.974
372.976
372.978
372.98
372.982
372.984
372.986
372.988
372.99
372.992
372.993
372.995
372.996
372.997
372.998
372.999
373
373
373.001
373.002
373.002
373.002
373.002
373.003
373.003
373.003
373.003
373.003
373.003
373.003
373.003
373.003
373.003
373.003
373.003
373.003
373.002
373.002
373.002
373.002
373.002
373.002
373.002
373.001
373.001
373.001
373.001
373.001
373.001
373.001
373.001
373.001
373.001
373.001
373.001
373
373
373
373
373
373
373
373
373
373
373
373
373
373
373
373
373
373
373
373
373
373
372.999
372.999
372.999
372.999
372.999
372.999
372.999
372.998
372.998
372.998
372.998
372.998
372.998
372.998
372.998
372.998
372.998
372.998
372.998
372.997
372.997
372.976
372.978
372.979
372.981
372.983
372.984
372.986
372.987
372.989
372.991
372.992
372.994
372.995
372.996
372.997
372.998
372.999
373
373
373.001
373.001
373.001
373.002
373.002
373.002
373.002
373.002
373.002
373.002
373.002
373.002
373.002
373.002
373.002
373.002
373.002
373.001
373.001
373.001
373.001
373.001
373
373
373
373
373
373
373
373
373
372.999
372.999
372.999
372.999
372.999
372.999
372.999
372.999
372.999
372.999
372.999
372.999
372.999
372.999
372.999
372.999
372.999
372.999
372.999
372.999
372.999
372.999
372.999
372.999
372.999
372.999
372.999
372.999
372.999
372.999
372.999
372.999
372.999
372.999
372.998
372.998
372.998
372.998
372.998
372.998
372.998
372.998
372.998
372.998
372.998
372.998
372.998
372.998
372.997
372.997
372.983
372.984
372.985
372.986
372.988
372.989
372.99
372.991
372.992
372.994
372.995
372.996
372.997
372.998
372.998
372.999
372.999
373
373
373.001
373.001
373.001
373.002
373.002
373.002
373.002
373.002
373.002
373.001
373.001
373.001
373.001
373
373
373
373
373
373
373
373
372.999
372.999
372.999
372.999
372.999
372.999
372.999
372.999
372.999
372.999
372.999
372.999
372.998
372.998
372.998
372.998
372.998
372.998
372.998
372.998
372.999
372.998
372.998
372.998
372.999
372.998
372.999
372.999
372.999
372.999
372.999
372.999
372.999
372.999
372.999
372.999
372.999
372.999
372.999
372.999
372.999
372.999
372.999
372.999
372.999
372.999
372.998
372.998
372.998
372.998
372.998
372.998
372.998
372.998
372.998
372.998
372.998
372.998
372.998
372.998
372.99
372.99
372.991
372.992
372.993
372.993
372.994
372.994
372.995
372.996
372.996
372.997
372.997
372.997
372.998
372.998
372.998
372.998
372.998
372.998
372.999
372.999
372.999
372.999
372.999
372.999
372.999
372.999
372.999
372.999
372.999
372.999
372.999
372.999
372.999
372.999
372.999
372.999
372.999
372.999
372.999
372.999
372.999
372.999
372.999
372.999
372.999
372.999
372.999
372.999
372.999
372.999
372.999
372.999
372.999
372.999
372.999
372.999
372.999
372.999
372.999
372.999
372.999
372.999
372.999
372.999
372.999
372.999
372.999
372.999
372.999
372.999
372.999
372.999
372.999
372.999
372.999
372.999
372.999
372.999
372.999
372.999
372.999
372.999
372.999
372.999
372.999
372.999
372.999
372.998
372.998
372.998
372.998
372.998
372.998
372.998
372.998
372.998
372.998
372.998
372.995
372.995
372.995
372.995
372.995
372.996
372.996
372.996
372.996
372.996
372.996
372.996
372.996
372.997
372.997
372.997
372.997
372.997
372.997
372.997
372.997
372.997
372.997
372.998
372.998
372.998
372.998
372.998
372.998
372.998
372.998
372.998
372.998
372.998
372.998
372.998
372.999
372.999
372.999
372.999
372.999
372.999
372.999
372.999
372.999
372.999
372.999
372.999
372.999
372.999
372.999
372.999
372.999
372.999
372.999
372.999
372.999
372.999
372.999
372.999
372.999
372.999
372.999
372.999
372.999
372.999
372.999
372.999
372.999
372.999
372.999
372.999
372.999
372.999
372.999
372.999
372.999
372.999
372.999
372.999
372.999
372.999
372.999
372.999
372.999
372.999
372.999
372.999
372.999
372.999
372.999
372.999
372.999
372.999
372.998
372.998
372.998
372.998
372.998
372.998
372.828
372.83
372.835
372.842
372.853
372.863
372.869
372.88
372.891
372.918
372.845
372.845
372.848
372.853
372.861
372.869
372.876
372.882
372.89
372.906
372.861
372.86
372.861
372.864
372.869
372.876
372.882
372.887
372.892
372.902
372.873
372.872
372.872
372.874
372.877
372.882
372.887
372.892
372.897
372.903
372.885
372.884
372.883
372.884
372.886
372.889
372.894
372.896
372.901
372.906
372.896
372.894
372.893
372.893
372.894
372.896
372.9
372.902
372.905
372.91
372.906
372.904
372.903
372.902
372.903
372.904
372.906
372.908
372.91
372.914
372.915
372.913
372.912
372.911
372.911
372.912
372.913
372.914
372.916
372.919
372.924
372.922
372.92
372.919
372.919
372.919
372.92
372.921
372.922
372.924
372.932
372.93
372.928
372.928
372.927
372.927
372.927
372.928
372.929
372.93
372.94
372.938
372.936
372.935
372.935
372.934
372.934
372.934
372.935
372.936
372.947
372.945
372.944
372.943
372.942
372.942
372.942
372.942
372.942
372.942
372.954
372.952
372.951
372.95
372.949
372.949
372.949
372.948
372.949
372.949
372.961
372.959
372.958
372.957
372.957
372.956
372.956
372.956
372.955
372.955
372.967
372.966
372.965
372.964
372.963
372.963
372.963
372.963
372.962
372.962
372.973
372.972
372.971
372.971
372.97
372.97
372.97
372.969
372.969
372.969
372.979
372.978
372.978
372.977
372.977
372.976
372.976
372.976
372.976
372.976
372.985
372.984
372.984
372.983
372.983
372.983
372.983
372.983
372.983
372.983
372.991
372.99
372.99
372.99
372.99
372.99
372.99
372.99
372.989
372.989
372.996
372.996
372.996
372.995
372.995
372.995
372.995
372.995
372.995
372.995
373.049
373.048
373.039
373.026
373.007
372.978
372.94
372.891
372.832
372.741
373.005
372.999
372.986
372.971
372.945
372.91
372.862
372.801
372.727
372.643
372.964
372.953
372.939
372.918
372.888
372.844
372.789
372.717
372.634
372.563
372.925
372.912
372.893
372.871
372.834
372.787
372.724
372.642
372.55
372.499
372.894
372.877
372.855
372.827
372.789
372.735
372.668
372.577
372.48
372.446
372.866
372.846
372.822
372.793
372.75
372.695
372.623
372.527
372.429
372.398
372.845
372.822
372.797
372.764
372.722
372.663
372.59
372.49
372.392
372.4
372.828
372.805
372.777
372.746
372.701
372.642
372.569
372.471
372.384
372.418
372.816
372.792
372.766
372.733
372.69
372.633
372.561
372.471
372.397
372.463
372.81
372.788
372.761
372.729
372.688
372.634
372.567
372.489
372.434
372.532
373.337
373.362
373.388
373.415
373.448
373.483
373.519
373.562
373.606
373.635
373.332
373.356
373.382
373.409
373.439
373.473
373.506
373.551
373.595
373.631
373.318
373.342
373.366
373.39
373.42
373.446
373.482
373.526
373.563
373.605
373.299
373.323
373.34
373.369
373.386
373.415
373.438
373.48
373.514
373.553
373.275
373.294
373.312
373.331
373.353
373.368
373.387
373.417
373.449
373.469
373.247
373.262
373.275
373.291
373.301
373.317
373.323
373.34
373.364
373.362
373.213
373.224
373.233
373.245
373.252
373.255
373.257
373.26
373.263
373.239
373.177
373.183
373.187
373.193
373.193
373.189
373.181
373.172
373.16
373.112
373.136
373.14
373.139
373.138
373.132
373.121
373.099
373.077
373.046
372.979
373.098
373.096
373.091
373.081
373.07
373.05
373.022
372.986
372.94
372.853
373
373
373
373
373
373
373
373
373
373
373
373
373
373
373
373
373
373
373
373
373.001
373.001
373.001
373.001
373.001
373.001
373.001
373.001
373.001
373.001
373.001
373.002
373.002
373.002
373.002
373.002
373.002
373.003
373.003
373.003
373.003
373.004
373.004
373.004
373.005
373.005
373.005
373.006
373.006
373.007
373.007
373.008
373.008
373.009
373.01
373.01
373.011
373.012
373.013
373.014
373.015
373.016
373.017
373.019
373.02
373.021
373.023
373.025
373.026
373.029
373.03
373.033
373.035
373.037
373.041
373.043
373.047
373.049
373.054
373.057
373.063
373.066
373.072
373.076
373.084
373.088
373.098
373.103
373.114
373.12
373.133
373.142
373.157
373.17
373.186
373.206
373.224
373.251
373.277
373.314
373
373
373
373
373
373
373
373
373
373
373
373
373
373
373
373
373
373
373
373
373.001
373.001
373.001
373.001
373.001
373.001
373.001
373.001
373.001
373.001
373.001
373.002
373.002
373.002
373.002
373.002
373.002
373.003
373.003
373.003
373.003
373.004
373.004
373.004
373.005
373.005
373.005
373.006
373.006
373.007
373.007
373.008
373.008
373.009
373.01
373.01
373.011
373.012
373.013
373.014
373.015
373.016
373.017
373.019
373.02
373.021
373.023
373.025
373.026
373.028
373.03
373.033
373.035
373.037
373.041
373.043
373.047
373.049
373.054
373.057
373.063
373.066
373.072
373.076
373.084
373.089
373.097
373.103
373.113
373.121
373.133
373.142
373.156
373.169
373.185
373.204
373.223
373.248
373.274
373.309
373
373
373
373
373
373
373
373
373
373
373
373
373
373
373
373
373
373
373
373
373.001
373.001
373.001
373.001
373.001
373.001
373.001
373.001
373.001
373.001
373.001
373.002
373.002
373.002
373.002
373.002
373.002
373.003
373.003
373.003
373.003
373.004
373.004
373.004
373.005
373.005
373.005
373.006
373.006
373.007
373.007
373.008
373.008
373.009
373.01
373.01
373.011
373.012
373.013
373.014
373.015
373.016
373.017
373.019
373.02
373.021
373.023
373.025
373.026
373.028
373.03
373.033
373.035
373.037
373.041
373.043
373.047
373.049
373.054
373.057
373.063
373.066
373.072
373.076
373.084
373.088
373.097
373.103
373.113
373.12
373.132
373.141
373.155
373.168
373.183
373.202
373.218
373.244
373.266
373.299
373
373
373
373
373
373
373
373
373
373
373
373
373
373
373
373
373
373
373
373
373.001
373.001
373.001
373.001
373.001
373.001
373.001
373.001
373.001
373.001
373.001
373.002
373.002
373.002
373.002
373.002
373.002
373.003
373.003
373.003
373.003
373.004
373.004
373.004
373.005
373.005
373.005
373.006
373.006
373.007
373.007
373.008
373.008
373.009
373.01
373.01
373.011
373.012
373.013
373.014
373.015
373.016
373.017
373.019
373.02
373.021
373.023
373.025
373.026
373.028
373.03
373.033
373.035
373.037
373.041
373.043
373.047
373.049
373.054
373.057
373.063
373.066
373.072
373.076
373.084
373.088
373.097
373.102
373.112
373.12
373.131
373.14
373.153
373.165
373.181
373.196
373.215
373.234
373.256
373.283
373
373
373
373
373
373
373
373
373
373
373
373
373
373
373
373
373
373
373
373
373.001
373.001
373.001
373.001
373.001
373.001
373.001
373.001
373.001
373.001
373.001
373.002
373.002
373.002
373.002
373.002
373.002
373.003
373.003
373.003
373.003
373.004
373.004
373.004
373.005
373.005
373.005
373.006
373.006
373.006
373.007
373.008
373.008
373.009
373.01
373.01
373.011
373.012
373.013
373.014
373.015
373.016
373.017
373.019
373.019
373.021
373.023
373.025
373.026
373.028
373.03
373.033
373.035
373.037
373.04
373.043
373.047
373.05
373.054
373.057
373.062
373.066
373.072
373.076
373.083
373.088
373.096
373.102
373.111
373.119
373.129
373.138
373.151
373.162
373.176
373.191
373.206
373.223
373.241
373.261
373
373
373
373
373
373
373
373
373
373
373
373
373
373
373
373
373
373
373
373
373.001
373.001
373.001
373.001
373.001
373.001
373.001
373.001
373.001
373.001
373.001
373.002
373.002
373.002
373.002
373.002
373.002
373.003
373.003
373.003
373.003
373.004
373.004
373.004
373.005
373.005
373.005
373.006
373.006
373.006
373.007
373.008
373.008
373.009
373.01
373.01
373.011
373.012
373.013
373.014
373.015
373.016
373.017
373.018
373.019
373.021
373.023
373.025
373.026
373.028
373.03
373.032
373.035
373.037
373.04
373.043
373.047
373.05
373.054
373.057
373.062
373.066
373.071
373.076
373.082
373.088
373.095
373.102
373.11
373.118
373.127
373.137
373.147
373.159
373.171
373.183
373.197
373.21
373.223
373.236
373
373
373
373
373
373
373
373
373
373
373
373
373
373
373
373
373
373
373
373
373.001
373.001
373.001
373.001
373.001
373.001
373.001
373.001
373.001
373.001
373.001
373.002
373.002
373.002
373.002
373.002
373.002
373.003
373.003
373.003
373.003
373.004
373.004
373.004
373.004
373.005
373.005
373.006
373.006
373.006
373.007
373.007
373.008
373.009
373.009
373.01
373.011
373.012
373.013
373.014
373.015
373.016
373.017
373.018
373.019
373.021
373.022
373.024
373.026
373.028
373.03
373.032
373.035
373.037
373.04
373.043
373.047
373.05
373.054
373.057
373.062
373.066
373.071
373.076
373.082
373.087
373.094
373.101
373.109
373.116
373.125
373.134
373.144
373.154
373.164
373.175
373.184
373.194
373.201
373.207
373
373
373
373
373
373
373
373
373
373
373
373
373
373
373
373
373
373
373
373
373.001
373.001
373.001
373.001
373.001
373.001
373.001
373.001
373.001
373.001
373.001
373.002
373.002
373.002
373.002
373.002
373.002
373.003
373.003
373.003
373.003
373.003
373.004
373.004
373.004
373.005
373.005
373.006
373.006
373.006
373.007
373.007
373.008
373.009
373.009
373.01
373.011
373.012
373.013
373.014
373.015
373.016
373.017
373.018
373.019
373.021
373.023
373.024
373.026
373.028
373.03
373.032
373.035
373.037
373.04
373.043
373.046
373.05
373.053
373.057
373.062
373.066
373.071
373.076
373.081
373.087
373.094
373.1
373.107
373.114
373.123
373.131
373.139
373.148
373.157
373.164
373.171
373.175
373.178
373.175
373
373
373
373
373
373
373
373
373
373
373
373
373
373
373
373
373
373
373
373
373
373.001
373.001
373.001
373.001
373.001
373.001
373.001
373.001
373.001
373.001
373.002
373.002
373.002
373.002
373.002
373.002
373.003
373.003
373.003
373.003
373.003
373.004
373.004
373.004
373.005
373.005
373.005
373.006
373.006
373.007
373.007
373.008
373.009
373.009
373.01
373.011
373.012
373.013
373.014
373.015
373.016
373.017
373.018
373.019
373.021
373.023
373.024
373.026
373.028
373.03
373.032
373.035
373.037
373.04
373.043
373.046
373.05
373.053
373.057
373.061
373.066
373.07
373.075
373.081
373.086
373.093
373.099
373.106
373.112
373.12
373.127
373.135
373.141
373.148
373.153
373.156
373.155
373.15
373.141
373
373
373
373
373
373
373
373
373
373
373
373
373
373
373
373
373
373
373
373
373
373.001
373.001
373.001
373.001
373.001
373.001
373.001
373.001
373.001
373.001
373.001
373.002
373.002
373.002
373.002
373.002
373.002
373.003
373.003
373.003
373.003
373.004
373.004
373.004
373.005
373.005
373.005
373.006
373.006
373.007
373.007
373.008
373.009
373.009
373.01
373.011
373.012
373.013
373.014
373.015
373.016
373.017
373.018
373.02
373.021
373.023
373.024
373.026
373.028
373.03
373.032
373.035
373.037
373.04
373.043
373.046
373.05
373.053
373.057
373.061
373.066
373.07
373.075
373.08
373.086
373.092
373.097
373.104
373.11
373.116
373.123
373.128
373.134
373.137
373.139
373.138
373.133
373.121
373.105
373
373
373
373
373
373
373
373
373
373
373
373
373
373
373
373
373
373
373
373
373
373.001
373.001
373.001
373.001
373.001
373.001
373.001
373.001
373.001
373.001
373.001
373.002
373.002
373.002
373.002
373.002
373.002
373.003
373.003
373.003
373.003
373.004
373.004
373.004
373.005
373.005
373.005
373.006
373.006
373.007
373.007
373.008
373.008
373.009
373.01
373.011
373.011
373.012
373.013
373.014
373.015
373.017
373.018
373.019
373.021
373.022
373.024
373.026
373.028
373.03
373.032
373.034
373.037
373.04
373.042
373.046
373.049
373.052
373.056
373.06
373.064
373.069
373.073
373.078
373.083
373.088
373.094
373.099
373.104
373.11
373.114
373.119
373.122
373.123
373.122
373.118
373.108
373.092
373.069
373
373
373
373
373
373
373
373
373
373
373
373
373
373
373
373
373
373
373
373
373
373.001
373.001
373.001
373.001
373.001
373.001
373.001
373.001
373.001
373.001
373.001
373.002
373.002
373.002
373.002
373.002
373.002
373.003
373.003
373.003
373.003
373.004
373.004
373.004
373.004
373.005
373.005
373.006
373.006
373.007
373.007
373.008
373.008
373.009
373.009
373.01
373.011
373.012
373.013
373.014
373.015
373.016
373.017
373.019
373.02
373.021
373.023
373.025
373.027
373.029
373.031
373.033
373.035
373.038
373.041
373.044
373.047
373.05
373.054
373.057
373.061
373.065
373.07
373.074
373.079
373.084
373.088
373.093
373.098
373.102
373.106
373.109
373.111
373.111
373.108
373.102
373.092
373.074
373.051
373
373
373
373
373
373
373
373
373
373
373
373
373
373
373
373
373
373
373
373
373
373.001
373.001
373.001
373.001
373.001
373.001
373.001
373.001
373.001
373.001
373.001
373.001
373.002
373.002
373.002
373.002
373.002
373.002
373.003
373.003
373.003
373.003
373.004
373.004
373.004
373.005
373.005
373.005
373.006
373.006
373.007
373.007
373.008
373.009
373.009
373.01
373.011
373.011
373.012
373.013
373.014
373.015
373.017
373.018
373.019
373.021
373.022
373.024
373.026
373.027
373.029
373.032
373.034
373.036
373.039
373.042
373.045
373.048
373.051
373.055
373.058
373.062
373.066
373.07
373.075
373.079
373.083
373.087
373.091
373.095
373.098
373.1
373.1
373.099
373.095
373.089
373.077
373.06
373.037
373
373
373
373
373
373
373
373
373
373
373
373
373
373
373
373
373
373
373
373
373
373
373.001
373.001
373.001
373.001
373.001
373.001
373.001
373.001
373.001
373.001
373.001
373.002
373.002
373.002
373.002
373.002
373.002
373.003
373.003
373.003
373.003
373.003
373.004
373.004
373.004
373.005
373.005
373.006
373.006
373.006
373.007
373.008
373.008
373.009
373.009
373.01
373.011
373.012
373.013
373.014
373.015
373.016
373.017
373.018
373.02
373.021
373.023
373.024
373.026
373.028
373.03
373.032
373.035
373.037
373.04
373.043
373.046
373.049
373.052
373.055
373.059
373.063
373.066
373.07
373.074
373.078
373.081
373.085
373.088
373.09
373.091
373.091
373.089
373.084
373.076
373.066
373.048
373.026
373
373
373
373
373
373
373
373
373
373
373
373
373
373
373
373
373
373
373
373
373
373
373.001
373.001
373.001
373.001
373.001
373.001
373.001
373.001
373.001
373.001
373.001
373.001
373.002
373.002
373.002
373.002
373.002
373.002
373.003
373.003
373.003
373.003
373.004
373.004
373.004
373.005
373.005
373.005
373.006
373.006
373.007
373.007
373.008
373.008
373.009
373.01
373.01
373.011
373.012
373.013
373.014
373.015
373.016
373.017
373.019
373.02
373.022
373.023
373.025
373.027
373.029
373.031
373.033
373.035
373.038
373.04
373.043
373.046
373.049
373.052
373.056
373.059
373.062
373.066
373.069
373.072
373.075
373.078
373.08
373.082
373.082
373.081
373.079
373.073
373.066
373.054
373.038
373.018
373
373
373
373
373
373
373
373
373
373
373
373
373
373
373
373
373
373
373
373
373
373
373
373.001
373.001
373.001
373.001
373.001
373.001
373.001
373.001
373.001
373.001
373.001
373.002
373.002
373.002
373.002
373.002
373.002
373.002
373.003
373.003
373.003
373.003
373.004
373.004
373.004
373.005
373.005
373.005
373.006
373.006
373.007
373.007
373.008
373.009
373.009
373.01
373.011
373.011
373.012
373.013
373.014
373.015
373.017
373.018
373.019
373.021
373.022
373.024
373.025
373.027
373.029
373.031
373.033
373.036
373.038
373.041
373.044
373.046
373.049
373.052
373.055
373.058
373.061
373.064
373.067
373.07
373.072
373.073
373.074
373.074
373.073
373.069
373.065
373.056
373.046
373.031
373.012
373
373
373
373
373
373
373
373
373
373
373
373
373
373
373
373
373
373
373
373
373
373
373
373.001
373.001
373.001
373.001
373.001
373.001
373.001
373.001
373.001
373.001
373.001
373.001
373.002
373.002
373.002
373.002
373.002
373.002
373.003
373.003
373.003
373.003
373.003
373.004
373.004
373.004
373.005
373.005
373.006
373.006
373.006
373.007
373.007
373.008
373.009
373.009
373.01
373.011
373.012
373.013
373.013
373.015
373.016
373.017
373.018
373.019
373.021
373.022
373.024
373.026
373.027
373.029
373.031
373.034
373.036
373.038
373.041
373.043
373.046
373.049
373.051
373.054
373.057
373.059
373.062
373.064
373.066
373.067
373.067
373.066
373.064
373.061
373.056
373.048
373.038
373.024
373.007
373
373
373
373
373
373
373
373
373
373
373
373
373
373
373
373
373
373
373
373
373
373
373
373
373.001
373.001
373.001
373.001
373.001
373.001
373.001
373.001
373.001
373.001
373.001
373.001
373.002
373.002
373.002
373.002
373.002
373.002
373.003
373.003
373.003
373.003
373.004
373.004
373.004
373.004
373.005
373.005
373.006
373.006
373.006
373.007
373.008
373.008
373.009
373.009
373.01
373.011
373.012
373.013
373.014
373.015
373.016
373.017
373.018
373.019
373.021
373.022
373.024
373.026
373.027
373.029
373.031
373.034
373.036
373.038
373.04
373.043
373.045
373.048
373.05
373.053
373.055
373.057
373.059
373.06
373.06
373.06
373.059
373.058
373.053
373.049
373.041
373.032
373.019
373.004
373
373
373
373
373
373
373
373
373
373
373
373
373
373
373
373
373
373
373
373
373
373
373
373
373
373.001
373.001
373.001
373.001
373.001
373.001
373.001
373.001
373.001
373.001
373.001
373.001
373.002
373.002
373.002
373.002
373.002
373.002
373.003
373.003
373.003
373.003
373.004
373.004
373.004
373.004
373.005
373.005
373.006
373.006
373.006
373.007
373.008
373.008
373.009
373.009
373.01
373.011
373.012
373.013
373.014
373.015
373.016
373.017
373.018
373.019
373.021
373.022
373.024
373.025
373.027
373.029
373.031
373.033
373.035
373.037
373.039
373.042
373.044
373.046
373.048
373.05
373.052
373.053
373.054
373.054
373.054
373.053
373.051
373.047
373.042
373.035
373.026
373.015
373.001
373
373
373
373
373
373
373
373
373
373
373
373
373
373
373
373
373
373
373
373
373
373
373
373
373
373.001
373.001
373.001
373.001
373.001
373.001
373.001
373.001
373.001
373.001
373.001
373.001
373.001
373.002
373.002
373.002
373.002
373.002
373.002
373.003
373.003
373.003
373.003
373.004
373.004
373.004
373.004
373.005
373.005
373.006
373.006
373.006
373.007
373.008
373.008
373.009
373.009
373.01
373.011
373.012
373.013
373.013
373.014
373.016
373.017
373.018
373.019
373.021
373.022
373.024
373.025
373.027
373.029
373.03
373.032
373.034
373.036
373.038
373.04
373.042
373.044
373.045
373.047
373.048
373.049
373.049
373.048
373.047
373.045
373.041
373.037
373.029
373.022
373.011
372.999
373
373
373
373
373
373
373
373
373
373
373
373
373
373
373
373
373
373
373
373
373
373
373
373
373
373
373.001
373.001
373.001
373.001
373.001
373.001
373.001
373.001
373.001
373.001
373.001
373.001
373.001
373.002
373.002
373.002
373.002
373.002
373.002
373.003
373.003
373.003
373.003
373.003
373.004
373.004
373.004
373.005
373.005
373.005
373.006
373.006
373.007
373.007
373.008
373.009
373.009
373.01
373.011
373.011
373.012
373.013
373.014
373.015
373.016
373.017
373.019
373.02
373.021
373.023
373.024
373.026
373.028
373.029
373.031
373.033
373.034
373.036
373.038
373.039
373.041
373.042
373.043
373.043
373.043
373.042
373.041
373.039
373.035
373.031
373.025
373.018
373.009
372.998
373
373
373
373
373
373
373
373
373
373
373
373
373
373
373
373
373
373
373
373
373
373
373
373
373
373
373
373.001
373.001
373.001
373.001
373.001
373.001
373.001
373.001
373.001
373.001
373.001
373.001
373.001
373.002
373.002
373.002
373.002
373.002
373.002
373.002
373.003
373.003
373.003
373.003
373.004
373.004
373.004
373.005
373.005
373.005
373.006
373.006
373.007
373.007
373.008
373.008
373.009
373.01
373.01
373.011
373.012
373.013
373.014
373.015
373.016
373.017
373.018
373.019
373.021
373.022
373.023
373.025
373.026
373.028
373.029
373.031
373.032
373.034
373.035
373.036
373.037
373.038
373.038
373.038
373.037
373.036
373.034
373.03
373.027
373.021
373.015
373.007
372.998
373
373
373
373
373
373
373
373
373
373
373
373
373
373
373
373
373
373
373
373
373
373
373
373
373
373
373
373
373
373.001
373.001
373.001
373.001
373.001
373.001
373.001
373.001
373.001
373.001
373.001
373.001
373.001
373.002
373.002
373.002
373.002
373.002
373.002
373.003
373.003
373.003
373.003
373.003
373.004
373.004
373.004
373.005
373.005
373.005
373.006
373.006
373.007
373.007
373.008
373.009
373.009
373.01
373.011
373.011
373.012
373.013
373.014
373.015
373.016
373.017
373.018
373.019
373.021
373.022
373.023
373.025
373.026
373.027
373.029
373.03
373.031
373.032
373.033
373.033
373.033
373.033
373.032
373.031
373.029
373.026
373.022
373.018
373.012
373.005
372.997
373
373
373
373
373
373
373
373
373
373
373
373
373
373
373
373
373
373
373
373
373
373
373
373
373
373
373
373
373
373
373.001
373.001
373.001
373.001
373.001
373.001
373.001
373.001
373.001
373.001
373.001
373.001
373.001
373.002
373.002
373.002
373.002
373.002
373.002
373.002
373.003
373.003
373.003
373.003
373.004
373.004
373.004
373.004
373.005
373.005
373.006
373.006
373.006
373.007
373.007
373.008
373.009
373.009
373.01
373.011
373.011
373.012
373.013
373.014
373.015
373.016
373.017
373.018
373.019
373.02
373.021
373.023
373.024
373.025
373.026
373.027
373.028
373.028
373.029
373.029
373.028
373.028
373.026
373.025
373.021
373.019
373.014
373.01
373.004
372.997
373
373
373
373
373
373
373
373
373
373
373
373
373
373
373
373
373
373
373
373
373
373
373
373
373
373
373
373
373
373
373
373
373.001
373.001
373.001
373.001
373.001
373.001
373.001
373.001
373.001
373.001
373.001
373.001
373.001
373.002
373.002
373.002
373.002
373.002
373.002
373.002
373.003
373.003
373.003
373.003
373.003
373.004
373.004
373.004
373.005
373.005
373.005
373.006
373.006
373.007
373.007
373.008
373.008
373.009
373.01
373.01
373.011
373.012
373.013
373.014
373.014
373.015
373.016
373.017
373.018
373.019
373.02
373.021
373.022
373.023
373.023
373.024
373.024
373.024
373.024
373.023
373.022
373.02
373.018
373.015
373.012
373.007
373.002
372.997
373
373
373
373
373
373
373
373
373
373
373
373
373
373
373
373
373
373
373
373
373
373
373
373
373
373
373
373
373
373
373
373
373
373
373.001
373.001
373.001
373.001
373.001
373.001
373.001
373.001
373.001
373.001
373.001
373.001
373.001
373.001
373.002
373.002
373.002
373.002
373.002
373.002
373.002
373.003
373.003
373.003
373.003
373.004
373.004
373.004
373.004
373.005
373.005
373.006
373.006
373.006
373.007
373.007
373.008
373.009
373.009
373.01
373.01
373.011
373.012
373.013
373.013
373.014
373.015
373.016
373.017
373.017
373.018
373.019
373.019
373.019
373.02
373.02
373.019
373.019
373.017
373.016
373.014
373.012
373.009
373.006
373.002
372.997
373
373
373
373
373
373
373
373
373
373
373
373
373
373
373
373
373
373
373
373
373
373
373
373
373
373
373
373
373
373
373
373
373
373
373
373
373
373.001
373.001
373.001
373.001
373.001
373.001
373.001
373.001
373.001
373.001
373.001
373.001
373.001
373.001
373.002
373.002
373.002
373.002
373.002
373.002
373.002
373.003
373.003
373.003
373.003
373.004
373.004
373.004
373.004
373.005
373.005
373.005
373.006
373.006
373.007
373.007
373.008
373.008
373.009
373.009
373.01
373.01
373.011
373.012
373.012
373.013
373.013
373.014
373.014
373.015
373.015
373.015
373.015
373.015
373.014
373.014
373.012
373.011
373.009
373.007
373.004
373.001
372.998
373
373
373
373
373
373
373
373
373
373
373
373
373
373
373
373
373
373
373
373
373
373
373
373
373
373
373
373
373
373
373
373
373
373
373
373
373
373
373
373
373
373.001
373.001
373.001
373.001
373.001
373.001
373.001
373.001
373.001
373.001
373.001
373.001
373.001
373.001
373.001
373.002
373.002
373.002
373.002
373.002
373.002
373.003
373.003
373.003
373.003
373.003
373.004
373.004
373.004
373.004
373.005
373.005
373.005
373.006
373.006
373.007
373.007
373.007
373.008
373.008
373.009
373.009
373.01
373.01
373.01
373.011
373.011
373.011
373.011
373.011
373.01
373.01
373.009
373.008
373.007
373.005
373.003
373.001
372.998
373
373
373
373
373
373
373
373
373
373
373
373
373
373
373
373
373
373
373
373
373
373
373
373
373
373
373
373
373
373
373
373
373
373
373
373
373
373
373
373
373
373
373
373
373
373
373
373
373.001
373.001
373.001
373.001
373.001
373.001
373.001
373.001
373.001
373.001
373.001
373.001
373.001
373.001
373.002
373.002
373.002
373.002
373.002
373.002
373.002
373.003
373.003
373.003
373.003
373.003
373.004
373.004
373.004
373.004
373.005
373.005
373.005
373.005
373.006
373.006
373.006
373.006
373.006
373.006
373.006
373.006
373.006
373.006
373.006
373.005
373.004
373.004
373.003
373.001
373
372.999
373
373
373
373
373
373
373
373
373
373
373
373
373
373
373
373
373
373
373
373
373
373
373
373
373
373
373
373
373
373
373
373
373
373
373
373
373
373
373
373
373
373
373
373
373
373
373
373
373
373
373
373
373
373
373
373
373
373.001
373.001
373.001
373.001
373.001
373.001
373.001
373.001
373.001
373.001
373.001
373.001
373.001
373.001
373.001
373.002
373.002
373.002
373.002
373.002
373.002
373.002
373.002
373.002
373.003
373.003
373.003
373.003
373.003
373.003
373.003
373.003
373.003
373.003
373.003
373.003
373.003
373.002
373.002
373.001
373.001
373
373
373.038
373.001
372.966
372.935
372.908
372.884
372.864
372.849
372.837
372.831
373.026
372.993
372.964
372.938
372.916
372.895
372.879
372.866
372.855
372.85
373.014
372.986
372.962
372.941
372.921
372.905
372.89
372.879
372.87
372.864
373.007
372.983
372.962
372.944
372.928
372.913
372.9
372.89
372.882
372.877
373
372.98
372.962
372.947
372.933
372.921
372.91
372.901
372.894
372.888
372.996
372.979
372.964
372.951
372.939
372.928
372.919
372.911
372.904
372.899
372.993
372.978
372.966
372.954
372.944
372.935
372.926
372.919
372.914
372.909
372.992
372.979
372.968
372.958
372.95
372.941
372.934
372.928
372.922
372.919
372.99
372.979
372.97
372.962
372.954
372.947
372.941
372.935
372.931
372.927
372.99
372.981
372.973
372.965
372.959
372.952
372.947
372.942
372.938
372.935
372.99
372.982
372.975
372.969
372.963
372.958
372.953
372.949
372.945
372.942
372.99
372.984
372.978
372.972
372.968
372.963
372.959
372.955
372.952
372.949
372.991
372.985
372.98
372.976
372.971
372.968
372.964
372.961
372.958
372.956
372.992
372.987
372.983
372.979
372.976
372.972
372.969
372.967
372.964
372.962
372.993
372.989
372.985
372.982
372.979
372.977
372.974
372.972
372.97
372.968
372.994
372.991
372.988
372.986
372.984
372.981
372.979
372.978
372.976
372.974
372.995
372.993
372.991
372.989
372.987
372.985
372.984
372.982
372.981
372.98
372.997
372.995
372.994
372.992
372.991
372.99
372.988
372.987
372.986
372.986
372.998
372.997
372.996
372.995
372.994
372.993
372.993
372.992
372.992
372.991
372.999
372.999
372.999
372.998
372.998
372.998
372.997
372.997
372.997
372.996
)
;

boundaryField
{
    down
    {
        type            symmetryPlane;
    }
    right
    {
        type            zeroGradient;
    }
    up
    {
        type            zeroGradient;
    }
    left
    {
        type            fixedValue;
        value           uniform 373;
    }
    cylinder
    {
        type            zeroGradient;
    }
    defaultFaces
    {
        type            empty;
    }
}


// ************************************************************************* //
