/*--------------------------------*- C++ -*----------------------------------*\
  =========                 |
  \\      /  F ield         | OpenFOAM: The Open Source CFD Toolbox
   \\    /   O peration     | Website:  https://openfoam.org
    \\  /    A nd           | Version:  8
     \\/     M anipulation  |
\*---------------------------------------------------------------------------*/
FoamFile
{
    version     2.0;
    format      ascii;
    class       surfaceScalarField;
    location    "1";
    object      phi;
}
// * * * * * * * * * * * * * * * * * * * * * * * * * * * * * * * * * * * * * //

dimensions      [1 0 -1 0 0 0 0];

internalField   nonuniform List<scalar> 
4780
(
-1.2855847e-08
-1.009873e-05
3.21675e-12
-2.6664508e-09
-1.0120603e-05
-5.5072709e-12
-8.6691963e-12
-1.0113564e-05
7.1963827e-13
-4.9863384e-10
-1.0110568e-05
6.0679343e-12
2.5831518e-12
-1.0111529e-05
5.6607117e-13
4.9558632e-10
-1.0111585e-05
-4.6939302e-12
5.3235315e-12
-1.0110593e-05
2.148391e-13
2.6604827e-09
-1.0113551e-05
2.5605278e-12
1.2859777e-08
-1.0120535e-05
2.7067823e-13
-1.0098734e-05
-1.3967356e-13
-3.0555808e-08
-2.5116922e-05
2.6611321e-12
-5.7837713e-09
-2.5192321e-05
-3.6598411e-12
-1.1440946e-11
-2.5167026e-05
6.015135e-13
-1.0861437e-09
-2.5157349e-05
4.2278787e-12
2.0144158e-12
-2.5160445e-05
4.4629458e-13
1.0831996e-09
-2.5160555e-05
-3.1129203e-12
8.4722394e-12
-2.5157398e-05
1.9377882e-13
5.7785995e-09
-2.5167e-05
1.7434518e-12
3.0560144e-08
-2.5192188e-05
1.3888288e-13
-2.5116916e-05
-1.7111511e-13
-2.6673584e-08
-4.5043373e-05
2.6859269e-12
-7.8071229e-09
-4.5164903e-05
-3.5627327e-12
-4.8371482e-11
-4.5128238e-05
6.1952523e-13
-1.4745446e-09
-4.5109597e-05
4.2820035e-12
2.0159034e-12
-4.5115505e-05
4.6493978e-13
1.4714841e-09
-4.5115671e-05
-3.0035717e-12
4.5282334e-11
-4.5109671e-05
2.1395799e-13
7.8018876e-09
-4.51282e-05
1.795089e-12
2.667792e-08
-4.5164705e-05
1.7735561e-13
-4.5043361e-05
-1.3419514e-13
-1.9425094e-08
-6.6822562e-05
2.7758228e-12
-8.9012898e-09
-6.6975499e-05
-3.1607021e-12
-7.6602212e-11
-6.6936683e-05
6.7729014e-13
-1.6961588e-09
-6.6907552e-05
4.3739054e-12
2.0087614e-12
-6.6916792e-05
5.2363501e-13
1.6931121e-09
-6.6917008e-05
-2.6197484e-12
7.3576849e-11
-6.690765e-05
2.6309355e-13
8.8960521e-09
-6.6936632e-05
1.8935207e-12
1.9429414e-08
-6.6975241e-05
2.7407185e-13
-6.6822561e-05
-5.8439697e-14
-1.483438e-08
-8.299981e-05
2.835855e-12
-9.4124868e-09
-8.3174926e-05
-2.7389138e-12
-1.1954951e-10
-8.313962e-05
7.3341886e-13
-1.8165045e-09
-8.3098995e-05
4.4069381e-12
1.9921341e-12
-8.3111961e-05
5.8641244e-13
1.8134447e-09
-8.3112222e-05
-2.20314e-12
1.1667382e-10
-8.3099118e-05
3.0906168e-13
9.4072446e-09
-8.3139557e-05
1.9463643e-12
1.4838669e-08
-8.3174615e-05
3.3340453e-13
-8.2999813e-05
-9.2843996e-15
-1.2097297e-08
-8.7684811e-05
2.9138204e-12
-9.6222779e-09
-8.7876341e-05
-2.1746161e-12
-1.0068917e-10
-8.7847693e-05
8.253805e-13
-1.8799301e-09
-8.7795366e-05
4.4311864e-12
1.9571102e-12
-8.7812164e-05
6.8743712e-13
1.8769501e-09
-8.7812464e-05
-1.6355302e-12
9.7824814e-11
-8.7795512e-05
3.8572911e-13
9.6171074e-09
-8.7847621e-05
2.0094812e-12
1.2101504e-08
-8.7875985e-05
4.1316079e-13
-8.7684831e-05
5.7569522e-14
-1.1162127e-08
-8.0824377e-05
2.9059991e-12
-9.6791575e-09
-8.10292e-05
-1.6065885e-12
-1.3266427e-10
-8.1008284e-05
8.6142579e-13
-1.9215142e-09
-8.0944879e-05
4.3384015e-12
1.9056283e-12
-8.09653e-05
7.1353955e-13
1.9185229e-09
-8.096563e-05
-1.1649357e-12
1.3000138e-10
-8.0945047e-05
4.24511e-13
9.6740448e-09
-8.1008203e-05
1.9713887e-12
1.1166238e-08
-8.1028808e-05
4.0759736e-13
-8.0824412e-05
5.1071136e-14
-1.0330661e-08
-6.7304848e-05
2.8105307e-12
-9.6893341e-09
-6.7519479e-05
-1.1684622e-12
-6.6795158e-11
-6.7507936e-05
8.4027406e-13
-1.947497e-09
-6.7433265e-05
4.1304565e-12
1.8403907e-12
-6.7457476e-05
6.6621941e-13
1.9446282e-09
-6.7457828e-05
-7.4651695e-13
6.407998e-11
-6.7433451e-05
4.1749214e-13
9.6843562e-09
-6.7507847e-05
1.836929e-12
1.0334605e-08
-6.751906e-05
3.2950119e-13
-6.7304888e-05
4.7861543e-15
-1.039855e-08
-5.3822129e-05
2.7064135e-12
-9.6604203e-09
-5.4045858e-05
-6.529259e-13
-1.1788933e-10
-5.4043693e-05
8.1429397e-13
-1.9770964e-09
-5.3958107e-05
3.9001953e-12
1.7568262e-12
-5.3986029e-05
6.1602092e-13
1.9742047e-09
-5.3986395e-05
-2.6049365e-13
1.1544644e-10
-5.395831e-05
4.0590125e-13
9.6555419e-09
-5.4043599e-05
1.6917868e-12
1.0402336e-08
-5.4045424e-05
2.4293259e-13
-5.3822178e-05
-3.7916503e-14
-9.7568607e-09
-4.5637792e-05
2.5638516e-12
-9.6474545e-09
-4.5869495e-05
-1.5174619e-13
-4.1415124e-12
-4.5876501e-05
7.6500408e-13
-1.9951351e-09
-4.5781028e-05
3.6259036e-12
1.6647499e-12
-4.5812276e-05
5.4288508e-13
1.9924144e-09
-4.5812646e-05
2.1236661e-13
1.4736412e-12
-4.5781245e-05
3.7806796e-13
9.6427697e-09
-4.5876403e-05
1.5189729e-12
9.7604085e-09
-4.5869057e-05
1.3480703e-13
-4.5637844e-05
-1.3175423e-13
-1.0142308e-08
-4.4520732e-05
2.4860075e-12
-9.598208e-09
-4.4762017e-05
4.1563429e-13
-1.0201292e-10
-4.4777771e-05
7.6572035e-13
-2.026465e-09
-4.4671936e-05
3.406824e-12
1.5552995e-12
-4.4706759e-05
5.2280105e-13
2.0236986e-09
-4.4707125e-05
6.1572571e-13
9.9885895e-11
-4.4672167e-05
3.9224519e-13
9.5936467e-09
-4.477767e-05
1.4112838e-12
1.0145657e-08
-4.4761583e-05
9.599789e-14
-4.4520792e-05
-1.5758309e-13
-9.2466577e-09
-4.9100033e-05
2.4526696e-12
-9.5903589e-09
-4.9349938e-05
7.9518158e-13
1.1289666e-10
-4.9376643e-05
8.0848936e-13
-2.0367292e-09
-4.9257941e-05
3.2388119e-12
1.4437421e-12
-4.9297457e-05
5.5996612e-13
2.0341971e-09
-4.9297814e-05
1.0179488e-12
-1.1521228e-10
-4.9258183e-05
4.4091805e-13
9.5860422e-09
-4.9376542e-05
1.3693585e-12
9.2497154e-09
-4.9349518e-05
1.0722518e-13
-4.9100107e-05
-1.1980278e-13
-9.9913311e-09
-5.6175791e-05
2.4656246e-12
-9.5161082e-09
-5.6436283e-05
1.2693461e-12
-1.0959874e-10
-5.647324e-05
9.0742584e-13
-2.0722316e-09
-5.6341228e-05
3.0764126e-12
1.3111992e-12
-5.6385696e-05
6.4245541e-13
2.0696153e-09
-5.6386034e-05
1.5041717e-12
1.0804383e-10
-5.6341481e-05
5.2796121e-13
9.5119332e-09
-5.6473139e-05
1.3372599e-12
9.9941435e-09
-5.6435885e-05
1.4693205e-13
-5.6175883e-05
-7.3712962e-14
-8.6261525e-09
-6.2054383e-05
2.4770477e-12
-9.5264488e-09
-6.2322198e-05
1.7183186e-12
2.6664196e-10
-6.2372529e-05
1.0627843e-12
-2.071011e-09
-6.2224603e-05
2.9304492e-12
1.1865574e-12
-6.2275237e-05
7.493243e-13
2.0687211e-09
-6.2275552e-05
2.0040313e-12
-2.6845586e-10
-6.2224864e-05
6.9324566e-13
9.522557e-09
-6.237243e-05
1.3358264e-12
8.628626e-09
-6.232183e-05
2.2341977e-13
-6.2054499e-05
4.3918955e-15
-9.9418362e-09
-6.423892e-05
2.4572998e-12
-9.4135884e-09
-6.4516971e-05
2.3278557e-12
-1.5613447e-10
-6.4578507e-05
1.157258e-12
-2.1165352e-09
-6.4415796e-05
2.7233123e-12
1.0322532e-12
-6.4472191e-05
7.8725108e-13
2.1142027e-09
-6.4472476e-05
2.7123493e-12
1.5457497e-10
-6.4416063e-05
8.0474632e-13
9.4098828e-09
-6.4578411e-05
1.273801e-12
9.944012e-09
-6.4516637e-05
2.3962712e-13
-6.423906e-05
3.2559319e-14
-7.8431943e-09
-6.2362455e-05
2.2681389e-12
-9.4689873e-09
-6.2646774e-05
2.8085811e-12
4.9593308e-10
-6.2721195e-05
1.1442129e-12
-2.1017708e-09
-6.2543975e-05
2.4469949e-12
9.0457984e-13
-6.2606075e-05
7.5700609e-13
2.0997656e-09
-6.260633e-05
3.1050396e-12
-4.9744813e-10
-6.2544246e-05
8.2768721e-13
9.4655542e-09
-6.2721103e-05
1.1629239e-12
7.8449772e-09
-6.2646477e-05
2.2452793e-13
-6.2362617e-05
3.368666e-14
-1.0033848e-08
-5.7947891e-05
2.0895939e-12
-9.2947188e-09
-5.8242807e-05
3.1255651e-12
-2.5286683e-10
-5.832612e-05
1.0981696e-12
-2.1664187e-09
-5.8137154e-05
2.1326859e-12
7.2808714e-13
-5.8203889e-05
6.8719243e-13
2.1644361e-09
-5.8204111e-05
3.3787368e-12
2.5153806e-10
-5.8137427e-05
8.0597643e-13
9.2915166e-09
-5.8326033e-05
1.0078995e-12
1.0035281e-08
-5.8242546e-05
1.6372951e-13
-5.7948072e-05
4.9408751e-15
-6.8441694e-09
-5.3621302e-05
1.7166356e-12
-9.4285846e-09
-5.3920987e-05
2.8922511e-12
8.4212194e-10
-5.4013625e-05
9.4446559e-13
-2.1304381e-09
-5.381604e-05
1.7428768e-12
6.1184127e-13
-5.3886133e-05
5.5052317e-13
2.1287204e-09
-5.3886322e-05
3.2157433e-12
-8.434044e-10
-5.3816311e-05
7.0146564e-13
9.4256211e-09
-5.4013543e-05
8.0769423e-13
6.8451673e-09
-5.3920759e-05
8.8249213e-14
-5.3621494e-05
-2.793524e-14
-1.0314984e-08
-5.1364512e-05
1.4704881e-12
-9.1580281e-09
-5.1676064e-05
2.8877979e-12
-4.2701846e-10
-5.1772467e-05
8.5153623e-13
-2.226444e-09
-5.1569367e-05
1.4015147e-12
4.0572334e-13
-5.1641631e-05
4.4925508e-13
2.2248264e-09
-5.1641785e-05
3.2349252e-12
4.2592919e-10
-5.1569634e-05
6.3382646e-13
9.1553615e-09
-5.1772391e-05
6.3468627e-13
1.0315575e-08
-5.1675872e-05
1.8988562e-14
-5.1364713e-05
-8.4131078e-14
-5.5704841e-09
-5.2098375e-05
1.0395402e-12
-9.3943638e-09
-5.2411644e-05
2.2395469e-12
1.325665e-09
-5.2520908e-05
6.9504053e-13
-2.1455109e-09
-5.2305786e-05
1.0403746e-12
3.2417183e-13
-5.2383121e-05
3.4527356e-13
2.1440697e-09
-5.2383242e-05
2.7596639e-12
-1.3267639e-09
-5.2306047e-05
5.4138352e-13
9.3918711e-09
-5.2520837e-05
4.9609079e-13
5.5706439e-09
-5.241148e-05
3.2406334e-15
-5.2098583e-05
-7.4240352e-14
-1.084773e-08
-5.5541911e-05
8.0218398e-13
-8.9888175e-09
-5.5867874e-05
2.0927742e-12
-7.2868952e-10
-5.5981374e-05
6.3416137e-13
-2.2946887e-09
-5.5759026e-05
7.7008103e-13
7.0428356e-14
-5.5839547e-05
2.9370924e-13
2.2934457e-09
-5.5839631e-05
2.6821357e-12
7.2777748e-10
-5.5759278e-05
5.0567958e-13
8.9867127e-09
-5.598131e-05
3.9067693e-13
1.0847402e-08
-5.5867744e-05
-1.7620913e-14
-5.5542126e-05
-7.3829936e-14
-3.9569963e-09
-5.9889508e-05
3.0582332e-13
-9.3586323e-09
-6.021238e-05
1.0146929e-12
1.9734716e-09
-6.03484e-05
4.6985832e-13
-2.1353378e-09
-6.0103051e-05
4.9142574e-13
5.2598377e-14
-6.0193671e-05
2.1740426e-13
2.1341716e-09
-6.0193719e-05
1.9076175e-12
-1.9744845e-09
-6.0103295e-05
4.1893076e-13
9.3566035e-09
-6.0348342e-05
3.1877931e-13
3.9563238e-09
-6.0212275e-05
7.1813945e-15
-5.9889732e-05
-9.5783721e-15
-1.1707853e-08
-6.4131337e-05
2.0631118e-14
-8.7794308e-09
-6.4467614e-05
6.6471086e-13
-1.2116487e-09
-6.46116e-05
3.9901487e-13
-2.3731462e-09
-6.435297e-05
2.4904767e-13
-1.9096351e-13
-6.4449716e-05
1.6967318e-13
2.3722578e-09
-6.4449726e-05
1.7094879e-12
1.2108701e-09
-6.4353201e-05
3.7222634e-13
8.77788e-09
-6.4611549e-05
2.2574891e-13
1.1706556e-08
-6.4467541e-05
-8.0447156e-16
-6.4131565e-05
-8.3467835e-16
-1.9311006e-09
-6.6955645e-05
-4.1817891e-13
-9.3423878e-09
-6.7284538e-05
-6.1817325e-13
2.8589033e-09
-6.7455043e-05
1.0743919e-13
-2.1034038e-09
-6.7170239e-05
-5.2317594e-15
-1.5686004e-13
-6.7278695e-05
1.5653186e-14
2.1024753e-09
-6.7278671e-05
3.9990682e-13
-2.8599312e-09
-6.7170458e-05
1.8755499e-13
9.3407758e-09
-6.7454998e-05
1.1796755e-13
1.9297605e-09
-6.7284484e-05
6.0336949e-15
-6.6955874e-05
3.7376152e-14
-1.2981707e-08
-6.8694253e-05
-6.4604192e-13
-8.5451206e-09
-6.9039662e-05
-8.9156507e-13
-1.9095843e-09
-6.9215253e-05
6.9401832e-15
-2.4759839e-09
-6.8919309e-05
-3.4675098e-13
-4.9077123e-13
-6.9033214e-05
-4.7225343e-14
2.4754052e-09
-6.9033157e-05
6.7397218e-14
1.9088888e-09
-6.8919511e-05
6.8261068e-14
8.5440728e-09
-6.9215215e-05
-2.3828432e-14
1.2979421e-08
-6.903963e-05
-3.4330508e-14
-6.8694477e-05
1.6091802e-16
5.8956625e-10
-6.9859253e-05
-1.3354746e-12
-9.3603444e-09
-7.0193379e-05
-2.374697e-12
4.0625773e-09
-7.0395195e-05
-2.118201e-13
-2.0513374e-09
-7.0075896e-05
-6.8414064e-13
-3.1632213e-13
-7.0200363e-05
-1.7780061e-13
2.0505627e-09
-7.0200285e-05
-1.0537143e-12
-4.0636938e-09
-7.007608e-05
-1.0284567e-13
9.3590698e-09
-7.0395162e-05
-1.4784885e-13
-5.9134643e-10
-7.0193349e-05
-5.5212706e-14
-6.9859465e-05
1.9075041e-14
-1.4775839e-08
-7.1486796e-05
-1.5795451e-12
-8.2968463e-09
-7.1842372e-05
-2.6865233e-12
-2.8674243e-09
-7.2041389e-05
-3.0216541e-13
-2.6151728e-09
-7.1718935e-05
-1.0332839e-12
-7.2650913e-13
-7.1845449e-05
-2.5079568e-13
2.6148506e-09
-7.1845353e-05
-1.4579856e-12
2.8667602e-09
-7.1719097e-05
-1.9188135e-13
8.2962194e-09
-7.2041363e-05
-3.3152949e-13
1.4772588e-08
-7.1842346e-05
-1.3584952e-13
-7.148699e-05
-4.239051e-14
3.8836446e-09
-7.358526e-05
-2.3088636e-12
-9.3971837e-09
-7.3922589e-05
-4.6087847e-12
5.6380076e-09
-7.4154588e-05
-5.4527565e-13
-1.9641812e-09
-7.3803715e-05
-1.3028655e-12
-4.0826092e-13
-7.3942836e-05
-3.9093608e-13
1.9634897e-09
-7.3942739e-05
-3.1530186e-12
-5.6392679e-09
-7.3803855e-05
-3.614899e-13
9.3961794e-09
-7.4154566e-05
-3.9557572e-13
-3.8865539e-09
-7.3922548e-05
-1.0528032e-13
-7.3585433e-05
1.3393797e-14
-1.7227136e-08
-7.663376e-05
-2.4751964e-12
-8.0240196e-09
-7.6997238e-05
-4.9284968e-12
-4.1705792e-09
-7.7223297e-05
-6.1850012e-13
-2.7889569e-09
-7.6870803e-05
-1.6270005e-12
-9.1882998e-13
-7.7011134e-05
-4.3364593e-13
2.7888572e-09
-7.7011043e-05
-3.8763259e-12
4.1699097e-09
-7.6870918e-05
-4.5646616e-13
8.0237291e-09
-7.722328e-05
-5.6380012e-13
1.7222984e-08
-7.6997186e-05
-1.6546014e-13
-7.6633909e-05
-2.4305337e-14
7.9472662e-09
-7.9267305e-05
-3.1669626e-12
-9.4424861e-09
-7.9603047e-05
-7.3857336e-12
7.6546345e-09
-7.9874046e-05
-8.5845069e-13
-1.8251271e-09
-7.9482556e-05
-1.8278114e-12
-4.5618748e-13
-7.9639587e-05
-5.5178017e-13
1.8244872e-09
-7.9639526e-05
-6.7604781e-12
-7.6560708e-09
-7.9482648e-05
-6.3353078e-13
9.4417059e-09
-7.9874033e-05
-5.7408551e-13
-7.9511204e-09
-7.9602961e-05
-9.9756941e-14
-7.9267427e-05
5.3099025e-14
-2.0501034e-08
-8.1826578e-05
-3.2935988e-12
-7.7237334e-09
-8.2194355e-05
-7.6444761e-12
-5.9115033e-09
-8.2458854e-05
-9.2865034e-13
-2.9952416e-09
-8.2063566e-05
-2.1479834e-12
-1.0977242e-12
-8.2222355e-05
-6.0208377e-13
2.9953839e-09
-8.2222331e-05
-8.0423851e-12
5.9108145e-09
-8.2063632e-05
-7.4923099e-13
7.7237033e-09
-8.2458845e-05
-7.5142268e-13
2.0496057e-08
-8.2194242e-05
-1.6032653e-13
-8.1826672e-05
6.9324473e-15
1.2999386e-08
-8.3442884e-05
-3.993998e-12
-9.5056953e-09
-8.3773018e-05
-1.0830454e-11
1.0222943e-08
-8.4090574e-05
-1.2083028e-12
-1.6256922e-09
-8.3651629e-05
-2.3386687e-12
-5.2497358e-13
-8.3828205e-05
-7.6133351e-13
1.6251004e-09
-8.3828253e-05
-1.2432607e-11
-1.0224534e-08
-8.3651671e-05
-1.0083438e-12
9.5051184e-09
-8.4090567e-05
-7.5752461e-13
-1.3004096e-08
-8.3772853e-05
-1.0749578e-13
-8.3442945e-05
7.5757575e-14
-2.4793999e-08
-8.4943882e-05
-4.1140542e-12
-7.4203862e-09
-8.531578e-05
-1.0719128e-11
-8.161336e-09
-8.5618388e-05
-1.3189996e-12
-3.2448155e-09
-8.5182464e-05
-2.6829347e-12
-1.307213e-12
-8.535723e-05
-8.7570521e-13
3.2452736e-09
-8.5357354e-05
-1.3756347e-11
8.1606559e-09
-8.5182481e-05
-1.1920986e-12
7.4205628e-09
-8.5618383e-05
-9.8618611e-13
2.4788291e-08
-8.5315572e-05
-2.0971244e-13
-8.4943908e-05
-6.9269785e-15
1.9268013e-08
-8.6245742e-05
-4.7685263e-12
-9.5777946e-09
-8.6568491e-05
-1.398045e-11
1.3446895e-08
-8.6931331e-05
-1.5996604e-12
-1.3502263e-09
-8.6449531e-05
-2.873049e-12
-7.2237704e-13
-8.6641841e-05
-1.0555645e-12
1.3496962e-09
-8.6642083e-05
-1.9718899e-11
-1.3448538e-08
-8.6449524e-05
-1.5074165e-12
9.5774555e-09
-8.6931327e-05
-9.7791323e-13
-1.9273518e-08
-8.6568223e-05
-1.3557556e-13
-8.624573e-05
7.0586151e-14
-3.0347461e-08
-8.8478509e-05
-4.8265371e-12
-7.1354698e-09
-8.8856069e-05
-1.2991152e-11
-1.1011905e-08
-8.9188055e-05
-1.7093035e-12
-3.5474546e-09
-8.8723985e-05
-3.20125e-12
-1.6106913e-12
-8.8907504e-05
-1.2026183e-12
3.5483238e-09
-8.8907852e-05
-2.0221289e-11
1.1011333e-08
-8.8723954e-05
-1.6911918e-12
7.1357989e-09
-8.9188052e-05
-1.2361534e-12
3.0341159e-08
-8.885576e-05
-2.5252146e-13
-8.8478457e-05
-1.4984468e-14
2.7017575e-08
-9.0598045e-05
-5.3438495e-12
-9.6221607e-09
-9.0911079e-05
-1.5128008e-11
1.7411274e-08
-9.1314972e-05
-1.8800453e-12
-9.673819e-10
-9.079856e-05
-3.4118702e-12
-1.1943979e-12
-9.1001364e-05
-1.3666688e-12
9.6687408e-10
-9.1001855e-05
-2.804061e-11
-1.7412778e-08
-9.0798505e-05
-1.9759058e-12
9.6221141e-09
-9.1314971e-05
-1.2274447e-12
-2.7023781e-08
-9.0910731e-05
-1.4084029e-13
-9.0597955e-05
8.80654e-14
-3.7457278e-08
-9.3947876e-05
-5.2572475e-12
-6.869724e-09
-9.433101e-05
-1.2980692e-11
-1.4604599e-08
-9.4688154e-05
-1.940122e-12
-3.9006748e-09
-9.4202355e-05
-3.6662922e-12
-2.0608647e-12
-9.4390636e-05
-1.4970879e-12
3.9020157e-09
-9.439123e-05
-2.6284239e-11
1.4604294e-08
-9.4202275e-05
-2.0824073e-12
6.8701013e-09
-9.4688155e-05
-1.4801881e-12
3.7450606e-08
-9.4330647e-05
-2.4872647e-13
-9.3947749e-05
2.4994027e-15
3.6570428e-08
-9.6464278e-05
-5.5451129e-12
-9.6078413e-09
-9.6763871e-05
-1.2650013e-11
2.2227222e-08
-9.7204631e-05
-1.961207e-12
-4.323207e-10
-9.666107e-05
-3.9914686e-12
-1.9509998e-12
-9.6870501e-05
-1.6858291e-12
4.3146906e-10
-9.6871219e-05
-3.5428179e-11
-2.2228326e-08
-9.6660965e-05
-2.3350736e-12
9.6080748e-09
-9.7204637e-05
-1.554182e-12
-3.6577107e-08
-9.6763522e-05
-1.3576922e-13
-9.6464118e-05
1.1503782e-13
-4.6474951e-08
-9.9809099e-05
-5.2778492e-12
-6.632237e-09
-0.00010019754
-1.0470182e-11
-1.9093896e-08
-0.00010057417
-1.9735598e-12
-4.3062789e-09
-0.00010007376
-4.0873285e-12
-2.6317649e-12
-0.00010026381
-1.7632599e-12
4.3080344e-09
-0.00010026459
-2.9701273e-11
1.9094036e-08
-0.00010007364
-2.3116951e-12
6.632475e-09
-0.00010057418
-1.7685196e-12
4.6468288e-08
-0.00010019721
-2.4493229e-13
-9.980891e-05
9.8297101e-15
4.8319914e-08
-0.00010206043
-5.1295495e-12
-9.5066325e-09
-0.00010234255
-7.4497489e-12
2.8029507e-08
-0.00010281306
-1.7520199e-12
2.0326782e-10
-0.00010225224
-4.5829075e-12
-2.9271555e-12
-0.00010246515
-1.9620463e-12
-2.0397482e-10
-0.00010246597
-3.8314693e-11
-2.8029949e-08
-0.00010225209
-2.4172738e-12
9.5070109e-09
-0.00010281308
-1.9951783e-12
-4.8326616e-08
-0.0001023423
-1.4707808e-13
-0.00010206022
1.198712e-13
-5.7815746e-08
-0.00010507282
-4.7374496e-12
-6.453839e-09
-0.00010546732
-6.7008655e-12
-2.4632818e-08
-0.00010585152
-1.7709781e-12
-4.7804354e-09
-0.0001053497
-4.3981713e-12
-3.1905618e-12
-0.0001055375
-1.9146857e-12
4.7823667e-09
-0.00010553832
-2.738737e-11
2.4633536e-08
-0.00010534952
-2.2300546e-12
6.4537068e-09
-0.00010585155
-2.0873186e-12
5.7809627e-08
-0.00010546711
-2.5396728e-13
-0.00010507259
7.0357667e-15
6.2737167e-08
-0.00010705859
-3.8198413e-12
-9.2714014e-09
-0.00010731836
-1.2185954e-12
3.4951988e-08
-0.00010781059
-1.2080683e-12
7.785089e-10
-0.00010724231
-5.0802867e-12
-3.8927218e-12
-0.00010745737
-1.9997164e-12
-7.7876011e-10
-0.0001074581
-3.1252673e-11
-3.4951612e-08
-0.0001072421
-1.9607041e-12
9.271671e-09
-0.00010781063
-2.4987968e-12
-6.2743217e-08
-0.00010731829
-1.5893981e-13
-0.00010705835
1.1674637e-13
-7.1974183e-08
-0.00010986912
-3.5460394e-12
-6.3700597e-09
-0.00011026977
-2.4064604e-12
-3.1393669e-08
-0.00011065211
-1.3177757e-12
-5.3427972e-09
-0.00011015768
-4.4651066e-12
-3.5254189e-12
-0.00011034244
-1.8036132e-12
5.3445208e-09
-0.00011034309
-1.7459548e-11
3.1394989e-08
-0.00011015746
-1.6673439e-12
6.3693707e-09
-0.00011065215
-2.341721e-12
7.1969197e-08
-0.00011026975
-2.4344455e-13
-0.00010986888
5.3830861e-15
8.0387573e-08
-0.00011162894
-1.9726776e-12
-8.8447927e-09
-0.00011185987
1.1154615e-11
4.3147399e-08
-0.00011237106
-5.3430408e-13
1.5154402e-09
-0.00011179834
-5.260222e-12
-4.4871e-12
-0.00011201745
-1.59657e-12
-1.5155602e-09
-0.00011201788
-1.492307e-11
-4.3146258e-08
-0.00011179809
-9.2639772e-13
8.8446301e-09
-0.00011237111
-2.9539763e-12
-8.0392191e-08
-0.00011186001
-1.6268502e-13
-0.00011162871
1.1137978e-13
-8.9535663e-08
-0.00011416249
-1.9894533e-12
-6.4257262e-09
-0.00011456919
2.5487993e-12
-3.9551389e-08
-0.00011494555
-7.4498205e-13
-6.0154542e-09
-0.00011446037
-4.172348e-12
-3.4358494e-12
-0.00011464407
-1.3794966e-12
6.0166207e-09
-0.00011464438
-6.218481e-12
3.9553187e-08
-0.00011446012
-8.0161287e-13
6.4243887e-09
-0.00011494561
-2.4437712e-12
8.9532285e-08
-0.00011456936
-2.1964093e-13
-0.00011416225
2.5324061e-15
1.0194618e-07
-0.00011574249
-2.5211249e-13
-8.1671031e-09
-0.00011593682
2.3916162e-11
5.2801596e-08
-0.00011647109
1.9259099e-13
2.4034552e-09
-0.00011588911
-4.8946236e-12
-4.3596224e-12
-0.00011611679
-8.0978578e-13
-2.4040282e-09
-0.0001161168
4.577294e-12
-5.2800011e-08
-0.00011588884
3.2748365e-13
8.1662021e-09
-0.00011647117
-3.194637e-12
-1.0194866e-07
-0.00011593711
-1.5403783e-13
-0.00011574227
9.5678828e-14
-1.1119305e-07
-0.00011822611
-5.9620024e-13
-6.6847661e-09
-0.00011863938
8.4031935e-12
-4.9273515e-08
-0.00011900929
-1.9400524e-13
-6.8264203e-09
-0.00011853057
-3.4507329e-12
-2.8339667e-12
-0.0001187165
-8.0191547e-13
6.8268922e-09
-0.0001187164
8.3270834e-12
4.9275552e-08
-0.00011853031
6.1158659e-14
6.6827766e-09
-0.00011900936
-2.3016308e-12
1.1119148e-07
-0.00011863967
-1.8216055e-13
-0.0001182259
-5.3717468e-15
1.2821339e-07
-0.00011973334
2.5052502e-12
-7.1692848e-09
-0.00011988104
3.296782e-11
6.4134123e-08
-0.00012044959
1.2611149e-12
3.4428592e-09
-0.00011984544
-3.7711634e-12
-3.2738575e-12
-0.00012008964
-1.7218564e-13
-3.4444882e-09
-0.00012008929
3.8886024e-11
-6.413266e-08
-0.00011984517
2.6908496e-12
7.1675038e-09
-0.00012044966
-3.0351532e-12
-1.2821339e-07
-0.00011988139
-1.2060795e-13
-0.00011973317
7.607438e-14
-1.3777405e-07
-0.00012203347
8.1130361e-13
-7.2171163e-09
-0.00012245153
1.0668198e-11
-6.0749932e-08
-0.00012282426
3.8561046e-13
-7.8010738e-09
-0.00012233707
-2.3370928e-12
-1.6978269e-12
-0.00012253434
-3.8913666e-13
7.8010122e-09
-0.00012253396
2.2789813e-11
6.0751955e-08
-0.00012233682
1.2956328e-12
7.214558e-09
-0.00012282432
-1.8759225e-12
1.3777414e-07
-0.00012245185
-1.2527579e-13
-0.00012203331
-1.5563258e-14
1.6014788e-07
-0.00012325503
4.6769278e-12
-5.7782929e-09
-0.00012334099
3.5483083e-11
7.7427835e-08
-0.00012396582
1.9728294e-12
4.6247425e-09
-0.00012331344
-2.122057e-12
-1.5045319e-12
-0.00012358993
5.2188422e-13
-4.6275747e-09
-0.00012358951
5.7792885e-11
-7.7427173e-08
-0.0001233132
4.5413942e-12
5.7757432e-09
-0.00012396589
-2.356047e-12
-1.6014559e-07
-0.00012334128
-6.5058683e-14
-0.0001232549
5.0163236e-14
-1.7026045e-07
-0.0001246004
1.8799748e-12
-8.1001553e-09
-0.00012501738
8.5615618e-12
-7.4178039e-08
-0.00012541373
8.0164926e-13
-8.9628829e-09
-0.00012488881
-1.2515737e-12
-1.2004048e-12
-0.00012511493
-1.9075325e-13
8.962772e-09
-0.00012511458
2.2225468e-11
7.417991e-08
-0.00012488859
1.8669856e-12
8.0971639e-09
-0.00012541378
-1.2559201e-12
1.7026172e-07
-0.00012501761
-7.8244722e-14
-0.00012460028
-3.7004032e-14
1.9889589e-07
-0.00012537528
5.5369485e-12
-3.8847943e-09
-0.00012537818
2.4896957e-11
9.3030148e-08
-0.00012609463
2.207025e-12
5.9156878e-09
-0.00012535323
-8.666065e-13
-7.6482655e-13
-0.00012568657
6.6341624e-13
-5.9189991e-09
-0.00012568639
4.2507498e-11
-9.3030803e-08
-0.00012535304
4.8907801e-12
3.8817981e-09
-0.00012609468
-1.4846886e-12
-1.9889203e-07
-0.00012537833
-1.8530208e-14
-0.00012537518
3.00319e-14
-2.0980526e-07
-0.00012593222
2.2323618e-12
-9.4378622e-09
-0.00012634096
4.5371522e-12
-8.9734151e-08
-0.0001267869
9.6433028e-13
-1.0343065e-08
-0.00012619001
-5.7135983e-13
-1.0721412e-12
-0.00012646544
-1.9699004e-13
1.0343462e-08
-0.00012646535
1.0321295e-11
8.9735885e-08
-0.00012618984
1.6818624e-12
9.4345624e-09
-0.00012678695
-7.6097727e-13
2.0980712e-07
-0.00012634107
-5.5077903e-14
-0.00012593214
-6.736458e-14
2.4580256e-07
-0.00012655179
4.4657877e-12
-1.127566e-09
-0.00012644843
6.3355108e-12
1.1131079e-07
-0.00012730048
1.80795e-12
7.2868026e-09
-0.00012642477
-4.0022894e-14
-4.7560715e-13
-0.00012683815
1.8551774e-13
-7.2896079e-09
-0.00012683825
7.6312808e-12
-1.1131278e-07
-0.00012642463
3.1747001e-12
1.1240685e-09
-0.00012730052
-9.3052333e-13
-2.457982e-07
-0.00012644844
2.4674407e-14
-0.00012655172
1.7926527e-14
-2.5777746e-07
-0.00012740148
2.0398066e-12
-1.1353867e-08
-0.00012779949
2.6844965e-12
-1.0762588e-07
-0.00012832136
9.5884565e-13
-1.1962599e-08
-0.00012762273
-1.2618699e-13
-1.1319839e-12
-0.00012795997
-1.0119988e-13
1.1963749e-08
-0.0001279601
5.102674e-12
1.0762752e-07
-0.00012762261
1.2853048e-12
1.1350235e-08
-0.0001283214
-4.193177e-13
2.577795e-07
-0.00012779949
-9.8632558e-15
-0.00012740142
-5.905683e-14
3.0242554e-07
-0.00012812616
1.665588e-12
1.6807393e-09
-0.00012790101
-2.4407191e-11
1.3263564e-07
-0.00012892557
8.8854272e-13
8.7664279e-09
-0.00012789135
1.343993e-13
-7.9320787e-13
-0.00012838309
-6.9697817e-15
-8.7687131e-09
-0.00012838321
-3.2717302e-11
-1.326384e-07
-0.00012789125
1.1327981e-12
-1.6824809e-09
-0.00012892561
-7.6514111e-13
-3.0242166e-07
-0.00012790095
5.7873765e-14
-0.00012812611
1.1398067e-14
-3.1582511e-07
-0.00012946079
1.8895911e-12
-1.3967528e-08
-0.00012985712
6.939156e-12
-1.2815211e-07
-0.00013046846
8.516663e-13
-1.3800837e-08
-0.00012966286
3.0721516e-13
-1.1286511e-12
-0.00013004832
2.7392687e-13
1.3802612e-08
-0.0001300484
9.363644e-12
1.281535e-07
-0.00012966278
1.3894267e-12
1.3963304e-08
-0.0001304685
-1.3162801e-13
3.1582728e-07
-0.00012985707
4.6440109e-14
-0.00012946076
-3.0566276e-14
3.7053581e-07
-0.00013027213
-1.7884303e-12
4.7087566e-09
-0.00012992666
-5.5919906e-11
1.5726189e-07
-0.00013111514
-2.1246648e-13
1.0500564e-08
-0.00012996184
-7.6401556e-13
-1.0040355e-12
-0.00013048264
7.2231106e-13
-1.0503361e-08
-0.00013048249
-4.5453335e-11
-1.5726462e-07
-0.00012996177
-4.5954588e-13
-4.7098535e-09
-0.00013111517
-1.1458626e-12
-3.7053303e-07
-0.00012992658
4.0953509e-14
-0.0001302721
7.8910853e-15
-3.8591759e-07
-0.0001317498
2.2785007e-12
-1.7374291e-08
-0.00013216957
1.8166915e-11
-1.5169777e-07
-0.00013283571
6.2029612e-13
-1.5812128e-08
-0.00013197772
8.1184527e-13
-9.6563417e-13
-0.00013236018
7.7270646e-13
1.5814488e-08
-0.00013236004
1.9877491e-11
1.5169843e-07
-0.00013197766
2.116029e-12
1.7369061e-08
-0.00013283574
2.6543015e-13
3.8592003e-07
-0.00013216945
1.0649505e-13
-0.00013174979
4.8169406e-15
4.5211238e-07
-0.00013262671
-6.9306915e-12
8.6264227e-09
-0.00013216831
-9.4696204e-11
1.8506045e-07
-0.00013343358
-2.8949276e-12
1.2789111e-08
-0.00013227932
-2.2659938e-12
-3.6139842e-13
-0.00013275872
2.3529067e-12
-1.2793317e-08
-0.00013275846
-3.2302835e-11
-1.8506254e-07
-0.00013227928
-1.8597532e-12
-8.6259189e-09
-0.00013343361
-1.9249425e-12
-4.5211139e-07
-0.00013216806
-2.1329389e-14
-0.00013262672
-2.4013372e-15
-4.7034363e-07
-0.000134456
3.2477461e-12
-2.1656151e-08
-0.00013492653
3.1254474e-11
-1.7863222e-07
-0.00013555498
4.2480024e-13
-1.8038641e-08
-0.00013475095
1.3767045e-12
-8.7047978e-13
-0.00013507581
9.5704424e-13
1.8042068e-08
-0.00013507557
1.8001699e-11
1.7863148e-07
-0.00013475092
3.3660907e-12
2.16495e-08
-0.000135555
8.2856188e-13
4.7034632e-07
-0.00013492624
2.1406364e-13
-0.00013445601
5.0701118e-14
5.4955069e-07
-0.000135452
-1.1265558e-11
1.381251e-08
-0.00013486098
-1.5353002e-10
2.1546027e-07
-0.00013610884
-6.3090367e-12
1.5906212e-08
-0.00013504565
-3.6314719e-12
2.6890832e-14
-0.00013548139
2.7694866e-12
-1.5911533e-08
-0.00013548126
-3.4519947e-11
-2.1546118e-07
-0.00013504565
-2.5944832e-12
-1.3808793e-08
-0.00013610885
-2.5835148e-12
-5.4955339e-07
-0.0001348606
-1.2137385e-13
-0.00013545204
-2.5534835e-14
-5.7158207e-07
-0.00013717769
4.8969287e-12
-2.7143405e-08
-0.0001377099
6.6047554e-11
-2.0887333e-07
-0.00013822284
6.8379037e-13
-2.0736078e-08
-0.00013754193
1.4947188e-12
-8.3152275e-13
-0.00013779949
1.4171973e-12
2.0740579e-08
-0.00013779929
2.7167412e-11
2.0887064e-07
-0.00013754193
5.6365625e-12
2.7134384e-08
-0.00013822285
1.343988e-12
5.7158548e-07
-0.00013770952
3.3715979e-13
-0.00013717773
1.0997534e-13
6.6600414e-07
-0.00013831671
-1.3533584e-11
2.0919917e-08
-0.00013753986
-1.3216843e-10
2.4801838e-07
-0.0001388294
-6.9679986e-12
1.9725651e-08
-0.00013777846
-4.9550277e-12
2.0514805e-14
-0.00013824573
6.5776011e-13
-1.9731426e-08
-0.0001382455
-6.3118591e-12
-2.4801704e-07
-0.00013777848
-3.7865323e-12
-2.09117e-08
-0.0001388294
-2.9832195e-12
-6.6601192e-07
-0.0001375398
-2.6433734e-13
-0.00013831677
-6.3110184e-14
-6.930058e-07
-0.00013882554
7.6914387e-12
-3.4080045e-08
-0.00013947655
8.1995694e-11
-2.4260043e-07
-0.00013980497
6.4786379e-13
-2.3659949e-08
-0.00013922397
1.2868666e-12
-2.9171134e-13
-0.0001395097
2.5866352e-12
2.3665348e-08
-0.00013950965
2.36765e-11
2.4259505e-07
-0.00013922398
1.0178759e-11
3.4067848e-08
-0.00013980496
1.8798859e-12
6.9301063e-07
-0.00013947622
4.0065051e-13
-0.0001388256
9.9439902e-14
8.0589945e-07
-0.00014007922
-1.265894e-11
2.9660724e-08
-0.00013897903
-1.5546277e-10
2.842441e-07
-0.00014051837
-2.2631524e-12
2.3197211e-08
-0.00013937558
-5.5621915e-12
3.5431792e-13
-0.00013981662
-1.9789608e-12
-2.3204596e-08
-0.00013981654
-4.585758e-13
-2.8423962e-07
-0.0001393756
-6.2814235e-12
-2.9649478e-08
-0.00014051837
-3.4518719e-12
-8.059092e-07
-0.00013897896
-4.2002689e-13
-0.00014007929
-8.3906002e-14
-8.3871061e-07
-0.00014069919
1.1364584e-11
-4.2157897e-08
-0.00013923234
-8.5270051e-10
-2.8114247e-07
-0.00014126023
-4.9701281e-13
-2.6258514e-08
-0.00014135952
-1.1452424e-13
-1.6994386e-12
-0.00013953066
1.7271752e-12
2.6267333e-08
-0.00013952992
-7.7927104e-10
2.8113452e-07
-0.00014135958
1.7262763e-11
4.21446e-08
-0.0001412602
2.5160773e-12
8.3871298e-07
-0.00013923296
5.0076649e-13
-0.00014069925
8.5611495e-14
9.7480126e-07
-0.00014033497
-1.6969715e-11
3.9162344e-08
-0.00013995873
9.6609526e-10
3.2736277e-07
-0.00014083192
-7.4941935e-13
2.5748841e-08
-0.00013928844
-2.7035921e-12
2.4540578e-12
-0.0001410034
-3.1439892e-12
-2.5758679e-08
-0.00014100402
9.8122441e-10
-3.273568e-07
-0.00013928847
-1.7291793e-11
-3.9150557e-08
-0.00014083192
-3.8187977e-12
-9.7480741e-07
-0.00013995941
-5.7405185e-13
-0.00014033504
-7.2685098e-14
-1.008311e-06
-0.00012545637
2.45455e-11
-5.1384888e-08
-0.00015707794
1.0369943e-08
-3.2356689e-07
-0.00013164497
3.6781326e-12
-3.326643e-08
-0.00012486906
-5.6549622e-12
-8.1674479e-12
-0.00015685393
-2.7284597e-12
3.3280515e-08
-0.00015687038
1.006394e-08
3.2356017e-07
-0.00012486907
3.0211893e-11
5.1366361e-08
-0.00013164529
2.8845925e-12
1.0083131e-06
-0.00015707966
6.9410452e-13
-0.00012545637
9.2140406e-14
1.1733136e-06
-0.00014197247
-3.482087e-11
4.9821202e-08
-0.00014030764
-1.0610448e-08
3.7503371e-07
-0.00014236338
-6.8332514e-12
3.3143723e-08
-0.00014069587
2.6965465e-12
1.1231405e-11
-0.00014150348
3.0128893e-12
-3.3159328e-08
-0.00014150402
-1.0286332e-08
-3.7503096e-07
-0.00014069591
-3.3759711e-11
-4.9804753e-08
-0.00014236337
-4.4832625e-12
-1.1733196e-06
-0.0001403084
-7.9054844e-13
-0.00014197254
-3.709528e-14
-1.2100976e-06
-0.00015777989
1.2762776e-11
-7.2338128e-08
-0.0001271988
-1.0125279e-08
-3.6209267e-07
-0.0001590201
-1.5211127e-11
-3.3370501e-08
-0.00015817539
-5.9576393e-12
5.5367649e-12
-0.0001271316
2.0311824e-11
3.3380611e-08
-0.00012713185
-1.0397071e-08
3.620691e-07
-0.00015817547
3.079299e-11
7.2310755e-08
-0.00015902008
5.5819088e-12
1.2101117e-06
-0.00012719874
9.7587033e-13
-0.00015777993
2.7270069e-13
1.4071438e-06
-0.00014362952
-2.108789e-11
7.2848528e-08
-0.00014156944
1.0190269e-08
4.1744734e-07
-0.00014373315
1.4708548e-11
3.3645471e-08
-0.00014225599
3.4642879e-12
-5.3786957e-13
-0.00014285341
-1.8618254e-11
-3.3660448e-08
-0.00014285382
1.0429836e-08
-4.174285e-07
-0.00014225607
-3.3847076e-11
-7.2825915e-08
-0.00014373312
-7.7313953e-12
-1.4071582e-06
-0.00014156901
-1.1382045e-12
-0.00014362957
-1.3183011e-13
-1.4611097e-06
-0.00012778661
1.0334757e-11
-8.4358776e-08
-0.00015854897
1.0632487e-08
-4.0689441e-07
-0.00012877962
-1.7332559e-11
-4.37159e-08
-0.00012831412
-1.1791599e-11
9.7313414e-12
-0.00015852175
3.1785042e-11
4.3724476e-08
-0.00015852212
1.0325571e-08
4.0686844e-07
-0.00012831418
3.1986529e-11
8.4321244e-08
-0.00012877962
4.6358651e-12
1.4611315e-06
-0.0001585479
1.1881037e-12
-0.00012778663
3.1944059e-13
1.6965426e-06
-0.00014457273
-2.0342726e-11
8.7473592e-08
-0.00014232459
-1.0473491e-08
4.6518312e-07
-0.00014451933
1.6650974e-11
4.4293862e-08
-0.00014293527
9.1296598e-12
-6.3190009e-12
-0.00014374595
-3.3740526e-11
-4.4305046e-08
-0.00014374631
-1.0209636e-08
-4.6516129e-07
-0.00014293537
-3.9120308e-11
-8.7439438e-08
-0.00014451928
-7.3563704e-12
-1.6965672e-06
-0.0001423241
-1.4522618e-12
-0.00014457275
-1.9922624e-13
-1.7468326e-06
-0.00015641017
7.8730953e-12
-1.0798186e-07
-0.00012997743
-8.9082588e-09
-4.5692814e-07
-0.00015805093
-2.390729e-11
-4.5104268e-08
-0.00015687118
-1.1696882e-11
1.0722043e-11
-0.00012977238
3.4469705e-11
4.5117199e-08
-0.00012977219
-9.257168e-09
4.5689533e-07
-0.00015687131
3.1799208e-11
1.0794135e-07
-0.00015805088
5.8583345e-12
1.7468551e-06
-0.00012997741
1.3087455e-12
-0.00015641016
3.0411579e-13
2.0286049e-06
-0.00014491575
-2.0073557e-11
1.1517157e-07
-0.00014205155
8.8522818e-09
5.1725027e-07
-0.00014464258
2.3555107e-11
4.6559561e-08
-0.00014296597
7.8186922e-12
-1.1378876e-11
-0.00014360703
-4.0744315e-11
-4.65722e-08
-0.00014360688
9.1550545e-09
-5.1721944e-07
-0.00014296604
-4.0489453e-11
-1.1512983e-07
-0.00014464254
-9.8938557e-12
-2.0286371e-06
-0.00014205153
-1.7398933e-12
-0.00014491574
-2.6178116e-13
-2.1031858e-06
-0.00013048717
6.8483393e-12
-1.2498096e-07
-0.00015620128
8.499453e-09
-5.0944269e-07
-0.00013149236
-2.4387001e-11
-5.4994546e-08
-0.00013117557
-1.2499907e-11
1.2212054e-11
-0.00015583987
3.6547366e-11
5.500986e-08
-0.00015583993
8.1499991e-09
5.0940854e-07
-0.00013117562
2.9672186e-11
1.2493669e-07
-0.00013149234
5.9813645e-12
2.1032117e-06
-0.00015620035
1.4801283e-12
-0.00013048713
2.9925452e-13
2.4370784e-06
-0.00014503515
-1.4163136e-11
1.3774205e-07
-0.00014192987
-8.5075996e-09
5.7028575e-07
-0.00014446071
2.6740606e-11
5.7539803e-08
-0.00014279191
9.9965256e-12
-1.1819449e-11
-0.00014366109
-4.3542044e-11
-5.7556222e-08
-0.00014366121
-8.1992801e-09
-5.7025264e-07
-0.00014279197
-3.5554642e-11
-1.3769635e-07
-0.00014446064
-1.0069814e-11
-2.437113e-06
-0.00014192953
-2.0000032e-12
-0.0001450351
-3.0979424e-13
-2.5182656e-06
-0.00015380954
8.4480117e-12
-1.5200233e-07
-0.00013391119
-6.8573052e-09
-5.6470453e-07
-0.00015604659
-1.8102211e-11
-5.8054334e-08
-0.00015447335
-1.4332044e-11
1.3416322e-11
-0.00013353991
3.6239087e-11
5.8072216e-08
-0.00013353926
-7.1254284e-09
5.6466857e-07
-0.00015447338
3.2455967e-11
1.5195591e-07
-0.00015604657
6.2496085e-12
2.5182892e-06
-0.00013391161
1.511534e-12
-0.00015380945
3.3227194e-13
2.9176213e-06
-0.00014606993
-1.5799391e-11
1.7252491e-07
-0.00014220536
6.8850335e-09
6.2317026e-07
-0.00014529515
2.2643187e-11
6.2222134e-08
-0.00014352641
1.1392985e-11
-1.5878561e-11
-0.00014423071
-4.6400911e-11
-6.2238783e-08
-0.00014423098
7.0573983e-09
-6.2313348e-07
-0.00014352645
-3.9841417e-11
-1.7247331e-07
-0.00014529508
-1.0106938e-11
-2.9176574e-06
-0.00014220465
-2.0106493e-12
-0.0001460698
-3.6173117e-13
-3.0226296e-06
-0.00013536514
1.4476391e-11
-1.7813289e-07
-0.00015628364
6.8557095e-09
-6.1804587e-07
-0.00013645022
-1.6600129e-11
-6.7913437e-08
-0.00013624971
-1.3225647e-11
2.3287587e-11
-0.00015550075
3.9188786e-11
6.792748e-08
-0.00015550273
6.4323068e-09
6.1801018e-07
-0.00013624977
3.814028e-11
1.7807786e-07
-0.00013645017
6.4397737e-12
3.0226624e-06
-0.00015628073
1.7047366e-12
-0.00013536508
3.9141761e-13
3.4968328e-06
-0.00014766643
-2.2052378e-11
2.0802669e-07
-0.00014325397
-6.7473494e-09
6.7142151e-07
-0.00014679909
2.1697112e-11
7.4070161e-08
-0.0001446296
7.9048347e-12
-2.6945814e-11
-0.00014570742
-5.054521e-11
-7.407941e-08
-0.00014570732
-6.400962e-09
-6.7138081e-07
-0.00014462953
-4.1220029e-11
-2.0795649e-07
-0.00014679908
-1.1538286e-11
-3.4968871e-06
-0.00014325363
-2.2459938e-12
-0.00014766628
-4.2106858e-13
-3.6119348e-06
-0.00015452415
-1.4915241e-11
-2.1808602e-07
-0.00013969236
-5.7095381e-09
-6.653147e-07
-0.00015763498
-3.5417629e-11
-7.4688245e-08
-0.00015564981
-1.6314649e-11
1.293245e-11
-0.00013936322
3.2446714e-11
7.4720274e-08
-0.00013936227
-5.6328851e-09
6.6527323e-07
-0.00015564949
2.2367878e-11
2.180491e-07
-0.00015763512
5.3043289e-12
3.6119389e-06
-0.00013969333
1.7389622e-12
-0.00015452389
5.396692e-13
4.1846109e-06
-0.00014988381
1.1016937e-11
2.5682591e-07
-0.00014420764
5.7190427e-09
7.141394e-07
-0.00014883921
3.9372154e-11
8.1579181e-08
-0.00014616423
1.1401058e-11
-1.2794509e-11
-0.00014735168
-3.7715926e-11
-8.1611813e-08
-0.00014735131
5.669438e-09
-7.1409212e-07
-0.00014616407
-2.0693784e-11
-2.5677722e-07
-0.00014883923
-9.2462803e-12
-4.1846344e-06
-0.00014420774
-2.0588373e-12
-0.00014988371
-5.4761975e-13
-4.3053334e-06
-0.00014114687
-5.0398947e-13
-2.6453655e-07
-0.00015806754
5.2724437e-09
-7.0967577e-07
-0.00014236238
-1.7031212e-11
-8.8635341e-08
-0.00014212689
-1.6501086e-11
3.0497402e-11
-0.00015653011
4.3232459e-11
8.8646931e-08
-0.00015653077
4.8268758e-09
7.096405e-07
-0.00014212691
3.8900368e-11
2.6447527e-07
-0.00014236237
3.3436715e-12
4.3053626e-06
-0.00015806638
1.789444e-12
-0.0001411469
6.0909203e-13
4.9956737e-06
-0.00015199127
-2.622234e-12
3.0960094e-07
-0.00014522643
-5.2942482e-09
7.5560951e-07
-0.00015036819
1.2840833e-11
9.47346e-08
-0.000147834
1.6389683e-11
-2.9523516e-11
-0.00014934497
-4.575976e-11
-9.4741132e-08
-0.00014934407
-4.7679172e-09
-7.5557234e-07
-0.00014783367
-4.0274663e-11
-3.0951795e-07
-0.00015036827
-5.5190732e-12
-4.9957237e-06
-0.00014522726
-1.6768401e-12
-0.00015199124
-5.9571762e-13
-5.1507969e-06
-0.00014914915
-1.0928714e-11
-3.1759561e-07
-0.0001452024
-3.4430388e-09
-7.4164272e-07
-0.00015438344
-3.2701566e-11
-9.9479801e-08
-0.00015160148
-8.3090641e-12
2.0204816e-11
-0.00014487177
2.9498025e-11
9.9514872e-08
-0.00014487127
-2.9736673e-09
7.4159452e-07
-0.00015160084
1.8059537e-11
3.1754032e-07
-0.00015438356
6.0380493e-12
5.1508181e-06
-0.00014520288
2.1296101e-12
-0.00014914878
5.0603734e-13
5.9914584e-06
-0.00015366365
1.5526826e-11
3.6930172e-07
-0.00014492603
3.4670106e-09
7.723521e-07
-0.00015087172
3.2492369e-11
1.0546264e-07
-0.00014905739
1.4964708e-11
-1.2872407e-11
-0.00014970139
-2.622994e-11
-1.0549759e-07
-0.000149701
2.987095e-09
-7.7230534e-07
-0.00014905719
-1.4641443e-11
-3.6923857e-07
-0.00015087184
-5.8535136e-12
-5.9914844e-06
-0.00014492682
-1.5899298e-12
-0.00015366368
-5.1488117e-13
-6.1829138e-06
-0.00014571195
1.341374e-11
-3.7550101e-07
-0.00014896683
5.7643393e-10
-7.5200501e-07
-0.00014862942
-6.1523124e-12
-1.1119898e-07
-0.00014750437
-5.3932112e-12
4.0439207e-11
-0.00014811009
3.8309596e-11
1.1121422e-07
-0.0001481108
3.4949474e-10
7.5196727e-07
-0.00014750418
3.9832319e-11
3.7542998e-07
-0.00014862966
8.4845557e-12
6.1829477e-06
-0.00014897084
2.3369115e-12
-0.00014571201
1.9711102e-13
7.2105052e-06
-0.0001540588
-1.3425137e-11
4.4594388e-07
-0.00014267896
-6.0780093e-10
7.3633825e-07
-0.00014997198
8.3000586e-13
1.2264126e-07
-0.00014752958
1.1128354e-11
-2.8665153e-11
-0.00014879777
-3.4623571e-11
-1.2265315e-07
-0.00014879714
-3.315551e-10
-7.3630585e-07
-0.00014752933
-3.7753506e-11
-4.4588123e-07
-0.0001499721
-5.0188467e-12
-7.2105276e-06
-0.00014267931
-1.0524482e-12
-0.00015405886
-2.1585252e-13
-7.3886809e-06
-0.00014476054
-8.4599477e-12
-4.5731245e-07
-0.00014832542
-2.1202651e-10
-7.294958e-07
-0.00014810687
-2.7115266e-11
-1.2916636e-07
-0.00014671718
-6.3576165e-13
2.5999248e-11
-0.00014736534
2.6574869e-11
1.2920366e-07
-0.00014736357
3.1838776e-11
7.2945487e-07
-0.00014671692
2.0973765e-11
4.5726337e-07
-0.00014810703
1.297996e-11
7.3886941e-06
-0.00014832717
2.9910428e-12
-0.00014476061
1.4711231e-14
8.7078226e-06
-0.00015377201
1.1280575e-11
5.2006756e-07
-0.00014039969
4.1649901e-10
6.6663781e-07
-0.00014874002
1.6977979e-11
1.3847119e-07
-0.00014653556
1.2345975e-11
-1.0831366e-11
-0.0001476108
-2.0234451e-11
-1.3850587e-07
-0.00014760966
-1.1759637e-10
-6.6661017e-07
-0.00014653539
-1.6268474e-11
-5.2001782e-07
-0.0001487402
-4.8462634e-12
-8.7078081e-06
-0.00014040139
-9.0862936e-13
-0.00015377212
-3.4344161e-14
-8.8469635e-06
-0.00014437918
1.5864626e-11
-5.3804194e-07
-0.00014880846
3.7127869e-10
-6.7951939e-07
-0.00014838275
-6.0813226e-12
-1.4575543e-07
-0.00014693606
7.9167137e-12
4.6005717e-11
-0.00014758708
3.3961992e-11
1.4576422e-07
-0.00014758698
1.6066007e-10
6.7948031e-07
-0.00014693597
3.3502465e-11
5.379987e-07
-0.00014838294
1.6056947e-11
8.8470498e-06
-0.0001488098
3.1336659e-12
-0.00014437925
-2.2258461e-15
1.0569331e-05
-0.00015584226
-3.8092523e-12
5.916809e-07
-0.00013980016
-3.5046771e-10
5.4178008e-07
-0.00014945052
-8.9635278e-14
1.529948e-07
-0.00014760866
1.5971064e-11
-1.3320619e-11
-0.00014854458
-2.3843977e-11
-1.5301968e-07
-0.00014854522
-4.4327325e-10
-5.4176601e-07
-0.00014760865
-2.4521033e-11
-5.9166757e-07
-0.00014945062
-1.6300509e-12
-1.0569364e-05
-0.00013979994
-4.4868565e-13
-0.00015584225
4.6239045e-14
-1.0642807e-05
-0.00014561563
7.755507e-12
-6.1857697e-07
-0.00015114156
-2.0553595e-11
-5.7976629e-07
-0.00015040863
-2.0006243e-11
-1.6099852e-07
-0.00014893542
1.2824774e-11
4.1494768e-11
-0.00014962368
3.0153888e-11
1.6100302e-07
-0.00014962535
8.7713153e-11
5.7972644e-07
-0.00014893551
2.5075278e-11
6.1852393e-07
-0.00015040862
1.8169333e-11
1.064289e-05
-0.00015114
3.5164182e-12
-0.00014561544
1.4964673e-13
1.2880438e-05
-0.00015968172
-6.8423764e-12
6.5590287e-07
-0.00014045238
-1.2571557e-10
3.2575644e-07
-0.00015190059
-1.0652298e-12
1.6606786e-07
-0.00015055716
4.9160618e-12
-1.8552404e-11
-0.0001512711
-2.277458e-11
-1.6607799e-07
-0.00015127158
-1.6094361e-10
-3.2573773e-07
-0.00015055723
-1.1660175e-11
-6.558687e-07
-0.00015190062
-7.0933599e-12
-1.2880506e-05
-0.00014045231
-6.9565529e-13
-0.00015968172
-1.27702e-13
-1.2880406e-05
-0.00014849107
7.2419793e-12
-6.8872063e-07
-0.00015438191
2.1751813e-10
-4.008647e-07
-0.00015344176
-1.5210858e-11
-1.7527243e-07
-0.00015198451
2.5892024e-12
3.8582544e-11
-0.00015263939
3.5623643e-11
1.7527913e-07
-0.00015263944
2.4952202e-10
4.0083191e-07
-0.00015198462
3.136284e-11
6.8866809e-07
-0.00015344177
1.2368246e-11
1.288049e-05
-0.00015438254
3.312122e-12
-0.00014849095
5.2097909e-13
1.5636893e-05
-0.0001657953
1.1008533e-11
7.0471453e-07
-0.00014130653
-2.4432029e-11
-3.4622419e-08
-0.00015492059
1.5335206e-11
1.7835875e-07
-0.00015439965
1.5067023e-11
-1.772009e-11
-0.0001546893
-2.9111464e-11
-1.7836985e-07
-0.00015468952
-2.6165631e-10
3.4647129e-08
-0.0001543998
-1.1054663e-11
-7.0469773e-07
-0.00015492058
-4.1686816e-12
-1.5636955e-05
-0.00014130664
-9.103725e-13
-0.00016579529
-7.6621287e-13
-1.7460331e-05
-0.00014957841
3.3992027e-12
-7.239885e-07
-0.00015931722
2.6974038e-10
-1.0679658e-07
-0.00015596323
-2.9149155e-11
-1.861202e-07
-0.00015455235
1.6801608e-12
3.6860365e-11
-0.00015510098
3.8002132e-11
1.861253e-07
-0.00015510183
-6.7767086e-11
1.0674695e-07
-0.00015455254
2.3634732e-11
7.2393037e-07
-0.00015596318
1.2609128e-11
1.7460433e-05
-0.00015931709
3.1458595e-12
-0.00014957821
1.338038e-12
2.4216384e-06
2.8772614e-11
6.7789378e-07
-1.778294e-10
-5.868428e-07
6.2673622e-11
1.8774624e-07
2.1173118e-11
-2.055626e-11
-4.6451018e-11
-1.8775319e-07
6.8407713e-11
5.8688736e-07
-1.7604504e-11
-6.7786951e-07
-3.5026726e-12
-2.4217179e-06
-2.0553862e-12
-2.6344156e-12
-1.285992e-08
-1.0098757e-05
-2.6628908e-09
-1.0120555e-05
-7.9443386e-12
-1.0113578e-05
-4.9930673e-10
-1.01106e-05
3.9401389e-13
-1.0111542e-05
4.9838707e-10
-1.0111539e-05
5.7302084e-12
-1.0110604e-05
2.6598623e-09
-1.0113572e-05
1.28595e-08
-1.012055e-05
-1.0098747e-05
-3.0559902e-08
-2.5116922e-05
-5.7805621e-09
-2.5192173e-05
-1.087677e-11
-2.5167e-05
-1.0866294e-09
-2.5157361e-05
4.7130062e-13
-2.5160419e-05
1.0858011e-09
-2.5160411e-05
8.7697608e-12
-2.5157366e-05
5.7780895e-09
-2.516699e-05
3.0559915e-08
-2.5192164e-05
-2.5116889e-05
-2.6677635e-08
-4.5043357e-05
-7.8039331e-09
-4.5164666e-05
-4.7836301e-11
-4.5128181e-05
-1.4750393e-09
-4.5109598e-05
4.8351201e-13
-4.5115449e-05
1.4741038e-09
-4.5115438e-05
4.5516983e-11
-4.5109607e-05
7.8013756e-09
-4.5128167e-05
2.6677691e-08
-4.5164651e-05
-4.5043303e-05
-1.942903e-08
-6.6822593e-05
-8.8982091e-09
-6.6975243e-05
-7.6104599e-11
-6.6936659e-05
-1.6966435e-09
-6.6907605e-05
5.2282812e-13
-6.691677e-05
1.6956398e-09
-6.6916758e-05
7.3764922e-11
-6.6907617e-05
8.8955421e-09
-6.693664e-05
1.9429186e-08
-6.6975221e-05
-6.6822535e-05
-1.4838168e-08
-8.2999852e-05
-9.4095322e-09
-8.3174625e-05
-1.1910712e-10
-8.3139594e-05
-1.8169801e-09
-8.3099064e-05
5.8488556e-13
-8.3111938e-05
1.81587e-09
-8.3111929e-05
1.1678956e-10
-8.309908e-05
9.4067377e-09
-8.313957e-05
1.4838442e-08
-8.3174594e-05
-8.2999784e-05
-1.2100873e-08
-8.7684907e-05
-9.619521e-09
-8.7876046e-05
-1.0025232e-10
-8.7847709e-05
-1.8803851e-09
-8.7795493e-05
6.8811414e-13
-8.7812182e-05
1.8791874e-09
-8.7812177e-05
9.7949855e-11
-8.7795514e-05
9.6166118e-09
-8.7847681e-05
1.210128e-08
-8.7876005e-05
-8.7684841e-05
-1.1165458e-08
-8.0824519e-05
-9.6766139e-09
-8.1028912e-05
-1.3229295e-10
-8.1008335e-05
-1.9219474e-09
-8.0945056e-05
7.9848732e-13
-8.0965354e-05
1.9205841e-09
-8.0965353e-05
1.3004942e-10
-8.0945082e-05
9.6735589e-09
-8.1008303e-05
1.1166019e-08
-8.1028863e-05
-8.0824457e-05
-1.0333687e-08
-6.7304986e-05
-9.6870688e-09
-6.7519157e-05
-6.6422595e-11
-6.7507974e-05
-1.9478966e-09
-6.743344e-05
8.8359843e-13
-6.7457517e-05
1.9464228e-09
-6.745752e-05
6.4163968e-11
-6.7433471e-05
9.6838896e-09
-6.750794e-05
1.0334391e-08
-6.7519102e-05
-6.7304919e-05
-1.0401253e-08
-5.3822277e-05
-9.6584331e-09
-5.404553e-05
-1.1760615e-10
-5.4043734e-05
-1.9774647e-09
-5.3958294e-05
9.525544e-13
-5.3986074e-05
1.9757767e-09
-5.3986082e-05
1.154244e-10
-5.3958331e-05
9.6550901e-09
-5.4043697e-05
1.040213e-08
-5.4045469e-05
-5.3822211e-05
-9.759184e-09
-4.5637912e-05
-9.6458084e-09
-4.5869141e-05
-3.9920536e-12
-4.587651e-05
-1.995457e-09
-4.5781189e-05
1.0088517e-12
-4.5812289e-05
1.9936647e-09
-4.5812308e-05
1.4830967e-12
-4.5781233e-05
9.6423449e-09
-4.5876471e-05
9.7602103e-09
-4.5869068e-05
-4.5637842e-05
-1.0144266e-08
-4.4520839e-05
-9.5968714e-09
-4.4761665e-05
-1.0184784e-10
-4.4777761e-05
-2.026752e-09
-4.4672082e-05
1.0517169e-12
-4.4706752e-05
2.0247095e-09
-4.470679e-05
9.9764495e-11
-4.4672135e-05
9.5932395e-09
-4.4777719e-05
1.0145469e-08
-4.4761573e-05
-4.4520769e-05
-9.2482078e-09
-4.9100142e-05
-9.5893845e-09
-4.9349622e-05
1.1300633e-10
-4.9376633e-05
-2.0369594e-09
-4.9258087e-05
1.0822446e-12
-4.9297449e-05
2.0348683e-09
-4.9297511e-05
-1.1537903e-10
-4.925815e-05
9.5856685e-09
-4.9376588e-05
9.2495372e-09
-4.9349503e-05
-4.9100079e-05
-9.9925111e-09
-5.6175904e-05
-9.5154344e-09
-5.643602e-05
-1.0954225e-10
-5.647323e-05
-2.0724324e-09
-5.6341371e-05
1.0931602e-12
-5.6385686e-05
2.0700622e-09
-5.638578e-05
1.0782051e-10
-5.6341447e-05
9.5115792e-09
-5.6473181e-05
9.9939773e-09
-5.6435866e-05
-5.6175849e-05
-8.6269564e-09
-6.2054527e-05
-9.5261031e-09
-6.2322028e-05
2.6662534e-10
-6.2372548e-05
-2.0711443e-09
-6.222477e-05
1.0890385e-12
-6.2275254e-05
2.0688591e-09
-6.2275384e-05
-2.6871676e-10
-6.2224859e-05
9.5222419e-09
-6.2372495e-05
8.6284718e-09
-6.2321833e-05
-6.2054489e-05
-9.9423146e-09
-6.4239089e-05
-9.4135033e-09
-6.4516898e-05
-1.5619674e-10
-6.457855e-05
-2.1166445e-09
-6.4415978e-05
1.0549442e-12
-6.4472228e-05
2.1141373e-09
-6.4472396e-05
1.5428076e-10
-6.4416082e-05
9.4095917e-09
-6.4578491e-05
9.9438712e-09
-6.4516657e-05
-6.4239065e-05
-7.8433784e-09
-6.2362643e-05
-9.4691256e-09
-6.2646796e-05
4.9582705e-10
-6.2721257e-05
-2.1018122e-09
-6.2544167e-05
1.0092536e-12
-6.2606128e-05
2.0995093e-09
-6.2606334e-05
-4.9776457e-10
-6.2544284e-05
9.4653041e-09
-6.2721193e-05
7.8448496e-09
-6.2646507e-05
-6.2362633e-05
-1.003378e-08
-5.7948092e-05
-9.2950492e-09
-5.8242918e-05
-2.530102e-10
-5.8326196e-05
-2.1664402e-09
-5.8137348e-05
9.2122727e-13
-5.8203952e-05
2.1640121e-09
-5.8204192e-05
2.5120103e-10
-5.8137478e-05
9.2912935e-09
-5.8326127e-05
1.0035167e-08
-5.8242581e-05
-5.7948094e-05
-6.8439235e-09
-5.3621497e-05
-9.4290019e-09
-5.3921164e-05
8.4197381e-10
-5.4013696e-05
-2.1304075e-09
-5.3816217e-05
8.3639698e-13
-5.3886188e-05
2.128254e-09
-5.3886457e-05
-8.4372696e-10
-5.3816357e-05
9.4254394e-09
-5.4013623e-05
6.8450681e-09
-5.3920782e-05
-5.3621504e-05
-1.0314554e-08
-5.13647e-05
-9.1585701e-09
-5.1676301e-05
-4.2718744e-10
-5.1772533e-05
-2.2264004e-09
-5.1569527e-05
6.9229474e-13
-5.1641677e-05
2.2242334e-09
-5.1641968e-05
4.2560331e-10
-5.1569675e-05
9.1552082e-09
-5.1772457e-05
1.031549e-08
-5.1675883e-05
-5.1364711e-05
-5.5700105e-09
-5.2098557e-05
-9.3948578e-09
-5.2411936e-05
1.3255386e-09
-5.2520971e-05
-2.1454438e-09
-5.2305931e-05
5.8551998e-13
-5.2383161e-05
2.1435527e-09
-5.2383467e-05
-1.3270292e-09
-5.2306085e-05
9.3917601e-09
-5.2520892e-05
5.5705738e-09
-5.2411482e-05
-5.2098572e-05
-1.0847102e-08
-5.5542091e-05
-8.9893849e-09
-5.5868215e-05
-7.2882031e-10
-5.5981436e-05
-2.2946145e-09
-5.5759159e-05
3.8288454e-13
-5.5839582e-05
2.29284e-09
-5.5839893e-05
7.2752267e-10
-5.5759316e-05
8.9866318e-09
-5.5981356e-05
1.0847346e-08
-5.5867739e-05
-5.5542109e-05
-3.9564808e-09
-5.9889698e-05
-9.3590403e-09
-6.0212775e-05
1.9734294e-09
-6.0348473e-05
-2.1352767e-09
-6.0103186e-05
2.8274419e-13
-6.0193714e-05
2.1337183e-09
-6.0194027e-05
-1.9746345e-09
-6.0103345e-05
9.3565648e-09
-6.0348392e-05
3.9562829e-09
-6.0212277e-05
-5.9889722e-05
-1.1707152e-08
-6.4131533e-05
-8.779886e-09
-6.4468051e-05
-1.2116733e-09
-6.4611682e-05
-2.3730834e-09
-6.4353104e-05
1.3158899e-14
-6.4449766e-05
2.3717322e-09
-6.4450071e-05
1.2107478e-09
-6.4353261e-05
8.7778721e-09
-6.4611603e-05
1.1706528e-08
-6.4467547e-05
-6.4131562e-05
-1.9307317e-09
-6.6955847e-05
-9.3425855e-09
-6.7285011e-05
2.8590004e-09
-6.7455133e-05
-2.1033894e-09
-6.7170374e-05
-4.3216254e-14
-6.7278751e-05
2.10217e-09
-6.7279054e-05
-2.8599174e-09
-6.7170527e-05
9.3408104e-09
-6.7455056e-05
1.9297498e-09
-6.7284497e-05
-6.6955878e-05
-1.2981026e-08
-6.869445e-05
-8.5453643e-09
-6.9040154e-05
-1.9094537e-09
-6.9215343e-05
-2.4759679e-09
-6.8919438e-05
-3.2620246e-13
-6.903327e-05
2.4750304e-09
-6.903357e-05
1.9089451e-09
-6.8919582e-05
8.544138e-09
-6.9215271e-05
1.2979419e-08
-6.9039644e-05
-6.8694483e-05
5.896951e-10
-6.9859441e-05
-9.3602396e-09
-7.0193883e-05
4.0628521e-09
-7.039528e-05
-2.0514058e-09
-7.0076015e-05
-3.9282296e-13
-7.0200413e-05
2.050497e-09
-7.0200732e-05
-4.0634825e-09
-7.0076148e-05
9.3591772e-09
-7.0395211e-05
-5.9132475e-10
-7.019336e-05
-6.9859468e-05
-1.4775273e-08
-7.1486965e-05
-8.296791e-09
-7.1842874e-05
-2.8671126e-09
-7.2041463e-05
-2.6152299e-09
-7.1719038e-05
-8.1296462e-13
-7.184549e-05
2.6147432e-09
-7.1845834e-05
2.8670236e-09
-7.1719157e-05
8.2963564e-09
-7.2041402e-05
1.4772612e-08
-7.184235e-05
-7.1486986e-05
3.8838081e-09
-7.3585418e-05
-9.3966953e-09
-7.3923104e-05
5.6384793e-09
-7.4154656e-05
-1.9643712e-09
-7.3803808e-05
-8.3031649e-13
-7.3942872e-05
1.9638075e-09
-7.3943285e-05
-5.6388341e-09
-7.3803913e-05
9.3963563e-09
-7.41546e-05
-3.8865125e-09
-7.392255e-05
-7.3585428e-05
-1.7226796e-08
-7.6633901e-05
-8.0235758e-09
-7.6997752e-05
-4.170071e-09
-7.7223357e-05
-2.7891217e-09
-7.6870885e-05
-1.3957327e-12
-7.7011165e-05
2.7892139e-09
-7.7011652e-05
4.1704092e-09
-7.6870973e-05
8.023933e-09
-7.7223308e-05
1.722303e-08
-7.6997185e-05
-7.6633901e-05
7.9471824e-09
-7.926744e-05
-9.4415227e-09
-7.9603574e-05
7.6553221e-09
-7.9874107e-05
-1.8255161e-09
-7.9482637e-05
-1.4307618e-12
-7.9639622e-05
1.8254143e-09
-7.9640245e-05
-7.6553701e-09
-7.9482708e-05
9.4419464e-09
-7.9874063e-05
-7.9510605e-09
-7.9602963e-05
-7.9267424e-05
-2.0501027e-08
-8.1826702e-05
-7.7228367e-09
-8.2194868e-05
-5.9107783e-09
-8.2458912e-05
-2.9955861e-09
-8.206364e-05
-2.1600571e-12
-8.222239e-05
2.9964579e-09
-8.2223138e-05
5.9116065e-09
-8.2063693e-05
7.7239703e-09
-8.2458874e-05
2.0496124e-08
-8.2194245e-05
-8.1826671e-05
1.2998915e-08
-8.3443e-05
-9.5042066e-09
-8.3773509e-05
1.0223876e-08
-8.4090631e-05
-1.6264469e-09
-8.3651702e-05
-2.3236648e-12
-8.3828244e-05
1.6268963e-09
-8.3829185e-05
-1.0223469e-08
-8.3651737e-05
9.5054224e-09
-8.4090599e-05
-1.300402e-08
-8.3772859e-05
-8.3442947e-05
-2.4794341e-08
-8.494398e-05
-7.4190736e-09
-8.5316202e-05
-8.1603749e-09
-8.5618436e-05
-3.2454613e-09
-8.5182531e-05
-3.1543786e-12
-8.5357267e-05
3.2472987e-09
-8.535835e-05
8.1618375e-09
-8.5182544e-05
7.4208946e-09
-8.5618412e-05
2.4788376e-08
-8.5315574e-05
-8.4943907e-05
1.9267212e-08
-8.6245827e-05
-9.5759111e-09
-8.6568811e-05
1.3448089e-08
-8.6931374e-05
-1.3516283e-09
-8.6449596e-05
-3.6034423e-12
-8.664188e-05
1.3525392e-09
-8.6643158e-05
-1.3446948e-08
-8.6449588e-05
9.5778299e-09
-8.6931358e-05
-1.9273427e-08
-8.6568226e-05
-8.624573e-05
-3.0347952e-08
-8.8478568e-05
-7.1339758e-09
-8.8856248e-05
-1.1010714e-08
-8.9188084e-05
-3.5485632e-09
-8.8724043e-05
-4.3507757e-12
-8.8907538e-05
3.5513722e-09
-8.8908908e-05
1.1013028e-08
-8.8724009e-05
7.1362025e-09
-8.918808e-05
3.034126e-08
-8.8855758e-05
-8.8478453e-05
2.7016857e-08
-9.0598083e-05
-9.6203056e-09
-9.0911059e-05
1.7412681e-08
-9.1314992e-05
-9.6979947e-10
-9.0798621e-05
-5.2117468e-12
-9.1001402e-05
9.7076944e-10
-9.100287e-05
-1.7410479e-08
-9.0798557e-05
9.6225755e-09
-9.1315006e-05
-2.7023675e-08
-9.0910731e-05
-9.0597953e-05
-3.7457445e-08
-9.3947883e-05
-6.8684814e-09
-9.4330799e-05
-1.4603253e-08
-9.4688158e-05
-3.9024024e-09
-9.4202411e-05
-5.5716852e-12
-9.4390669e-05
3.9058006e-09
-9.4392098e-05
1.4606607e-08
-9.4202315e-05
6.8705838e-09
-9.468819e-05
3.7450723e-08
-9.4330645e-05
-9.3947746e-05
3.6570568e-08
-9.6464251e-05
-9.6066801e-09
-9.6763395e-05
2.222867e-08
-9.7204621e-05
-4.3630848e-10
-9.6661127e-05
-6.8358979e-12
-9.6870535e-05
4.3642729e-10
-9.6871839e-05
-2.2225191e-08
-9.6660992e-05
9.6086416e-09
-9.7204681e-05
-3.6576981e-08
-9.6763523e-05
-9.6464119e-05
-4.6474198e-08
-9.9809035e-05
-6.6316938e-09
-0.00010019688
-1.909257e-08
-0.00010057414
-4.3086672e-09
-0.00010007381
-6.4245726e-12
-0.00010026383
4.3118241e-09
-0.00010026491
1.9096961e-08
-0.00010007364
6.6330323e-09
-0.00010057422
4.6468422e-08
-0.00010019721
-9.9808909e-05
4.8321811e-08
-0.00010206032
-9.5068459e-09
-0.00010234164
2.803067e-08
-0.00010281301
2.0021466e-10
-0.00010225229
-7.849411e-12
-0.00010246516
-2.0072716e-10
-0.00010246579
-2.8026042e-08
-0.00010225207
9.5076854e-09
-0.00010281312
-4.8326462e-08
-0.0001023423
-0.00010206022
-5.7813681e-08
-0.00010507267
-6.4541952e-09
-0.00010546628
-2.4631768e-08
-0.00010585146
-4.7832751e-09
-0.00010534973
-6.3547689e-12
-0.0001055375
4.7851054e-09
-0.00010553771
2.4636859e-08
-0.00010534948
6.4543102e-09
-0.00010585159
5.7809782e-08
-0.00010546711
-0.00010507259
6.2741421e-08
-0.0001070584
-9.2734069e-09
-0.00010731719
3.4952437e-08
-0.00010781051
7.7502951e-10
-0.00010724232
-7.3125106e-12
-0.00010745734
-7.7612691e-10
-0.00010745679
-3.4947336e-08
-0.00010724202
9.2724229e-09
-0.00010781067
-6.2743027e-08
-0.00010731829
-0.00010705836
-7.19709e-08
-0.0001098689
-6.3711802e-09
-0.00011026858
-3.1393154e-08
-0.00011065202
-5.345541e-09
-0.00011015767
-4.7300039e-12
-0.0001103424
5.3451468e-09
-0.00011034135
3.1398213e-08
-0.00011015734
6.3699608e-09
-0.00011065219
7.1969374e-08
-0.00011026975
-0.00010986888
8.0394083e-08
-0.00011162869
-8.8485377e-09
-0.00011185871
4.314675e-08
-0.00011237095
1.5125768e-09
-0.00011179831
-3.8295954e-12
-0.00011201738
-1.5155915e-09
-0.00011201546
-4.3142438e-08
-0.00011179794
8.8453737e-09
-0.00011237114
-8.0391957e-08
-0.00011186
-0.00011162871
-8.9531767e-08
-0.00011416223
-6.4272909e-09
-0.00011456811
-3.9551553e-08
-0.00011494545
-6.0173093e-09
-0.00011446032
-2.0648017e-12
-0.000114644
6.0145551e-09
-0.00011464174
3.9555575e-08
-0.00011445994
6.4248848e-09
-0.00011494562
8.9532481e-08
-0.00011456936
-0.00011416225
1.0195404e-07
-0.00011574223
-8.1720919e-09
-0.00011593591
5.2799676e-08
-0.00011647099
2.4024207e-09
-0.00011588903
-8.9504203e-13
-0.00011611671
-2.408461e-09
-0.00011611395
-5.2797822e-08
-0.00011588865
8.1667976e-09
-0.00011647116
-1.0194838e-07
-0.00011593711
-0.00011574228
-1.1118935e-07
-0.00011822586
-6.6864676e-09
-0.00011863862
-4.927432e-08
-0.0001190092
-6.8266904e-09
-0.00011853048
-2.725369e-13
-0.00011871642
6.8226193e-09
-0.00011871377
4.9276372e-08
-0.00011853012
6.6831023e-09
-0.00011900934
1.1119169e-07
-0.00011863967
-0.0001182259
1.2822129e-07
-0.00011973313
-7.1748312e-09
-0.00011988057
6.4131055e-08
-0.00012044951
3.44465e-09
-0.00011984532
3.4223716e-12
-0.00012008957
-3.4530342e-09
-0.00012008732
-6.4133245e-08
-0.000119845
7.1677916e-09
-0.00012044962
-1.2821308e-07
-0.00011988139
-0.00011973317
-1.3777126e-07
-0.00012203329
-7.2186584e-09
-0.00012245128
-6.0751204e-08
-0.00012282419
-7.7996433e-09
-0.00012233694
1.535628e-12
-0.00012253428
7.7963909e-09
-0.0001225326
6.0750934e-08
-0.00012233668
7.2146756e-09
-0.00012282427
1.3777434e-07
-0.00012245184
-0.00012203331
1.6015418e-07
-0.00012325491
-5.7834596e-09
-0.00012334121
7.742399e-08
-0.00012396578
4.6293454e-09
-0.0001233133
7.0418378e-12
-0.0001235899
-4.6364741e-09
-0.00012358958
-7.7430882e-08
-0.00012331312
5.7756304e-09
-0.00012396582
-1.6014527e-07
-0.00012334127
-0.0001232549
-1.702593e-07
-0.00012460032
-8.1010986e-09
-0.00012501786
-7.4179555e-08
-0.0001254137
-8.9605048e-09
-0.00012488868
1.7316392e-12
-0.00012511491
8.9600935e-09
-0.00012511526
7.417758e-08
-0.00012488856
8.0971005e-09
-0.00012541371
1.7026189e-07
-0.00012501761
-0.00012460029
1.98898e-07
-0.00012537527
-3.8882017e-09
-0.00012537929
9.3026144e-08
-0.00012609463
5.9212894e-09
-0.00012535312
4.4899579e-12
-0.00012568658
-5.9225857e-09
-0.00012568842
-9.3036378e-08
-0.00012535308
3.8813647e-09
-0.00012609462
-1.9889175e-07
-0.00012537833
-0.00012537518
-2.0980632e-07
-0.00012593225
-9.4378868e-09
-0.0001263422
-8.9735664e-08
-0.00012678691
-1.0340913e-08
-0.00012618992
1.5380123e-13
-0.00012646546
1.0343515e-08
-0.00012646753
8.9733323e-08
-0.00012618991
9.4343962e-09
-0.00012678689
2.0980725e-07
-0.00012634106
-0.00012593214
2.4579731e-07
-0.0001265519
-1.1287416e-09
-0.00012644996
1.1130765e-07
-0.00012730052
7.2901206e-09
-0.00012642473
-5.102101e-13
-0.00012683816
-7.2854381e-09
-0.00012684054
-1.1131738e-07
-0.00012642474
1.1235471e-09
-0.00012730048
-2.4579797e-07
-0.00012644844
-0.00012655172
-2.5777984e-07
-0.00012740161
-1.1353552e-08
-0.0001278009
-1.0762723e-07
-0.0001283214
-1.1961282e-08
-0.00012762269
-7.6581596e-13
-0.00012795997
1.1964716e-08
-0.00012796204
1.0762555e-07
-0.00012762272
1.1350042e-08
-0.00012832136
2.5777958e-07
-0.00012779948
-0.00012740142
3.0241269e-07
-0.00012812633
1.6832815e-09
-0.00012790202
1.3263481e-07
-0.00012892564
8.7651536e-09
-0.00012789136
-6.2889943e-12
-0.00012838305
-8.760971e-09
-0.00012838384
-1.3263917e-07
-0.00012789134
-1.6825958e-09
-0.0001289256
-3.0242147e-07
-0.00012790095
-0.00012812611
-3.1582613e-07
-0.00012946097
-1.396831e-08
-0.0001298581
-1.2815359e-07
-0.00013046854
-1.3799737e-08
-0.00012966288
7.8945189e-14
-0.00013004827
1.3801707e-08
-0.00013004883
1.2815189e-07
-0.00012966286
1.3963095e-08
-0.00013046849
3.1582731e-07
-0.00012985707
-0.00012946076
3.7051974e-07
-0.0001302723
4.7147477e-09
-0.00012992753
1.5726477e-07
-0.00013111524
1.0496024e-08
-0.00012996187
-6.8335882e-12
-0.00013048255
-1.0498481e-08
-0.00013048194
-1.57261e-07
-0.00012996179
-4.7097162e-09
-0.00013111518
-3.7053285e-07
-0.00012992658
-0.0001302721
-3.8591639e-07
-0.00013174996
-1.7376431e-08
-0.0001321706
-1.5170036e-07
-0.00013283582
-1.5810121e-08
-0.00013197776
1.5649006e-12
-0.0001323601
1.581214e-08
-0.00013235968
1.5169612e-07
-0.00013197768
1.7368767e-08
-0.00013283575
3.8592e-07
-0.00013216945
-0.00013174978
4.5209312e-07
-0.00013262684
8.6373847e-09
-0.00013217005
1.8506822e-07
-0.00013343372
1.2784601e-08
-0.00013227934
-3.9354329e-12
-0.00013275868
-1.2791409e-08
-0.00013275869
-1.8505671e-07
-0.00013227927
-8.6255313e-09
-0.00013343361
-4.5211115e-07
-0.00013216806
-0.00013262672
-4.7034195e-07
-0.00013445611
-2.1659741e-08
-0.00013492756
-1.7863694e-07
-0.0001355551
-1.8036032e-08
-0.00013475099
1.2967457e-12
-0.00013507578
1.8040797e-08
-0.00013507528
1.7862821e-07
-0.00013475089
2.1649033e-08
-0.000135555
4.7034623e-07
-0.00013492624
-0.00013445601
5.4952355e-07
-0.00013545205
1.3830338e-08
-0.00013486028
2.1547493e-07
-0.0001361089
1.5902304e-08
-0.00013504569
-3.7863912e-12
-0.00013548143
-1.5909011e-08
-0.00013548031
-2.1545497e-07
-0.00013504561
-1.3808212e-08
-0.00013610885
-5.4955306e-07
-0.0001348606
-0.00013545204
-5.715758e-07
-0.00013717771
-2.7152349e-08
-0.00013771027
-2.0888137e-07
-0.00013822287
-2.0733572e-08
-0.00013754198
3.6101253e-12
-0.00013779952
2.0737432e-08
-0.00013779913
2.0886707e-07
-0.00013754186
2.7133661e-08
-0.00013822284
5.7158528e-07
-0.00013770952
-0.00013717773
6.6599111e-07
-0.00013831661
2.0930361e-08
-0.00013753508
2.4803984e-07
-0.00013882927
1.9722303e-08
-0.0001377785
1.1022562e-12
-0.00013824577
-1.9738186e-08
-0.00013824209
-2.4801122e-07
-0.00013777838
-2.0910879e-08
-0.00013882939
-6.6601148e-07
-0.0001375398
-0.00013831677
-6.9300311e-07
-0.00013882545
-3.4088651e-08
-0.00013941608
-2.4261255e-07
-0.00013980486
-2.3657522e-08
-0.00013922402
4.7811905e-12
-0.00013950978
2.3665557e-08
-0.00013946554
2.4259121e-07
-0.00013922389
3.4066623e-08
-0.00013980495
6.9301033e-07
-0.00013947622
-0.0001388256
8.0590362e-07
-0.00014007918
2.9677657e-08
-0.00013907472
2.842633e-07
-0.00014051833
2.3200762e-08
-0.00013937559
-6.929278e-12
-0.0001398167
-2.3207661e-08
-0.00013989325
-2.8423898e-07
-0.00013937562
-2.964827e-08
-0.00014051836
-8.0590866e-07
-0.00013897896
-0.00014007929
-8.3891834e-07
-0.00014069883
-4.1957119e-08
-0.00014151398
-2.8115341e-07
-0.00014125983
-2.6261281e-08
-0.00014135957
-2.1355509e-10
-0.00013953053
2.6432333e-08
-0.00014129577
2.8113458e-07
-0.00014135945
4.2142533e-08
-0.0001412602
8.3871257e-07
-0.00013923295
-0.00014069925
9.7501776e-07
-0.00014033502
3.8926297e-08
-0.00013896501
3.2738128e-07
-0.00014083198
2.5747745e-08
-0.00013928849
2.9989987e-10
-0.00014100357
-2.5959233e-08
-0.00014003037
-3.2735703e-07
-0.00013928852
-3.9148525e-08
-0.00014083193
-9.7480678e-07
-0.00013995941
-0.00014033504
-1.0063082e-06
-0.00012545932
-5.3602251e-08
-0.00012523906
-3.2350195e-07
-0.00013164951
-3.3510751e-08
-0.00012486892
3.1394044e-09
-0.00015685866
3.0780827e-08
-0.00012696193
3.2362572e-07
-0.00012486956
5.1362792e-08
-0.00013164512
1.0083125e-06
-0.00015707966
-0.00012545634
1.1712813e-06
-0.00014197243
5.208093e-08
-0.00014026688
3.7497337e-07
-0.0001423634
3.3401318e-08
-0.00014069591
-3.2163809e-09
-0.00014150368
-3.0601784e-08
-0.00014150285
-3.7509571e-07
-0.00014069591
-4.980057e-08
-0.00014236339
-1.1733189e-06
-0.0001403084
-0.00014197254
-1.2122344e-06
-0.00015777961
-6.9836773e-08
-0.00015859185
-3.6220766e-07
-0.00015901947
-3.3406551e-08
-0.0001581755
-3.2812348e-09
-0.0001271316
3.5488151e-08
-0.00015861122
3.6196611e-07
-0.0001581754
7.2306621e-08
-0.00015902019
1.210111e-06
-0.00012719874
-0.00015777993
1.4092974e-06
-0.00014362956
7.0341491e-08
-0.00014164993
4.1755535e-07
-0.00014373318
3.3685047e-08
-0.00014225605
3.2838019e-09
-0.00014285352
-3.5772927e-08
-0.00014293271
-4.1733181e-07
-0.0001422561
-7.282104e-08
-0.00014373314
-1.4071572e-06
-0.00014156901
-0.00014362957
-1.459022e-06
-0.00012778674
-8.6453196e-08
-0.00012861272
-4.0685289e-07
-0.00012877978
-4.3926246e-08
-0.00012831401
3.2229709e-09
-0.00015852216
4.1338327e-08
-0.00012848473
4.0692872e-07
-0.0001283144
8.4317124e-08
-0.00012877959
1.4611307e-06
-0.00015854791
-0.00012778663
1.6944952e-06
-0.00014457277
8.9549921e-08
-0.00014222607
4.6513982e-07
-0.00014451935
4.4500089e-08
-0.00014293533
-3.1880662e-09
-0.00014374603
-4.1941358e-08
-0.00014364663
-4.6521984e-07
-0.00014293536
-8.7434266e-08
-0.00014451931
-1.6965661e-06
-0.0001423241
-0.00014457275
-1.7486979e-06
-0.00015641007
-1.0590337e-07
-0.00015754226
-4.5702216e-07
-0.00015805064
-4.5107704e-08
-0.00015687126
-2.8929864e-09
-0.00012977227
4.6988534e-08
-0.00015741378
4.5681884e-07
-0.00015687127
1.0793694e-07
-0.00015805094
1.7468541e-06
-0.00012997741
-0.00015641016
2.0304769e-06
-0.00014491567
1.1310505e-07
-0.00014216713
5.1734859e-07
-0.00014464252
4.6545994e-08
-0.00014296597
2.8704709e-09
-0.00014360707
-4.8459979e-08
-0.000143725
-5.1713327e-07
-0.00014296601
-1.1512387e-07
-0.00014464254
-2.0286358e-06
-0.00014205153
-0.00014491574
-2.1015297e-06
-0.00013048721
-1.2669955e-07
-0.00013161418
-5.0939835e-07
-0.0001314924
-5.5142705e-08
-0.00013117554
2.5985611e-09
-0.00015584005
5.315274e-08
-0.00013129134
5.0947221e-07
-0.00013117569
1.2493209e-07
-0.00013149233
2.1032107e-06
-0.00015620036
-0.00013048713
2.4354075e-06
-0.00014503513
1.3945652e-07
-0.00014182484
5.7024071e-07
-0.00014446063
5.7679139e-08
-0.00014279191
-2.5946714e-09
-0.00014366117
-5.5697566e-08
-0.00014355342
-5.7031037e-07
-0.000142792
-1.3769047e-07
-0.00014446065
-2.4371117e-06
-0.00014192953
-0.0001450351
-2.519722e-06
-0.00015380939
-1.5040415e-07
-0.00015567972
-5.6479651e-07
-0.00015604654
-5.8004456e-08
-0.00015447338
-2.2351038e-09
-0.00013353976
5.9590145e-08
-0.00015512859
5.6459415e-07
-0.00015447327
1.5195156e-07
-0.0001560466
2.5182881e-06
-0.00013391161
-0.00015380945
2.9190879e-06
-0.00014606992
1.7096647e-07
-0.00014228457
6.2325735e-07
-0.00014529514
6.2174363e-08
-0.00014352642
2.2126708e-09
-0.00014423078
-6.373489e-08
-0.00014431503
-6.2305561e-07
-0.00014352645
-1.7246775e-07
-0.0001452951
-2.9176559e-06
-0.00014220465
-0.0001460698
-3.0212552e-06
-0.00013536547
-1.7954344e-07
-0.00013670483
-6.1800514e-07
-0.00013645045
-6.8002252e-08
-0.0001362497
2.0457821e-09
-0.00015550097
6.6472987e-08
-0.0001363264
6.1805919e-07
-0.00013625
1.780728e-07
-0.00013645017
3.0226615e-06
-0.00015628074
-0.00013536508
3.4954841e-06
-0.00014766638
2.0938738e-07
-0.00014319726
6.7137793e-07
-0.00014679907
7.4158861e-08
-0.00014462956
-2.0428945e-09
-0.00014570739
-7.2660235e-08
-0.00014563964
-6.7142676e-07
-0.00014462951
-2.0794993e-07
-0.00014679908
-3.4968858e-06
-0.00014325362
-0.00014766628
-3.6131229e-06
-0.00015452309
-2.1683329e-07
-0.00015769946
-6.653706e-07
-0.00015763425
-7.4637671e-08
-0.00015564978
-1.7574219e-09
-0.000139363
7.5914215e-08
-0.00015658928
6.6522126e-07
-0.00015564885
2.180464e-07
-0.00015763513
3.6119377e-06
-0.00013969333
-0.00015452389
4.1858236e-06
-0.00014988373
2.5558093e-07
-0.0001442814
7.1420426e-07
-0.00014883924
8.1533446e-08
-0.00014616404
1.7534265e-09
-0.00014735167
-8.2819439e-08
-0.00014743285
-7.1403215e-07
-0.00014616419
-2.5677304e-07
-0.00014883919
-4.1846328e-06
-0.00014420774
-0.00014988371
-4.3042776e-06
-0.0001411471
-2.6560742e-07
-0.00014252947
-7.0963459e-07
-0.00014236266
-8.8680499e-08
-0.00014212678
1.5440754e-09
-0.00015653039
8.7593692e-08
-0.00014223249
7.0967766e-07
-0.00014212718
2.6447205e-07
-0.00014236232
4.3053619e-06
-0.00015806637
-0.0001411469
4.9946135e-06
-0.00015199108
3.1067126e-07
-0.00014508808
7.5558287e-07
-0.00015036799
9.478537e-08
-0.00014783372
-1.5310097e-09
-0.00014934492
-9.3701274e-08
-0.00014919994
-7.5560207e-07
-0.00014783369
-3.0951463e-07
-0.00015036822
-4.9957228e-06
-0.00014522726
-0.00015199124
-5.1515536e-06
-0.00014914831
-3.1683447e-07
-0.00015487342
-7.4166459e-07
-0.00015438258
-9.9455119e-08
-0.00015160142
-8.6347995e-10
-0.00014487165
1.0013839e-07
-0.00015289838
7.41581e-07
-0.00015160014
3.1753681e-07
-0.00015438353
5.1508169e-06
-0.00014520288
-0.00014914879
5.9922219e-06
-0.00015366378
3.6854611e-07
-0.00014512139
7.7237896e-07
-0.00015087183
1.0544977e-07
-0.00014905719
8.4839954e-10
-0.00014970149
-1.0613041e-07
-0.00014987616
-7.7228781e-07
-0.00014905744
-3.6923508e-07
-0.00015087177
-5.9914832e-06
-0.00014492682
-0.00015366368
-6.1827477e-06
-0.00014571279
-3.7565307e-07
-0.00014855447
-7.5200929e-07
-0.0001486307
-1.1115845e-07
-0.00014750416
8.335181e-11
-0.00014811031
1.111426e-07
-0.00014810974
7.5194615e-07
-0.00014750483
3.7542532e-07
-0.00014862938
6.1829462e-06
-0.00014897078
-0.00014571201
7.2103036e-06
-0.00015405874
4.4612947e-07
-0.00014266234
7.3634531e-07
-0.00014997197
1.2261409e-07
-0.00014752938
-7.4714862e-11
-0.00014879778
-1.2257482e-07
-0.00014879768
-7.3627737e-07
-0.00014752945
-4.4587761e-07
-0.00014997205
-7.2105268e-06
-0.0001426793
-0.00015405886
-7.3887664e-06
-0.00014475979
-4.5724768e-07
-0.00014830464
-7.2946895e-07
-0.00014810627
-1.2915028e-07
-0.00014671701
3.6559194e-11
-0.00014736507
1.292109e-07
-0.00014735669
7.2945452e-07
-0.0001467165
4.5725822e-07
-0.00014810701
7.388692e-06
-0.00014832716
-0.00014476061
8.7079581e-06
-0.00015377187
5.1996234e-07
-0.00014039852
6.6662215e-07
-0.00014873989
1.384549e-07
-0.00014653533
-3.3936923e-11
-0.00014761073
-1.3850687e-07
-0.00014761047
-6.6659319e-07
-0.00014653538
-5.2001465e-07
-0.00014874013
-8.7078073e-06
-0.00014040138
-0.00015377212
-8.8468592e-06
-0.00014437947
-5.3813518e-07
-0.00014882601
-6.7952748e-07
-0.00014838313
-1.4571317e-07
-0.0001469359
4.6246389e-11
-0.0001475871
1.4575574e-07
-0.00014759274
6.7944849e-07
-0.00014693619
5.3799238e-07
-0.00014838286
8.8470477e-06
-0.00014880979
-0.00014437925
1.056919e-05
-0.00015584245
5.9181459e-07
-0.00013980704
5.4177908e-07
-0.00014945074
1.5296111e-07
-0.00014760869
-8.2778679e-11
-0.00014854461
-1.5292662e-07
-0.00014854585
-5.41729e-07
-0.00014760874
-5.9166593e-07
-0.00014945064
-1.0569364e-05
-0.00013979994
-0.00015584225
-1.0642923e-05
-0.00014561568
-6.1847887e-07
-0.00015113538
-5.7979037e-07
-0.00015040862
-1.6096031e-07
-0.00014893575
3.3061317e-11
-0.0001496236
1.6103668e-07
-0.00014961987
5.7970211e-07
-0.00014893538
6.1851702e-07
-0.00015040877
1.0642888e-05
-0.00015114
-0.00014561544
1.288047e-05
-0.00015968145
6.5586944e-07
-0.00014044724
3.2581041e-07
-0.0001519005
1.6602233e-07
-0.00015055724
-2.9374341e-11
-0.00015127107
-1.6610283e-07
-0.00015127045
-3.2569026e-07
-0.00015055716
-6.5586553e-07
-0.00015190066
-1.2880505e-05
-0.00014045232
-0.00015968172
-1.2880313e-05
-0.00014849076
-6.8882033e-07
-0.00015437942
-4.0084099e-07
-0.00015344174
-1.7526121e-07
-0.00015198448
7.7282082e-11
-0.00015263932
1.7519237e-07
-0.0001526437
4.0083078e-07
-0.00015198458
6.8866311e-07
-0.00015344173
1.2880488e-05
-0.00015438255
-0.00014849095
1.5636843e-05
-0.00016579517
7.0477378e-07
-0.00014130467
-3.4638127e-08
-0.00015492061
1.7834393e-07
-0.00015439971
-6.4131882e-11
-0.00015468926
-1.7829624e-07
-0.00015468885
3.4666459e-08
-0.00015439975
-7.0469691e-07
-0.0001549206
-1.5636954e-05
-0.00014130664
-0.00016579528
-1.7460302e-05
-0.00014957853
-7.2401367e-07
-0.00015947995
-1.0682805e-07
-0.00015596343
-1.8610635e-07
-0.00015455257
1.4951862e-11
-0.00015510089
1.8616156e-07
-0.0001550982
1.0674346e-07
-0.00015455245
7.2392579e-07
-0.00015596325
1.7460432e-05
-0.0001593171
-0.00014957821
2.4216126e-06
6.7792078e-07
-5.8683564e-07
1.8773639e-07
-1.232866e-11
-1.8776185e-07
5.868833e-07
-6.7786773e-07
-2.4217174e-06
)
;

boundaryField
{
    left
    {
        type            calculated;
        value           uniform 0;
    }
    right
    {
        type            calculated;
        value           uniform 0;
    }
    walls
    {
        type            calculated;
        value           uniform 0;
    }
    centreline
    {
        type            calculated;
        value           nonuniform List<scalar> 
20
(
-0.00015579495
-0.00015579505
-0.00015987478
-0.0001598753
-0.00015763426
-0.0001576343
-0.00015843984
-0.00015843998
-0.00015802965
-0.00015802967
-0.0001580301
-0.00015802983
-0.00015844006
-0.00015844006
-0.00015763417
-0.00015763422
-0.00015987456
-0.00015987457
-0.00015579495
-0.00015579495
)
;
    }
    frontAndBack
    {
        type            calculated;
        value           uniform 0;
    }
}


// ************************************************************************* //
