/*--------------------------------*- C++ -*----------------------------------*\
  =========                 |
  \\      /  F ield         | OpenFOAM: The Open Source CFD Toolbox
   \\    /   O peration     | Website:  https://openfoam.org
    \\  /    A nd           | Version:  8
     \\/     M anipulation  |
\*---------------------------------------------------------------------------*/
FoamFile
{
    version     2.0;
    format      ascii;
    class       volVectorField;
    location    "1";
    object      U;
}
// * * * * * * * * * * * * * * * * * * * * * * * * * * * * * * * * * * * * * //

dimensions      [0 1 -1 0 0 0 0];

internalField   nonuniform List<vector> 
2000
(
(-1.6530402e-05 0.00010931464 -3.0819421e-05)
(-2.716715e-06 0.00010997629 -3.0873451e-05)
(-3.6566049e-07 0.00010947967 -3.0868705e-05)
(3.4852418e-07 0.00010985476 -3.0870496e-05)
(-9.151828e-07 0.00010967939 -3.0870474e-05)
(9.1735811e-07 0.00010967888 -3.0871631e-05)
(-3.5134583e-07 0.00010985464 -3.087201e-05)
(3.6244118e-07 0.0001094798 -3.0868374e-05)
(2.715916e-06 0.00010997701 -3.0872333e-05)
(1.6533542e-05 0.00010931477 -3.0820883e-05)
(-3.534158e-05 -0.00041999953 -6.5887797e-05)
(-6.9219194e-06 -0.00042107634 -6.6009953e-05)
(-1.0556466e-06 -0.00042047612 -6.6007349e-05)
(1.0341595e-06 -0.0004207472 -6.6006952e-05)
(-2.5189557e-06 -0.0004206109 -6.6007771e-05)
(2.5209232e-06 -0.00042061216 -6.6008605e-05)
(-1.036524e-06 -0.00042074774 -6.6008189e-05)
(1.0530044e-06 -0.00042047583 -6.6007096e-05)
(6.9211255e-06 -0.00042107482 -6.6009187e-05)
(3.5344224e-05 -0.00041999948 -6.5889042e-05)
(-2.7641145e-05 -0.00061209197 -4.9311599e-05)
(-9.2828656e-06 -0.00061351464 -4.9429389e-05)
(-1.5021444e-06 -0.00061329751 -4.9426889e-05)
(1.4252725e-06 -0.00061266971 -4.9426519e-05)
(-3.4492276e-06 -0.00061292447 -4.9427287e-05)
(3.4511934e-06 -0.00061292682 -4.9428109e-05)
(-1.4276346e-06 -0.00061267078 -4.942776e-05)
(1.4994693e-06 -0.00061329695 -4.9426635e-05)
(9.2820687e-06 -0.00061351182 -4.9428631e-05)
(2.7643783e-05 -0.00061209185 -4.9312844e-05)
(-1.6187887e-05 -0.0010043274 -2.6108706e-05)
(-1.0404381e-05 -0.0010069622 -2.6186518e-05)
(-1.7511304e-06 -0.0010059016 -2.6186587e-05)
(1.6335788e-06 -0.0010059973 -2.618441e-05)
(-3.9361198e-06 -0.0010058996 -2.6186136e-05)
(3.9380474e-06 -0.0010059029 -2.618688e-05)
(-1.6358681e-06 -0.0010059987 -2.6185625e-05)
(1.7484866e-06 -0.0010059009 -2.6186343e-05)
(1.0403581e-05 -0.0010069583 -2.6185844e-05)
(1.6190493e-05 -0.0010043273 -2.610994e-05)
(-9.21357e-06 -0.0012357498 -1.2109511e-05)
(-1.0818713e-05 -0.0012380618 -1.215638e-05)
(-1.8658643e-06 -0.0012379635 -1.215432e-05)
(1.691127e-06 -0.0012367695 -1.2154529e-05)
(-4.1266996e-06 -0.0012372342 -1.2155106e-05)
(4.1285745e-06 -0.001237238 -1.2155764e-05)
(-1.6933342e-06 -0.0012367713 -1.2155709e-05)
(1.8632783e-06 -0.0012379626 -1.2154088e-05)
(1.08179e-05 -0.0012380572 -1.2155794e-05)
(9.2161392e-06 -0.0012357499 -1.2110721e-05)
(-5.2387674e-06 -0.0014507726 -4.4941344e-06)
(-1.0877888e-05 -0.0014544239 -4.5168291e-06)
(-1.9028092e-06 -0.0014531845 -4.5178599e-06)
(1.7539109e-06 -0.0014532079 -4.5150263e-06)
(-4.2368231e-06 -0.0014530921 -4.5169646e-06)
(4.2386248e-06 -0.0014530969 -4.5175156e-06)
(-1.7560297e-06 -0.0014532102 -4.516162e-06)
(1.9003129e-06 -0.0014531834 -4.517643e-06)
(1.0877057e-05 -0.0014544183 -4.516353e-06)
(5.2412837e-06 -0.0014507727 -4.4953153e-06)
(-3.8845574e-06 -0.0013228248 -1.96199e-06)
(-1.0773798e-05 -0.0013252773 -1.9776509e-06)
(-1.91253e-06 -0.001325799 -1.9751067e-06)
(1.7253578e-06 -0.0013238113 -1.9762505e-06)
(-4.2318745e-06 -0.0013245901 -1.9763465e-06)
(4.2335864e-06 -0.0013245953 -1.9767708e-06)
(-1.7273832e-06 -0.0013238139 -1.9773335e-06)
(1.9101404e-06 -0.0013257977 -1.9749083e-06)
(1.0772948e-05 -0.0013252711 -1.9773058e-06)
(3.8870007e-06 -0.0013228253 -1.9631361e-06)
(-2.7640963e-06 -0.0012679721 -2.6382467e-07)
(-1.0619482e-05 -0.0012725432 -2.7000954e-07)
(-1.8941713e-06 -0.0012710624 -2.7223559e-07)
(1.7948029e-06 -0.0012712429 -2.6849089e-07)
(-4.2944311e-06 -0.0012710056 -2.7079865e-07)
(4.2960417e-06 -0.0012710114 -2.7108875e-07)
(-1.7967377e-06 -0.0012712458 -2.6951485e-07)
(1.8919004e-06 -0.001271061 -2.7205689e-07)
(1.0618605e-05 -0.0012725363 -2.6980137e-07)
(2.7664563e-06 -0.0012679727 -2.649282e-07)
(-2.846488e-06 -0.00085882684 -5.4968097e-07)
(-1.0427442e-05 -0.00086097303 -5.5970904e-07)
(-1.8887989e-06 -0.00086249573 -5.5602631e-07)
(1.7268006e-06 -0.0008593874 -5.5882836e-07)
(-4.2353902e-06 -0.00086063542 -5.5810059e-07)
(4.2368837e-06 -0.0008606414 -5.5823824e-07)
(-1.7286328e-06 -0.00085939069 -5.5978554e-07)
(1.88666e-06 -0.00086249419 -5.5587156e-07)
(1.042654e-05 -0.00086096593 -5.5966004e-07)
(2.8487478e-06 -0.00085882758 -5.5073996e-07)
(-2.0381576e-06 -0.00095221923 3.5582467e-07)
(-1.0254893e-05 -0.00095785408 3.5463286e-07)
(-1.8553256e-06 -0.00095583903 3.5029305e-07)
(1.8459738e-06 -0.00095657709 3.5586904e-07)
(-4.3322342e-06 -0.0009560403 3.5278616e-07)
(4.3336072e-06 -0.00095604655 3.5279792e-07)
(-1.8477105e-06 -0.00095658055 3.5498305e-07)
(1.8533242e-06 -0.00095583744 3.5042442e-07)
(1.0253956e-05 -0.00095784671 3.5452887e-07)
(2.0403179e-06 -0.00095222005 3.5481794e-07)
(-2.5413864e-06 -0.00053020849 -5.8782438e-07)
(-1.0045447e-05 -0.00053162942 -5.9802144e-07)
(-1.8560864e-06 -0.00053457787 -5.9245605e-07)
(1.717793e-06 -0.00052990806 -5.9776649e-07)
(-4.2190947e-06 -0.00053183344 -5.9581955e-07)
(4.2203347e-06 -0.0005318395 -5.9564819e-07)
(-1.7194187e-06 -0.00052991184 -5.9857561e-07)
(1.8542314e-06 -0.00053457619 -5.923517e-07)
(1.0044482e-05 -0.0005316222 -5.9829316e-07)
(2.5434329e-06 -0.00053020943 -5.8877915e-07)
(-1.4485153e-06 -0.0010527875 6.2688434e-07)
(-9.8877305e-06 -0.0010599963 6.2969344e-07)
(-1.8087056e-06 -0.0010568231 6.2238584e-07)
(1.923867e-06 -0.0010588139 6.3069294e-07)
(-4.3879588e-06 -0.0010576626 6.2642411e-07)
(4.389071e-06 -0.0010576688 6.2673474e-07)
(-1.9253984e-06 -0.0010588177 6.2996153e-07)
(1.8069962e-06 -0.0010568214 6.2246611e-07)
(9.886724e-06 -0.0010599891 6.2928019e-07)
(1.4504599e-06 -0.0010527886 6.2599046e-07)
(-2.3932302e-06 -0.00052264998 -8.6866546e-07)
(-9.6592411e-06 -0.0005228799 -8.805423e-07)
(-1.824556e-06 -0.00052785582 -8.7213206e-07)
(1.6884752e-06 -0.00052093429 -8.80963e-07)
(-4.1826349e-06 -0.00052385616 -8.7732366e-07)
(4.1836057e-06 -0.00052386174 -8.768716e-07)
(-1.6898904e-06 -0.00052093848 -8.8161304e-07)
(1.8229985e-06 -0.00052785411 -8.7207923e-07)
(9.658204e-06 -0.00052287326 -8.8110424e-07)
(2.395053e-06 -0.00052265139 -8.6950149e-07)
(-7.5962131e-07 -0.0014495093 9.9511295e-07)
(-9.5336422e-06 -0.0014588849 1.0027397e-06)
(-1.7539714e-06 -0.0014539057 9.9150406e-07)
(2.0419477e-06 -0.0014578324 1.0036249e-06)
(-4.4754227e-06 -0.001455754 9.976729e-07)
(4.4762686e-06 -0.0014557597 9.9822551e-07)
(-2.0432805e-06 -0.0014578365 1.0030535e-06)
(1.7525573e-06 -0.0014539041 9.9153627e-07)
(9.5325502e-06 -0.0014588784 1.0020818e-06)
(7.6134657e-07 -0.001449511 9.9434834e-07)
(-2.381652e-06 -0.00045958215 -1.3070908e-06)
(-9.2696822e-06 -0.00045792503 -1.321861e-06)
(-1.7962807e-06 -0.00046580523 -1.3094509e-06)
(1.6256341e-06 -0.00045564417 -1.3229386e-06)
(-4.1153742e-06 -0.00046001936 -1.3170761e-06)
(4.1160752e-06 -0.000460024 -1.3164239e-06)
(-1.6268485e-06 -0.00045564867 -1.3234293e-06)
(1.7950183e-06 -0.00046580357 -1.3094432e-06)
(9.2685537e-06 -0.00045791953 -1.3226197e-06)
(2.3832492e-06 -0.00045958436 -1.3077914e-06)
(8.366882e-08 -0.0017779887 1.5216394e-06)
(-9.200691e-06 -0.0017902024 1.5351357e-06)
(-1.6874887e-06 -0.0017826672 1.5190061e-06)
(2.2196226e-06 -0.0017893376 1.5360874e-06)
(-4.6113155e-06 -0.0017859613 1.527918e-06)
(4.6119052e-06 -0.0017859661 1.5286074e-06)
(-2.2207793e-06 -0.0017893418 1.5356711e-06)
(1.6863556e-06 -0.0017826657 1.5190009e-06)
(9.1994894e-06 -0.0017901969 1.5343593e-06)
(-8.215947e-08 -0.0017779911 1.5210243e-06)
(-2.5475791e-06 -6.1503575e-05 -1.932589e-06)
(-8.8735102e-06 -5.71239e-05 -1.9515618e-06)
(-1.7735208e-06 -6.885215e-05 -1.9339696e-06)
(1.5121578e-06 -5.4434583e-05 -1.953207e-06)
(-4.0026918e-06 -6.0739277e-05 -1.9446078e-06)
(4.0031339e-06 -6.0742701e-05 -1.9438714e-06)
(-1.5131912e-06 -5.44393e-05 -1.9535475e-06)
(1.7725364e-06 -6.8850611e-05 -1.9339939e-06)
(8.8722722e-06 -5.7119776e-05 -1.9523768e-06)
(2.5489496e-06 -6.150656e-05 -1.9331352e-06)
(1.1311829e-06 -0.0020332634 2.2419548e-06)
(-8.8951964e-06 -0.0020491445 2.2623992e-06)
(-1.6061123e-06 -0.0020380877 2.2405227e-06)
(2.4791252e-06 -0.0020485664 2.2636094e-06)
(-4.8149087e-06 -0.0020434042 2.2527266e-06)
(4.8152641e-06 -0.0020434082 2.2534239e-06)
(-2.48014e-06 -0.0020485706 2.263335e-06)
(1.6052343e-06 -0.0020380864 2.2404964e-06)
(8.8938629e-06 -0.00204914 2.2616636e-06)
(-1.1298775e-06 -0.0020332663 2.2415106e-06)
(-2.93733e-06 0.0005267759 -2.7695655e-06)
(-8.4646661e-06 0.00053480287 -2.7940806e-06)
(-1.7599994e-06 0.0005183639 -2.7702536e-06)
(1.3243801e-06 0.00053791548 -2.7961501e-06)
(-3.8243891e-06 0.0005292584 -2.7843804e-06)
(3.8245899e-06 0.00052925631 -2.7836846e-06)
(-1.3252569e-06 0.00053791074 -2.7963568e-06)
(1.7592735e-06 0.00051836527 -2.7702936e-06)
(8.4633033e-06 0.00053480562 -2.794796e-06)
(2.9384808e-06 0.00052677245 -2.7699392e-06)
(2.4380251e-06 -0.0025094874 3.188758e-06)
(-8.6194819e-06 -0.002530028 3.2172251e-06)
(-1.5080643e-06 -0.002514298 3.1889308e-06)
(2.8430654e-06 -0.0025298464 3.2188572e-06)
(-5.1064378e-06 -0.0025223196 3.2048522e-06)
(5.1065918e-06 -0.0025223227 3.2054319e-06)
(-2.8439795e-06 -0.0025298505 3.2187042e-06)
(1.5074082e-06 -0.0025142969 3.1889016e-06)
(8.6180046e-06 -0.0025300242 3.2166913e-06)
(-2.4369024e-06 -0.0025094906 3.188502e-06)
(-3.6036888e-06 0.0011111379 -3.8370168e-06)
(-8.0352003e-06 0.0011238871 -3.8683941e-06)
(-1.7601777e-06 0.0011016775 -3.8374937e-06)
(1.0322947e-06 0.0011274764 -3.8707116e-06)
(-3.5548257e-06 0.0011159339 -3.8554448e-06)
(3.5548096e-06 0.0011159332 -3.8549029e-06)
(-1.0330412e-06 0.0011274718 -3.870804e-06)
(1.7596855e-06 0.0011016787 -3.8375322e-06)
(8.0337102e-06 0.0011238886 -3.8688631e-06)
(3.6046292e-06 0.0011111342 -3.8372031e-06)
(4.0625193e-06 -0.0033330563 4.3824333e-06)
(-8.3781936e-06 -0.0033593294 4.4200008e-06)
(-1.3901587e-06 -0.0033378392 4.3848201e-06)
(3.3409996e-06 -0.0033595954 4.4221591e-06)
(-5.5122728e-06 -0.0033491739 4.4047356e-06)
(5.5122669e-06 -0.0033491761 4.4050943e-06)
(-3.3418594e-06 -0.0033595991 4.422106e-06)
(1.3896869e-06 -0.0033378383 4.3848062e-06)
(8.3765657e-06 -0.0033593265 4.4198068e-06)
(-4.0615543e-06 -0.0033330597 4.3823778e-06)
(-4.6070564e-06 0.0017800765 -5.1537366e-06)
(-7.5802316e-06 0.0017987793 -5.1932621e-06)
(-1.7771467e-06 0.0017694648 -5.1546867e-06)
(6.0437273e-07 0.001802949 -5.1956421e-06)
(-3.1665756e-06 0.0017878401 -5.1766587e-06)
(3.1663753e-06 0.0017878409 -5.1763613e-06)
(-6.0501927e-07 0.0018029446 -5.1956406e-06)
(1.7768593e-06 0.0017694658 -5.1547075e-06)
(7.5786123e-06 0.0017987796 -5.193365e-06)
(4.6077981e-06 0.0017800725 -5.1537246e-06)
(6.0682963e-06 -0.0043764316 5.8326984e-06)
(-8.1808259e-06 -0.0044095891 5.8804667e-06)
(-1.2473202e-06 -0.0043813797 5.8381149e-06)
(4.0118253e-06 -0.0044102949 5.8831979e-06)
(-6.0668085e-06 -0.0043965247 5.8621662e-06)
(6.0666921e-06 -0.004396526 5.8622225e-06)
(-4.0126832e-06 -0.0044102981 5.8832245e-06)
(1.2469958e-06 -0.004381379 5.838131e-06)
(8.1790367e-06 -0.004409587 5.8807207e-06)
(-6.0674627e-06 -0.0043764352 5.8328534e-06)
(-6.0139895e-06 0.0027163355 -6.7337888e-06)
(-7.1002403e-06 0.0027423007 -6.7827313e-06)
(-1.8124302e-06 0.0027046666 -6.7360997e-06)
(8.6019371e-09 0.0027470865 -6.7849902e-06)
(-2.6311028e-06 0.0027278068 -6.7621669e-06)
(2.6307592e-06 0.0027278089 -6.7621878e-06)
(-9.1831067e-09 0.0027470825 -6.7849137e-06)
(1.8123146e-06 0.0027046675 -6.7360914e-06)
(7.0984914e-06 0.0027423002 -6.7823804e-06)
(6.0145454e-06 0.0027163315 -6.7335724e-06)
(8.5271042e-06 -0.0055725929 7.5470999e-06)
(-8.0320328e-06 -0.0056139403 7.6062084e-06)
(-1.0762496e-06 -0.0055779205 7.5565483e-06)
(4.8954296e-06 -0.0056150934 7.6095095e-06)
(-6.8060534e-06 -0.0055974492 7.584767e-06)
(6.8058796e-06 -0.0055974496 7.5844509e-06)
(-4.8963373e-06 -0.0056150959 7.6095985e-06)
(1.0760378e-06 -0.0055779201 7.5566033e-06)
(8.0300823e-06 -0.0056139386 7.6069788e-06)
(-8.526377e-06 -0.0055725962 7.5474664e-06)
(-7.898821e-06 0.0039391187 -8.5831108e-06)
(-6.5956897e-06 0.0039737274 -8.6427446e-06)
(-1.8681425e-06 0.0039267359 -8.5878669e-06)
(-7.9352236e-07 0.0039790868 -8.6447123e-06)
(-1.9139473e-06 0.0039551421 -8.6180044e-06)
(1.9135031e-06 0.0039551451 -8.6184227e-06)
(7.9297551e-07 0.0039790832 -8.644576e-06)
(1.8681664e-06 0.0039267366 -8.5878229e-06)
(6.5938198e-06 0.0039737266 -8.6418833e-06)
(7.899207e-06 0.0039391151 -8.5826939e-06)
(1.1520469e-05 -0.0070240856 9.5328576e-06)
(-7.9292389e-06 -0.007075073 9.6045663e-06)
(-8.7606966e-07 -0.0070299971 9.5475545e-06)
(6.0314911e-06 -0.0070766943 9.6083664e-06)
(-7.7665447e-06 -0.0070545668 9.5798823e-06)
(7.7663602e-06 -0.0070545668 9.5791055e-06)
(-6.0324873e-06 -0.007076696 9.608504e-06)
(8.7594974e-07 -0.0070299969 9.5476501e-06)
(7.9271424e-06 -0.0070750714 9.6058909e-06)
(-1.1519829e-05 -0.0070240885 9.5334217e-06)
(-1.0346997e-05 0.005396125 -1.0704402e-05)
(-6.0660493e-06 0.0054409336 -1.0776044e-05)
(-1.9468995e-06 0.005383374 -1.0712873e-05)
(-1.8478327e-06 0.0054468262 -1.0777561e-05)
(-9.737691e-07 0.0054176494 -1.0746986e-05)
(9.732607e-07 0.0054176527 -1.0747915e-05)
(1.8473028e-06 0.0054468233 -1.0777379e-05)
(1.9470352e-06 0.0053833746 -1.0712793e-05)
(6.0640864e-06 0.0054409333 -1.0774634e-05)
(1.0347223e-05 0.0053961223 -1.07038e-05)
(1.5142601e-05 -0.0087969674 1.1793716e-05)
(-7.8702603e-06 -0.008859123 1.1879307e-05)
(-6.4593694e-07 -0.0088038676 1.1815043e-05)
(7.4677282e-06 -0.008861175 1.1883549e-05)
(-8.9915456e-06 -0.0088340209 1.1851351e-05)
(8.9913784e-06 -0.0088340212 1.1849954e-05)
(-7.4688285e-06 -0.0088611757 1.188372e-05)
(6.4590856e-07 -0.0088038677 1.1815178e-05)
(7.8680423e-06 -0.0088591211 1.1881221e-05)
(-1.5142038e-05 -0.0087969696 1.1794457e-05)
(-1.3456212e-05 0.0071314123 -1.3101574e-05)
(-5.5169789e-06 0.0071881329 -1.3186625e-05)
(-2.0493394e-06 0.0071186506 -1.3115213e-05)
(-3.2012811e-06 0.0071945126 -1.3187532e-05)
(2.3314049e-07 0.0071594839 -1.3153158e-05)
(-2.3369365e-07 0.0071594863 -1.3154774e-05)
(3.2007739e-06 0.0071945103 -1.3187322e-05)
(2.0495684e-06 0.0071186512 -1.3115097e-05)
(5.51495e-06 0.0071881339 -1.3184634e-05)
(1.3456286e-05 0.0071314105 -1.310081e-05)
(1.9501554e-05 -0.010852066 1.4330858e-05)
(-7.8529403e-06 -0.010927037 1.4431711e-05)
(-3.8541539e-07 -0.010860605 1.4360381e-05)
(9.2600136e-06 -0.010929424 1.4436328e-05)
(-1.0530912e-05 -0.010896769 1.4400489e-05)
(1.0530756e-05 -0.010896771 1.4398211e-05)
(-9.2611952e-06 -0.010929423 1.4436518e-05)
(3.8550362e-07 -0.010860606 1.4360551e-05)
(7.8506298e-06 -0.010927034 1.4434242e-05)
(-1.9501076e-05 -0.010852067 1.4331752e-05)
(-1.7337787e-05 0.0092123281 -1.5777626e-05)
(-4.9626755e-06 0.009282762 -1.5877539e-05)
(-2.1737768e-06 0.009200164 -1.5798069e-05)
(-4.9017741e-06 0.009289498 -1.5877727e-05)
(1.7527434e-06 0.0092481168 -1.583966e-05)
(-1.7533521e-06 0.0092481168 -1.5842184e-05)
(4.9013303e-06 0.0092894963 -1.5877506e-05)
(2.1740891e-06 0.0092001646 -1.5797921e-05)
(4.9606177e-06 0.0092827649 -1.5874978e-05)
(1.7337706e-05 0.0092123275 -1.5776724e-05)
(2.4719889e-05 -0.013197431 1.7146353e-05)
(-7.8663931e-06 -0.01328706 1.7264035e-05)
(-9.7491247e-08 -0.013208284 1.7185825e-05)
(1.1465296e-05 -0.013289695 1.7268878e-05)
(-1.2435375e-05 -0.013250981 1.7229514e-05)
(1.2435165e-05 -0.013250985 1.7226039e-05)
(-1.1466477e-05 -0.013289694 1.7269076e-05)
(9.7749295e-08 -0.013208285 1.7186022e-05)
(7.864031e-06 -0.013287057 1.7267129e-05)
(-2.4719522e-05 -0.013197431 1.7147375e-05)
(-2.2119821e-05 0.011632502 -1.8733022e-05)
(-4.4187265e-06 0.011718577 -1.8849249e-05)
(-2.3182834e-06 0.011621752 -1.8762096e-05)
(-7.0056217e-06 0.011725473 -1.8848735e-05)
(3.6389763e-06 0.011677309 -1.8807118e-05)
(-3.6396955e-06 0.011677305 -1.881073e-05)
(7.0053302e-06 0.011725472 -1.8848514e-05)
(2.3186831e-06 0.011621752 -1.8761927e-05)
(4.4166846e-06 0.011718582 -1.8846242e-05)
(2.2119574e-05 0.011632503 -1.873201e-05)
(3.0937041e-05 -0.015911655 2.0242744e-05)
(-7.8915952e-06 -0.016017964 2.0379122e-05)
(2.1161612e-07 -0.015925465 2.0294117e-05)
(1.4143303e-05 -0.016020762 2.0383858e-05)
(-1.4758154e-05 -0.015975332 2.0341123e-05)
(1.4757765e-05 -0.015975339 2.0336225e-05)
(-1.4144338e-05 -0.016020759 2.0384059e-05)
(-2.1111824e-07 -0.015925465 2.0294319e-05)
(7.8892279e-06 -0.016017959 2.0382532e-05)
(-3.0936818e-05 -0.015911654 2.0243858e-05)
(-2.7949489e-05 0.014379996 -2.1968388e-05)
(-3.9002244e-06 0.014483838 -2.2102343e-05)
(-2.4803203e-06 0.014371547 -2.2008125e-05)
(-9.5790941e-06 0.014490678 -2.2101345e-05)
(5.9547066e-06 0.014435248 -2.2056342e-05)
(-5.9556281e-06 0.014435239 -2.2061039e-05)
(9.5790847e-06 0.014490677 -2.2101123e-05)
(2.4808075e-06 0.014371547 -2.2007958e-05)
(3.8982496e-06 0.014483845 -2.2099197e-05)
(2.7949073e-05 0.014379998 -2.1967312e-05)
(3.8312456e-05 -0.01902574 2.3621251e-05)
(-7.9057861e-06 -0.019150898 2.3778567e-05)
(5.3382346e-07 -0.019043289 2.3686686e-05)
(1.7361562e-05 -0.019153708 2.378261e-05)
(-1.7559719e-05 -0.019100948 2.3736708e-05)
(1.7558984e-05 -0.019100958 2.3730448e-05)
(-1.7362265e-05 -0.019153705 2.3782834e-05)
(-5.3303381e-07 -0.01904329 2.3686852e-05)
(7.9034631e-06 -0.019150893 2.3781787e-05)
(-3.8312386e-05 -0.019025738 2.3622397e-05)
(-3.499399e-05 0.017491471 -2.5485693e-05)
(-3.428206e-06 0.017615389 -2.5638802e-05)
(-2.6540085e-06 0.01748641 -2.553835e-05)
(-1.2694012e-05 0.017621913 -2.5637713e-05)
(8.7673524e-06 0.017558742 -2.5589508e-05)
(-8.768567e-06 0.017558729 -2.5594944e-05)
(1.2694416e-05 0.017621913 -2.5637475e-05)
(2.6545462e-06 0.017486411 -2.5538223e-05)
(3.4263492e-06 0.017615396 -2.563598e-05)
(3.4993433e-05 0.017491475 -2.5484624e-05)
(4.7027132e-05 -0.022523953 2.7282458e-05)
(-7.8770868e-06 -0.022670314 2.746328e-05)
(8.5779627e-07 -0.022546188 2.7364332e-05)
(2.119174e-05 -0.022672914 2.7465865e-05)
(-2.0905863e-05 -0.022612254 2.7417044e-05)
(2.0904623e-05 -0.022612266 2.7409996e-05)
(-2.1191938e-05 -0.022672909 2.7466152e-05)
(-8.5672289e-07 -0.022546189 2.7364401e-05)
(7.874858e-06 -0.02267031 2.74656e-05)
(-4.7027172e-05 -0.02252395 2.7283542e-05)
(-4.3442471e-05 0.021005322 -2.9286462e-05)
(-3.031076e-06 0.021151807 -2.9460321e-05)
(-2.8292665e-06 0.021005011 -2.9354545e-05)
(-1.6428499e-05 0.021157699 -2.9459565e-05)
(1.2148675e-05 0.021086343 -2.9408366e-05)
(-1.2150222e-05 0.021086328 -2.9413768e-05)
(1.6429398e-05 0.021157699 -2.9459281e-05)
(2.8297647e-06 0.021005011 -2.9354505e-05)
(3.0293855e-06 0.021151812 -2.9458308e-05)
(4.3441847e-05 0.021005326 -2.9285496e-05)
(5.7285829e-05 -0.026414773 3.1227226e-05)
(-7.760444e-06 -0.026584906 3.1434282e-05)
(1.1679704e-06 -0.026442755 3.1328158e-05)
(2.5707095e-05 -0.026587006 3.1434718e-05)
(-2.4866925e-05 -0.026517883 3.1383182e-05)
(2.4865112e-05 -0.026517895 3.1376594e-05)
(-2.5706709e-05 -0.026587001 3.1435129e-05)
(-1.1667068e-06 -0.026442756 3.1328062e-05)
(7.7583532e-06 -0.026584904 3.1434982e-05)
(-5.7285862e-05 -0.026414769 3.1228119e-05)
(-5.3508787e-05 0.024938832 -3.3371412e-05)
(-2.7434819e-06 0.025110616 -3.3567977e-05)
(-2.9915471e-06 0.024944801 -3.3457695e-05)
(-2.0869024e-05 0.025115528 -3.3567815e-05)
(1.6176551e-05 0.025035489 -3.3513872e-05)
(-1.6178373e-05 0.025035476 -3.3518112e-05)
(2.0870397e-05 0.025115529 -3.356745e-05)
(2.9918747e-06 0.024944801 -3.3457778e-05)
(2.7419966e-06 0.025110617 -3.3567093e-05)
(5.3508199e-05 0.024938836 -3.3370652e-05)
(6.9320911e-05 -0.030718222 3.5456225e-05)
(-7.5007981e-06 -0.030914915 3.5692187e-05)
(1.4450845e-06 -0.030753245 3.5579119e-05)
(3.0986476e-05 -0.03091613 3.5690084e-05)
(-2.9521563e-05 -0.030838037 3.5636105e-05)
(2.9519276e-05 -0.030838045 3.5631818e-05)
(-3.0985601e-05 -0.030916124 3.5690686e-05)
(-1.4438034e-06 -0.030753246 3.5578807e-05)
(7.4988761e-06 -0.030914915 3.5690806e-05)
(-6.9320765e-05 -0.030718218 3.5456794e-05)
(-6.5433672e-05 0.029307912 -3.77411e-05)
(-2.6116466e-06 0.029507985 -3.7962811e-05)
(-3.1199449e-06 0.029321807 -3.7848634e-05)
(-2.6106897e-05 0.029511526 -3.7963226e-05)
(2.0933069e-05 0.029422261 -3.7906825e-05)
(-2.0934999e-05 0.029422254 -3.790874e-05)
(2.6108618e-05 0.029511528 -3.7962753e-05)
(3.1199624e-06 0.029321807 -3.7848852e-05)
(2.6103922e-06 0.029507982 -3.7963089e-05)
(6.5433222e-05 0.029307917 -3.7740623e-05)
(8.3395309e-05 -0.035448196 3.9969665e-05)
(-7.0344333e-06 -0.035674499 4.0237031e-05)
(1.6649231e-06 -0.035491835 4.0117765e-05)
(3.7117399e-05 -0.035674344 4.0232517e-05)
(-3.4956911e-05 -0.035586814 4.0176377e-05)
(3.4954442e-05 -0.035586818 4.0176315e-05)
(-3.7116329e-05 -0.035674337 4.0233359e-05)
(-1.6638396e-06 -0.035491837 4.0117233e-05)
(7.0326921e-06 -0.035674501 4.0233556e-05)
(-8.339479e-05 -0.035448193 3.996981e-05)
(-7.9488265e-05 0.034125987 -4.2395452e-05)
(-2.6965044e-06 0.034357629 -4.2645218e-05)
(-3.1862905e-06 0.034149549 -4.2527586e-05)
(-3.2237304e-05 0.03435934 -4.2645953e-05)
(2.6505158e-05 0.034260264 -4.2587431e-05)
(-2.6506976e-05 0.034260266 -4.2586436e-05)
(3.2239187e-05 0.034359343 -4.2645379e-05)
(3.1858998e-06 0.034149548 -4.2527914e-05)
(2.6954863e-06 0.034357621 -4.2646432e-05)
(7.9488017e-05 0.03412599 -4.2395286e-05)
(9.9806263e-05 -0.040628461 4.4767242e-05)
(-6.2891091e-06 -0.040887739 4.5068427e-05)
(1.7967848e-06 -0.040682525 4.4944209e-05)
(4.4198024e-05 -0.04088563 4.5062141e-05)
(-4.1269059e-05 -0.040788195 4.5004097e-05)
(4.1266826e-05 -0.040788194 4.5009106e-05)
(-4.4197188e-05 -0.040885624 4.5063202e-05)
(-1.7960868e-06 -0.040682526 4.4943516e-05)
(6.287539e-06 -0.040887741 4.5063285e-05)
(-9.9805217e-05 -0.040628458 4.4766943e-05)
(-9.5978712e-05 0.039405354 -4.7333769e-05)
(-3.0728859e-06 0.039672227 -4.7614904e-05)
(-3.1542812e-06 0.039440393 -4.7494168e-05)
(-3.9361814e-05 0.039671593 -4.7615578e-05)
(3.298656e-05 0.039562002 -4.7555319e-05)
(-3.2988094e-05 0.039562013 -4.7552058e-05)
(3.9363712e-05 0.039671596 -4.7614958e-05)
(3.1534585e-06 0.039440392 -4.7494555e-05)
(3.0720952e-06 0.039672218 -4.7616668e-05)
(9.5978661e-05 0.039405357 -4.7333879e-05)
(0.00011889199 -0.046267843 4.9847592e-05)
(-5.184884e-06 -0.04656378 5.0184975e-05)
(1.802726e-06 -0.046334469 5.0057593e-05)
(5.2340244e-05 -0.04655899 5.0178065e-05)
(-4.8567087e-05 -0.046451255 5.0118344e-05)
(4.8565467e-05 -0.046451253 5.0126838e-05)
(-5.2340044e-05 -0.046558985 5.0179215e-05)
(-1.8024999e-06 -0.046334469 5.0056842e-05)
(5.1834551e-06 -0.046563782 5.0179025e-05)
(-0.00011889036 -0.046267841 4.9846929e-05)
(-0.0001152488 0.045167938 -5.2555031e-05)
(-3.8346672e-06 0.045474168 -5.2871269e-05)
(-2.976364e-06 0.045216383 -5.2747744e-05)
(-4.7585916e-05 0.04547061 -5.2871442e-05)
(4.0474505e-05 0.045349623 -5.2809854e-05)
(-4.0475736e-05 0.045349635 -5.2806108e-05)
(4.7587828e-05 0.045470612 -5.287087e-05)
(2.9751596e-06 0.045216382 -5.2748131e-05)
(3.8340756e-06 0.045474161 -5.287306e-05)
(0.00011524889 0.04516794 -5.2555332e-05)
(0.00014103879 -0.052353607 5.5208192e-05)
(-3.6312423e-06 -0.052690243 5.5584003e-05)
(1.6365359e-06 -0.052435289 5.5455825e-05)
(6.1669067e-05 -0.05268189 5.5578245e-05)
(-5.6977042e-05 -0.052563538 5.5517084e-05)
(5.6976129e-05 -0.052563539 5.5524922e-05)
(-6.1669636e-05 -0.052681885 5.557926e-05)
(-1.6367178e-06 -0.052435289 5.5455134e-05)
(3.6299169e-06 -0.052690244 5.5578826e-05)
(-0.00014103666 -0.052353604 5.5207341e-05)
(-0.0001376838 0.051429614 -5.8056636e-05)
(-5.0978934e-06 0.051779851 -5.8412065e-05)
(-2.5920654e-06 0.051493515 -5.8286213e-05)
(-5.7018801e-05 0.05177269 -5.8411403e-05)
(4.9069674e-05 0.051639225 -5.8348887e-05)
(-4.9070741e-05 0.051639231 -5.8346305e-05)
(5.7020873e-05 0.051772691 -5.8410957e-05)
(2.5905485e-06 0.051493513 -5.8286556e-05)
(5.0974659e-06 0.051779848 -5.8413343e-05)
(0.00013768395 0.051429615 -5.8057028e-05)
(0.00016668823 -0.058905203 6.0845681e-05)
(-1.5263817e-06 -0.059287095 6.1262093e-05)
(1.2406599e-06 -0.059004658 6.1136005e-05)
(7.2323573e-05 -0.059274196 6.1259814e-05)
(-6.6644078e-05 -0.059144784 6.1197549e-05)
(6.6643589e-05 -0.059144786 6.1200224e-05)
(-7.2324685e-05 -0.059274192 6.1260483e-05)
(-1.2410258e-06 -0.059004657 6.1135458e-05)
(1.5251287e-06 -0.059287097 6.1259977e-05)
(-0.0001666858 -0.058905201 6.0844897e-05)
(-0.00016372062 0.058191536 -6.383371e-05)
(-6.9957177e-06 0.058590984 -6.4232289e-05)
(-1.9291677e-06 0.058272943 -6.4105284e-05)
(-6.7780278e-05 0.058579311 -6.423113e-05)
(5.8886188e-05 0.058432208 -6.4168054e-05)
(-5.8887233e-05 0.058432206 -6.4166742e-05)
(6.778266e-05 0.058579312 -6.423082e-05)
(1.9273438e-06 0.05827294 -6.4105562e-05)
(6.9954093e-06 0.058590987 -6.4233071e-05)
(0.00016372082 0.058191537 -6.3834109e-05)
(0.00019634344 -0.065970369 6.6755588e-05)
(1.2376848e-06 -0.06640279 6.7215772e-05)
(5.3837955e-07 -0.066090464 6.7094441e-05)
(8.4464874e-05 -0.066384272 6.7218826e-05)
(-7.7727901e-05 -0.066243027 6.7156002e-05)
(7.7727432e-05 -0.066243028 6.7152289e-05)
(-8.4466192e-05 -0.06638427 6.7219107e-05)
(-5.386127e-07 -0.066090463 6.7094067e-05)
(-1.2388702e-06 -0.066402795 6.7218407e-05)
(-0.00019634098 -0.065970368 6.6755162e-05)
(-0.00019386253 0.065459778 -6.9880404e-05)
(-9.6756479e-06 0.065914113 -7.0325581e-05)
(-9.0296376e-07 0.065560847 -7.0199758e-05)
(-8.0005598e-05 0.065896503 -7.0325409e-05)
(7.0062856e-05 0.065735032 -7.0262128e-05)
(-7.0063877e-05 0.065735028 -7.0260575e-05)
(8.0008293e-05 0.065896503 -7.0325172e-05)
(9.0071507e-07 0.065560844 -7.019996e-05)
(9.6754057e-06 0.065914122 -7.0326961e-05)
(0.00019386287 0.065459779 -6.9880784e-05)
(0.00023057018 -0.073567145 7.2931839e-05)
(4.7803579e-06 -0.074056199 7.34412e-05)
(-5.8333893e-07 -0.073710834 7.3325778e-05)
(9.8279903e-05 -0.074030823 7.34498e-05)
(-9.0377811e-05 -0.073876618 7.3387138e-05)
(9.0377225e-05 -0.073876616 7.3380342e-05)
(-9.8281357e-05 -0.074030821 7.3449857e-05)
(5.835652e-07 -0.073710832 7.332557e-05)
(-4.7814505e-06 -0.074056208 7.3448484e-05)
(-0.00023056797 -0.073567146 7.2932002e-05)
(-0.00022869017 0.073249252 -7.6189771e-05)
(-1.3296394e-05 0.073764422 -7.6685538e-05)
(5.8923178e-07 0.073373083 -7.6563455e-05)
(-9.3850934e-05 0.073738701 -7.6688021e-05)
(8.2766289e-05 0.073563295 -7.6624944e-05)
(-8.2767154e-05 0.073563296 -7.6622132e-05)
(9.3853826e-05 0.073738702 -7.6687775e-05)
(-5.9214252e-07 0.073373079 -7.6563556e-05)
(1.3296153e-05 0.073764437 -7.6688724e-05)
(0.00022869085 0.073249253 -7.6190195e-05)
(0.00026999158 -0.081699115 7.9366058e-05)
(9.2766386e-06 -0.082251702 7.992979e-05)
(-2.2905261e-06 -0.081869377 7.982227e-05)
(0.0001139559 -0.082217804 7.994506e-05)
(-0.0001046927 -0.082049565 7.9883243e-05)
(0.00010469225 -0.082049561 7.9876741e-05)
(-0.0001139578 -0.082217803 7.9945104e-05)
(2.2915879e-06 -0.081869375 7.9822291e-05)
(-9.2776043e-06 -0.082251715 7.9942347e-05)
(-0.00026998994 -0.081699116 7.9366897e-05)
(-0.00026886473 0.081572982 -8.2751747e-05)
(-1.802522e-05 0.082155509 -8.3303549e-05)
(2.6839762e-06 0.08172501 -8.3187108e-05)
(-0.00010950406 0.082119004 -8.3309682e-05)
(9.7171024e-05 0.081930968 -8.3247306e-05)
(-9.7171685e-05 0.081930972 -8.3244275e-05)
(0.00010950712 0.082119005 -8.3309364e-05)
(-2.6878099e-06 0.081725007 -8.3187083e-05)
(1.8024902e-05 0.082155534 -8.3308963e-05)
(0.00026886598 0.081572983 -8.2752306e-05)
(0.00031531014 -0.090386447 8.6046931e-05)
(1.5038553e-05 -0.091010168 8.6669341e-05)
(-4.7957673e-06 -0.090587114 8.6573269e-05)
(0.00013161971 -0.090965416 8.6694641e-05)
(-0.00012073071 -0.090782843 8.6633733e-05)
(0.00012073056 -0.090782839 8.6627288e-05)
(-0.00013162231 -0.090965416 8.6694728e-05)
(4.798306e-06 -0.090587111 8.6573636e-05)
(-1.5039372e-05 -0.091010187 8.6689798e-05)
(-0.00031530967 -0.090386448 8.6048395e-05)
(-0.00031510255 0.090442341 -8.955342e-05)
(-2.4092975e-05 0.091099984 -9.0166324e-05)
(5.5688901e-06 0.090630305 -9.0058484e-05)
(-0.00012714544 0.09105039 -9.0178937e-05)
(0.00011340209 0.090849971 -9.0117337e-05)
(-0.00011340257 0.090849971 -9.0113972e-05)
(0.00012714874 0.09105039 -9.0178383e-05)
(-5.5739843e-06 0.090630301 -9.005839e-05)
(2.4092504e-05 0.09110002 -9.0176024e-05)
(0.00031510465 0.090442342 -8.9554205e-05)
(0.00036736263 -0.09962105 9.2971086e-05)
(2.2544243e-05 -0.10032401 9.3666338e-05)
(-8.3166574e-06 -0.099858193 9.3576541e-05)
(0.00015130398 -0.10026591 9.3696358e-05)
(-0.00013860347 -0.10006876 9.3636039e-05)
(0.00013860343 -0.10006875 9.3633201e-05)
(-0.00015130714 -0.10026591 9.3696399e-05)
(8.3213538e-06 -0.09985819 9.3577052e-05)
(-2.2544924e-05 -0.10032403 9.3688771e-05)
(-0.00036736395 -0.099621053 9.2972962e-05)
(-0.00036819918 0.099865275 -9.6590107e-05)
(-3.1885596e-05 0.10060779 -9.7274332e-05)
(9.4382878e-06 0.10009536 -9.7173962e-05)
(-0.00014685852 0.10054349 -9.7292329e-05)
(0.00013159427 0.10032778 -9.7231397e-05)
(-0.00013159443 0.10032778 -9.7229443e-05)
(0.00014686198 0.10054349 -9.7291188e-05)
(-9.4450558e-06 0.10009536 -9.7173796e-05)
(3.1884907e-05 0.10060782 -9.7286511e-05)
(0.0003682025 0.099865276 -9.6591254e-05)
(0.00042703079 -0.10937557 0.00010010341)
(3.2224277e-05 -0.11016855 0.00010088411)
(-1.3034576e-05 -0.10965305 0.00010079973)
(0.00017303666 -0.11009532 0.00010091332)
(-0.00015856375 -0.10987995 0.00010085514)
(0.00015856378 -0.10987995 0.00010085891)
(-0.00017304042 -0.11009532 0.00010091306)
(1.3041331e-05 -0.10965304 0.00010079971)
(-3.2224808e-05 -0.11016857 0.00010090094)
(-0.00042703378 -0.10937557 0.00010010536)
(-0.00042929781 0.10985124 -0.00010382388)
(-4.1589465e-05 0.1106914 -0.00010463709)
(1.4529499e-05 0.11012287 -0.00010449816)
(-0.00016895646 0.11061114 -0.00010460932)
(0.00015216278 0.11037376 -0.00010455147)
(-0.00015216317 0.11037377 -0.00010459331)
(0.00016896068 0.11061115 -0.00010460706)
(-1.4537481e-05 0.11012287 -0.00010449771)
(4.158848e-05 0.11069142 -0.0001045979)
(0.00042930188 0.10985124 -0.00010382551)
(0.00049601713 -0.1196762 0.00010746037)
(4.4112735e-05 -0.12057617 0.00010844415)
(-1.9236497e-05 -0.11999465 0.00010825518)
(0.00019759032 -0.12047822 0.00010841598)
(-0.00018136183 -0.12024775 0.00010833208)
(0.00018136268 -0.12024778 0.00010837493)
(-0.0001975955 -0.12047823 0.00010841426)
(1.9244281e-05 -0.11999465 0.00010825468)
(-4.4113043e-05 -0.12057618 0.00010841341)
(-0.00049602079 -0.1196762 0.00010746273)
(-0.000495598 0.1204182 -0.00011126253)
(-5.3604759e-05 0.12137392 -0.0001117756)
(2.0399305e-05 0.12073008 -0.00011203575)
(-0.00019263469 0.12126717 -0.0001121905)
(0.00017330715 0.12101132 -0.00011211023)
(-0.0001733095 0.12101137 -0.00011170459)
(0.00019264149 0.12126717 -0.00011218591)
(-2.0408084e-05 0.12073007 -0.00011203566)
(5.3603401e-05 0.12137392 -0.00011218932)
(0.0004956024 0.1204182 -0.0001112655)
(0.00057215849 -0.13049923 0.00011519665)
(5.8546781e-05 -0.13148688 0.00011579497)
(-2.657756e-05 -0.1309075 0.00011611624)
(0.00022416144 -0.13136736 0.0001162319)
(-0.00020519472 -0.13113935 0.00011617335)
(0.00020519831 -0.13113925 0.00011576838)
(-0.00022417012 -0.13136736 0.00011622725)
(2.6585879e-05 -0.1309075 0.00011611635)
(-5.854679e-05 -0.13148697 0.00011621005)
(-0.00057216227 -0.13049923 0.00011520084)
(-0.00057387673 0.13148723 -0.00011904949)
(-7.028472e-05 0.13253927 -0.00012040267)
(2.8803449e-05 0.13189387 -0.00011994535)
(-0.00021784796 0.13240791 -0.00012005488)
(0.00019730728 0.13215427 -0.0001199941)
(-0.00019730383 0.13215419 -0.00012038846)
(0.00021784973 0.13240791 -0.00012005012)
(-2.8818119e-05 0.13189386 -0.00011994284)
(7.0283106e-05 0.13253935 -0.00012003515)
(0.00057388645 0.13148723 -0.00011905132)
(0.00066042813 -0.14190331 0.00012301612)
(7.8251103e-05 -0.14303662 0.00012450005)
(-3.6843507e-05 -0.14235791 0.00012407016)
(0.00025209433 -0.14287628 0.00012416411)
(-0.00023162811 -0.14263358 0.00012411129)
(0.00023162685 -0.14263356 0.0001245057)
(-0.00025209904 -0.14287628 0.00012415917)
(3.6857139e-05 -0.1423579 0.00012406753)
(-7.8250931e-05 -0.14303664 0.00012412872)
(-0.00066043669 -0.14190331 0.00012301903)
(-0.00066552126 0.14312587 -0.00012695434)
(-8.9352427e-05 0.14433119 -0.00012760804)
(4.0566724e-05 0.14358616 -0.00012797715)
(-0.00024785153 0.14415668 -0.0001280719)
(0.00022411516 0.14388898 -0.00012801682)
(-0.00022411102 0.14388896 -0.00012762226)
(0.00024785345 0.14415668 -0.00012806637)
(-4.0583496e-05 0.14358615 -0.00012797421)
(8.9350527e-05 0.14433122 -0.00012803528)
(0.00066553265 0.14312587 -0.00012695564)
(0.00076360682 -0.15389349 0.00013083947)
(0.00010111188 -0.1551622 0.00013168902)
(-5.1123864e-05 -0.15441621 0.00013203763)
(0.00028489965 -0.15498075 0.00013214303)
(-0.0002609951 -0.15470131 0.00013208217)
(0.00026099271 -0.15470128 0.00013169981)
(-0.00028490419 -0.15498075 0.00013213699)
(5.114014e-05 -0.1544162 0.00013203447)
(-0.00010111149 -0.15516222 0.00013210018)
(-0.00076361759 -0.15389349 0.00013084195)
(-0.0007674949 0.15538202 -0.00013470013)
(-0.00011199328 0.15673145 -0.00013619623)
(5.3664854e-05 0.15591567 -0.00013593474)
(-0.00027988432 0.15653297 -0.00013590931)
(0.00025448664 0.15622953 -0.00013591561)
(-0.00025448111 0.15622949 -0.00013625536)
(0.00027988566 0.15653297 -0.00013590386)
(-5.3683364e-05 0.15591567 -0.00013593109)
(0.00011199111 0.15673149 -0.00013588987)
(0.00076750772 0.15538202 -0.00013470118)
(0.00087944337 -0.16646906 0.00013876884)
(0.00012838218 -0.16791281 0.00014040494)
(-6.7257026e-05 -0.16706932 0.00014019036)
(0.00032011893 -0.16767913 0.00014015659)
(-0.00029418806 -0.16738866 0.00014016645)
(0.00029418328 -0.16738864 0.00014049671)
(-0.00032012199 -0.16767914 0.00014015046)
(6.727639e-05 -0.16706931 0.0001401864)
(-0.00012838156 -0.16791281 0.00014010438)
(-0.00087945681 -0.16646906 0.00013877128)
(-0.00088854109 0.16825213 -0.00014230196)
(-0.0001396171 0.16978464 -0.00014327968)
(7.2247704e-05 0.16886895 -0.00014364353)
(-0.00031702926 0.1695336 -0.0001436681)
(0.00028830225 0.16921756 -0.00014364622)
(-0.00028829604 0.16921755 -0.00014336556)
(0.00031703071 0.16953361 -0.00014366265)
(-7.2266943e-05 0.16886894 -0.00014364008)
(0.00013961462 0.16978465 -0.00014359349)
(0.00088855439 0.16825213 -0.000142303)
(0.0010153262 -0.17967431 0.00014626812)
(0.00016149523 -0.18129569 0.00014744449)
(-8.9359915e-05 -0.18036722 0.00014783132)
(0.00036043949 -0.18102172 0.00014785178)
(-0.00033081883 -0.18069985 0.00014783143)
(0.00033081352 -0.18069983 0.00014754978)
(-0.00036044283 -0.18102173 0.00014784587)
(8.9380244e-05 -0.18036721 0.00014782717)
(-0.00016149425 -0.18129569 0.00014775597)
(-0.0010153403 -0.17967431 0.0001462701)
(-0.0010257661 0.18175616 -0.00015025396)
(-0.00017273537 0.1834754 -0.00015195456)
(9.4420364e-05 0.18247203 -0.00015172907)
(-0.00035712944 0.18318185 -0.00015184825)
(0.00032616008 0.18283466 -0.00015178172)
(-0.00032615318 0.18283464 -0.00015202443)
(0.00035713099 0.18318186 -0.0001518428)
(-9.4439457e-05 0.18247203 -0.00015172579)
(0.00017273262 0.18347541 -0.00015174134)
(0.0010257793 0.18175616 -0.00015025485)
(0.0011713425 -0.19352085 0.0001544034)
(0.00020156721 -0.1953577 0.00015630783)
(-0.0001161884 -0.19432386 0.00015612893)
(0.00040428834 -0.19501874 0.00015622983)
(-0.00037202595 -0.19468357 0.00015617093)
(0.00037201959 -0.19468354 0.00015641116)
(-0.00040429135 -0.19501875 0.0001562239)
(0.00011620955 -0.19432386 0.00015612483)
(-0.0002015659 -0.19535771 0.00015609001)
(-0.0011713573 -0.19352085 0.00015440512)
(-0.0011853456 0.19588738 -0.000158436)
(-0.00021331073 0.1978314 -0.00015986879)
(0.00012294323 0.19671622 -0.00016011299)
(-0.00040204271 0.19747025 -0.00016025311)
(0.00036759826 0.19710829 -0.00016017459)
(-0.00036758925 0.19710824 -0.00015995962)
(0.0004020429 0.19747026 -0.00016024714)
(-0.00012296299 0.19671621 -0.00016011012)
(0.00021330768 0.19783143 -0.00016011516)
(0.0011853591 0.19588739 -0.00015843731)
(0.001351518 -0.20803282 0.00016236804)
(0.00025009349 -0.21009634 0.00016405742)
(-0.00015043235 -0.2089594 0.00016432413)
(0.00045299205 -0.2096957 0.00016446321)
(-0.00041679841 -0.20933533 0.00016438484)
(0.00041678893 -0.20933533 0.00016417825)
(-0.0004529924 -0.20969572 0.00016445731)
(0.00015045609 -0.20895939 0.00016432058)
(-0.00025009158 -0.21009631 0.0001642899)
(-0.0013515349 -0.20803282 0.00016237038)
(-0.0013668403 0.21066751 -0.00016672565)
(-0.00026193024 0.2128484 -0.0001687385)
(0.00015738136 0.21162093 -0.00016863895)
(-0.00045066431 0.21242503 -0.00016875058)
(0.00041323993 0.21203313 -0.0001686866)
(-0.00041323152 0.21203313 -0.00016886799)
(0.00045066571 0.21242505 -0.00016874666)
(-0.00015739905 0.21162092 -0.00016863426)
(0.00026192669 0.21284838 -0.00016856639)
(0.0013668519 0.21066751 -0.00016672418)
(0.0015598696 -0.2231947 0.00017073177)
(0.00030877296 -0.22552352 0.00017305869)
(-0.00019271467 -0.22426045 0.00017297275)
(0.00050635939 -0.22504089 0.00017309635)
(-0.00046676094 -0.22466522 0.0001730259)
(0.00046675283 -0.22466518 0.00017321369)
(-0.00050636133 -0.2250409 0.00017309287)
(0.00019273642 -0.22426044 0.00017296757)
(-0.0003087701 -0.22552354 0.00017288291)
(-0.0015598847 -0.22319471 0.00017073093)
(-0.0015715386 0.22608859 -0.00017503433)
(-0.00031933312 0.22855166 -0.00017696083)
(0.00019797644 0.22718343 -0.00017721145)
(-0.00050409253 0.22804139 -0.0001773519)
(0.00046241545 0.22762898 -0.00017727492)
(-0.00046240514 0.22762895 -0.00017712075)
(0.00050409268 0.22804141 -0.0001773464)
(-0.00019799573 0.22718342 -0.00017720896)
(0.0003193292 0.22855168 -0.00017713484)
(0.0015715515 0.2260886 -0.00017503403)
(0.0017944524 -0.23895946 0.00017889216)
(0.00037749743 -0.24159446 0.0001810992)
(-0.00024237701 -0.2401966 0.00018142076)
(0.00056473278 -0.24101608 0.0001815623)
(-0.00052051676 -0.24061743 0.00018148537)
(0.00052050761 -0.2406174 0.00018134039)
(-0.00056473365 -0.24101609 0.00018155663)
(0.0002423997 -0.2401966 0.00018141857)
(-0.00037749375 -0.24159447 0.00018127012)
(-0.0017944686 -0.23895946 0.00017889228)
(-0.0018124431 0.24211616 -0.00018337646)
(-0.00039028276 0.24491136 -0.00018578396)
(0.00025067237 0.24339515 -0.00018585915)
(-0.00056254167 0.24428706 -0.0001859741)
(0.00051696954 0.24385079 -0.00018591042)
(-0.00051695793 0.24385078 -0.00018601057)
(0.00056254116 0.24428709 -0.00018597116)
(-0.00025069256 0.24339514 -0.00018585552)
(0.00039027824 0.24491136 -0.00018567566)
(0.0018124568 0.24211617 -0.00018337571)
(0.0020713503 -0.25521311 0.00018706917)
(0.00046300165 -0.25824201 0.000189847)
(-0.00030740225 -0.2566775 0.00018996008)
(0.00062782425 -0.25751327 0.00019009502)
(-0.0005798538 -0.25710401 0.00019002174)
(0.0005798454 -0.25710398 0.00019013142)
(-0.00062782554 -0.25751328 0.000190092)
(0.00030742355 -0.25667749 0.00018995651)
(-0.00046299695 -0.25824198 0.00018972808)
(-0.0020713658 -0.25521311 0.00018706802)
(-0.0020921422 0.25866644 -0.00019156781)
(-0.0004782527 0.26190075 -0.00019410688)
(0.00031738826 0.26019855 -0.00019439901)
(-0.00062484705 0.26108891 -0.00019452712)
(0.00057556077 0.26065391 -0.00019445851)
(-0.00057554753 0.26065389 -0.0001944254)
(0.0006248459 0.26108893 -0.0001945226)
(-0.0003174071 0.26019854 -0.00019439736)
(0.00047824811 0.2619007 -0.00019415037)
(0.0020921546 0.25866643 -0.00019156881)
(0.0023980296 -0.27207205 0.00019510868)
(0.00057089364 -0.2754536 0.00019806718)
(-0.00039283783 -0.27372372 0.00019841231)
(0.00069457169 -0.27460248 0.00019857254)
(-0.0006426205 -0.27417167 0.00019848934)
(0.00064261175 -0.27417166 0.00019846308)
(-0.00069457284 -0.2746025 0.00019856786)
(0.00039285483 -0.27372371 0.00019841169)
(-0.0005708885 -0.27545357 0.00019810668)
(-0.0023980417 -0.27207205 0.00019510959)
(-0.002411647 0.27584982 -0.00019984908)
(-0.00058126957 0.27960599 -0.00020272379)
(0.00039779555 0.27761875 -0.00020308225)
(-0.00069277705 0.27860375 -0.00020319554)
(0.00063953242 0.27811946 -0.00020313455)
(-0.00063951948 0.27811947 -0.00020313261)
(0.00069277681 0.27860379 -0.00020319323)
(-0.00039781207 0.27761875 -0.00020307844)
(0.00058126507 0.27960596 -0.00020270204)
(0.0024116576 0.27584982 -0.00019984853)
(0.0027856833 -0.28962315 0.00020305899)
(0.00070169654 -0.29353319 0.00020643783)
(-0.00050127035 -0.29152492 0.00020683753)
(0.00076885997 -0.29248425 0.00020699876)
(-0.00071304739 -0.29201216 0.00020691553)
(0.00071304115 -0.29201212 0.00020691113)
(-0.00076886295 -0.29248428 0.00020699593)
(0.00050128346 -0.29152491 0.00020683569)
(-0.00070168714 -0.29353321 0.00020639802)
(-0.0027856896 -0.28962316 0.00020305829)
(-0.0027858382 0.29375208 -0.00020766644)
(-0.00070440604 0.29813484 -0.00021081103)
(0.00049838763 0.29583844 -0.00021135373)
(-0.00076803841 0.29688644 -0.00021147996)
(0.00071079271 0.29637155 -0.0002114142)
(-0.00071077825 0.29637155 -0.00021139227)
(0.00076803661 0.29688648 -0.00021147725)
(-0.00049840526 0.29583843 -0.00021135155)
(0.00070441145 0.2981348 -0.00021084696)
(0.0027858609 0.29375208 -0.00020766772)
(0.0032475461 -0.30787657 0.0002107092)
(0.00086380582 -0.31243879 0.00021444134)
(-0.00063938926 -0.31011168 0.00021503455)
(0.00085005666 -0.31112662 0.00021522807)
(-0.00079004463 -0.31062648 0.00021513059)
(0.00079004045 -0.31062646 0.00021509836)
(-0.00085006078 -0.31112666 0.00021522469)
(0.00063939755 -0.31011168 0.0002150343)
(-0.00086380713 -0.31243881 0.00021446299)
(-0.0032475609 -0.30787658 0.0002107093)
(-0.0032284648 0.31228197 -0.00021504494)
(-0.00085550884 0.31741131 -0.00021854089)
(0.00062598009 0.3147438 -0.00021923502)
(-0.00085023228 0.31583394 -0.00021937404)
(0.0007888234 0.31529623 -0.00021930242)
(-0.00078880959 0.31529617 -0.00021929022)
(0.00085023037 0.31583398 -0.00021937243)
(-0.0006259984 0.31474379 -0.00021923205)
(0.00085551109 0.31741135 -0.00021854594)
(0.0032284869 0.31228197 -0.00021504611)
(0.0037987241 -0.32677989 0.00021757911)
(0.0010645684 -0.33213807 0.00022197541)
(-0.00081643396 -0.32941543 0.00022251839)
(0.00093731772 -0.33047284 0.00022275146)
(-0.00087328235 -0.3299504 0.00022263556)
(0.00087327587 -0.32995039 0.00022261736)
(-0.00093731806 -0.33047288 0.00022274974)
(0.00081644378 -0.32941543 0.00022251811)
(-0.0010645701 -0.33213807 0.00022199502)
(-0.0037987434 -0.32677989 0.00021758001)
(-0.0037590498 0.33137672 -0.0002281197)
(-0.0010417189 0.33742909 -0.00023218408)
(0.00078986707 0.33428727 -0.00023290001)
(-0.00093932575 0.33540706 -0.00023308182)
(0.00087365332 0.33485269 -0.00023298951)
(-0.00087364214 0.33485265 -0.00023297364)
(0.00093932501 0.3354071 -0.00023307929)
(-0.00078988296 0.33428727 -0.00023289746)
(0.0010417211 0.3374291 -0.00023219745)
(0.0037590722 0.33137673 -0.00022812054)
(0.0044120368 -0.34625931 0.00012245841)
(0.0013144609 -0.35259631 0.00012742622)
(-0.0010458777 -0.34936626 0.00012755665)
(0.0010306299 -0.35045997 0.0001277984)
(-0.00096269288 -0.34991693 0.00012767815)
(0.00096268641 -0.34991688 0.00012766386)
(-0.0010306281 -0.35046002 0.00012779638)
(0.0010458859 -0.34936625 0.00012755473)
(-0.0013144627 -0.35259636 0.00012742263)
(-0.0044120578 -0.34625931 0.00012245746)
(-0.0050459555 0.35101447 -0.0015693751)
(-0.0012652887 0.35818505 -0.0015889604)
(0.00099637389 0.35442838 -0.0015847178)
(-0.0010319238 0.35556645 -0.0015860967)
(0.00096245802 0.35500077 -0.0015854026)
(-0.00096244693 0.35500071 -0.0015854087)
(0.0010319203 0.35556651 -0.0015860949)
(-0.00099639052 0.35442837 -0.0015847147)
(0.0012652904 0.3581851 -0.0015889856)
(0.0050459824 0.35101448 -0.0015693755)
(-0.00076801849 -0.3661551 -0.01173589)
(0.0016048351 -0.37383516 -0.011875996)
(-0.0013432942 -0.36985861 -0.011817196)
(0.0011227519 -0.37098443 -0.011835167)
(-0.0010515503 -0.37041984 -0.011826263)
(0.0010515418 -0.37041981 -0.011826251)
(-0.0011227451 -0.3709845 -0.011835171)
(0.0013433045 -0.3698586 -0.011817202)
(-0.0016048367 -0.37383517 -0.011875985)
(0.00076799156 -0.3661551 -0.011735892)
(-1.6531629e-05 0.00010931456 3.0822253e-05)
(-2.7172365e-06 0.00010997728 3.0871374e-05)
(-3.6431045e-07 0.00010947962 3.086945e-05)
(3.4847076e-07 0.00010985451 3.0873818e-05)
(-9.1645922e-07 0.0001096793 3.0871006e-05)
(9.1729836e-07 0.00010967975 3.0869849e-05)
(-3.5054794e-07 0.00010985459 3.0872303e-05)
(3.6240759e-07 0.00010947961 3.0869782e-05)
(2.7155412e-06 0.00010997685 3.0872492e-05)
(1.6533479e-05 0.00010931462 3.0820791e-05)
(-3.5342534e-05 -0.00041999962 6.5890196e-05)
(-6.9223571e-06 -0.00042107465 6.6008538e-05)
(-1.0546082e-06 -0.00042047591 6.6007997e-05)
(1.0341101e-06 -0.00042074743 6.6009692e-05)
(-2.5199451e-06 -0.0004206107 6.6008221e-05)
(2.5208769e-06 -0.00042061052 6.6007387e-05)
(-1.0359307e-06 -0.00042074748 6.6008454e-05)
(1.0529675e-06 -0.00042047581 6.600825e-05)
(6.9208147e-06 -0.00042107465 6.6009304e-05)
(3.5344171e-05 -0.00041999928 6.5888952e-05)
(-2.7642094e-05 -0.00061209185 4.9314028e-05)
(-9.2833029e-06 -0.00061351156 4.9428022e-05)
(-1.5011085e-06 -0.00061329679 4.9427569e-05)
(1.4252237e-06 -0.00061266979 4.9429297e-05)
(-3.4502126e-06 -0.00061292375 4.942777e-05)
(3.4511469e-06 -0.00061292378 4.9426948e-05)
(-1.4270468e-06 -0.00061266996 4.9428056e-05)
(1.4994325e-06 -0.00061329655 4.9427825e-05)
(9.2817573e-06 -0.00061351112 4.942878e-05)
(2.7643729e-05 -0.00061209108 4.9312784e-05)
(-1.618879e-05 -0.0010043276 2.6111155e-05)
(-1.0404812e-05 -0.001006958 2.6185357e-05)
(-1.7501459e-06 -0.001005901 2.6187312e-05)
(1.6335291e-06 -0.0010059978 2.6187188e-05)
(-3.9370552e-06 -0.001005899 2.6186661e-05)
(3.9380032e-06 -0.0010058988 2.6185916e-05)
(-1.6353241e-06 -0.0010059979 2.6185973e-05)
(1.7484463e-06 -0.0010059007 2.6187556e-05)
(1.0403273e-05 -0.0010069577 2.6186031e-05)
(1.6190441e-05 -0.0010043266 2.6109921e-05)
(-9.2144184e-06 -0.0012357505 1.2111937e-05)
(-1.0819133e-05 -0.0012380574 1.2155414e-05)
(-1.8649378e-06 -0.0012379632 1.2155065e-05)
(1.6910771e-06 -0.0012367705 1.2157269e-05)
(-4.1275777e-06 -0.0012372338 1.2155651e-05)
(4.1285329e-06 -0.0012372338 1.2154992e-05)
(-1.6928385e-06 -0.0012367708 1.2156088e-05)
(1.8632353e-06 -0.0012379628 1.2155298e-05)
(1.0817599e-05 -0.0012380569 1.2156e-05)
(9.2160887e-06 -0.0012357495 1.2110726e-05)
(-5.2395473e-06 -0.0014507738 4.4965186e-06)
(-1.0878295e-05 -0.0014544191 4.5160939e-06)
(-1.9019567e-06 -0.0014531845 4.5186171e-06)
(1.7538604e-06 -0.0014532097 4.5177012e-06)
(-4.2376283e-06 -0.0014530921 4.5175204e-06)
(4.2385865e-06 -0.0014530922 4.5169685e-06)
(-1.7555948e-06 -0.00145321 4.5165651e-06)
(1.9002665e-06 -0.0014531841 4.518835e-06)
(1.0876765e-05 -0.0014544183 4.5165701e-06)
(5.2412348e-06 -0.0014507727 4.4953373e-06)
(-3.8852562e-06 -0.0013228268 1.9642941e-06)
(-1.0774188e-05 -0.0013252726 1.97716e-06)
(-1.9117652e-06 -0.0013257996 1.9758492e-06)
(1.7253068e-06 -0.0013238138 1.978819e-06)
(-4.2325938e-06 -0.0013245907 1.9768859e-06)
(4.2335517e-06 -0.0013245908 1.9764607e-06)
(-1.7270204e-06 -0.0013238143 1.9777353e-06)
(1.9100899e-06 -0.001325799 1.9760486e-06)
(1.0772666e-05 -0.0013252717 1.9775053e-06)
(3.8869536e-06 -0.0013228258 1.9631474e-06)
(-2.7647074e-06 -0.0012679745 2.6600585e-07)
(-1.0619854e-05 -0.0012725382 2.6974626e-07)
(-1.8935005e-06 -0.0012710632 2.7293246e-07)
(1.7947514e-06 -0.0012712458 2.709105e-07)
(-4.2950578e-06 -0.0012710064 2.7129114e-07)
(4.296011e-06 -0.0012710066 2.7100005e-07)
(-1.7964514e-06 -0.0012712463 2.698861e-07)
(1.8918461e-06 -0.0012710627 2.7311206e-07)
(1.0618334e-05 -0.0012725372 2.6995491e-07)
(2.7664113e-06 -0.0012679734 2.6490155e-07)
(-2.8469996e-06 -0.00085882919 5.5174498e-07)
(-1.0427792e-05 -0.00086096764 5.5972679e-07)
(-1.8882361e-06 -0.00086249635 5.5669032e-07)
(1.7267481e-06 -0.00085939037 5.6109718e-07)
(-4.2359117e-06 -0.0008606361 5.5855698e-07)
(4.2368577e-06 -0.00086063622 5.5841871e-07)
(-1.7284339e-06 -0.00085939099 5.6013933e-07)
(1.8866006e-06 -0.00086249573 5.5684623e-07)
(1.0426282e-05 -0.00086096659 5.5977606e-07)
(2.8487051e-06 -0.00085882806 5.5068517e-07)
(-2.038569e-06 -0.00095222142 -3.5388625e-07)
(-1.025522e-05 -0.00095784835 -3.5434016e-07)
(-1.8548706e-06 -0.00095583939 -3.496602e-07)
(1.8459207e-06 -0.00095657994 -3.5375647e-07)
(-4.3326506e-06 -0.00095604073 -3.5236351e-07)
(4.3335864e-06 -0.00095604108 -3.5235284e-07)
(-1.8475974e-06 -0.00095658058 -3.5464274e-07)
(1.8532603e-06 -0.00095583877 -3.4952786e-07)
(1.0253713e-05 -0.00095784712 -3.5444362e-07)
(2.0402776e-06 -0.00095222025 -3.5489377e-07)
(-2.5416907e-06 -0.00053021035 5.896596e-07)
(-1.0045749e-05 -0.00053162353 5.9863922e-07)
(-1.8557483e-06 -0.00053457781 5.9308247e-07)
(1.717739e-06 -0.00052991056 5.9973667e-07)
(-4.2193985e-06 -0.00053183344 5.9623094e-07)
(4.2203194e-06 -0.00053183388 5.9640192e-07)
(-1.7193979e-06 -0.00052991143 5.9892675e-07)
(1.8541621e-06 -0.0005345771 5.9318791e-07)
(1.0044254e-05 -0.00053162215 5.9836779e-07)
(2.5433953e-06 -0.00053020916 5.8870372e-07)
(-1.4487214e-06 -0.0010527893 -6.2514248e-07)
(-9.8880062e-06 -0.0010599907 -6.2877645e-07)
(-1.8084731e-06 -0.0010568229 -6.2174692e-07)
(1.9238127e-06 -0.0010588162 -6.2884586e-07)
(-4.3881598e-06 -0.0010576625 -6.2600182e-07)
(4.3890613e-06 -0.0010576634 -6.2569259e-07)
(-1.9254588e-06 -0.0010588171 -6.295774e-07)
(1.8069229e-06 -0.0010568222 -6.2166603e-07)
(9.8865117e-06 -0.0010599888 -6.2918904e-07)
(1.4504254e-06 -0.0010527881 -6.2603735e-07)
(-2.3933359e-06 -0.00052265185 8.7031415e-07)
(-9.6594907e-06 -0.00052287515 8.8176765e-07)
(-1.8244337e-06 -0.00052785567 8.7278253e-07)
(1.6884199e-06 -0.0005209367 8.8267841e-07)
(-4.18273e-06 -0.00052385603 8.7775371e-07)
(4.1836017e-06 -0.00052385717 8.7820531e-07)
(-1.6900344e-06 -0.00052093795 8.820277e-07)
(1.8229204e-06 -0.00052785484 8.7283629e-07)
(9.6580081e-06 -0.00052287299 8.812059e-07)
(2.3950215e-06 -0.0005226509 8.6947705e-07)
(-7.5964663e-07 -0.0014495114 -9.9357577e-07)
(-9.5338628e-06 -0.0014588812 -1.0013047e-06)
(-1.7539343e-06 -0.0014539058 -9.9084921e-07)
(2.0418931e-06 -0.001457835 -1.0020404e-06)
(-4.4754335e-06 -0.0014557541 -9.9723614e-07)
(4.4762698e-06 -0.0014557561 -9.9668507e-07)
(-2.0434855e-06 -0.0014578362 -1.0026114e-06)
(1.7524769e-06 -0.001453905 -9.9081649e-07)
(9.5323717e-06 -0.0014588782 -1.0019616e-06)
(7.6131829e-07 -0.0014495106 -9.943414e-07)
(-2.381598e-06 -0.00045958481 1.3085061e-06)
(-9.2698756e-06 -0.00045792314 1.3234919e-06)
(-1.7963313e-06 -0.0004658058 1.3100924e-06)
(1.6255791e-06 -0.0004556471 1.3243687e-06)
(-4.1152999e-06 -0.00046001986 1.3174976e-06)
(4.1160816e-06 -0.00046002205 1.3181501e-06)
(-1.6271155e-06 -0.00045564884 1.3238773e-06)
(1.7949347e-06 -0.00046580481 1.3101011e-06)
(9.2683924e-06 -0.00045791976 1.3227332e-06)
(2.383224e-06 -0.00045958436 1.3078043e-06)
(8.3770919e-08 -0.0017779916 -1.520401e-06)
(-9.2008529e-06 -0.0017902019 -1.5334895e-06)
(-1.6875868e-06 -0.0017826681 -1.5184158e-06)
(2.2195702e-06 -0.0017893407 -1.5348319e-06)
(-4.6111896e-06 -0.0017859621 -1.5275373e-06)
(4.6119156e-06 -0.0017859654 -1.5268494e-06)
(-2.2210738e-06 -0.0017893423 -1.5352477e-06)
(1.6862734e-06 -0.0017826672 -1.5184206e-06)
(9.1993464e-06 -0.0017901973 -1.5342652e-06)
(-8.2181633e-08 -0.0017779913 -1.5210173e-06)
(-2.5474262e-06 -6.1506847e-05 1.9336702e-06)
(-8.8736452e-06 -5.7125143e-05 1.9532539e-06)
(-1.7736755e-06 -6.8853317e-05 1.9345098e-06)
(1.512106e-06 -5.4437782e-05 1.9542816e-06)
(-4.0025088e-06 -6.0740252e-05 1.9449404e-06)
(4.0031487e-06 -6.074353e-05 1.9456775e-06)
(-1.5135196e-06 -5.4440042e-05 1.95394e-06)
(1.7724538e-06 -6.8852146e-05 1.9344867e-06)
(8.8721468e-06 -5.712032e-05 1.9524384e-06)
(2.5489301e-06 -6.1506872e-05 1.9331226e-06)
(1.1313431e-06 -0.0020332666 -2.2410942e-06)
(-8.8952973e-06 -0.0020491467 -2.2608979e-06)
(-1.6062665e-06 -0.0020380889 -2.2400676e-06)
(2.4790787e-06 -0.0020485694 -2.2627239e-06)
(-4.814715e-06 -0.0020434052 -2.2524588e-06)
(4.8152814e-06 -0.0020434098 -2.2517632e-06)
(-2.4804546e-06 -0.0020485714 -2.2629979e-06)
(1.6051578e-06 -0.0020380878 -2.2400935e-06)
(8.8937552e-06 -0.0020491404 -2.2616322e-06)
(-1.1298928e-06 -0.0020332666 -2.2415394e-06)
(-2.9371472e-06 0.00052677272 2.7702708e-06)
(-8.4647415e-06 0.00053479926 2.7955169e-06)
(-1.7601798e-06 0.00051836278 2.7706556e-06)
(1.3243349e-06 0.00053791273 2.7968657e-06)
(-3.8241648e-06 0.0005292576 2.7846006e-06)
(3.82461e-06 0.00052925354 2.7852975e-06)
(-1.3255793e-06 0.00053791005 2.7966579e-06)
(1.7591993e-06 0.00051836411 2.770617e-06)
(8.4632117e-06 0.00053480539 2.7948008e-06)
(2.9384687e-06 0.00052677244 2.769896e-06)
(2.4381721e-06 -0.0025094904 -3.188275e-06)
(-8.6195216e-06 -0.0025300321 -3.2161542e-06)
(-1.5081923e-06 -0.002514299 -3.1886084e-06)
(2.8430281e-06 -0.0025298489 -3.2182967e-06)
(-5.106245e-06 -0.0025223202 -3.2046793e-06)
(5.106612e-06 -0.0025223259 -3.2041013e-06)
(-2.8442458e-06 -0.0025298511 -3.2184489e-06)
(1.5073454e-06 -0.0025142979 -3.1886372e-06)
(8.6179308e-06 -0.0025300243 -3.2166869e-06)
(-2.436911e-06 -0.0025094904 -3.1885316e-06)
(-3.6035415e-06 0.0011111349 3.8373646e-06)
(-8.0352163e-06 0.0011238816 3.8693306e-06)
(-1.7603082e-06 0.0011016764 3.8377761e-06)
(1.0322596e-06 0.0011274742 3.8711281e-06)
(-3.5546225e-06 0.0011159333 3.8555871e-06)
(3.554831e-06 0.001115929 3.8561306e-06)
(-1.033296e-06 0.0011274712 3.8710339e-06)
(1.7596275e-06 0.0011016779 3.8377391e-06)
(8.0336518e-06 0.0011238886 3.8688604e-06)
(3.6046235e-06 0.0011111344 3.8371775e-06)
(4.0625908e-06 -0.0033330593 -4.382321e-06)
(-8.378173e-06 -0.0033593353 -4.419603e-06)
(-1.3901878e-06 -0.0033378403 -4.3846261e-06)
(3.340975e-06 -0.0033595976 -4.4218761e-06)
(-5.5121399e-06 -0.0033491746 -4.4046388e-06)
(5.5122865e-06 -0.0033491807 -4.4042822e-06)
(-3.3420206e-06 -0.0033595998 -4.4219283e-06)
(1.3896454e-06 -0.0033378391 -4.3846399e-06)
(8.3765241e-06 -0.0033593264 -4.4197963e-06)
(-4.0615567e-06 -0.0033330595 -4.382377e-06)
(-4.6069987e-06 0.0017800733 5.1537148e-06)
(-7.580189e-06 0.0017987721 5.1934709e-06)
(-1.7771635e-06 0.0017694635 5.1548354e-06)
(6.043514e-07 0.0018029468 5.1957848e-06)
(-3.166445e-06 0.0017878393 5.1767236e-06)
(3.1663943e-06 0.0017878353 5.1770235e-06)
(-6.0515758e-07 0.0018029437 5.1957842e-06)
(1.7768241e-06 0.0017694649 5.154816e-06)
(7.5785853e-06 0.0017987795 5.193366e-06)
(4.6077983e-06 0.0017800726 5.153726e-06)
(6.0682436e-06 -0.0043764349 -5.8329949e-06)
(-8.180745e-06 -0.0044095965 -5.8809742e-06)
(-1.2471925e-06 -0.0043813811 -5.838088e-06)
(4.0118172e-06 -0.0044102972 -5.8831932e-06)
(-6.0667827e-06 -0.0043965256 -5.8621709e-06)
(6.0667075e-06 -0.0043965319 -5.8621169e-06)
(-4.0126946e-06 -0.0044102992 -5.8831656e-06)
(1.2469815e-06 -0.00438138 -5.8380722e-06)
(8.1790252e-06 -0.0044095872 -5.8807198e-06)
(-6.0674597e-06 -0.0043764352 -5.8328402e-06)
(-6.0140615e-06 0.0027163322 6.7333521e-06)
(-7.1001393e-06 0.0027422925 6.7820061e-06)
(-1.8122855e-06 0.0027046651 6.736067e-06)
(8.5978555e-09 0.0027470844 6.7848447e-06)
(-2.6310879e-06 0.0027278058 6.7621185e-06)
(2.6307721e-06 0.0027278023 6.7621004e-06)
(-9.1646204e-09 0.0027470813 6.7849188e-06)
(1.8123069e-06 0.0027046665 6.7360768e-06)
(7.0984937e-06 0.0027423 6.7823548e-06)
(6.0145507e-06 0.0027163314 6.733568e-06)
(8.5268937e-06 -0.005572596 -7.547827e-06)
(-8.0318932e-06 -0.0056139484 -7.6077774e-06)
(-1.0759256e-06 -0.0055779219 -7.5567169e-06)
(4.8954402e-06 -0.0056150955 -7.6097822e-06)
(-6.8061753e-06 -0.0055974501 -7.5848928e-06)
(6.8058877e-06 -0.0055974565 -7.5852118e-06)
(-4.8961616e-06 -0.0056150971 -7.6096913e-06)
(1.076054e-06 -0.005577921 -7.5566623e-06)
(8.0300981e-06 -0.0056139388 -7.607006e-06)
(-8.526369e-06 -0.0055725963 -7.5474611e-06)
(-7.8990529e-06 0.0039391157 8.5822611e-06)
(-6.5955328e-06 0.0039737189 8.6409676e-06)
(-1.8678028e-06 0.0039267347 8.587644e-06)
(-7.935079e-07 0.003979085 8.644294e-06)
(-1.9140919e-06 0.0039551413 8.6178402e-06)
(1.9135069e-06 0.0039551375 8.6174253e-06)
(7.9319171e-07 0.0039790822 8.6444276e-06)
(1.8681891e-06 0.003926736 8.5876895e-06)
(6.5938488e-06 0.0039737265 8.6418264e-06)
(7.899217e-06 0.0039391151 8.582677e-06)
(1.1520076e-05 -0.0070240883 -9.5339745e-06)
(-7.9290442e-06 -0.0070750813 -9.6072558e-06)
(-8.755238e-07 -0.0070299982 -9.5478942e-06)
(6.0315199e-06 -0.0070766959 -9.608873e-06)
(-7.7668628e-06 -0.0070545674 -9.5801054e-06)
(7.7663582e-06 -0.0070545751 -9.5808853e-06)
(-6.0320793e-06 -0.0070766969 -9.6087339e-06)
(8.7599718e-07 -0.0070299975 -9.5477989e-06)
(7.927182e-06 -0.0070750715 -9.6059302e-06)
(-1.1519816e-05 -0.0070240884 -9.5334112e-06)
(-1.0347415e-05 0.0053961226 1.0703194e-05)
(-6.0658418e-06 0.005440925 1.0773165e-05)
(-1.9463392e-06 0.005383373 1.0712494e-05)
(-1.8478005e-06 0.0054468248 1.0776922e-05)
(-9.7413435e-07 0.0054176488 1.0746739e-05)
(9.7325239e-07 0.0054176431 1.0745813e-05)
(1.8477748e-06 0.0054468224 1.07771e-05)
(1.9470894e-06 0.0053833742 1.0712576e-05)
(6.0641382e-06 0.0054409333 1.0774572e-05)
(1.0347237e-05 0.0053961224 1.0703794e-05)
(1.5141998e-05 -0.0087969697 -1.1795169e-05)
(-7.8700171e-06 -0.0088591314 -1.1883172e-05)
(-6.451447e-07 -0.0088038686 -1.1815524e-05)
(7.4677737e-06 -0.0088611764 -1.1884246e-05)
(-8.9921441e-06 -0.0088340214 -1.1851647e-05)
(8.9913638e-06 -0.0088340317 -1.1853048e-05)
(-7.4681075e-06 -0.0088611767 -1.1884072e-05)
(6.4598707e-07 -0.0088038682 -1.181539e-05)
(7.8681014e-06 -0.0088591211 -1.1881257e-05)
(-1.5142021e-05 -0.0087969695 -1.1794429e-05)
(-1.3456842e-05 0.0071314102 1.3100052e-05)
(-5.516728e-06 0.0071881241 1.3182584e-05)
(-2.0485361e-06 0.0071186496 1.3114694e-05)
(-3.2012329e-06 0.0071945114 1.3186706e-05)
(2.3245987e-07 0.0071594833 1.3152833e-05)
(-2.3371571e-07 0.0071594732 1.3151222e-05)
(3.2015911e-06 0.0071945093 1.3186912e-05)
(2.0496543e-06 0.0071186507 1.3114812e-05)
(5.5150223e-06 0.0071881339 1.3184571e-05)
(1.3456304e-05 0.0071314106 1.3100815e-05)
(1.9500716e-05 -0.010852068 -1.4332611e-05)
(-7.8526554e-06 -0.010927045 -1.4436816e-05)
(-3.8435783e-07 -0.010860606 -1.4360995e-05)
(9.2600736e-06 -0.010929425 -1.4437199e-05)
(-1.0531928e-05 -0.01089677 -1.4400864e-05)
(1.0530727e-05 -0.010896784 -1.4403146e-05)
(-9.2600299e-06 -0.010929424 -1.4437007e-05)
(3.8561527e-07 -0.010860606 -1.4360826e-05)
(7.8507072e-06 -0.010927034 -1.4434283e-05)
(-1.9501057e-05 -0.010852067 -1.4331718e-05)
(-1.7338635e-05 0.0092123263 1.5775821e-05)
(-4.962389e-06 0.0092827542 1.5872341e-05)
(-2.1727287e-06 0.0092001632 1.579741e-05)
(-4.9017133e-06 0.0092894969 1.5876724e-05)
(1.7516295e-06 0.0092481162 1.5839243e-05)
(-1.7533889e-06 0.0092480997 1.5836725e-05)
(4.9026045e-06 0.0092894952 1.5876941e-05)
(2.1742096e-06 0.0092001641 1.5797558e-05)
(4.9607078e-06 0.0092827649 1.5874897e-05)
(1.7337726e-05 0.0092123275 1.5776722e-05)
(2.4718831e-05 -0.013197433 -1.714836e-05)
(-7.8660753e-06 -0.013287067 -1.7270273e-05)
(-9.6191649e-08 -0.013208285 -1.7186559e-05)
(1.1465365e-05 -0.013289696 -1.7269917e-05)
(-1.2436969e-05 -0.013250981 -1.7229974e-05)
(1.243512e-05 -0.013251 -1.7233453e-05)
(-1.1464709e-05 -0.013289695 -1.7269717e-05)
(9.789755e-08 -0.013208285 -1.7186364e-05)
(7.8641255e-06 -0.013287057 -1.7267177e-05)
(-2.4719501e-05 -0.013197431 -1.7147339e-05)
(-2.2120838e-05 0.011632501 1.8730996e-05)
(-4.4184146e-06 0.011718573 1.884315e-05)
(-2.3170483e-06 0.011621751 1.8761321e-05)
(-7.0055548e-06 0.011725472 1.884758e-05)
(3.6373333e-06 0.011677308 1.8806608e-05)
(-3.6397473e-06 0.011677285 1.8803002e-05)
(7.0071534e-06 0.011725471 1.8847797e-05)
(2.3188401e-06 0.011621752 1.8761492e-05)
(4.4167924e-06 0.011718582 1.8846153e-05)
(2.2119595e-05 0.011632503 1.8732007e-05)
(3.093587e-05 -0.015911656 -2.0244927e-05)
(-7.8912536e-06 -0.016017966 -2.038599e-05)
(2.13033e-07 -0.015925465 -2.0294932e-05)
(1.4143371e-05 -0.016020762 -2.0385054e-05)
(-1.4760442e-05 -0.015975333 -2.0341671e-05)
(1.4757704e-05 -0.015975354 -2.0346574e-05)
(-1.4141854e-05 -0.01602076 -2.0384849e-05)
(-2.1093202e-07 -0.015925466 -2.0294731e-05)
(7.8893421e-06 -0.016017959 -2.0382578e-05)
(-3.0936795e-05 -0.015911654 -2.0243814e-05)
(-2.7950546e-05 0.014379996 2.1966242e-05)
(-3.8998982e-06 0.01448384 2.209597e-05)
(-2.4790489e-06 0.014371547 2.2007285e-05)
(-9.5790322e-06 0.014490677 2.2100061e-05)
(5.9525329e-06 0.014435247 2.2055748e-05)
(-5.955691e-06 0.014435221 2.2051058e-05)
(9.5814543e-06 0.014490676 2.2100278e-05)
(2.4809976e-06 0.014371547 2.2007455e-05)
(3.8983767e-06 0.014483845 2.2099112e-05)
(2.7949095e-05 0.014379998 2.1967317e-05)
(3.8311394e-05 -0.01902574 -2.3623492e-05)
(-7.905436e-06 -0.019150894 -2.3785053e-05)
(5.3510227e-07 -0.019043289 -2.3687526e-05)
(1.7361613e-05 -0.019153709 -2.3783977e-05)
(-1.7562669e-05 -0.019100948 -2.373735e-05)
(1.7558915e-05 -0.019100969 -2.3743616e-05)
(-1.7359101e-05 -0.019153705 -2.3783749e-05)
(-5.3281595e-07 -0.01904329 -2.3687361e-05)
(7.9036034e-06 -0.019150893 -2.3781831e-05)
(-3.8312363e-05 -0.019025738 -2.3622347e-05)
(-3.4994888e-05 0.017491472 2.5483565e-05)
(-3.4278845e-06 0.0176154 2.563308e-05)
(-2.6529287e-06 0.017486411 2.5537508e-05)
(-1.2693969e-05 0.017621912 2.5636315e-05)
(8.7648183e-06 0.017558741 2.5588836e-05)
(-8.7686309e-06 0.017558718 2.5583408e-05)
(1.2697153e-05 0.017621913 2.5636547e-05)
(2.6547575e-06 0.01748641 2.5537637e-05)
(3.426498e-06 0.017615396 2.5635897e-05)
(3.4993455e-05 0.017491475 2.5484632e-05)
(4.7026488e-05 -0.022523952 -2.7284573e-05)
(-7.876753e-06 -0.022670303 -2.7467969e-05)
(8.5858169e-07 -0.022546187 -2.7365112e-05)
(2.1191753e-05 -0.022672914 -2.7467408e-05)
(-2.0909185e-05 -0.022612254 -2.7417773e-05)
(2.0904564e-05 -0.022612266 -2.7424827e-05)
(-2.118839e-05 -0.022672909 -2.7467116e-05)
(-8.564934e-07 -0.022546189 -2.7365044e-05)
(7.8750317e-06 -0.02267031 -2.7465647e-05)
(-4.7027147e-05 -0.02252395 -2.728349e-05)
(-4.3443016e-05 0.021005324 2.9284538e-05)
(-3.0307853e-06 0.021151827 2.9456216e-05)
(-2.8286104e-06 0.021005012 2.9353784e-05)
(-1.6428487e-05 0.021157698 2.9458088e-05)
(1.2146166e-05 0.021086343 2.940765e-05)
(-1.2150272e-05 0.021086334 2.9402256e-05)
(1.6432106e-05 0.0211577 2.9458366e-05)
(2.8299727e-06 0.02100501 2.9353826e-05)
(3.0295568e-06 0.021151812 2.9458225e-05)
(4.3441869e-05 0.021005326 2.9285502e-05)
(5.7285899e-05 -0.02641477 -3.1228961e-05)
(-7.7601619e-06 -0.026584892 -3.1435734e-05)
(1.1679083e-06 -0.026442754 -3.1328765e-05)
(2.5707059e-05 -0.026587006 -3.1436416e-05)
(-2.4869984e-05 -0.026517883 -3.1383933e-05)
(2.4865081e-05 -0.026517881 -3.1390527e-05)
(-2.5703425e-05 -0.026587 -3.1436e-05)
(-1.1665018e-06 -0.026442757 -3.1328861e-05)
(7.7585659e-06 -0.026584904 -3.1435031e-05)
(-5.7285837e-05 -0.026414769 -3.1228069e-05)
(-5.3508869e-05 0.024938835 3.3369898e-05)
(-2.7432507e-06 0.025110641 3.3566135e-05)
(-2.9914589e-06 0.024944803 3.3457104e-05)
(-2.0869045e-05 0.025115528 3.356633e-05)
(1.6174634e-05 0.02503549 3.351319e-05)
(-1.6178393e-05 0.025035505 3.3508958e-05)
(2.0872497e-05 0.025115531 3.3566688e-05)
(2.9920451e-06 0.0249448 3.3457023e-05)
(2.7421869e-06 0.025110617 3.3567015e-05)
(5.3508219e-05 0.024938836 3.3370657e-05)
(6.9321861e-05 -0.030718218 -3.5457313e-05)
(-7.5006074e-06 -0.030914901 -3.5689478e-05)
(1.4439636e-06 -0.030753244 -3.5579445e-05)
(3.0986395e-05 -0.030916129 -3.5691854e-05)
(-2.9523429e-05 -0.030838036 -3.563676e-05)
(2.95193e-05 -0.030838017 -3.5641055e-05)
(-3.098353e-05 -0.030916122 -3.5691246e-05)
(-1.4436764e-06 -0.030753247 -3.5579756e-05)
(7.4991251e-06 -0.030914915 -3.5690857e-05)
(-6.9320741e-05 -0.030718218 -3.5456746e-05)
(-6.5433311e-05 0.029307917 3.7740149e-05)
(-2.6114983e-06 0.029508009 3.7963302e-05)
(-3.1204168e-06 0.029321809 3.7848276e-05)
(-2.6106946e-05 0.029511526 3.7961832e-05)
(2.0932324e-05 0.029422262 3.7906272e-05)
(-2.0934974e-05 0.029422305 3.7904364e-05)
(2.6109514e-05 0.029511531 3.7962298e-05)
(3.1200585e-06 0.029321806 3.7848061e-05)
(2.6105901e-06 0.029507982 3.7963019e-05)
(6.543324e-05 0.029307917 3.7740626e-05)
(8.3397094e-05 -0.035448193 -3.9969911e-05)
(-7.0343675e-06 -0.035674487 -4.0230136e-05)
(1.6627737e-06 -0.035491834 -4.0117748e-05)
(3.7117289e-05 -0.035674342 -4.0234216e-05)
(-3.4956626e-05 -0.035586813 -4.0176805e-05)
(3.4954547e-05 -0.035586783 -4.0176876e-05)
(-3.7116451e-05 -0.035674335 -4.0233368e-05)
(-1.6638498e-06 -0.035491837 -4.011828e-05)
(7.0329635e-06 -0.035674501 -4.0233607e-05)
(-8.3394767e-05 -0.035448193 -3.9969768e-05)
(-7.9487588e-05 0.034125992 4.2395119e-05)
(-2.6964468e-06 0.034357647 4.2647592e-05)
(-3.187181e-06 0.034149551 4.2527483e-05)
(-3.2237369e-05 0.034359342 4.2644769e-05)
(2.6505863e-05 0.034260265 4.2587067e-05)
(-2.6506896e-05 0.034260325 4.2588071e-05)
(3.2238588e-05 0.034359347 4.2645335e-05)
(3.1858962e-06 0.034149548 4.2527156e-05)
(2.6956749e-06 0.034357621 4.2646374e-05)
(7.9488032e-05 0.03412599 4.2395285e-05)
(9.9808664e-05 -0.040628458 -4.4766609e-05)
(-6.2891805e-06 -0.040887732 -4.505819e-05)
(1.7938659e-06 -0.040682524 -4.4943862e-05)
(4.4197905e-05 -0.040885629 -4.5063579e-05)
(-4.126623e-05 -0.040788194 -4.5004227e-05)
(4.1267031e-05 -0.040788167 -4.4999229e-05)
(-4.4199917e-05 -0.040885622 -4.5062511e-05)
(-1.7962704e-06 -0.040682526 -4.4944556e-05)
(6.2878064e-06 -0.040887741 -4.5063328e-05)
(-9.9805198e-05 -0.040628458 -4.476691e-05)
(-9.5977894e-05 0.039405358 4.7333984e-05)
(-3.0729091e-06 0.039672236 4.7618393e-05)
(-3.1553743e-06 0.039440395 4.749429e-05)
(-3.936189e-05 0.039671595 4.7614695e-05)
(3.2988368e-05 0.039562004 4.7555136e-05)
(-3.2987961e-05 0.039562052 4.7558405e-05)
(3.9361963e-05 0.039671599 4.7615306e-05)
(3.1533602e-06 0.039440393 4.7493905e-05)
(3.0722562e-06 0.039672219 4.7616625e-05)
(9.5978671e-05 0.039405357 4.7333875e-05)
(0.00011889462 -0.046267841 -4.9846242e-05)
(-5.1850722e-06 -0.046563779 -5.0173111e-05)
(1.7995104e-06 -0.046334468 -5.0056995e-05)
(5.2340126e-05 -0.046558989 -5.0179064e-05)
(-4.8562561e-05 -0.046451254 -5.011822e-05)
(4.8565763e-05 -0.046451247 -5.0109737e-05)
(-5.2344545e-05 -0.046558983 -5.0177907e-05)
(-1.8028349e-06 -0.046334468 -5.0057746e-05)
(5.1836864e-06 -0.046563782 -5.0179056e-05)
(-0.00011889035 -0.046267841 -4.9846907e-05)
(-0.00011524806 0.04516794 5.2555621e-05)
(-3.8347447e-06 0.04547416 5.2874824e-05)
(-2.977392e-06 0.045216384 5.2748024e-05)
(-4.7586006e-05 0.045470613 5.2870886e-05)
(4.04765e-05 0.045349623 5.2809776e-05)
(-4.0475572e-05 0.045349628 5.2813531e-05)
(4.7585849e-05 0.045470613 5.2871449e-05)
(2.9750067e-06 0.045216383 5.2747639e-05)
(3.8341955e-06 0.045474161 5.2873028e-05)
(0.00011524889 0.04516794 5.2555321e-05)
(0.00014104094 -0.052353606 -5.5206473e-05)
(-3.6314936e-06 -0.052690248 -5.5573666e-05)
(1.6338309e-06 -0.052435288 -5.5455113e-05)
(6.1668941e-05 -0.052681889 -5.557873e-05)
(-5.6972952e-05 -0.052563538 -5.5516876e-05)
(5.6976466e-05 -0.05256355 -5.5509048e-05)
(-6.1673771e-05 -0.052681885 -5.5577706e-05)
(-1.6371097e-06 -0.052435288 -5.5455803e-05)
(3.6300876e-06 -0.052690244 -5.5578839e-05)
(-0.00014103665 -0.052353604 -5.5207327e-05)
(-0.00013768336 0.051429614 5.8057401e-05)
(-5.0979946e-06 0.051779819 5.8414604e-05)
(-2.5927695e-06 0.051493515 5.8286572e-05)
(-5.7018904e-05 0.051772692 5.8411128e-05)
(4.9071024e-05 0.051639224 5.8348834e-05)
(-4.9070577e-05 0.051639176 5.8351426e-05)
(5.7019512e-05 0.05177269 5.8411563e-05)
(2.590391e-06 0.051493514 5.828623e-05)
(5.0975427e-06 0.051779848 5.8413322e-05)
(0.00013768395 0.051429615 5.8057009e-05)
(0.00016668889 -0.058905203 -6.08441e-05)
(-1.5266122e-06 -0.0592871 -6.1257858e-05)
(1.2395813e-06 -0.059004658 -6.1135349e-05)
(7.2323434e-05 -0.059274195 -6.1259895e-05)
(-6.6642696e-05 -0.059144784 -6.1197446e-05)
(6.6643879e-05 -0.059144799 -6.1194779e-05)
(-7.2326154e-05 -0.059274193 -6.1259216e-05)
(-1.2413414e-06 -0.059004656 -6.1135894e-05)
(1.5252393e-06 -0.059287097 -6.1259973e-05)
(-0.00016668579 -0.058905201 -6.0844888e-05)
(-0.00016372043 0.058191533 6.3834491e-05)
(-6.9958189e-06 0.058590936 6.4233851e-05)
(-1.929577e-06 0.058272941 6.4105659e-05)
(-6.778038e-05 0.058579312 6.4231058e-05)
(5.8886857e-05 0.058432207 6.4168023e-05)
(-5.8887092e-05 0.058432141 6.4169345e-05)
(6.7781964e-05 0.058579309 6.4231356e-05)
(1.9272088e-06 0.058272941 6.4105382e-05)
(6.9954498e-06 0.058590987 6.4233067e-05)
(0.00016372082 0.058191537 6.3834094e-05)
(0.00019634191 -0.065970369 -6.6754725e-05)
(1.2375745e-06 -0.066402785 -6.7221029e-05)
(5.3969994e-07 -0.066090465 -6.7094021e-05)
(8.4464768e-05 -0.066384272 -6.7218802e-05)
(-7.7729768e-05 -0.066243027 -6.7156009e-05)
(7.7727583e-05 -0.066243026 -6.7159732e-05)
(-8.4464412e-05 -0.06638427 -6.721851e-05)
(-5.3875861e-07 -0.066090463 -6.7094393e-05)
(-1.2387882e-06 -0.066402795 -6.7218394e-05)
(-0.00019634098 -0.065970368 -6.6755156e-05)
(-0.00019386202 0.065459772 6.9881155e-05)
(-9.67575e-06 0.065914068 7.0328355e-05)
(-9.0364115e-07 0.065560845 7.0200101e-05)
(-8.0005668e-05 0.065896501 7.0325483e-05)
(7.0063632e-05 0.065735032 7.0262186e-05)
(-7.0063759e-05 0.065734999 7.0263749e-05)
(8.0007485e-05 0.0658965 7.0325706e-05)
(9.0058538e-07 0.065560844 7.0199899e-05)
(9.6754186e-06 0.065914122 7.0326976e-05)
(0.00019386287 0.065459779 6.9880777e-05)
(0.00023056662 -0.073567145 -7.2932155e-05)
(4.780441e-06 -0.074056182 -7.3455754e-05)
(-5.7975048e-07 -0.073710834 -7.3325763e-05)
(9.8279934e-05 -0.074030822 -7.3450002e-05)
(-9.0381127e-05 -0.073876617 -7.3387002e-05)
(9.0377172e-05 -0.073876604 -7.3393807e-05)
(-9.8278089e-05 -0.074030821 -7.3449933e-05)
(5.8358685e-07 -0.073710831 -7.3325968e-05)
(-4.7813509e-06 -0.074056208 -7.3448474e-05)
(-0.00023056797 -0.073567145 -7.2931999e-05)
(-0.00022868878 0.073249245 7.6190618e-05)
(-1.3296539e-05 0.073764373 7.6691943e-05)
(5.8768506e-07 0.07337308 7.6563724e-05)
(-9.3850953e-05 0.073738699 7.6688248e-05)
(8.276769e-05 0.073563297 7.6625137e-05)
(-8.2767026e-05 0.073563302 7.6627958e-05)
(9.3852386e-05 0.0737387 7.668848e-05)
(-5.9231005e-07 0.073373079 7.6563623e-05)
(1.3296137e-05 0.073764436 7.668876e-05)
(0.00022869085 0.073249253 7.6190198e-05)
(0.00026998571 -0.081699114 -7.9367729e-05)
(9.2768986e-06 -0.082251683 -7.9954906e-05)
(-2.2843956e-06 -0.081869378 -7.9822902e-05)
(0.00011395619 -0.082217803 -7.9945663e-05)
(-0.00010469567 -0.082049565 -7.9882705e-05)
(0.00010469199 -0.08204956 -7.9889217e-05)
(-0.00011395483 -0.082217802 -7.9945605e-05)
(2.2917116e-06 -0.081869374 -7.9822879e-05)
(-9.2774578e-06 -0.082251715 -7.9942356e-05)
(-0.00026998994 -0.081699116 -7.9366898e-05)
(-0.00026886229 0.081572976 8.2752879e-05)
(-1.8025457e-05 0.082155438 8.3314438e-05)
(2.6813546e-06 0.081725006 8.3187296e-05)
(-0.00010950404 0.082119002 8.3310095e-05)
(9.7172506e-05 0.081930969 8.3247574e-05)
(-9.7171494e-05 0.081930974 8.3250614e-05)
(0.0001095056 0.082119004 8.3310396e-05)
(-2.6880523e-06 0.081725006 8.3187319e-05)
(1.8024848e-05 0.082155534 8.3309029e-05)
(0.00026886596 0.081572983 8.2752325e-05)
(0.00031530063 -0.090386445 -8.6049859e-05)
(1.5038905e-05 -0.091010132 -8.6710281e-05)
(-4.785778e-06 -0.090587114 -8.6574789e-05)
(0.00013162028 -0.090965416 -8.6695634e-05)
(-0.0001207335 -0.090782843 -8.6632984e-05)
(0.00012073018 -0.090782836 -8.6639439e-05)
(-0.00013161947 -0.090965414 -8.6695532e-05)
(4.7984978e-06 -0.09058711 -8.6574418e-05)
(-1.5039179e-05 -0.091010187 -8.6689836e-05)
(-0.00031530966 -0.090386448 -8.6048404e-05)
(-0.00031509807 0.090442337 8.9555013e-05)
(-2.4093318e-05 0.091099971 9.0185811e-05)
(5.564144e-06 0.090630303 9.0058709e-05)
(-0.0001271454 0.091050388 9.0179453e-05)
(0.00011340374 0.090849969 9.0117708e-05)
(-0.00011340226 0.090850003 9.0121083e-05)
(0.00012714707 0.091050389 9.0179989e-05)
(-5.5743631e-06 0.090630301 9.00588e-05)
(2.4092409e-05 0.09110002 9.017612e-05)
(0.00031510463 0.090442342 8.9554235e-05)
(0.00036735233 -0.099621048 -9.2974847e-05)
(2.2544695e-05 -0.10032399 -9.3711267e-05)
(-8.305754e-06 -0.099858193 -9.3578497e-05)
(0.00015130455 -0.10026591 -9.3697684e-05)
(-0.00013860447 -0.10006876 -9.3635714e-05)
(0.00013860304 -0.10006876 -9.3638563e-05)
(-0.00015130603 -0.10026591 -9.3697626e-05)
(8.3216421e-06 -0.099858189 -9.3577981e-05)
(-2.2544697e-05 -0.10032403 -9.3688846e-05)
(-0.00036736394 -0.099621053 -9.2972981e-05)
(-0.00036819364 0.099865275 9.6592422e-05)
(-3.1886113e-05 0.10060785 9.7298798e-05)
(9.4322818e-06 0.10009536 9.7174213e-05)
(-0.00014685841 0.10054349 9.7292788e-05)
(0.00013159531 0.10032777 9.7232087e-05)
(-0.00013159392 0.10032783 9.7234053e-05)
(0.00014686098 0.10054348 9.729391e-05)
(-9.4457082e-06 0.10009536 9.7174375e-05)
(3.1884769e-05 0.10060782 9.728663e-05)
(0.00036820248 0.099865276 9.6591284e-05)
(0.00042702332 -0.10937556 -0.00010010733)
(3.2225003e-05 -0.110169 -0.00010091787)
(-1.3026504e-05 -0.10965305 -0.00010080075)
(0.0001730368 -0.11009532 -0.00010091479)
(-0.00015856161 -0.10987995 -0.00010085557)
(0.0001585634 -0.10988033 -0.00010085181)
(-0.00017304246 -0.11009531 -0.00010091503)
(1.3041795e-05 -0.10965304 -0.00010080077)
(-3.2224551e-05 -0.11016857 -0.00010090105)
(-0.00042703376 -0.10937557 -0.00010010539)
(-0.00042931818 0.10985123 0.00010382716)
(-4.1590313e-05 0.11069181 0.00010455887)
(1.4549063e-05 0.11012288 0.00010449805)
(-0.00016895625 0.11061115 0.00010460936)
(0.00015214203 0.11037376 0.00010455218)
(-0.00015216221 0.11037409 0.00010451037)
(0.00016898161 0.11061114 0.0001046116)
(-1.4538583e-05 0.11012287 0.00010449849)
(4.1588294e-05 0.11069142 0.00010459805)
(0.00042930185 0.10985124 0.00010382554)
(0.00049603363 -0.11967619 -0.00010746509)
(4.4113874e-05 -0.12057235 -0.00010838284)
(-1.925205e-05 -0.11999465 -0.00010825534)
(0.00019759016 -0.12047823 -0.00010841688)
(-0.0001813404 -0.12024776 -0.00010833292)
(0.00018136181 -0.12024401 -0.00010829011)
(-0.000197617 -0.12047821 -0.00010841858)
(1.924532e-05 -0.11999465 -0.00010825584)
(-4.4112759e-05 -0.12057618 -0.00010841357)
(-0.00049602076 -0.1196762 -0.00010746275)
(-0.00049539259 0.12041818 0.0001112685)
(-5.360606e-05 0.12137024 0.00011260307)
(2.0192087e-05 0.12073007 0.00011203649)
(-0.00019263496 0.12126717 0.00011218924)
(0.0001735102 0.12101133 0.00011210986)
(-0.00017330741 0.12100768 0.00011251539)
(0.00019243899 0.12126715 0.0001121938)
(-2.0410008e-05 0.12073007 0.00011203657)
(5.3603182e-05 0.12137392 0.00011218951)
(0.00049560236 0.1204182 0.00011126554)
(0.00057195299 -0.13049924 -0.00011520503)
(5.8548491e-05 -0.13149335 -0.00011662518)
(-2.6369815e-05 -0.13090752 -0.00011611775)
(0.00022416192 -0.13136736 -0.00011623128)
(-0.00020539726 -0.13113932 -0.00011617294)
(0.00020519601 -0.13114585 -0.00011657781)
(-0.00022396806 -0.13136736 -0.00011623591)
(2.6587994e-05 -0.1309075 -0.00011611763)
(-5.8546472e-05 -0.13148697 -0.00011621026)
(-0.00057216222 -0.13049923 -0.00011520085)
(-0.00057406137 0.13148724 0.0001190532)
(-7.0286535e-05 0.13254565 0.00011966804)
(2.89868e-05 0.13189389 0.00011994184)
(-0.00021784571 0.13240791 0.00012005345)
(0.00019711183 0.13215425 0.00011999959)
(-0.00019730324 0.13216064 0.00011960534)
(0.00021804594 0.13240791 0.00012005818)
(-2.8820071e-05 0.13189386 0.00011994435)
(7.0282745e-05 0.13253935 0.00012003541)
(0.0005738864 0.13148723 0.00011905139)
(0.00066061518 -0.14190331 -0.00012302197)
(7.82534e-05 -0.14303022 -0.00012375787)
(-3.7028855e-05 -0.14235791 -0.00012406688)
(0.0002520922 -0.14287629 -0.00012416317)
(-0.00023143244 -0.14263357 -0.0001241165)
(0.00023162594 -0.1426272 -0.00012372227)
(-0.00025229542 -0.14287628 -0.00012416808)
(3.6859296e-05 -0.1423579 -0.0001240695)
(-7.8250448e-05 -0.14303664 -0.00012412901)
(-0.00066043662 -0.14190331 -0.00012301907)
(-0.00066530825 0.14312587 0.00012695699)
(-8.9354219e-05 0.14432503 0.0001284626)
(4.0352349e-05 0.14358616 0.0001279726)
(-0.00024784849 0.14415668 0.00012806909)
(0.00022431504 0.14388897 0.00012802441)
(-0.00022411086 0.14388283 0.00012841872)
(0.00024765463 0.14415668 0.0001280746)
(-4.0585479e-05 0.14358615 0.00012797553)
(8.9350217e-05 0.14433122 0.00012803559)
(0.00066553259 0.14312587 0.00012695571)
(0.00076340236 -0.15389349 -0.00013084446)
(0.00010111422 -0.15516796 -0.00013251159)
(-5.0917574e-05 -0.15441621 -0.00013203321)
(0.00028489653 -0.15498075 -0.00013214068)
(-0.0002611889 -0.15470131 -0.00013209025)
(0.00026099225 -0.15470704 -0.00013247248)
(-0.00028471144 -0.15498076 -0.00013214669)
(5.114248e-05 -0.1544162 -0.00013203636)
(-0.00010111103 -0.15516222 -0.00013210054)
(-0.00076361751 -0.15389349 -0.000130842)
(-0.00076764891 0.15538202 0.00013470234)
(-0.00011199523 0.15673691 0.00013558353)
(5.381759e-05 0.15591568 0.00013592913)
(-0.00027988078 0.15653297 0.00013590659)
(0.00025431946 0.15622952 0.00013592405)
(-0.00025448142 0.15623494 0.0001355841)
(0.00028005414 0.15653298 0.0001359121)
(-5.3685328e-05 0.15591567 0.00013593272)
(0.00011199073 0.15673149 0.00013589021)
(0.00076750765 0.15538202 0.00013470126)
(0.00087959471 -0.16646906 -0.0001387738)
(0.00012838481 -0.16790809 -0.00013980484)
(-6.740658e-05 -0.16706932 -0.00014018487)
(0.00032011506 -0.16767913 -0.00014015437)
(-0.00029402588 -0.16738866 -0.00014017632)
(0.0002941831 -0.16738391 -0.00013984661)
(-0.00032028516 -0.16767914 -0.00014016055)
(6.7278801e-05 -0.16706932 -0.00014018877)
(-0.00012838098 -0.16791281 -0.0001401048)
(-0.00087945672 -0.16646906 -0.00013877135)
(-0.00088838574 0.16825213 0.00014230413)
(-0.00013961894 0.16978009 0.0001439048)
(7.2091022e-05 0.16886895 0.00014363824)
(-0.00031702573 0.1695336 0.00014366502)
(0.00028844543 0.16921756 0.000143655)
(-0.00028829723 0.16921299 0.00014393279)
(0.00031688967 0.16953361 0.00014367059)
(-7.2268818e-05 0.16886894 0.00014364166)
(0.00013961424 0.16978465 0.00014359387)
(0.00088855431 0.16825213 0.00014230308)
(0.0010151708 -0.17967431 -0.00014627216)
(0.00016149771 -0.18129961 -0.00014806844)
(-8.9202851e-05 -0.18036721 -0.00014782542)
(0.00036043541 -0.18102172 -0.00014784914)
(-0.00033096279 -0.18069985 -0.0001478418)
(0.00033081313 -0.18070371 -0.00014812381)
(-0.00036029945 -0.18102173 -0.00014785515)
(8.9382432e-05 -0.18036721 -0.00014782953)
(-0.00016149368 -0.18129569 -0.00014775643)
(-0.0010153402 -0.17967431 -0.00014627018)
(-0.0010258746 0.18175617 0.00015025581)
(-0.00017273707 0.18347924 0.00015152583)
(9.45276e-05 0.18247203 0.00015172416)
(-0.00035712604 0.18318185 0.00015184507)
(0.00032604167 0.18283466 0.00015179053)
(-0.00032615491 0.18283841 0.00015154508)
(0.00035725209 0.18318186 0.00015185063)
(-9.4441308e-05 0.18247203 0.00015172746)
(0.00017273222 0.18347541 0.00015174173)
(0.0010257792 0.18175616 0.00015025494)
(0.0011714511 -0.19352085 -0.0001544069)
(0.00020156952 -0.1953544 -0.00015587504)
(-0.00011629551 -0.19432386 -0.00015612319)
(0.00040428421 -0.19501874 -0.0001562271)
(-0.00037190915 -0.19468358 -0.00015618176)
(0.00037201896 -0.19468024 -0.00015594378)
(-0.00040440838 -0.19501875 -0.00015623312)
(0.00011621173 -0.19432386 -0.0001561273)
(-0.00020156531 -0.19535771 -0.00015609048)
(-0.0011713572 -0.19352085 -0.0001544052)
(-0.0011852251 0.19588738 0.00015843869)
(-0.00021331249 0.19782823 0.00016035727)
(0.00012282122 0.19671621 0.00016010861)
(-0.00040203933 0.19747025 0.00016024965)
(0.0003677089 0.19710829 0.00016018393)
(-0.00036759154 0.19710509 0.00016039401)
(0.00040193561 0.19747026 0.00016025575)
(-0.00012296502 0.19671621 0.00016011153)
(0.00021330735 0.19783143 0.00016011557)
(0.001185359 0.19588739 0.00015843741)
(0.0013514013 -0.20803284 -0.00016237277)
(0.00025009584 -0.21009929 -0.00016452552)
(-0.00015031388 -0.20895941 -0.0001643194)
(0.00045298806 -0.2096957 -0.00016446085)
(-0.00041690507 -0.20933534 -0.00016439619)
(0.00041678782 -0.20933811 -0.00016460523)
(-0.00045288537 -0.20969573 -0.00016446687)
(0.00015045835 -0.20895939 -0.00016432299)
(-0.00025009101 -0.21009631 -0.00016429039)
(-0.0013515348 -0.20803282 -0.00016237047)
(-0.0013669281 0.21066753 0.0001667228)
(-0.0002619315 0.2128512 0.00016838984)
(0.00015746917 0.21162094 0.00016863107)
(-0.00045066035 0.21242503 0.00016874764)
(0.00041315193 0.21203314 0.00016869474)
(-0.00041323486 0.21203584 0.00016850827)
(0.00045075739 0.21242507 0.00016875174)
(-0.0001574002 0.21162092 0.0001686358)
(0.00026192634 0.21284838 0.00016856681)
(0.0013668518 0.21066751 0.0001667243)
(0.0015599551 -0.2231947 -0.00017073019)
(0.00030877455 -0.22552117 -0.00017271171)
(-0.00019280008 -0.22426043 -0.00017296479)
(0.00050635512 -0.22504089 -0.00017309443)
(-0.00046666972 -0.22466522 -0.00017303509)
(0.00046675193 -0.2246629 -0.00017285115)
(-0.00050645168 -0.2250409 -0.00017309807)
(0.00019273759 -0.22426045 -0.00017297001)
(-0.00030876952 -0.22552354 -0.00017288338)
(-0.0015598846 -0.22319471 -0.00017073105)
(-0.0015714545 0.22608858 0.0001750338)
(-0.00031933406 0.22854935 0.00017730264)
(0.00019789159 0.22718341 0.00017720714)
(-0.00050408925 0.2280414 0.0001773482)
(0.00046249565 0.22762898 0.00017728392)
(-0.00046240866 0.22762673 0.00017743114)
(0.00050401675 0.2280414 0.0001773539)
(-0.00019799748 0.22718343 0.00017720971)
(0.00031932905 0.22855168 0.00017713526)
(0.0015715514 0.2260886 0.00017503415)
(0.0017943646 -0.23895946 -0.00017889248)
(0.00037749829 -0.24159634 -0.00018144588)
(-0.00024228817 -0.24019661 -0.00018141756)
(0.00056472968 -0.24101607 -0.00018155868)
(-0.00052059239 -0.24061744 -0.0001814947)
(0.00052050556 -0.24061909 -0.00018164386)
(-0.00056465679 -0.24101611 -0.00018156452)
(0.00024240155 -0.2401966 -0.00018141979)
(-0.00037749348 -0.24159447 -0.00018127051)
(-0.0017944686 -0.23895946 -0.00017889239)
(-0.0018125004 0.24211617 0.000183375)
(-0.00039028384 0.24491324 0.00018556095)
(0.00025072965 0.24339515 0.00018585338)
(-0.00056253852 0.24428706 0.00018597259)
(0.00051692152 0.2438508 0.00018591747)
(-0.00051696214 0.24385244 0.00018581002)
(0.00056259353 0.2442871 0.00018597577)
(-0.00025069357 0.24339514 0.00018585711)
(0.00039027787 0.24491136 0.00018567612)
(0.0018124567 0.24211617 0.0001833758)
(0.0020714064 -0.2552131 -0.00018706694)
(0.00046300247 -0.25824102 -0.00018961524)
(-0.0003074583 -0.25667748 -0.00018995447)
(0.00062782129 -0.25751326 -0.00019009259)
(-0.00057980103 -0.25710401 -0.00019002806)
(0.00057984327 -0.25710311 -0.00018992375)
(-0.0006278765 -0.25751327 -0.00019009584)
(0.00030742439 -0.25667749 -0.00018995808)
(-0.00046299659 -0.25824198 -0.00018972844)
(-0.0020713658 -0.25521311 -0.00018706812)
(-0.0020921248 0.25866642 0.00019156979)
(-0.00047825362 0.26189974 0.00019418634)
(0.00031736999 0.26019853 0.00019439732)
(-0.00062484477 0.26108891 0.00019452559)
(0.00057557957 0.26065391 0.00019446618)
(-0.0005755515 0.26065303 0.00019449079)
(0.0006248319 0.26108892 0.00019453037)
(-0.00031740889 0.26019854 0.00019439914)
(0.00047824768 0.2619007 0.00019415087)
(0.0020921545 0.25866643 0.00019156884)
(0.0023980073 -0.27207206 -0.00019511052)
(0.00057089418 -0.27545402 -0.00019815215)
(-0.00039281439 -0.27372372 -0.0001984119)
(0.00069456996 -0.27460247 -0.00019856983)
(-0.00064263587 -0.27417168 -0.00019849603)
(0.00064260872 -0.27417186 -0.00019852767)
(-0.00069455535 -0.27460251 -0.00019857477)
(0.00039285647 -0.27372371 -0.00019841265)
(-0.00057088828 -0.27545357 -0.00019810693)
(-0.0023980417 -0.27207205 -0.00019510964)
(-0.0024116612 0.27584983 0.0001998479)
(-0.00058127049 0.27960647 0.00020267364)
(0.00039781007 0.27761876 0.00020307738)
(-0.00069277439 0.27860375 0.00020319559)
(0.0006395348 0.27811947 0.00020314052)
(-0.0006395235 0.27811961 0.00020313477)
(0.0006927789 0.2786038 0.00020319817)
(-0.00039781313 0.27761874 0.00020308132)
(0.00058126436 0.27960596 0.00020270262)
(0.0024116575 0.27584982 0.00019984853)
(0.0027857 -0.28962314 -0.00020305745)
(0.00070169681 -0.29353283 -0.00020636407)
(-0.00050128693 -0.2915249 -0.00020683478)
(0.0007688582 -0.29248425 -0.00020699655)
(-0.00071305115 -0.29201216 -0.00020692003)
(0.00071303858 -0.29201199 -0.00020692976)
(-0.00076885718 -0.29248428 -0.00020699966)
(0.00050128431 -0.29152491 -0.00020683674)
(-0.00070168688 -0.29353321 -0.00020639821)
(-0.0027856896 -0.28962316 -0.0002030583)
(-0.002785824 0.29375208 0.00020766899)
(-0.00070440706 0.29813448 0.00021087687)
(0.00049837314 0.29583843 0.00021135222)
(-0.00076803642 0.29688645 0.00021148116)
(0.00071080499 0.29637155 0.00021142081)
(-0.00071078156 0.29637139 0.00021143564)
(0.00076802814 0.29688648 0.00021148408)
(-0.00049840679 0.29583844 0.00021135455)
(0.00070441071 0.2981348 0.00021084755)
(0.0027858608 0.29375208 0.00020766771)
(0.0032475328 -0.30787658 -0.00021070945)
(0.00086380595 -0.31243897 -0.00021448947)
(-0.00063937523 -0.31011169 -0.0002150342)
(0.00085005556 -0.31112662 -0.00021522501)
(-0.00079006247 -0.31062649 -0.00021513479)
(0.00079003807 -0.31062652 -0.00021517148)
(-0.00085004128 -0.31112666 -0.00021522862)
(0.00063939848 -0.31011168 -0.00021503457)
(-0.00086380707 -0.31243881 -0.00021446309)
(-0.0032475609 -0.30787658 -0.00021070929)
(-0.0032284655 0.31228196 0.00021504731)
(-0.00085551014 0.31741132 0.00021854639)
(0.00062598077 0.31474379 0.00021923217)
(-0.00085023009 0.31583394 0.00021937635)
(0.00078883039 0.31529623 0.00021930847)
(-0.00078881248 0.31529626 0.00021931493)
(0.00085022642 0.31583399 0.00021937818)
(-0.00062599966 0.31474379 0.00021923529)
(0.00085551028 0.31741135 0.00021854657)
(0.0032284867 0.31228197 0.00021504613)
(0.0037987128 -0.32677989 -0.00021758097)
(0.0010645687 -0.33213802 -0.00022201882)
(-0.0008164219 -0.32941543 -0.00022251881)
(0.00093731676 -0.33047284 -0.00022275029)
(-0.00087329276 -0.3299504 -0.00022263995)
(0.00087327438 -0.32995036 -0.00022266187)
(-0.00093730623 -0.33047288 -0.00022275227)
(0.00081644435 -0.32941543 -0.00022251923)
(-0.0010645698 -0.33213807 -0.00022199515)
(-0.0037987433 -0.32677989 -0.00021758003)
(-0.0037590453 0.33137673 0.00022812147)
(-0.0010417201 0.33742922 0.00023220775)
(0.00078986224 0.33428728 0.00023289727)
(-0.0009393235 0.33540706 0.00023308241)
(0.00087366263 0.33485269 0.00023299574)
(-0.00087364414 0.33485268 0.00023300765)
(0.00093931804 0.33540711 0.00023308505)
(-0.00078988424 0.33428727 0.00023289989)
(0.0010417205 0.3374291 0.00023219804)
(0.003759072 0.33137673 0.00022812062)
(0.0044120369 -0.34625931 -0.00012245664)
(0.0013144613 -0.35259624 -0.00012742173)
(-0.0010458777 -0.34936626 -0.00012755386)
(0.0010306278 -0.35045997 -0.00012779606)
(-0.00096270186 -0.34991693 -0.00012768345)
(0.00096268614 -0.349917 -0.00012769998)
(-0.0010306187 -0.35046003 -0.0001277981)
(0.0010458863 -0.34936625 -0.00012755566)
(-0.0013144625 -0.35259636 -0.00012742282)
(-0.0044120578 -0.34625931 -0.00012245759)
(-0.0050459437 0.35101448 0.0015693762)
(-0.0012652899 0.35818497 0.0015890095)
(0.00099636186 0.35442838 0.0015847131)
(-0.0010319211 0.35556646 0.0015860972)
(0.00096245648 0.35500077 0.0015854093)
(-0.00096244805 0.35500083 0.0015854013)
(0.001031923 0.35556651 0.0015860995)
(-0.00099639153 0.35442837 0.0015847169)
(0.0012652899 0.3581851 0.0015889861)
(0.0050459824 0.35101448 0.0015693757)
(-0.00076802595 -0.36615511 0.011735894)
(0.0016048365 -0.37383523 0.011875971)
(-0.0013432869 -0.36985862 0.011817207)
(0.0011227472 -0.37098445 0.011835171)
(-0.0010515482 -0.37041984 0.011826254)
(0.0010515429 -0.37041982 0.011826262)
(-0.0011227481 -0.3709845 0.011835168)
(0.0013433052 -0.36985861 0.011817201)
(-0.0016048366 -0.37383517 0.011875984)
(0.00076799153 -0.3661551 0.011735892)
)
;

boundaryField
{
    left
    {
        type            noSlip;
    }
    right
    {
        type            noSlip;
    }
    walls
    {
        type            noSlip;
    }
    centreline
    {
        type            noSlip;
    }
    frontAndBack
    {
        type            noSlip;
    }
}


// ************************************************************************* //
