/*--------------------------------*- C++ -*----------------------------------*\
  =========                 |
  \\      /  F ield         | OpenFOAM: The Open Source CFD Toolbox
   \\    /   O peration     | Website:  https://openfoam.org
    \\  /    A nd           | Version:  8
     \\/     M anipulation  |
\*---------------------------------------------------------------------------*/
FoamFile
{
    version     2.0;
    format      ascii;
    class       volScalarField;
    location    "20.000098150058701";
    object      epsilon;
}
// * * * * * * * * * * * * * * * * * * * * * * * * * * * * * * * * * * * * * //

dimensions      [0 2 -3 0 0 0 0];

internalField   nonuniform List<scalar> 
6800
(
44409.1
113706
128808
123241
90902.7
37218.9
16355.6
7709.33
3702.84
1866.17
42330.4
138738
121684
65117.1
27319.6
12569.9
6100.45
2951.63
1374.49
690.589
35093.1
88164.3
56254.6
25751.1
12693.3
6269.5
3003.45
1309.06
559.218
276.029
21158.2
50008.1
32541.6
16000.7
8187.13
3801.74
1445.09
551.138
250.524
141.542
21949.1
30926.6
22453.1
11703.9
4811.02
1594.29
594.112
267.816
145.743
98.0531
26377.1
27116.7
18322.1
7045.38
2391.08
815.849
334.138
175.181
108.907
82.3366
27961.4
24682.4
13653.9
4817.99
1532.33
514.276
231.676
132.669
87.3496
72.1895
28649
22518.7
10253.9
2742.22
784.432
303.057
163.594
104.853
77.5683
68.6376
28568
21996.4
8305.37
2097.87
589.131
250.322
144.313
96.2715
71.0046
64.2932
28483.7
20942
5942.54
1146.68
361.571
191.583
119.354
83.8181
67.0454
62.9079
38480.1
15371.7
11970
11131.3
11046.5
11435.1
12084.4
12878.5
13761.4
14696.9
37232.4
15006
11766
11040.3
11084
11646.5
12516.8
13602
14869.1
16287.2
35166.2
14370.8
11427.3
10872.4
11202.2
12109.2
13431.6
15136.6
17257.4
19756.7
32336.3
13590.8
11014.5
10766.3
11530.7
12991
15054.1
17804.9
21508.1
26123.5
28779.9
12886.1
10802.3
11035.3
12483.3
14895.4
18255.1
22857
29800.2
39276.4
25494.9
12531.9
11219.2
12410.9
15309.5
19871.4
26718.2
35811.5
50122.4
66626.5
22697.5
13094.5
13405.8
17085.2
23702.1
34807
53128.4
71047.1
88655.9
87926.5
22178.8
15872
20823.1
31845.5
48889.6
75678.2
98124.2
102566
100679
78267.3
23574.9
25200.2
43687.4
71828.8
100518
114165
110632
93461.9
65666.5
25654
29109.3
51519.9
96106.1
116769
123200
107142
66289.4
29151.5
13791.3
5637.22
16017.7
17670.8
19348.1
20990.2
22565.2
24056.4
25453.5
26747.3
27935.2
28999.7
29931.5
30732.1
31398.9
31939.4
32332.4
32605
32732.3
32725.6
32603.4
32350.6
31987.8
31531.1
30991.4
30380.3
29709.2
28987.8
28225.2
27430.6
26612.8
25780.2
24940.4
24100.7
23268.3
22449.6
21649.8
20873.4
20123.3
19401.6
18709
18045.6
17410.5
16802.6
16220.5
15662.6
15127.6
14614.1
14121
13647
13191.1
12752.4
12330.1
11923.8
11532.8
11156.9
10795.7
10448.8
10116
9796.7
9490.65
9197.38
8916.43
8647.35
8389.64
8142.79
7906.31
7679.67
7462.38
7253.94
7053.87
6861.72
6677.07
6499.52
6328.69
6164.25
6005.88
5853.29
5706.2
5564.35
5427.51
5295.44
5167.92
5044.72
4925.65
4810.49
4699.07
4591.2
4486.74
4385.46
4287.38
4192.08
4099.97
4010
3923.76
3838.2
3758.47
3675.29
3604.75
3518.68
3465.28
3359.33
18247.4
20449.6
22735.1
24950.7
27048.8
29010.7
30823.3
32476.7
33980.7
35300.9
36428.1
37373
38159.8
38756.4
39150.5
39362.7
39376.4
39231.8
38917.4
38455.4
37866
37166.4
36373.1
35502.8
34571.8
33591
32571.1
31522.9
30457
29383.2
28311.2
27250.2
26208.5
25193.1
24209.6
23262.1
22353.4
21484.5
20655.8
19866.2
19113.8
18396.7
17712.9
17060.3
16436.8
15840.8
15270.8
14725.2
14202.5
13701.6
13221.4
12761.1
12319.9
11897.3
11492.8
11105.7
10735.5
10381.5
10043.3
9720.12
9411.38
9116.42
8834.62
8565.3
8307.83
8061.55
7825.86
7600.15
7383.85
7176.44
6977.41
6786.29
6602.67
6426.14
6256.36
6092.97
5935.67
5784.16
5638.17
5497.42
5361.66
5230.65
5104.14
4981.91
4863.77
4749.48
4638.93
4531.82
4428.2
4327.59
4230.47
4135.65
4044.93
3954.87
3871.22
3783.79
3710
3619.66
3563.86
3452.96
22970.6
26235.8
29623.7
32871.1
35910.9
38710.2
41267.9
43624
45660.6
47376.3
48786
49901.7
50761.8
51295.9
51556.5
51533.3
51287.8
50787.8
50083.9
49198.8
48154.3
46980
45701.8
44344.2
42935
41480.7
39994.2
38488.9
36978.9
35477.4
33997.7
32551.2
31147.7
29795
28498.4
27260.6
26083.7
24966.9
23909.2
22907.9
21958.8
21058.7
20204.9
19393.7
18622.5
17888.7
17190.4
16525.5
15892
15287.8
14711.5
14161.8
13637.6
13138
12661.9
12208.4
11776.7
11365.6
10974.4
10601.9
10247.4
9909.8
9588.27
9281.85
8989.68
8710.9
8444.71
8190.35
7947.11
7714.31
7491.33
7277.63
7072.66
6875.96
6687.08
6505.63
6331.21
6163.48
6002.1
5846.74
5697.11
5552.9
5413.85
5279.67
5150.15
5025.01
4904.12
4787.13
4674.15
4564.53
4458.95
4355.88
4257.6
4159.89
4069.65
3974.91
3895.68
3798.05
3738.02
3618.8
30987.2
35718.1
40490.1
44983.2
49128.7
52852.9
56209.6
59141.2
61479
63331
64730.7
65681.1
66260.2
66450.8
66303.3
65842.2
65049.9
63987.2
62689.3
61173.7
59472.9
57643.9
55722
53733.6
51689.7
49619.9
47546.1
45486.2
43457.5
41475.2
39552.9
37701.3
35928.2
34238.9
32635.7
31117.4
29683.9
28330.9
27055.3
25853
24716.5
23641.7
22625.8
21663.8
20751.7
19886.6
19066.6
18289.1
17551.2
16850.3
16184.2
15551.3
14949.9
14378.9
13836.6
13321.7
12833
12369.1
11928.7
11510.3
11112.8
10734.8
10375.4
10033.4
9707.8
9397.56
9101.7
8819.37
8549.67
8291.85
8045.18
7809.02
7582.74
7365.82
7157.72
6957.99
6766.19
6581.91
6404.77
6234.39
6070.43
5912.55
5760.46
5613.79
5472.35
5335.8
5204.05
5076.64
4953.81
4834.66
4720.2
4608.35
4502.17
4396.25
4299.19
4196.51
4111.71
4006.16
3941.57
3813.48
45076.3
50884.4
56550.6
61710.2
66336
70262.6
73655.3
76262.8
78138.4
79351.4
80023
80105.9
79798.1
79042.3
77884.5
76419.7
74671.2
72689.5
70510.4
68208
65851.6
63429.5
60955.3
58451.3
55938.9
53439.6
50976.9
48567.7
46230.1
43977.7
41822
39769.4
37823.8
35986
34254.9
32624.5
31090.8
29647.2
28288.7
27010.9
25803.7
24662.2
23585.6
22567.5
21603.6
20690.4
19826.3
19009.5
18236.3
17503.2
16808.1
16148.9
15523.9
14931.5
14369.9
13837.4
13332.6
12853.8
12399.4
11967.8
11557.7
11167.8
10796.8
10443.6
10107.1
9786.24
9480.03
9187.64
8908.13
8640.71
8384.71
8139.44
7904.3
7678.73
7462.21
7254.26
7054.46
6862.37
6677.63
6499.84
6328.69
6163.8
6004.91
5851.7
5704
5561.36
5423.83
5290.75
5162.62
5038.15
4918.92
4802.02
4691.66
4580.8
4480.27
4372.59
4285.08
4174.53
4107.12
3973.78
69360.7
73514.9
77901.5
81731.2
84824.5
86885
88327.4
89041.1
89023.9
88737.8
88039.3
86879.7
85378.7
83569
81452.9
79092.9
76530.8
73814.8
70979.8
68066.8
65086.2
62089.4
59112.4
56179.3
53320
50549.6
47895.3
45362
42967.1
40717.2
38613.9
36650.2
34820.7
33116.3
31529.2
30047.8
28659.6
27358.5
26134
24984.3
23899.1
22871.3
21904
20991.1
20127.9
19310.7
18538.5
17810.6
17123
16472
15855.1
15271
14717.3
14193.1
13695.7
13223.6
12775.2
12348.9
11943
11556
11186.8
10834.2
10497.3
10175.2
9867.03
9572.16
9289.6
9018.9
8759.18
8509.87
8270.45
8040.39
7819.17
7606.33
7401.47
7204.16
7014.07
6830.82
6654.14
6483.67
6319.2
6160.38
6007.07
5858.87
5715.8
5577.33
5443.77
5314.22
5189.6
5068.11
4952.1
4837.65
4730.36
4621.4
4523.87
4417.55
4332.82
4223.65
4157.19
4026.21
90258.7
91463.5
92140.5
92614.4
92620.2
92266.5
91444.9
90181.3
88351.4
86081.5
83583.9
80865.6
77890.2
74728.8
71424.3
68034.3
64603.1
61178.4
57793.4
54473.2
51247
48125.1
45142.4
42300.1
39637
37148.6
34864.4
32758
30856.7
29151.7
27625.3
26242.2
24991.5
23851.7
22807.7
21852.5
20951.5
20115.2
19325.4
18584.4
17890.1
17229.8
16609.4
16025.4
15473.5
14951
14457.6
13993.3
13553.9
13137.7
12743
12369.7
12014.4
11677.3
11354.8
11045
10747.2
10459.8
10182.2
9913.22
9652.93
9400.86
9156.88
8920.93
8692.4
8471.71
8257.94
8051.49
7851.59
7658.18
7471.01
7289.83
7114.33
6944.26
6779.4
6619.47
6464.32
6313.68
6167.51
6025.52
5887.79
5753.94
5624.19
5498.05
5375.9
5257.02
5142.19
5030.1
4922.39
4816.51
4715.86
4615.35
4522.06
4425.51
4340.64
4245.61
4171.68
4073.89
4014.1
3896.99
75610.5
73051.9
70670.4
68533.4
66590.3
64883.1
62708.7
60709.6
58307
55672
52786.1
49695
46429.1
43076.3
39723.1
36444.1
33306.1
30332
27563.8
24976
22611.2
20425.7
18472.8
16710.4
15188.6
13868
12771
11881.3
11169.1
10591.9
10129.1
9772.92
9495.72
9276.12
9089.59
8949.36
8804.92
8687.47
8578.24
8475.08
8391.02
8298.93
8216.9
8142.34
8069
7996.45
7922.56
7856.04
7794.37
7736.53
7678.96
7622.68
7562.1
7500.43
7432.49
7355.73
7272.43
7183.75
7091.33
6995.6
6897.58
6797.8
6696.43
6594.88
6492.15
6390.42
6288.08
6187.17
6086.5
5986.88
5888.05
5790.29
5693.18
5596.99
5501.55
5406.66
5312.64
5219.31
5127.14
5035.85
4946.05
4857.32
4770.42
4684.69
4601.11
4518.64
4438.72
4359.6
4283.66
4207.7
4136
4062.63
3995.61
3923.82
3862.37
3790.46
3736.24
3661.66
3615.29
3525.47
24566.3
23512.2
22519.6
21541.9
20481.5
19584.3
18497.7
17390.3
16248.9
15080.5
13867.5
12635.2
11413.5
10233.6
9125.04
8099.61
7174.26
6337.23
5598.59
4932.56
4352.34
3830.7
3385.89
2994.4
2671.7
2398.32
2182.09
2008.52
1878.6
1780.63
1713
1668.78
1636.15
1629.6
1613.13
1622.88
1636.79
1660.32
1693.11
1724.17
1764.46
1807.09
1852.67
1904.77
1959.28
2017.83
2078.21
2145.88
2219.12
2301.02
2386.69
2477.51
2571.04
2664.35
2760.59
2857.36
2953.7
3045.74
3133.55
3215.08
3289.99
3357.98
3417.67
3471.24
3516.03
3555.76
3587.38
3614.53
3634.78
3649.77
3658.88
3663.04
3661.27
3655.99
3645.35
3630.22
3611.99
3590.48
3566.82
3540.65
3513.17
3483.84
3453.91
3422.61
3391.25
3358.83
3327.03
3293.96
3262.19
3228.56
3197.15
3162.73
3132.08
3096.34
3067.12
3029.33
3001.77
2961.32
2934.39
2883.73
5615.89
5535.86
5344.68
5083.65
4752.78
4396.53
4010.57
3620.34
3236.42
2868.94
2523.25
2203.01
1911.74
1650.23
1420.08
1218.62
1045.67
895.855
769.025
659.119
566.921
487.17
421.207
364.868
319.083
280.829
250.17
225.215
205.42
189.609
177.23
167.739
159.62
154.43
149.477
147.419
144.978
145.306
146.775
148.65
152.995
157.085
163.184
170.042
178.879
188.211
198.841
212.125
228.065
247.358
269.927
295.945
326.14
359.588
397.912
439.032
484.636
532.779
584.352
638.569
694.458
753.368
812.139
874.075
934.879
998.021
1060.14
1122.95
1185.18
1246.59
1306.46
1364.86
1422.15
1477.12
1529.95
1579.48
1626.24
1669.35
1709.62
1746.31
1780.39
1811.2
1839.73
1865.43
1889.02
1910.08
1929.34
1946.15
1961.37
1973.99
1984.91
1993.64
2000.9
2006.04
2010.7
2011.2
2010.39
2009.57
2004.49
1999.58
1015.47
1078.58
1077.12
1061.61
1031.39
984.391
927.445
862.857
793.551
722.04
650.91
581.805
516.68
456.27
401.603
352.504
309.272
271.056
238.03
209.022
184.263
162.653
144.344
128.488
115.148
103.712
94.0605
85.863
78.8436
72.8925
67.695
63.2467
59.2884
55.8568
52.7431
50.0646
47.585
45.4557
43.4971
41.7864
40.245
38.894
37.6877
36.645
35.7296
34.9416
34.296
33.7861
33.4546
33.298
33.3608
33.5902
34.1183
34.9584
36.2233
37.911
40.0701
42.9023
46.2
50.5381
55.2486
61.4593
67.9656
76.3675
85.2063
96.0862
107.79
121.535
136.469
153.539
171.871
192.42
214.091
237.951
262.642
289.403
316.643
345.848
375.196
406.491
437.576
470.723
503.18
537.973
571.408
607.349
641.219
677.811
711.279
748.126
780.788
817.399
847.924
883.537
910.607
944.861
966.99
999.989
1015.43
1051.34
472.135
468.103
460.489
447.56
430.086
409.129
385.43
359.771
332.996
305.77
278.945
252.917
228.408
205.503
184.649
165.681
148.757
133.618
120.286
108.418
98.1285
88.9923
81.1457
74.2247
68.3354
63.1641
58.7556
54.8951
51.5558
48.6341
46.0441
43.7686
41.7164
39.8691
38.2188
36.7123
35.3181
34.0951
32.9301
31.8987
30.9212
30.0386
29.2068
28.4556
27.74
27.0903
26.4687
25.9022
25.3569
24.8587
24.3737
23.9302
23.492
23.0953
22.6966
22.3435
21.9791
21.6711
21.3435
21.0862
20.8025
20.6056
20.3825
20.2624
20.1276
20.1127
20.1427
20.2361
20.4182
20.7841
21.1673
21.9193
22.5767
23.8689
24.8885
26.8993
28.3947
31.3166
33.4221
37.5058
40.3697
45.9407
49.7448
57.1717
62.1086
71.8012
78.0653
90.4388
98.1739
113.545
122.789
141.302
152.156
173.624
185.871
209.84
223.117
248.734
264.229
294.21
228.619
227.703
224.783
219.976
212.735
203.904
193.778
182.773
171.224
159.428
147.736
136.301
125.444
115.154
105.689
96.9061
88.9778
81.7492
75.2824
69.4443
64.3005
59.6714
55.6861
52.1017
49.0435
46.2839
43.9251
41.7883
39.9309
38.2481
36.7446
35.3846
34.1371
32.9989
31.9613
30.9755
30.0919
29.2696
28.4692
27.7678
27.0829
26.4606
25.8528
25.3024
24.7608
24.274
23.7865
23.3502
22.9061
22.5094
22.0997
21.7345
21.3531
21.0136
20.6556
20.3373
19.9983
19.6986
19.3761
19.094
18.7855
18.5205
18.224
17.975
17.6891
17.4545
17.1775
16.9632
16.6984
16.5044
16.2508
16.0765
15.835
15.6798
15.4527
15.3171
15.109
14.9944
14.8122
14.722
14.577
14.5196
14.4291
14.4191
14.432
14.4847
14.5833
14.7965
15.0201
15.473
15.879
16.6852
17.3367
18.6468
19.5917
21.5893
22.8595
25.8144
27.128
33.1565
122.683
122.295
121.379
119.467
116.483
112.756
108.38
103.61
98.5236
93.3044
88.0359
82.8359
77.7927
72.9519
68.3972
64.0921
60.1519
56.4657
53.1592
50.1041
47.3865
44.9056
42.7169
40.713
38.9636
37.3374
35.9367
34.6014
33.4598
32.3483
31.3813
30.4464
29.6017
28.7861
28.0582
27.3167
26.6693
26.0227
25.4336
24.8516
24.3186
23.787
23.3164
22.8373
22.4129
21.9788
21.5934
21.1973
20.8453
20.4816
20.1573
19.8202
19.5184
19.2026
18.9185
18.6206
18.3511
18.0685
17.812
17.543
17.2987
17.0428
16.8107
16.5671
16.3465
16.1146
15.9056
15.685
15.4866
15.2765
15.0874
14.887
14.7066
14.5148
14.3421
14.1586
13.993
13.8169
13.6586
13.4899
13.3386
13.1772
13.0324
12.8786
12.7401
12.5942
12.4616
12.3235
12.1972
12.0671
11.9479
11.8261
11.7163
11.6033
11.5066
11.4039
11.326
11.2362
11.1844
11.1153
77.1953
76.9449
76.3441
75.3824
73.974
72.2236
70.1705
67.9192
65.5021
62.9961
60.4239
57.8456
55.2859
52.7932
50.3963
48.1214
45.991
43.9842
42.1415
40.4159
38.8374
37.365
36.0225
34.7795
33.6449
32.5943
31.6281
30.7225
29.89
29.0915
28.3631
27.6515
26.996
26.3595
25.7683
25.1765
24.6527
24.1127
23.6234
23.1441
22.6993
22.2566
21.8526
21.4426
21.0786
20.7027
20.3707
20.0223
19.7164
19.3906
19.106
18.7981
18.5306
18.2372
17.984
17.7034
17.4634
17.1943
16.9668
16.709
16.4932
16.2461
16.0421
15.8055
15.6129
15.3863
15.2047
14.9874
14.8161
14.6076
14.4459
14.2453
14.0923
13.8989
13.754
13.567
13.4293
13.2479
13.117
12.9407
12.8162
12.6446
12.5264
12.3593
12.2471
12.0841
11.9779
11.8186
11.7178
11.5618
11.4664
11.3133
11.223
11.0726
10.9873
10.8393
10.7593
10.6113
10.5479
10.3417
56.8586
56.5466
56.0894
55.4496
54.6354
53.6303
52.4897
51.2235
49.8916
48.4905
47.0571
45.5923
44.1293
42.6799
41.2658
39.901
38.5906
37.3416
36.1616
35.0294
33.9812
32.9728
32.0451
31.1433
30.3217
29.5126
28.7837
28.0572
27.4053
26.7522
26.1604
25.5733
25.0275
24.4953
23.9955
23.4931
23.0442
22.5798
22.1571
21.7316
21.3396
20.9464
20.5871
20.2254
19.8969
19.558
19.2557
18.9399
18.6594
18.3631
18.1006
17.8197
17.5722
17.3041
17.0696
16.8127
16.5898
16.343
16.1315
15.895
15.6941
15.467
15.2771
15.0597
14.8807
14.6724
14.5036
14.3037
14.1442
13.9518
13.8008
13.6149
13.4716
13.2914
13.1551
12.9801
12.8502
12.6799
12.5562
12.3905
12.2728
12.1114
11.9997
11.8423
11.7365
11.5831
11.4828
11.333
11.238
11.0915
11.0015
10.858
10.7729
10.6321
10.5518
10.4133
10.3382
10.1997
10.1404
9.94638
46.939
46.5868
46.1762
45.6815
45.1005
44.4323
43.6731
42.8443
41.9659
41.0514
40.115
39.1573
38.1968
37.23
36.2806
35.3411
34.4321
33.5454
32.6916
31.8661
31.0707
30.3009
29.5616
28.8502
28.1714
27.5207
26.9021
26.3048
25.7451
25.1908
24.6836
24.1692
23.6985
23.2286
22.7848
22.3437
21.9434
21.5223
21.1444
20.7611
20.41
20.0506
19.7253
19.391
19.09
18.7767
18.5
18.2057
17.9463
17.669
17.4259
17.1633
16.9346
16.6849
16.4687
16.2299
16.0246
15.7954
15.6
15.3793
15.1932
14.9809
14.8042
14.5998
14.4322
14.2357
14.0769
13.8875
13.7366
13.5536
13.4099
13.2323
13.0953
12.9227
12.7921
12.6243
12.5
12.3368
12.2186
12.0598
11.9476
11.7929
11.6862
11.5352
11.4338
11.2862
11.1898
11.0452
10.9536
10.8117
10.7247
10.5853
10.5028
10.3657
10.2877
10.1527
10.0797
9.94462
9.88674
9.69892
41.4463
41.1414
40.7662
40.3142
39.8346
39.2987
38.7099
38.0692
37.3903
36.6952
35.9776
35.2576
34.5282
33.7984
33.0739
32.3465
31.637
30.9257
30.2403
29.5521
28.8984
28.2373
27.6207
26.9972
26.4206
25.8406
25.3094
24.7773
24.287
23.7986
23.3439
22.8929
22.471
22.0534
21.6597
21.2684
20.9101
20.5344
20.1978
19.8522
19.5361
19.208
18.9119
18.6051
18.3294
18.0392
17.782
17.5065
17.2655
17.0063
16.7808
16.5362
16.3246
16.0927
15.8927
15.6708
15.4809
15.2674
15.0865
14.8806
14.7079
14.5088
14.3437
14.151
13.9932
13.8064
13.6557
13.475
13.3312
13.1562
13.0192
12.8491
12.7183
12.553
12.4283
12.2673
12.1484
11.9918
11.8786
11.7263
11.6187
11.4704
11.3681
11.2234
11.1263
10.9846
10.8923
10.7533
10.6655
10.5288
10.4452
10.3104
10.2311
10.0982
10.0231
9.8918
9.82132
9.68982
9.63346
9.45244
38.0694
37.7103
37.355
36.9483
36.5276
36.0676
35.5766
35.0362
34.4802
33.9023
33.3174
32.7293
32.133
31.5388
30.934
30.3312
29.7274
29.1282
28.5401
27.957
27.389
26.8257
26.2798
25.7419
25.2276
24.7242
24.2512
23.7836
23.3516
22.9158
22.5181
22.1127
21.7408
21.3673
21.0148
20.6681
20.3407
20.0054
19.7002
19.3828
19.0911
18.7868
18.5118
18.2202
17.9568
17.6796
17.4303
17.164
16.9292
16.6772
16.4564
16.2175
16.0107
15.7841
15.59
15.3743
15.1912
14.9854
14.8116
14.6141
14.4484
14.2575
14.0991
13.9137
13.7622
13.5819
13.4366
13.2617
13.1221
12.9521
12.8186
12.6531
12.5252
12.3637
12.2414
12.084
11.9673
11.8139
11.7027
11.5534
11.4474
11.3018
11.201
11.0583
10.9624
10.8234
10.7324
10.5957
10.5092
10.3748
10.2926
10.1602
10.0822
9.95157
9.87778
9.74877
9.67869
9.55325
9.47752
9.33826
35.843
35.4793
35.1148
34.7321
34.3181
33.8938
33.4551
32.9808
32.5005
31.9942
31.4924
30.976
30.4631
29.9413
29.4149
28.8845
28.3522
27.8222
27.2998
26.779
26.2718
25.7628
25.2742
24.7826
24.324
23.8646
23.4385
23.0109
22.6146
22.215
21.8453
21.4686
21.1247
20.7704
20.4489
20.1191
19.8182
19.5041
19.2174
18.922
18.6488
18.3628
18.0971
17.8178
17.566
17.2967
17.0543
16.7946
16.5641
16.3168
16.1003
15.866
15.6643
15.4443
15.2562
15.0485
14.8722
14.6739
14.5069
14.3162
14.1563
13.972
13.8186
13.6391
13.492
13.3169
13.1754
13.0049
12.8691
12.7032
12.5731
12.4117
12.2873
12.1299
12.0111
11.8578
11.7445
11.5954
11.4874
11.3421
11.2394
11.0973
10.9997
10.861
10.7688
10.633
10.5456
10.412
10.3289
10.1977
10.119
9.98999
9.91551
9.78818
9.71743
9.59174
9.52485
9.39891
9.34493
9.17098
34.3176
33.9344
33.5564
33.2024
32.795
32.3988
31.9645
31.5118
31.0486
30.5803
30.1213
29.6533
29.1984
28.7289
28.2638
27.7849
27.3061
26.8248
26.3499
25.8803
25.4206
24.9656
24.5238
24.0859
23.6699
23.2527
22.8613
22.4652
22.094
21.7174
21.3643
21.0086
20.6772
20.3445
20.0361
19.7272
19.4419
19.1428
18.8777
18.5961
18.332
18.0551
17.8025
17.5337
17.2912
17.0325
16.7995
16.5497
16.3291
16.0923
15.8839
15.6567
15.4617
15.2478
15.0639
14.8596
14.686
14.4905
14.325
14.1363
13.9774
13.7944
13.6421
13.4649
13.3198
13.1481
13.0098
12.8435
12.7116
12.5498
12.4243
12.2673
12.1472
11.9943
11.8794
11.7303
11.6203
11.4746
11.3693
11.2267
11.1259
10.9861
10.8898
10.7521
10.6601
10.525
10.4376
10.3051
10.2219
10.0916
10.0129
9.8852
9.81073
9.68518
9.61487
9.4914
9.42439
9.30471
9.23162
9.09806
33.2753
32.8677
32.5236
32.1494
31.7752
31.3685
30.9784
30.5395
30.1061
29.6542
29.2146
28.7696
28.3396
27.8987
27.4657
27.0161
26.5716
26.1185
25.6808
25.2428
24.8247
24.405
24.0028
23.5965
23.2067
22.8101
22.4328
22.0468
21.683
21.3112
20.9644
20.6125
20.2864
19.9579
19.6538
19.35
19.0649
18.777
18.5133
18.2341
17.9815
17.7164
17.4727
17.2162
16.9895
16.7476
16.5294
16.2977
16.0931
15.8727
15.6775
15.4652
15.2798
15.0741
14.8937
14.6926
14.5196
14.3225
14.1557
13.9649
13.8058
13.622
13.4705
13.2938
13.1509
12.9812
12.8457
12.6826
12.5544
12.3968
12.2753
12.1226
12.0069
11.8582
11.7473
11.6016
11.4949
11.3518
11.2489
11.1081
11.0087
10.8703
10.7748
10.6385
10.5469
10.4131
10.3253
10.1941
10.1107
9.98224
9.9034
9.77762
9.7029
9.57959
9.50905
9.38773
9.32129
9.20372
9.13188
9.00076
32.419
31.9901
31.6564
31.2725
30.94
30.5449
30.1652
29.7318
29.3259
28.8891
28.4659
28.0279
27.6144
27.1883
26.781
26.3526
25.9323
25.4994
25.081
24.6622
24.2627
23.8614
23.4764
23.0842
22.7105
22.3269
21.9684
21.5948
21.2558
20.8969
20.5759
20.2365
19.9312
19.6136
19.325
19.0261
18.7559
18.4717
18.2151
17.9513
17.7048
17.4492
17.2204
16.9822
16.7713
16.5417
16.3404
16.1233
15.9306
15.7235
15.5378
15.3314
15.1501
14.9485
14.7691
14.5692
14.3932
14.1942
14.0241
13.831
13.6692
13.4847
13.3337
13.1587
13.0181
12.8516
12.7194
12.5594
12.4347
12.2796
12.1605
12.0095
11.8954
11.7478
11.6383
11.4936
11.3885
11.2467
11.1456
11.0063
10.9089
10.7721
10.6781
10.544
10.4535
10.3217
10.235
10.1062
10.0234
9.89794
9.81966
9.69669
9.62264
9.50286
9.43355
9.31606
9.25097
9.13762
9.06716
8.93867
31.8468
31.4471
31.0775
30.738
30.3496
29.9755
29.6043
29.2105
28.817
28.4135
27.9912
27.5704
27.156
26.7449
26.3497
25.9414
25.5404
25.1203
24.7159
24.2992
23.9023
23.4952
23.1075
22.7115
22.3368
21.9585
21.6065
21.2491
20.9235
20.5839
20.2806
19.9583
19.6701
19.3666
19.0897
18.8047
18.5407
18.2687
18.0247
17.7616
17.5279
17.2803
17.0573
16.8222
16.6078
16.3794
16.1768
15.9521
15.7577
15.5438
15.3545
15.1437
14.9626
14.7585
14.583
14.3871
14.2194
14.0313
13.871
13.6887
13.5372
13.3619
13.2181
13.0492
12.9128
12.75
12.62
12.4616
12.3366
12.1817
12.0629
11.9116
11.7981
11.6505
11.5416
11.3975
11.2933
11.1523
11.0528
10.9148
10.8196
10.685
10.5943
10.463
10.3763
10.2483
10.1652
10.0403
9.96089
9.83888
9.76305
9.64378
9.57173
9.45491
9.38699
9.27254
9.20848
9.09804
9.02815
8.90175
31.3789
30.9693
30.5872
30.2208
29.8898
29.5039
29.0805
28.6624
28.2898
27.9042
27.5138
27.1197
26.7347
26.3404
25.954
25.5514
25.1532
24.7413
24.3426
23.9337
23.5437
23.1447
22.766
22.3801
22.017
21.6518
21.3111
20.9703
20.6544
20.3347
20.0402
19.7353
19.4573
19.1653
18.8992
18.6203
18.3657
18.0995
17.8532
17.599
17.3632
17.1149
16.8936
16.6547
16.4411
16.2162
16.0144
15.7973
15.6085
15.4025
15.2203
15.0206
14.8482
14.6554
14.4907
14.3045
14.1481
13.9674
13.816
13.6417
13.4946
13.3233
13.1815
13.0126
12.8756
12.7107
12.5782
12.4178
12.2907
12.1345
12.013
11.8613
11.7461
11.5981
11.4888
11.3452
11.2413
11.102
11.0034
10.8678
10.7747
10.6426
10.5542
10.4253
10.3415
10.2155
10.1356
10.0118
9.93549
9.81377
9.74083
9.62094
9.55123
9.433
9.36651
9.24974
9.18682
9.06966
9.01949
8.85429
30.9452
30.5202
30.1543
29.7703
29.3914
28.995
28.6356
28.2507
27.8768
27.4738
27.0691
26.6733
26.2914
25.9028
25.5284
25.1418
24.7603
24.3701
23.9936
23.6103
23.2478
22.8778
22.5265
22.166
21.825
21.4785
21.1521
20.8216
20.5152
20.1998
19.9121
19.6111
19.3363
19.0498
18.7854
18.5107
18.259
17.996
17.7536
17.5007
17.2674
17.0224
16.8038
16.5706
16.3642
16.1452
15.9474
15.7375
15.555
15.3533
15.1752
14.9804
14.8133
14.6233
14.4623
14.2806
14.1259
13.9481
13.8003
13.6288
13.4845
13.3153
13.1737
13.006
12.8674
12.7011
12.5668
12.4033
12.2738
12.1149
11.9911
11.838
11.7204
11.5721
11.4612
11.3174
11.2132
11.0737
10.9745
10.8391
10.7449
10.6128
10.5234
10.394
10.3093
10.1823
10.1014
9.9765
9.89933
9.7762
9.70253
9.58102
9.51068
9.39064
9.32362
9.20497
9.14154
9.02253
8.97152
8.80654
30.7701
30.361
29.9534
29.579
29.2438
28.8982
28.4894
28.0853
27.7042
27.2913
26.8744
26.4734
26.0807
25.6833
25.3038
24.9182
24.5386
24.1553
23.7803
23.4003
23.0391
22.6716
22.3232
21.9655
21.6263
21.2803
20.9527
20.6198
20.3087
19.991
19.701
19.3998
19.1324
18.8491
18.6002
18.3338
18.0987
17.849
17.617
17.3771
17.1508
16.9139
16.703
16.4724
16.2701
16.0505
15.8585
15.6495
15.4642
15.263
15.0849
14.8897
14.7176
14.529
14.3676
14.1837
14.0281
13.85
13.701
13.5287
13.3839
13.2151
13.0756
12.9093
12.7723
12.6089
12.4764
12.3164
12.1886
12.032
11.9098
11.7577
11.6409
11.4929
11.3817
11.2379
11.1322
10.9923
10.892
10.7558
10.6605
10.5278
10.4374
10.3081
10.2224
10.096
10.0145
9.89061
9.81315
9.6916
9.61807
9.49868
9.42893
9.31151
9.24539
9.12984
9.06691
8.95479
8.88603
8.75996
30.4246
30.0054
29.58
29.2028
28.8574
28.4697
28.0826
27.704
27.331
26.9243
26.5187
26.1253
25.7492
25.369
25.0171
24.6485
24.2867
23.9064
23.5333
23.1531
22.7913
22.4241
22.0765
21.7206
21.3863
21.0433
20.725
20.4014
20.103
19.8
19.5215
19.2374
18.9781
18.7085
18.465
18.209
17.9804
17.7308
17.5088
17.2728
17.0503
16.8192
16.612
16.3847
16.1808
15.9651
15.768
15.5563
15.3721
15.1675
14.9875
14.7901
14.6189
14.4276
14.2637
14.0802
13.9234
13.7454
13.5958
13.4239
13.2808
13.1142
12.977
12.8146
12.6824
12.524
12.3968
12.2418
12.119
11.9674
11.8494
11.7014
11.5885
11.4441
11.3358
11.1948
11.0915
10.954
10.8552
10.7207
10.6265
10.4953
10.4057
10.2775
10.1923
10.0669
9.98594
9.86306
9.7861
9.66557
9.59241
9.47398
9.4046
9.28816
9.22248
9.10777
9.04602
8.93119
8.88203
8.72146
30.4342
30.0123
29.6099
29.2425
28.8995
28.4712
28.1065
27.7044
27.3108
26.9307
26.5423
26.1332
25.7448
25.3507
24.9773
24.582
24.1927
23.7897
23.4013
23.0091
22.6408
22.2721
21.9268
21.5776
21.2524
20.9217
20.6161
20.3048
20.0177
19.7229
19.4528
19.1732
18.9174
18.6507
18.4074
18.1525
17.9211
17.6764
17.4524
17.2172
16.9987
16.7692
16.5634
16.3391
16.1387
15.9224
15.7293
15.5198
15.3357
15.1326
14.9553
14.7595
14.5886
14.3996
14.2373
14.0542
13.8987
13.7217
13.5731
13.402
13.2596
13.0936
12.9571
12.7955
12.6644
12.5069
12.3806
12.2265
12.1049
11.9543
11.8372
11.6899
11.5776
11.4336
11.3259
11.1854
11.0823
10.9452
10.8466
10.7125
10.6187
10.4876
10.3982
10.2701
10.1849
10.0596
9.97853
9.85566
9.77869
9.6581
9.58489
9.46644
9.39697
9.28042
9.21454
9.09979
9.03709
8.92571
8.8573
8.73226
30.162
29.7286
29.2974
28.9003
28.539
28.1015
27.7176
27.2992
26.9252
26.5526
26.1371
25.7455
25.3645
24.9812
24.6216
24.2497
23.8941
23.5293
23.1789
22.822
22.483
22.1401
21.818
21.4893
21.1821
20.8663
20.5721
20.2693
19.9881
19.6983
19.4307
19.1537
18.8991
18.6337
18.3911
18.1368
17.9069
17.6616
17.4397
17.2037
16.9876
16.7588
16.5533
16.3304
16.131
15.9157
15.7233
15.5141
15.3297
15.1279
14.9505
14.7546
14.5849
14.3957
14.2335
14.0507
13.8954
13.7184
13.5699
13.3989
13.2567
13.0909
12.9547
12.7936
12.6627
12.5053
12.3794
12.2254
12.1042
11.9535
11.8366
11.6895
11.577
11.4329
11.3251
11.1844
11.0813
10.9439
10.8453
10.7111
10.6172
10.486
10.3965
10.2683
10.1831
10.0576
9.97654
9.85347
9.77645
9.65568
9.58251
9.46375
9.39426
9.27737
9.21146
9.09635
9.03361
8.92186
8.85342
8.72757
53.8335
55.0962
60.0738
62.4936
68.6023
75.7949
89.9991
130.305
253.629
979.854
47.055
48.1838
50.2718
53.7668
56.9793
63.2219
69.9488
83.4321
120.173
473.803
44.5514
44.9329
45.9574
47.7506
50.3536
53.6058
58.8439
65.7438
77.2726
229.203
41.3763
41.9748
42.3678
43.8702
44.9385
47.7302
49.9854
55.852
60.4323
122.619
39.7071
40.0979
40.295
41.2243
41.7847
43.6087
44.8533
48.6571
51.1535
77.2676
38.1643
38.3767
38.4882
39.1093
39.4593
40.6301
41.3797
43.7398
45.2382
56.9716
37.0891
37.1115
37.1405
37.4916
37.7029
38.4556
38.9257
40.4086
41.3153
47.0501
36.3213
36.1991
36.1515
36.2563
36.3505
36.7581
37.0341
37.9586
38.5349
41.5842
35.7034
35.5501
35.3934
35.3877
35.3948
35.5629
35.691
36.1887
36.5293
38.219
35.1919
34.9858
34.794
34.6619
34.6178
34.6413
34.6781
34.9157
35.0976
36.0657
34.797
34.5498
34.3481
34.1375
34.0108
33.9203
33.8904
33.9432
34.021
34.572
34.4926
34.1731
33.9474
33.7278
33.5464
33.41
33.2838
33.2239
33.2317
33.5209
34.2273
33.9334
33.6218
33.372
33.1423
32.9707
32.7697
32.6464
32.5592
32.6773
34.0232
33.7402
33.4295
33.1627
32.8702
32.7061
32.4374
32.278
32.0755
32.1319
33.8285
33.5326
33.1745
32.9553
32.6064
32.4278
32.1322
31.9807
31.626
31.6299
33.7475
33.4658
33.0306
32.8092
32.4398
32.2398
31.8848
31.7035
31.3611
31.279
33.6323
33.3597
32.9327
32.7362
32.3405
32.0872
31.8012
31.5657
31.2011
31.07
33.582
33.2761
32.8314
32.4912
32.215
31.9012
31.5912
31.2975
30.9643
30.7841
33.6166
33.2299
32.8907
32.5893
32.2326
31.9006
31.6143
31.3249
30.9528
30.7764
33.5276
33.1358
32.769
32.3896
32.0644
31.7697
31.4182
31.1055
30.7627
30.5197
52.9186
57.8901
66.9672
84.0689
113.49
159.332
318.863
1288.41
10916.6
21755.6
52.7513
57.1352
66.4365
83.144
111.255
170.929
361.635
1419.4
12513.9
22501.3
52.9679
56.7714
66.8594
84.0136
119.699
168.745
356.224
1565.52
13268
23958
54.5794
57.7346
66.8219
83.0884
117.51
185.267
411.319
1627.43
14395.8
24481.3
54.7025
57.7731
67.5773
86.8653
126.222
184.87
420.018
1999.22
15223.6
25997.4
56.3294
59.293
67.5946
86.0153
130.306
202.116
463.052
2023.99
15648.1
26308.7
56.8194
59.9521
70.9774
89.8849
133.639
208.362
476.165
2476.61
18561
26731
57.6421
61.5972
74.6121
100.327
154.205
254.766
679.994
3119.59
18947.3
27208
60.1095
63.0832
74.4769
101.57
156.981
255.375
675.096
3493.41
19759.8
27642.9
60.9556
65.2945
80.7286
113.164
179.386
323.432
975.234
4670.19
20597.9
28066.5
54.9916
60.0677
68.3375
79.7621
111.7
147.812
313.148
953.537
5695.05
15004.7
55.3754
59.2088
67.0888
76.1425
104.543
131.307
272.788
793.087
5186.18
14495.2
55.6233
61.0103
68.6391
80.6416
104.439
140.162
269.391
842.522
5441.84
14880.2
54.8953
60.619
68.8798
81.2586
107.029
144.532
278.554
922.743
5914.58
15335.6
55.1145
59.6604
68.893
81.3397
106.269
155.766
268.172
929.565
6749.72
16478.3
53.9286
59.529
66.8507
81.1809
104.657
153.132
297.415
1035.99
7236.46
17302.3
54.7968
59.398
67.4869
78.1761
106.809
158.109
305.338
1049.98
7280.21
18016.2
54.2508
58.4276
68.5389
79.3872
104.253
155.583
311.135
1145.9
8567.38
18880.5
54.7256
57.9506
67.6271
82.8502
106.039
155.968
303.341
1126.23
8873.44
19760.6
54.043
58.5383
67.0318
84.65
104.95
159.167
327.137
1274.76
10445.3
20653.6
13884.3
10419.5
8076.77
6427.02
5225.19
4325.23
3634.8
3094.69
2664.38
2316.65
2031.54
1795.35
1597.26
1429.91
1286.99
1164.31
1057.96
965.487
884.295
812.94
749.606
693.444
643.122
598.159
557.533
521.003
487.746
457.68
430.121
405.093
382.005
360.959
341.429
323.571
306.905
291.629
277.293
264.131
251.71
240.293
229.46
219.498
209.992
201.252
192.862
185.157
177.713
170.888
164.252
158.182
152.238
146.818
141.472
136.616
131.787
127.421
123.043
119.108
115.123
111.565
107.926
104.702
101.366
98.4395
95.3714
92.7092
89.8781
87.4529
84.8323
82.6199
80.1869
78.1667
75.9014
74.0551
71.9408
70.2524
68.2749
66.7301
64.8785
63.4645
61.7304
60.4362
58.8138
57.6309
56.1176
55.0411
53.6376
52.6682
51.3816
50.5288
49.3785
48.6636
47.7057
47.1732
46.538
46.3056
46.3798
47.0516
48.0578
51.2432
13882.7
10416.7
8073.53
6423.81
5222.11
4322.39
3632.17
3092.31
2662.18
2314.68
2029.71
1793.7
1595.73
1428.53
1285.68
1163.14
1056.84
964.477
883.331
812.067
748.765
692.684
642.382
597.492
556.877
520.414
487.161
457.158
429.595
404.627
381.53
360.541
340.997
323.195
306.51
291.29
276.93
263.824
251.375
240.015
229.149
219.246
209.702
201.022
192.591
184.948
177.458
170.699
164.011
158.01
152.009
146.664
141.252
136.477
131.575
127.298
122.838
118.999
114.922
111.472
107.729
104.623
101.172
98.3738
95.1788
92.657
89.6862
87.4139
84.6401
82.5938
79.9938
78.1531
75.7068
74.0536
71.7444
70.2623
68.0766
66.7507
64.6782
63.4949
61.5283
60.4747
58.6115
57.6747
55.9182
55.0847
53.4475
52.6995
51.2058
50.5386
49.2167
48.6525
47.5435
47.1516
46.3823
46.2494
46.2888
46.9363
47.8566
51.0565
13879.5
10411
8067.16
6417.33
5216.04
4316.68
3627
3087.51
2657.88
2310.68
2026.14
1790.35
1592.73
1425.7
1283.15
1160.73
1054.69
962.404
881.475
810.266
747.155
691.105
640.975
596.098
555.64
519.174
486.065
456.047
428.62
403.626
380.658
359.634
340.214
322.369
305.804
290.533
276.292
263.127
250.796
239.371
228.623
218.648
209.223
200.466
192.155
184.426
177.061
170.208
163.649
157.546
151.681
146.221
140.956
136.053
131.31
126.889
122.602
118.603
114.714
111.085
107.548
104.244
101.017
98.0017
95.0476
92.2902
89.5781
87.0514
84.5541
82.235
79.9288
77.7973
75.6619
73.7006
71.7185
69.9118
68.0693
66.4022
64.6897
63.1472
61.5597
60.1269
58.6632
57.3272
55.9889
54.742
53.5315
52.3759
51.2956
50.2496
49.3085
48.4196
47.6379
46.987
46.4682
46.2084
46.3098
47.026
48.1584
51.3269
13874.7
10402.6
8057.55
6407.79
5206.91
4308.25
3619.21
3080.45
2651.39
2304.82
2020.73
1785.46
1588.19
1421.59
1279.31
1157.23
1051.4
959.408
878.632
807.675
744.678
688.846
638.799
594.114
553.714
517.419
484.349
454.487
427.081
402.231
379.27
358.381
338.955
321.238
304.657
289.509
275.242
262.197
249.831
238.524
227.732
217.874
208.397
199.757
191.386
183.777
176.342
169.612
162.974
156.999
151.044
145.72
140.353
135.595
130.735
126.471
122.052
118.222
114.186
110.74
107.037
103.934
100.521
97.7235
94.5648
92.0428
89.1062
86.8332
84.0913
82.0446
79.4736
77.6334
75.213
73.5615
71.275
69.7963
67.6297
66.3097
64.2519
63.0781
61.1211
60.0813
58.2228
57.3031
55.5491
54.7326
53.0997
52.3693
50.8688
50.2422
48.8812
48.3891
47.2143
46.9192
46.072
46.0229
46.0986
46.6376
47.993
51.0499
13868.5
10391.4
8044.97
6395.1
5194.95
4297.06
3609.02
3071.07
2642.91
2297.01
2013.68
1778.94
1582.29
1416.09
1274.32
1152.55
1047.14
955.384
874.968
804.184
741.495
685.792
636.013
591.421
551.258
515.029
482.171
452.35
425.139
400.31
377.529
356.645
337.388
319.661
303.24
288.069
273.955
260.878
248.658
237.31
226.661
216.753
207.415
198.718
190.483
182.81
175.511
168.71
162.209
156.153
150.339
144.925
139.703
134.843
130.137
125.757
121.502
117.541
113.683
110.088
106.578
103.306
100.104
97.1172
94.187
91.4555
88.7657
86.2632
83.786
81.4904
79.2016
77.0941
74.9722
73.0372
71.0639
69.2872
67.448
65.8153
64.1015
62.5959
61.007
59.6081
58.1512
56.8371
55.5238
54.2742
53.1199
51.9293
50.938
49.8291
49.0043
48.0259
47.3914
46.6502
46.2531
45.9742
46.191
46.5862
48.2064
50.7225
13860.8
10377.5
8029.41
6379.46
5180.16
4283.27
3596.44
3059.52
2632.45
2287.41
2004.98
1770.93
1575.01
1409.34
1268.16
1146.81
1041.88
950.455
870.439
799.912
737.56
682.058
632.566
588.133
548.218
512.112
479.472
449.748
422.728
397.974
375.365
354.536
335.435
317.748
301.471
286.327
272.347
259.282
247.192
235.843
225.319
215.398
206.185
197.463
189.353
181.643
174.47
167.621
161.248
155.135
149.449
143.97
138.878
133.946
129.37
124.913
120.787
116.745
113.015
109.336
105.953
102.593
99.5191
96.4402
93.6399
90.81
88.254
85.6451
83.3081
80.8958
78.7561
76.5191
74.5583
72.4773
70.6804
68.7385
67.0923
65.2758
63.7675
62.0679
60.6834
59.0973
57.8222
56.3529
55.1691
53.8346
52.7246
51.543
50.5033
49.4878
48.525
47.7162
46.8486
46.3176
45.6731
45.5287
45.6709
46.2467
47.6813
50.4978
13851.5
10361.3
8010.91
6361.09
5162.63
4267.09
3581.52
3045.98
2620.05
2276.18
1994.66
1761.56
1566.36
1401.47
1260.85
1140.13
1035.63
944.724
865.045
794.953
732.865
677.733
628.447
584.332
544.578
508.749
476.233
446.754
419.829
395.294
372.755
352.126
333.074
315.57
299.324
284.35
270.387
257.482
245.394
234.199
223.664
213.893
204.655
196.08
187.934
180.37
173.149
166.447
160.014
154.051
148.294
142.966
137.793
133.016
128.349
124.05
119.824
115.944
112.104
108.592
105.089
101.903
98.6969
95.8011
92.8551
90.22
87.5026
85.1024
82.5868
80.399
78.062
76.0674
73.8891
72.0712
70.0339
68.379
66.4673
64.9643
63.1653
61.8051
60.1083
58.8835
57.2814
56.1853
54.6773
53.6997
52.2882
51.4375
50.1182
49.4287
48.2214
47.7131
46.6967
46.3624
45.7038
45.5608
45.7825
46.2227
48.2697
51.9101
13841
10342.5
7989.78
6339.98
5142.62
4248.53
3564.52
3030.46
2605.93
2263.3
1982.94
1750.83
1556.55
1392.43
1252.55
1132.45
1028.55
938.138
858.946
789.251
727.565
672.754
623.804
579.952
540.481
504.869
472.594
443.294
416.577
392.191
369.834
349.329
330.437
313.036
296.933
282.045
268.209
255.376
243.403
232.268
221.837
212.116
202.973
194.441
186.381
178.853
171.711
165.039
158.68
152.74
147.052
141.743
136.636
131.871
127.268
122.975
118.814
114.931
111.159
107.635
104.204
100.996
97.866
94.9396
92.0734
89.4001
86.765
84.3205
81.8887
79.6513
77.3993
75.3497
73.2576
71.3795
69.4285
67.7103
65.881
64.3165
62.5887
61.1758
59.5309
58.2681
56.6959
55.5749
54.0833
53.0813
51.6933
50.7952
49.5357
48.741
47.6274
46.9834
46.0704
45.6629
45.0917
45.1131
45.3321
45.9659
47.0093
50.4275
13829.1
10321.5
7966.13
6316.34
5120.26
4227.78
3545.55
3013.13
2590.19
2248.94
1969.87
1738.86
1545.61
1382.37
1243.32
1123.9
1020.67
930.804
852.155
782.903
721.663
667.213
618.634
575.077
535.92
500.551
468.543
439.445
412.958
388.741
366.583
346.219
327.502
310.22
294.272
279.483
265.788
253.037
241.191
230.123
219.81
210.142
201.11
192.618
184.664
177.166
170.124
163.473
157.209
151.283
145.685
140.386
135.362
130.605
126.078
121.793
117.699
113.827
110.113
106.602
103.221
100.03
96.9432
94.0355
91.2074
88.5533
85.9545
83.5273
81.1335
78.9082
76.701
74.654
72.6194
70.729
68.8561
67.1038
65.3823
63.7556
62.1727
60.6674
59.2069
57.8252
56.4694
55.2068
53.9484
52.8027
51.6475
50.6013
49.5659
48.6511
47.7182
46.9839
46.1774
45.673
45.0983
44.958
45.2658
46.2011
47.4242
50.5339
13816
10298.4
7940.12
6290.38
5095.73
4205.02
3524.77
2994.14
2572.96
2233.21
1955.58
1725.76
1533.67
1371.36
1233.23
1114.56
1012.07
922.791
844.752
775.968
715.235
661.16
613.008
569.753
530.957
495.834
464.138
435.239
409.023
384.968
363.049
342.816
324.312
307.135
291.379
276.673
263.151
250.466
238.78
227.76
217.596
207.963
199.071
190.599
182.779
175.289
168.377
161.722
155.586
149.643
144.173
138.844
133.95
129.151
124.755
120.417
116.457
112.52
108.943
105.356
102.116
98.8375
95.8962
92.8892
90.2124
87.4462
85.0058
82.4524
80.2258
77.8586
75.8285
73.6221
71.7756
69.7063
68.0341
66.081
64.5751
62.7231
61.374
59.6139
58.4108
56.7413
55.6751
54.1087
53.1615
51.7171
50.8733
49.572
48.8358
47.7107
47.1091
46.1954
45.7513
45.0682
44.8578
44.9022
44.9721
45.4659
46.854
48.7573
13808
10285.2
7925.56
6276.09
5082.25
4192.65
3513.47
2983.92
2563.67
2224.81
1947.91
1718.8
1527.28
1365.54
1227.86
1109.64
1007.5
918.592
840.83
772.351
711.836
658.016
610.037
567
528.343
493.407
461.822
433.086
406.96
383.047
361.2
341.096
322.648
305.587
289.875
275.276
261.788
249.201
237.539
226.612
216.464
206.918
198.035
189.648
181.83
174.421
167.507
160.929
154.786
148.92
143.438
138.186
133.273
128.552
124.133
119.873
115.885
112.029
108.418
104.914
101.635
98.442
95.4562
92.5383
89.8107
87.139
84.6381
82.1894
79.8866
77.6414
75.5123
73.4532
71.479
69.5875
67.7551
66.0115
64.3141
62.6961
61.1319
59.6207
58.1823
56.7762
55.4376
54.1573
52.8974
51.7476
50.5927
49.5342
48.5529
47.5365
46.7624
45.8426
45.3217
44.6068
44.4132
44.3086
44.5039
45.1003
46.4041
49.0491
13808
10285.3
7925.55
6276.11
5082.23
4192.66
3513.45
2983.93
2563.65
2224.81
1947.89
1718.81
1527.26
1365.55
1227.84
1109.65
1007.48
918.599
840.812
772.356
711.817
658.02
610.017
567.003
528.323
493.41
461.802
433.089
406.939
383.05
361.179
341.097
322.626
305.589
289.852
275.276
261.764
249.2
237.514
226.61
216.438
206.916
198.008
189.645
181.801
174.417
167.475
160.925
154.752
148.915
143.402
138.179
133.236
128.544
124.094
119.864
115.846
112.017
108.378
104.9
101.596
98.4277
95.4177
92.5245
89.7731
87.1275
84.6029
82.181
79.8571
77.6363
75.4933
73.4508
71.4758
69.5877
67.7733
66.0154
64.3581
62.7112
61.2039
59.6566
58.2903
56.8368
55.6011
54.2408
53.1246
51.8559
50.8603
49.6764
48.822
47.7135
47.0309
46.0495
45.4423
44.7085
44.5289
43.974
44.0387
44.1162
44.8605
47.6767
13808
10285.2
7925.56
6276.09
5082.24
4192.64
3513.46
2983.92
2563.66
2224.8
1947.9
1718.8
1527.28
1365.54
1227.86
1109.64
1007.5
918.595
840.827
772.352
711.832
658.017
610.033
567
528.339
493.406
461.817
433.085
406.954
383.046
361.194
341.093
322.642
305.584
289.869
275.272
261.781
249.195
237.533
226.604
216.458
206.909
198.028
189.637
181.823
174.409
167.498
160.916
154.776
148.906
143.427
138.169
133.261
128.532
124.121
119.849
115.874
111.999
108.409
104.877
101.631
98.3973
95.4576
92.4856
89.8175
87.0793
84.6502
82.1238
79.9047
77.5711
75.5377
73.3782
71.5139
69.5067
67.8044
65.9226
64.3857
62.5961
61.2345
59.5119
58.3177
56.6728
55.6
54.0806
53.074
51.7035
50.7824
49.4925
48.7459
47.5115
46.8721
45.871
45.2885
44.4019
44.2002
43.5789
43.5785
43.6246
43.9341
45.5929
13808
10285.2
7925.6
6276.04
5082.28
4192.61
3513.5
2983.89
2563.7
2224.77
1947.94
1718.77
1527.31
1365.51
1227.89
1109.61
1007.54
918.567
840.862
772.325
711.867
657.99
610.068
566.973
528.374
493.38
461.853
433.059
406.991
383.02
361.233
341.067
322.681
305.558
289.909
275.244
261.823
249.167
237.576
226.576
216.503
206.879
198.076
189.607
181.873
174.377
167.552
160.882
154.833
148.869
143.489
138.129
133.328
128.489
124.193
119.804
115.951
111.95
108.492
104.826
101.719
98.3458
95.5485
92.4359
89.9105
87.0323
84.746
82.08
80.0037
77.5306
75.6416
73.3398
71.6249
69.4693
67.9234
65.887
64.5088
62.5699
61.3509
59.5089
58.4159
56.6964
55.6829
54.1094
53.1649
51.7163
50.8691
49.5263
48.77
47.5613
46.9043
45.811
45.2718
44.4081
44.0557
43.2302
43.0176
42.8444
42.9172
43.9092
13808
10285.2
7925.61
6276.04
5082.29
4192.6
3513.51
2983.89
2563.71
2224.77
1947.95
1718.77
1527.32
1365.51
1227.9
1109.61
1007.54
918.566
840.869
772.324
711.874
657.989
610.075
566.973
528.382
493.381
461.861
433.06
407
383.022
361.242
341.07
322.691
305.56
289.919
275.248
261.834
249.17
237.587
226.58
216.515
206.884
198.088
189.612
181.885
174.383
167.565
160.888
154.846
148.876
143.502
138.138
133.341
128.5
124.205
119.816
115.963
111.965
108.502
104.844
101.726
98.3668
95.5539
92.4592
89.914
87.0578
84.747
82.1075
80.002
77.5597
75.6365
73.371
71.6157
69.5023
67.9099
65.9221
64.4895
62.6088
61.3221
59.552
58.3767
56.7407
55.6399
54.1516
53.1121
51.7576
50.8081
49.5338
48.7468
47.4901
46.8869
45.7517
45.1649
44.3272
43.8499
43.2229
42.611
42.422
42.1334
42.7184
13808
10285.2
7925.59
6276.07
5082.27
4192.63
3513.49
2983.91
2563.69
2224.8
1947.93
1718.79
1527.31
1365.54
1227.89
1109.63
1007.53
918.587
840.854
772.345
711.859
658.012
610.061
566.997
528.368
493.406
461.847
433.086
406.986
383.049
361.227
341.098
322.675
305.59
289.902
275.28
261.816
249.204
237.569
226.616
216.495
206.922
198.068
189.651
181.864
174.425
167.542
160.933
154.822
148.925
143.475
138.19
133.311
128.556
124.174
119.876
115.929
112.029
108.467
104.912
101.691
98.437
95.5186
92.5324
89.8783
87.1359
84.7092
82.1927
79.9607
77.6532
75.5921
73.4715
71.5705
69.6072
67.866
66.0305
64.4454
62.7228
61.2767
59.6691
58.336
56.851
55.6115
54.2462
53.0986
51.84
50.7914
49.619
48.6806
47.6068
46.7356
45.8893
44.9935
44.3375
43.5091
43.0654
42.2417
42.0127
41.483
41.7902
13808
10285.2
7925.55
6276.1
5082.24
4192.67
3513.46
2983.94
2563.66
2224.83
1947.91
1718.82
1527.28
1365.57
1227.86
1109.66
1007.51
918.619
840.834
772.378
711.841
658.045
610.043
567.029
528.35
493.438
461.83
433.118
406.968
383.081
361.209
341.13
322.658
305.623
289.886
275.313
261.8
249.239
237.553
226.651
216.479
206.959
198.051
189.69
181.847
174.465
167.523
160.976
154.802
148.97
143.455
138.237
133.29
128.605
124.152
119.928
115.907
112.083
108.444
104.968
101.667
98.4978
95.4922
92.598
89.85
87.2054
84.6801
82.2649
79.9329
77.7255
75.5682
73.5434
71.5499
69.6814
67.8467
66.1079
64.4295
62.7995
61.2701
59.7377
58.3428
56.9114
55.6208
54.3127
53.0894
51.9184
50.7775
49.6698
48.7009
47.5974
46.7482
45.8691
44.9011
44.3323
43.4353
42.9075
42.0516
41.7131
40.9917
41.067
13808
10285.2
7925.55
6276.1
5082.24
4192.66
3513.46
2983.92
2563.66
2224.82
1947.91
1718.82
1527.28
1365.57
1227.86
1109.67
1007.51
918.624
840.838
772.384
711.846
658.05
610.048
567.035
528.356
493.443
461.836
433.124
406.976
383.088
361.218
341.137
322.667
305.631
289.896
275.321
261.81
249.247
237.563
226.659
216.49
206.967
198.063
189.698
181.859
174.474
167.537
160.985
154.818
148.978
143.471
138.245
133.309
128.613
124.172
119.936
115.928
112.093
108.464
104.981
101.686
98.5135
95.5102
92.6164
89.868
87.225
84.7009
82.2823
79.9597
77.7386
75.6017
73.5519
71.5884
69.6891
67.8843
66.1205
64.4619
62.8183
61.2989
59.7589
58.3733
56.9309
55.6552
54.3297
53.131
51.9221
50.8217
49.6785
48.6982
47.6508
46.7429
45.8567
44.9137
44.2741
43.2946
42.8061
41.8643
41.4928
40.6236
40.5531
13808
10285.2
7925.56
6276.08
5082.25
4192.63
3513.46
2983.91
2563.67
2224.81
1947.93
1718.81
1527.3
1365.56
1227.88
1109.66
1007.53
918.616
840.856
772.376
711.864
658.043
610.068
567.027
528.377
493.435
461.858
433.116
406.998
383.079
361.241
341.129
322.691
305.623
289.92
275.314
261.835
249.24
237.589
226.652
216.517
206.961
198.09
189.693
181.887
174.47
167.565
160.982
154.846
148.976
143.501
138.243
133.341
128.609
124.208
119.931
115.968
112.085
108.51
104.97
101.737
98.5
95.5662
92.6018
89.9276
87.2111
84.7618
82.2718
80.0196
77.734
75.659
73.5554
71.6428
69.6992
67.9392
66.1334
64.5218
62.828
61.3679
59.765
58.4454
56.9427
55.7198
54.3523
53.1822
51.9555
50.8531
49.7237
48.7013
47.6925
46.7056
45.8576
44.884
44.1861
43.2156
42.7265
41.7273
41.3097
40.3727
40.1927
13808
10285.2
7925.57
6276.08
5082.26
4192.64
3513.47
2983.92
2563.68
2224.81
1947.93
1718.82
1527.31
1365.56
1227.89
1109.66
1007.53
918.614
840.865
772.373
711.874
658.04
610.079
567.025
528.388
493.434
461.87
433.116
407.011
383.08
361.254
341.131
322.705
305.625
289.934
275.317
261.849
249.244
237.604
226.658
216.531
206.967
198.106
189.7
181.903
174.477
167.582
160.989
154.864
148.984
143.521
138.251
133.361
128.619
124.229
119.942
115.989
112.099
108.531
104.986
101.758
98.5169
95.5895
92.6188
89.9531
87.2285
84.789
82.2911
80.0461
77.7582
75.6815
73.5874
71.6579
69.7412
67.9475
66.1829
64.5262
62.8849
61.368
59.8285
58.4412
57.0118
55.7119
54.4246
53.171
52.0325
50.8399
49.7938
48.7132
47.7209
46.7199
45.9328
44.8564
44.1844
43.1368
42.6236
41.594
41.1519
40.2289
39.8415
13808
10285.2
7925.56
6276.09
5082.25
4192.66
3513.47
2983.93
2563.67
2224.82
1947.93
1718.83
1527.3
1365.57
1227.88
1109.67
1007.53
918.627
840.865
772.386
711.875
658.053
610.08
567.039
528.389
493.448
461.871
433.13
407.011
383.096
361.254
341.148
322.704
305.644
289.933
275.336
261.848
249.265
237.602
226.68
216.53
206.99
198.104
189.724
181.902
174.502
167.582
161.014
154.866
149.009
143.523
138.279
133.363
128.649
124.228
119.977
115.986
112.138
108.525
105.03
101.751
98.5644
95.5817
92.6689
89.9458
87.281
84.7818
82.3477
80.0368
77.8216
75.6686
73.6584
71.644
69.8158
67.9384
66.257
64.5239
62.9577
61.3715
59.9021
58.4478
57.0866
55.7192
54.4995
53.181
52.0947
50.8655
49.8403
48.7068
47.8118
46.675
45.9709
44.8676
44.1985
43.1082
42.5579
41.5368
40.9794
40.1319
39.5556
13808
10285.3
7925.55
6276.11
5082.24
4192.68
3513.46
2983.95
2563.66
2224.84
1947.92
1718.84
1527.29
1365.59
1227.88
1109.69
1007.52
918.644
840.857
772.405
711.867
658.073
610.072
567.06
528.381
493.471
461.863
433.154
407.003
383.12
361.247
341.173
322.697
305.669
289.927
275.362
261.843
249.291
237.598
226.706
216.527
207.016
198.102
189.751
181.901
174.529
167.581
161.044
154.864
149.041
143.521
138.312
133.361
128.686
124.226
120.015
115.983
112.179
108.522
105.074
101.746
98.6132
95.574
92.7238
89.9352
87.3411
84.7708
82.4095
80.0305
77.8801
75.6714
73.711
71.6563
69.8639
67.9562
66.3059
64.5406
63.0131
61.3825
59.9671
58.4562
57.1543
55.7377
54.5517
53.2222
52.1349
50.8874
49.9168
48.7121
47.8575
46.7217
45.989
44.8577
44.1871
43.1093
42.4702
41.5023
40.8634
40.0051
39.4396
13807.9
10285.3
7925.54
6276.12
5082.23
4192.69
3513.46
2983.96
2563.66
2224.85
1947.91
1718.85
1527.29
1365.6
1227.87
1109.7
1007.52
918.66
840.853
772.422
711.864
658.091
610.069
567.078
528.378
493.489
461.86
433.172
407.002
383.139
361.246
341.191
322.697
305.688
289.927
275.382
261.843
249.311
237.599
226.727
216.528
207.039
198.103
189.775
181.901
174.556
167.58
161.073
154.862
149.073
143.517
138.347
133.357
128.722
124.223
120.052
115.983
112.215
108.525
105.11
101.752
98.6491
95.5828
92.7585
89.9483
87.3746
84.7873
82.4429
80.0502
77.9127
75.695
73.7415
71.6863
69.8922
67.9916
66.3356
64.5776
63.0484
61.4171
60.0091
58.4899
57.1952
55.7791
54.5904
53.2563
52.1821
50.9342
49.9404
48.7606
47.8874
46.7305
46.0072
44.887
44.1552
43.1266
42.427
41.4826
40.8143
39.9367
39.2994
13807.9
10285.3
7925.52
6276.13
5082.21
4192.69
3513.44
2983.97
2563.65
2224.86
1947.9
1718.86
1527.28
1365.61
1227.87
1109.71
1007.52
918.674
840.853
772.436
711.863
658.105
610.069
567.093
528.379
493.504
461.862
433.188
407.004
383.155
361.248
341.208
322.699
305.706
289.93
275.4
261.846
249.33
237.602
226.747
216.532
207.059
198.107
189.795
181.906
174.577
167.587
161.094
154.869
149.095
143.525
138.371
133.366
128.746
124.233
120.077
115.994
112.24
108.539
105.134
101.77
98.6714
95.6053
92.78
89.9738
87.3972
84.8145
82.4668
80.0808
77.9367
75.7306
73.7656
71.7241
69.9212
68.0273
66.3735
64.6075
63.0948
61.4491
60.05
58.537
57.2317
55.8242
54.6361
53.3061
52.2155
50.9894
49.973
48.8163
47.915
46.8252
45.9837
44.9238
44.1477
43.1526
42.4098
41.4696
40.7617
39.8981
39.2095
13807.9
10285.3
7925.52
6276.14
5082.22
4192.7
3513.44
2983.98
2563.65
2224.87
1947.9
1718.87
1527.28
1365.62
1227.87
1109.72
1007.52
918.681
840.854
772.444
711.865
658.115
610.072
567.104
528.384
493.516
461.867
433.2
407.009
383.168
361.253
341.222
322.705
305.72
289.936
275.414
261.853
249.344
237.61
226.761
216.541
207.073
198.118
189.81
181.919
174.591
167.601
161.108
154.886
149.109
143.544
138.383
133.387
128.758
124.258
120.087
116.023
112.249
108.569
105.143
101.801
98.6846
95.6351
92.799
90.0015
87.4204
84.8431
82.4912
80.1123
77.9627
75.7616
73.7986
71.7518
69.9582
68.0605
66.4071
64.6546
63.116
61.5099
60.0716
58.5922
57.2685
55.8743
54.6686
53.3641
52.2426
51.0556
50.0057
48.8795
47.9243
46.9094
45.9919
44.9981
44.1623
43.1845
42.4272
41.4774
40.7558
39.8802
39.1559
13807.9
10285.3
7925.52
6276.15
5082.22
4192.71
3513.45
2983.99
2563.65
2224.88
1947.91
1718.88
1527.29
1365.63
1227.87
1109.73
1007.52
918.69
840.857
772.454
711.869
658.125
610.077
567.114
528.389
493.526
461.873
433.211
407.015
383.179
361.26
341.234
322.712
305.732
289.944
275.427
261.862
249.358
237.62
226.775
216.551
207.088
198.129
189.825
181.93
174.607
167.613
161.125
154.899
149.125
143.56
138.399
133.407
128.772
124.28
120.101
116.047
112.264
108.594
105.161
101.826
98.7063
95.6595
92.8221
90.0284
87.4447
84.8704
82.5189
80.1398
77.9943
75.7916
73.8261
71.7947
69.9791
68.1106
66.4287
64.6998
63.1563
61.5414
60.1235
58.6215
57.323
55.9246
54.7152
53.4246
52.2759
51.119
50.0029
48.9721
48.0001
46.9513
46.0212
45.0341
44.1929
43.2127
42.4413
41.4864
40.7315
39.8621
39.1233
13807.9
10285.3
7925.52
6276.14
5082.22
4192.71
3513.45
2983.99
2563.66
2224.88
1947.91
1718.89
1527.3
1365.63
1227.88
1109.74
1007.53
918.698
840.866
772.459
711.878
658.128
610.085
567.118
528.398
493.53
461.883
433.216
407.026
383.184
361.272
341.239
322.725
305.738
289.957
275.433
261.875
249.364
237.634
226.783
216.566
207.097
198.144
189.835
181.946
174.618
167.629
161.137
154.916
149.138
143.578
138.413
133.424
128.788
124.298
120.118
116.067
112.281
108.616
105.178
101.85
98.7215
95.6872
92.8396
90.0557
87.4667
84.8994
82.5398
80.1752
78.0097
75.8384
73.8352
71.8432
69.9914
68.1645
66.4526
64.7476
63.1842
61.5838
60.1618
58.6688
57.3485
55.9708
54.7434
53.476
52.3063
51.2027
50.0582
49.0309
48.0224
47.0086
46.1121
45.0874
44.2468
43.2695
42.4866
41.532
40.7588
39.8768
39.1313
13807.9
10285.3
7925.52
6276.14
5082.23
4192.71
3513.46
2983.98
2563.66
2224.88
1947.92
1718.88
1527.3
1365.63
1227.89
1109.74
1007.54
918.699
840.877
772.461
711.891
658.132
610.099
567.121
528.412
493.533
461.896
433.218
407.04
383.187
361.286
341.241
322.74
305.74
289.972
275.436
261.892
249.367
237.65
226.787
216.583
207.101
198.161
189.84
181.963
174.625
167.648
161.145
154.934
149.149
143.597
138.424
133.444
128.798
124.321
120.128
116.091
112.294
108.642
105.193
101.874
98.7395
95.7091
92.8612
90.0807
87.4865
84.9291
82.5584
80.2095
78.0236
75.8794
73.8488
71.8857
70.0084
68.1931
66.4736
64.7732
63.2246
61.6061
60.1843
58.6998
57.3666
55.9999
54.7549
53.5072
52.323
51.1832
50.0798
49.0518
48.0282
47.0088
46.0834
45.07
44.2282
43.2672
42.4769
41.5376
40.7661
39.8865
39.142
13807.9
10285.3
7925.53
6276.13
5082.24
4192.7
3513.46
2983.97
2563.67
2224.87
1947.93
1718.88
1527.32
1365.63
1227.9
1109.73
1007.55
918.695
840.89
772.459
711.904
658.13
610.113
567.12
528.426
493.533
461.911
433.218
407.055
383.187
361.301
341.242
322.756
305.741
289.99
275.437
261.909
249.369
237.669
226.788
216.602
207.104
198.181
189.843
181.984
174.628
167.668
161.149
154.956
149.153
143.62
138.429
133.468
128.805
124.346
120.138
116.116
112.305
108.667
105.208
101.9
98.7567
95.7388
92.8793
90.1104
87.504
84.9656
82.5734
80.2539
78.0394
75.9239
73.8746
71.924
70.0464
68.2407
66.5172
64.8194
63.258
61.6798
60.2233
58.7839
57.4256
56.0797
54.8395
53.5693
52.4236
51.2785
50.202
49.1427
48.1147
47.1295
46.193
45.1718
44.3052
43.3596
42.5424
41.6068
40.824
39.9276
39.1842
13808
10285.3
7925.54
6276.12
5082.24
4192.7
3513.47
2983.97
2563.68
2224.87
1947.94
1718.88
1527.33
1365.63
1227.91
1109.74
1007.57
918.697
840.902
772.462
711.916
658.134
610.125
567.124
528.438
493.537
461.924
433.224
407.068
383.192
361.316
341.248
322.771
305.747
290.005
275.444
261.926
249.376
237.685
226.796
216.619
207.112
198.199
189.852
182.002
174.637
167.687
161.159
154.977
149.162
143.642
138.439
133.49
128.817
124.366
120.152
116.135
112.321
108.685
105.224
101.918
98.7721
95.7586
92.8897
90.1333
87.5131
84.9855
82.583
80.2667
78.0532
75.9298
73.887
71.928
70.0517
68.2376
66.5092
64.8195
63.2432
61.6616
60.2041
58.7554
57.4033
56.0375
54.8033
53.5372
52.3891
51.2266
50.1394
49.1177
48.0762
47.1046
46.1504
45.1591
44.2889
43.3738
42.5519
41.638
40.8337
39.9702
39.1934
48.8682
48.8276
49.2348
48.8027
48.5092
48.4436
48.5461
48.2344
50.5697
50.9427
47.3969
47.1309
46.5895
45.8573
45.3266
45.0222
44.962
44.8788
45.7193
45.9005
45.0452
44.5223
43.9688
43.6872
43.5047
43.4434
43.331
43.4716
43.7478
43.7147
43.4451
42.9471
42.5907
42.1498
41.6785
41.2843
40.9671
40.8298
40.8328
40.8898
42.1877
41.6963
41.3145
40.7032
40.4097
40.0459
39.791
39.6439
39.549
39.5403
41.2579
40.7448
40.3309
39.7909
39.4515
39.0239
38.675
38.4603
38.2286
38.1435
40.5344
40.0542
39.6031
39.1078
38.66
38.2897
37.8616
37.6287
37.3319
37.1666
39.922
39.5141
39.0123
38.6092
38.083
37.761
37.2721
37.0332
36.6896
36.4724
39.5465
39.1065
38.5667
38.124
37.5968
37.2362
36.7914
36.492
36.1665
35.9088
39.2505
38.7192
38.2222
37.7402
37.2619
36.855
36.4292
36.0727
35.7414
35.4365
38.9547
38.4492
37.9642
37.5018
37.0156
36.6016
36.1516
35.7837
35.4056
35.0956
38.7617
38.2832
37.7347
37.2867
36.767
36.3574
35.8978
35.5129
35.1427
34.7723
38.6635
38.133
37.636
37.1009
36.6486
36.1345
35.7477
35.2767
34.9455
34.5562
38.5754
38.0322
37.545
36.9852
36.5428
36.005
35.6001
35.1326
34.7448
34.3928
38.506
37.9551
37.4522
36.9039
36.4356
35.9289
35.4715
35.0457
34.585
34.246
38.4512
37.9185
37.3775
36.859
36.3409
35.8695
35.3779
34.9688
34.5119
34.1615
38.437
37.9033
37.345
36.823
36.2999
35.8203
35.3207
34.9148
34.4219
34.1109
38.433
37.8968
37.3257
36.8045
36.268
35.7889
35.2832
34.8673
34.3764
34.0182
38.4624
37.9158
37.338
36.8038
36.2732
35.7839
35.2905
34.86
34.3919
34.0473
38.4981
37.9234
37.3626
36.8099
36.2728
35.7725
35.2507
34.8144
34.3256
33.9316
)
;

boundaryField
{
    down
    {
        type            symmetryPlane;
    }
    right
    {
        type            inletOutlet;
        inletValue      uniform 1;
        value           nonuniform List<scalar> 
30
(
3359.33
3452.96
3618.8
3813.48
3973.78
4026.21
3896.99
3525.47
2883.73
1999.58
1051.34
294.21
33.1565
11.1153
10.3417
9.94638
9.69892
9.45244
9.33826
9.17098
9.09806
9.00076
8.93867
8.90175
8.85429
8.80654
8.75996
8.72146
8.73226
8.72757
)
;
    }
    up
    {
        type            zeroGradient;
    }
    left
    {
        type            turbulentMixingLengthDissipationRateInlet;
        mixingLength    0.005;
        phi             phi;
        k               k;
        value           uniform 16580.2;
    }
    cylinder
    {
        type            epsilonWallFunction;
        value           nonuniform List<scalar> 
40
(
44409.1
42330.4
35093.1
21158.2
21949.1
26377.1
27961.4
28649
28568
28483.7
38480.1
37232.4
35166.2
32336.3
28779.9
25494.9
22697.5
22178.8
23574.9
29109.3
21755.6
22501.3
23958
24481.3
25997.4
26308.7
26731
27208
27642.9
28066.5
15004.7
14495.2
14880.2
15335.6
16478.3
17302.3
18016.2
18880.5
19760.6
20653.6
)
;
    }
    defaultFaces
    {
        type            empty;
    }
}


// ************************************************************************* //
