/*--------------------------------*- C++ -*----------------------------------*\
  =========                 |
  \\      /  F ield         | OpenFOAM: The Open Source CFD Toolbox
   \\    /   O peration     | Website:  https://openfoam.org
    \\  /    A nd           | Version:  8
     \\/     M anipulation  |
\*---------------------------------------------------------------------------*/
FoamFile
{
    version     2.0;
    format      ascii;
    class       volScalarField;
    location    "20.000098150058701";
    object      k;
}
// * * * * * * * * * * * * * * * * * * * * * * * * * * * * * * * * * * * * * //

dimensions      [0 2 -2 0 0 0 0];

internalField   nonuniform List<scalar> 
6800
(
196.244
575.505
622.356
587.762
444.785
247.935
150.429
95.5164
59.0305
42.3228
192.641
580.757
511.645
322.941
205.806
137.895
90.268
58.2433
36.2185
20.962
170.863
374.826
292.342
203.698
146.665
102.858
64.5357
33.7306
16.438
9.96009
122.467
259.284
215.344
168.116
123.636
69.3725
29.8448
15.2736
9.28009
6.60973
122.755
201.923
185.064
153.586
84.1053
34.891
16.8749
10.0396
6.96324
5.41871
142.128
188.201
178.476
123.56
50.7909
22.1276
11.9357
7.97451
5.72434
4.69308
145.901
189.288
172.689
87.5102
32.4407
14.3147
8.96143
6.36926
4.89056
4.36269
148.662
192.871
156.01
55.7677
20.6527
11.5822
7.94234
5.82011
4.59725
4.19327
148.175
208.701
132.774
41.5011
17.0018
9.8244
6.68778
5.08966
4.22216
3.97037
147.891
216.832
105.871
28.786
12.7343
8.58067
6.34978
4.91316
4.13654
3.91964
181.11
333.876
378.536
398.977
413.686
428.475
444.762
462.723
482.072
502.335
177.16
326.343
370.955
392.423
408.869
425.757
444.699
465.987
489.667
515.457
170.52
312.249
356.412
379.711
399.466
420.299
443.814
470.902
502.607
538.801
161.218
293.596
336.973
363.197
387.332
413.259
442.365
476.093
517.527
566.872
149.181
273.627
317.172
347.36
377.238
409.769
445.169
485.609
538.657
599.876
137.535
258.106
304.488
341.016
379.131
420.453
469.859
524.645
600.78
643.531
127.457
256.52
308.819
355.152
405.883
468.554
558.24
622.666
680.578
661.372
125.07
272.155
340.227
412.153
492.726
585.597
656.603
676.761
662.183
517.653
131.141
323.186
433.648
544.265
612.595
670.09
648.041
549.143
417.649
193.285
148.511
436.41
574.392
639.184
640.752
564.434
379.987
212.926
127.134
71.2133
530.887
566.437
601.155
634.37
665.669
694.894
721.988
746.924
769.767
790.301
808.392
824.042
837.22
848.141
856.539
862.83
866.655
868.172
867.616
865.031
860.336
853.919
845.904
836.449
825.717
813.879
801.104
787.56
773.413
758.818
743.928
728.879
713.794
698.771
683.906
669.287
654.978
641.02
627.44
614.243
601.423
588.967
576.857
565.075
553.604
542.429
531.537
520.915
510.552
500.441
490.576
480.956
471.58
462.451
453.569
444.936
436.55
428.412
420.518
412.866
405.449
398.263
391.301
384.556
378.02
371.685
365.542
359.583
353.799
348.183
342.728
337.425
332.268
327.251
322.368
317.613
312.982
308.469
304.071
299.781
295.597
291.513
287.525
283.63
279.824
276.102
272.463
268.903
265.419
262.009
258.673
255.403
252.214
249.066
246.041
242.967
240.194
237.009
234.85
230.824
551.536
593.809
635.418
674.861
711.572
745.45
776.454
804.622
830.297
853.076
872.862
889.73
903.922
915.192
923.43
928.947
931.472
931.489
929.176
924.417
917.597
908.92
898.534
886.647
873.468
859.199
844.029
828.146
811.726
794.939
777.947
760.895
743.908
727.106
710.584
694.417
678.664
663.356
648.513
634.131
620.191
606.675
593.565
580.837
568.471
556.452
544.766
533.4
522.342
511.579
501.107
490.92
481.017
471.398
462.061
453.006
444.229
435.728
427.496
419.529
411.818
404.357
397.137
390.15
383.385
376.835
370.489
364.337
358.372
352.583
346.963
341.504
336.198
331.04
326.022
321.138
316.384
311.754
307.243
302.846
298.559
294.376
290.294
286.308
282.415
278.61
274.891
271.254
267.698
264.217
260.816
257.481
254.233
251.026
247.951
244.819
242.009
238.759
236.587
232.481
588.235
642.37
695.108
744.469
789.897
831.265
868.752
903.076
933.153
959.101
981.169
999.358
1013.77
1023.99
1030.64
1033.75
1033.6
1030.72
1024.72
1016.27
1005.61
992.962
978.449
962.389
945.078
926.753
907.629
887.917
867.816
847.509
827.185
807.007
787.115
767.622
748.612
730.139
712.249
694.947
678.238
662.109
646.519
631.447
616.874
602.768
589.103
575.863
563.036
550.61
538.566
526.888
515.566
504.593
493.964
483.676
473.722
464.097
454.796
445.808
437.127
428.74
420.638
412.811
405.248
397.938
390.87
384.033
377.416
371.009
364.8
358.78
352.94
347.272
341.767
336.418
331.218
326.16
321.24
316.45
311.786
307.243
302.815
298.497
294.285
290.175
286.162
282.243
278.415
274.673
271.018
267.442
263.951
260.53
257.204
253.916
250.776
247.563
244.71
241.366
239.187
234.96
631.77
700.813
765.926
825.801
880.266
928.921
972.507
1010.86
1042.69
1069.17
1090.46
1106.33
1116.94
1123.15
1125.4
1124.05
1119.33
1111
1099.83
1086.15
1070.26
1052.43
1033.22
1012.95
991.698
969.646
947.013
924.021
900.894
877.828
855.011
832.595
810.707
789.435
768.836
748.927
729.728
711.22
693.397
676.236
659.67
643.673
628.241
613.329
598.908
584.96
571.483
558.467
545.89
533.732
521.978
510.621
499.652
489.065
478.847
468.989
459.481
450.311
441.465
432.929
424.69
416.736
409.056
401.636
394.465
387.53
380.821
374.325
368.032
361.931
356.014
350.271
344.694
339.275
334.008
328.885
323.9
319.047
314.322
309.718
305.231
300.855
296.588
292.423
288.359
284.39
280.514
276.728
273.031
269.416
265.89
262.433
259.081
255.759
252.606
249.354
246.506
243.108
240.96
236.652
675.014
756.272
829.487
894.162
951.019
999.211
1040.56
1074.57
1102.46
1124.31
1140.79
1152.04
1158.39
1160.01
1157.99
1152.28
1142.63
1129.94
1114.51
1096.69
1076.72
1054.99
1031.81
1007.47
982.377
956.866
931.251
905.779
880.695
856.172
832.356
809.342
787.192
765.923
745.537
725.976
707.204
689.168
671.836
655.192
639.137
623.636
608.723
594.341
580.453
567.038
554.102
541.656
529.67
518.115
506.974
496.241
485.899
475.94
466.344
457.095
448.181
439.583
431.286
423.272
415.531
408.049
400.815
393.817
387.045
380.487
374.133
367.974
362
356.2
350.568
345.095
339.773
334.595
329.556
324.647
319.864
315.202
310.656
306.222
301.894
297.67
293.546
289.519
285.586
281.743
277.99
274.322
270.741
267.237
263.825
260.472
257.232
254.005
250.965
247.795
245.063
241.74
239.689
235.451
706.065
782.527
852.245
912.179
963.894
1006.03
1041.11
1068.74
1089.11
1102.04
1109.63
1111.5
1109.41
1103.44
1092.72
1078.88
1062.16
1042.99
1021.75
998.791
974.473
949.083
922.991
896.449
869.889
843.577
817.917
793.099
769.373
746.811
725.474
705.324
686.333
668.392
651.429
635.324
619.923
605.188
591.036
577.466
564.406
551.767
539.647
527.991
516.753
505.903
495.457
485.451
475.851
466.627
457.758
449.24
441.043
433.16
425.559
418.217
411.119
404.244
397.58
391.113
384.835
378.736
372.81
367.048
361.443
355.992
350.685
345.521
340.489
335.586
330.805
326.142
321.59
317.144
312.799
308.55
304.393
300.326
296.345
292.447
288.631
284.896
281.239
277.658
274.155
270.725
267.372
264.088
260.881
257.736
254.676
251.657
248.75
245.832
243.109
240.223
237.783
234.743
232.912
228.99
703.5
747.506
789.62
827.985
862.658
890.168
910.761
925.406
933.451
934.304
932.232
926.567
915.234
900.389
882.364
861.82
839.334
815.38
790.387
764.569
738.378
711.946
685.837
660.142
635.517
612.038
590.237
570.145
551.974
535.533
520.79
507.502
495.561
484.647
474.633
465.396
456.521
448.175
440.205
432.556
425.341
418.313
411.628
405.25
399.107
393.184
387.494
382.098
376.946
372.045
367.363
362.893
358.577
354.403
350.345
346.336
342.397
338.485
334.646
330.856
327.118
323.425
319.777
316.177
312.619
309.118
305.661
302.263
298.912
295.611
292.359
289.152
285.989
282.865
279.78
276.73
273.715
270.734
267.79
264.881
262.01
259.179
256.389
253.643
250.942
248.285
245.679
243.114
240.606
238.132
235.727
233.333
231.039
228.702
226.549
224.211
222.279
219.794
218.337
215.059
521.166
530.492
540.752
551.046
561.75
572.8
579.265
583.856
582.914
580.187
572.517
560.34
544.138
524.769
503.168
480.149
456.557
432.714
409.297
386.088
363.872
342.205
322.14
303.232
286.598
271.757
259.556
249.423
241.701
235.784
231.832
229.03
227.388
226.414
226.107
226.089
226.348
226.917
227.847
228.451
229.486
230.283
231.23
232.252
233.196
234.075
234.851
235.769
236.747
237.851
238.884
239.784
240.508
241.053
241.55
241.659
241.751
241.518
241.494
241.311
241.021
240.616
240.104
239.503
238.803
238.043
237.202
236.315
235.363
234.352
233.288
232.169
230.997
229.772
228.496
227.169
225.799
224.388
222.945
221.474
219.984
218.48
216.963
215.455
213.944
212.437
210.943
209.452
207.984
206.513
205.08
203.623
202.236
200.778
199.458
197.959
196.756
195.128
194.201
191.948
194.057
196.133
198.856
200.543
201.646
201.346
200.494
197.925
193.751
188.157
181.005
172.445
162.812
152.523
142.051
131.648
121.702
112.14
103.3
94.8441
87.1876
79.9061
73.5322
67.6496
62.7736
58.5047
55.2449
52.5808
50.8727
49.4912
49.2269
48.6707
48.8374
49.3693
50.2252
51.5855
52.8011
54.3973
56.1031
57.847
59.9465
62.135
64.4579
67.0116
69.6461
72.4237
75.2942
78.4129
81.754
85.3875
89.1983
93.3966
97.779
102.293
106.911
111.446
115.889
120.12
124.188
128.037
131.68
135.091
138.256
141.204
143.908
146.41
148.716
150.804
152.665
154.307
155.764
157.041
158.164
159.13
159.962
160.661
161.246
161.72
162.1
162.392
162.606
162.764
162.824
162.977
162.977
162.939
162.849
162.715
162.562
162.374
162.175
161.931
161.688
161.381
161.102
160.716
160.408
159.924
159.643
158.79
71.2289
71.1029
70.3597
69.0068
66.8887
64.3798
61.3419
58.0156
54.4515
50.7385
46.9423
43.1281
39.3829
35.7643
32.3608
29.1807
26.2898
23.629
21.2618
19.0898
17.1891
15.4562
13.9743
12.6481
11.5446
10.585
9.80682
9.15083
8.63569
8.2066
7.89023
7.63613
7.43209
7.2976
7.20774
7.16773
7.18891
7.25321
7.37212
7.52713
7.76594
7.99711
8.28859
8.68499
9.10983
9.6175
10.1991
10.9096
11.7385
12.7321
13.8728
15.1891
16.7118
18.4085
20.3562
22.4577
24.7815
27.2352
29.8567
32.6063
35.4463
38.4282
41.4185
44.5579
47.6545
50.8722
54.0363
57.2687
60.5441
63.802
67.0407
70.2086
73.3016
76.2778
79.1363
81.8564
84.4414
86.8858
89.1955
91.3787
93.4356
95.3912
97.2243
98.993
100.635
102.195
103.643
105.022
106.293
107.517
108.627
109.721
110.682
111.669
112.474
113.372
114.011
114.845
115.286
116.087
25.8192
26.4138
26.377
26.1458
25.672
24.9085
23.9484
22.82
21.5676
20.2256
18.8407
17.4398
16.0682
14.7429
13.4976
12.3321
11.2676
10.2872
9.41042
8.60972
7.90487
7.26759
6.71357
6.21918
5.79397
5.4204
5.09833
4.81948
4.57525
4.36507
4.17715
4.01424
3.86609
3.73574
3.61604
3.5106
3.41312
3.32709
3.24931
3.17805
3.11705
3.05876
3.01103
2.96701
2.93011
2.89868
2.87408
2.85742
2.85062
2.85396
2.86574
2.88992
2.9366
2.99774
3.08706
3.20228
3.34935
3.53867
3.76005
4.04729
4.36116
4.77094
5.20221
5.75614
6.33912
7.05606
7.82473
8.72728
9.70512
10.8257
12.0248
13.3738
14.7898
16.3509
17.957
19.6978
21.4604
23.3486
25.238
27.249
29.2411
31.357
33.4283
35.632
37.7595
40.0541
42.2345
44.584
46.7546
49.1092
51.1989
53.5154
55.4559
57.7101
59.4343
61.6235
63.077
65.2179
66.3892
68.6595
14.2165
14.2065
14.1484
13.9898
13.704
13.3035
12.8166
12.2563
11.6463
10.9976
10.3377
9.67285
9.02896
8.40651
7.82404
7.2763
6.77529
6.31301
5.89726
5.51628
5.17997
4.87384
4.60749
4.36682
4.15942
3.97313
3.8119
3.668
3.54098
3.42838
3.32585
3.23526
3.15075
3.07467
3.00438
2.94011
2.87854
2.82499
2.77178
2.72527
2.67933
2.63822
2.59821
2.56226
2.52701
2.49514
2.4639
2.43545
2.40773
2.38204
2.3572
2.33378
2.31127
2.28993
2.26957
2.25028
2.23201
2.21508
2.19931
2.18535
2.17285
2.16284
2.15516
2.15053
2.15147
2.15493
2.16478
2.18243
2.2032
2.24403
2.28031
2.35519
2.41276
2.53534
2.62198
2.80669
2.93138
3.19556
3.36944
3.7336
3.96894
4.45897
4.76964
5.41584
5.8155
6.64795
7.15537
8.18984
8.83643
10.086
10.879
12.3455
13.2641
14.9377
15.9477
17.8009
18.8631
20.8344
22.027
24.3255
8.40531
8.40092
8.37454
8.30139
8.16655
7.97675
7.7461
7.48046
7.19177
6.88285
6.56885
6.2481
5.93701
5.62979
5.34269
5.06779
4.81591
4.58022
4.36617
4.16717
3.99103
3.82696
3.68457
3.5517
3.43757
3.33068
3.23856
3.15234
3.07636
3.00586
2.94149
2.88252
2.82661
2.77564
2.72722
2.68125
2.63857
2.59924
2.55867
2.52447
2.48874
2.45753
2.42493
2.39676
2.36702
2.34176
2.31441
2.29151
2.26612
2.24508
2.22125
2.20168
2.17913
2.16076
2.13924
2.12187
2.1011
2.08464
2.0645
2.04891
2.02929
2.01457
1.99539
1.9815
1.96272
1.94952
1.93108
1.91848
1.90083
1.88952
1.8727
1.86269
1.84684
1.83817
1.82355
1.81636
1.80348
1.79802
1.78765
1.78448
1.77784
1.77794
1.77896
1.78294
1.78998
1.80533
1.82124
1.8535
1.88279
1.94091
1.98928
2.08571
2.16003
2.30867
2.41671
2.6313
2.78468
3.07113
3.31276
3.76778
5.64655
5.64176
5.6287
5.58987
5.52347
5.42885
5.31266
5.18092
5.03603
4.88232
4.72318
4.56104
4.40157
4.24355
4.09379
3.94714
3.81267
3.68111
3.56316
3.44951
3.34774
3.2503
3.16424
3.08124
3.00938
2.93851
2.87872
2.81773
2.76717
2.71422
2.66959
2.62339
2.58264
2.54083
2.50451
2.46501
2.43161
2.39646
2.365
2.33281
2.30368
2.27386
2.24782
2.22078
2.19696
2.17239
2.1505
2.12807
2.10782
2.08724
2.06833
2.04927
2.03139
2.01351
1.99638
1.97946
1.96289
1.94678
1.93069
1.91527
1.89965
1.88492
1.86982
1.85575
1.84118
1.82776
1.81374
1.80099
1.78748
1.77537
1.76228
1.75077
1.73806
1.72709
1.7147
1.70428
1.69219
1.68228
1.67049
1.66108
1.6496
1.64066
1.62954
1.6211
1.61035
1.60241
1.5921
1.58468
1.57488
1.56806
1.55889
1.55281
1.54453
1.53944
1.53246
1.52871
1.52369
1.52182
1.51976
1.52216
4.31014
4.30581
4.29164
4.26906
4.22975
4.17914
4.11598
4.04589
3.96798
3.88658
3.80059
3.71349
3.62465
3.53666
3.44978
3.36499
3.2837
3.20471
3.1308
3.05925
2.99264
2.92847
2.86903
2.81232
2.7599
2.70989
2.66354
2.61863
2.5774
2.53627
2.49922
2.4614
2.42724
2.39257
2.36125
2.32818
2.30027
2.26964
2.24317
2.21582
2.19162
2.16609
2.1441
2.12022
2.10045
2.07841
2.06036
2.03977
2.02307
2.00365
1.98802
1.96947
1.95464
1.93676
1.92257
1.90526
1.89165
1.87487
1.86181
1.84555
1.83303
1.8173
1.80535
1.79017
1.7788
1.76416
1.75337
1.73925
1.729
1.71537
1.70562
1.69243
1.68312
1.67031
1.66139
1.64892
1.64034
1.62815
1.61989
1.60793
1.59998
1.58826
1.5806
1.5691
1.56175
1.55046
1.54339
1.53228
1.5255
1.51454
1.50802
1.4972
1.49094
1.48024
1.47425
1.46367
1.45791
1.4476
1.44128
1.42969
3.60509
3.60072
3.58978
3.57129
3.54796
3.5155
3.47876
3.43528
3.3896
3.33903
3.28702
3.23138
3.17521
3.11727
3.06002
3.0027
2.94707
2.89213
2.83991
2.78783
2.73959
2.69135
2.64708
2.6024
2.56199
2.52076
2.48409
2.44629
2.41297
2.37849
2.34782
2.31653
2.28783
2.25922
2.23268
2.20521
2.1813
2.15561
2.13278
2.10905
2.08769
2.06559
2.04595
2.02546
2.00747
1.98808
1.97147
1.95324
1.93775
1.92049
1.90589
1.88934
1.87546
1.85947
1.8462
1.83069
1.81795
1.80287
1.79067
1.77607
1.76437
1.7502
1.73906
1.72536
1.71478
1.70154
1.69149
1.67866
1.66909
1.65663
1.64747
1.63531
1.62652
1.61461
1.60615
1.59447
1.5863
1.57483
1.56697
1.5557
1.54814
1.53708
1.52984
1.51899
1.51206
1.50141
1.49477
1.48431
1.47794
1.46765
1.46153
1.45138
1.44552
1.4355
1.42988
1.41999
1.41459
1.40495
1.39898
1.38804
3.21024
3.20237
3.19208
3.17758
3.1597
3.13741
3.11115
3.08086
3.04822
3.01276
2.97605
2.93692
2.89735
2.85596
2.81516
2.77332
2.73285
2.69203
2.65283
2.61365
2.57611
2.53853
2.50281
2.46733
2.43399
2.40104
2.3703
2.33963
2.31161
2.28268
2.2571
2.22984
2.20576
2.18058
2.15743
2.13339
2.11238
2.08895
2.06877
2.04727
2.0283
2.00787
1.99014
1.97095
1.95444
1.93625
1.92103
1.90378
1.88939
1.873
1.85943
1.84376
1.8309
1.81584
1.80356
1.789
1.77721
1.76307
1.75171
1.73791
1.72695
1.7135
1.70296
1.68987
1.67977
1.66707
1.65741
1.64507
1.63582
1.62379
1.6149
1.60312
1.59456
1.58302
1.57478
1.56346
1.55555
1.54445
1.53685
1.52599
1.5187
1.50804
1.50105
1.49057
1.48386
1.47352
1.46707
1.45686
1.45064
1.44055
1.43455
1.42456
1.41878
1.40888
1.40334
1.39352
1.38825
1.37838
1.37415
1.3603
2.96254
2.95624
2.94666
2.93255
2.91749
2.89892
2.87795
2.85355
2.82727
2.79927
2.77004
2.73971
2.70877
2.67677
2.64497
2.61191
2.5798
2.54647
2.51459
2.48143
2.45028
2.41756
2.38756
2.35602
2.32744
2.29757
2.27086
2.24305
2.21805
2.19218
2.16866
2.14445
2.12233
2.09961
2.0787
2.05707
2.03796
2.01678
1.99861
1.97897
1.96172
1.94285
1.92655
1.90878
1.89355
1.87658
1.86232
1.84605
1.8326
1.81716
1.80449
1.78981
1.77786
1.76382
1.75246
1.7389
1.72801
1.71484
1.70436
1.69154
1.68146
1.66896
1.65924
1.64703
1.63766
1.62571
1.61667
1.605
1.59626
1.58484
1.57643
1.5652
1.55707
1.54605
1.5382
1.52736
1.51979
1.50915
1.50186
1.49143
1.48442
1.47417
1.46743
1.45735
1.45087
1.44092
1.43468
1.42486
1.41884
1.4091
1.40329
1.39363
1.38804
1.37844
1.37309
1.36354
1.35845
1.34883
1.3447
1.33136
2.79844
2.78835
2.77878
2.7657
2.75231
2.73604
2.71851
2.69747
2.67588
2.65218
2.62829
2.60326
2.5779
2.55168
2.52497
2.49737
2.46985
2.44155
2.41407
2.38579
2.35858
2.33055
2.30376
2.27641
2.25076
2.22476
2.20096
2.1765
2.15464
2.13155
2.11128
2.08957
2.07044
2.05031
2.03191
2.01309
1.99589
1.97733
1.96118
1.94339
1.92771
1.91038
1.89544
1.8786
1.86409
1.84789
1.83404
1.81829
1.80516
1.79014
1.77774
1.7634
1.75174
1.73805
1.72706
1.71394
1.70352
1.69089
1.68092
1.66871
1.6591
1.64716
1.63786
1.62613
1.61713
1.60557
1.59681
1.58548
1.57696
1.56581
1.55757
1.54661
1.53862
1.52781
1.52008
1.50945
1.50199
1.49154
1.48437
1.47413
1.46721
1.45715
1.4505
1.44055
1.43416
1.4244
1.41827
1.4086
1.40269
1.3931
1.38741
1.37789
1.37241
1.36294
1.35768
1.34825
1.34322
1.33372
1.32964
1.31646
2.68429
2.67384
2.66304
2.65048
2.63647
2.62121
2.60542
2.58687
2.56825
2.54735
2.52692
2.50482
2.48308
2.46001
2.43677
2.41248
2.38817
2.36316
2.3387
2.31344
2.28914
2.26377
2.23986
2.2148
2.19207
2.16835
2.14705
2.12473
2.10474
2.08364
2.06484
2.04471
2.02712
2.00799
1.99144
1.97352
1.95791
1.94061
1.92554
1.9091
1.89453
1.87831
1.86385
1.84771
1.83386
1.81809
1.80456
1.78914
1.77617
1.76136
1.74912
1.73498
1.72356
1.71023
1.69955
1.68689
1.67682
1.66463
1.65502
1.64318
1.63386
1.62229
1.61323
1.60183
1.59303
1.58177
1.57321
1.56212
1.5538
1.54291
1.53486
1.52415
1.51637
1.50583
1.49832
1.48797
1.48074
1.47059
1.46362
1.45365
1.44696
1.43712
1.4307
1.42103
1.4149
1.40536
1.39948
1.39
1.38435
1.37497
1.36955
1.36025
1.35505
1.3458
1.34077
1.33157
1.32672
1.31744
1.31346
1.30056
2.60261
2.59034
2.57829
2.56681
2.55255
2.53827
2.52208
2.50413
2.48583
2.46641
2.44778
2.42774
2.40873
2.38794
2.36767
2.3457
2.32396
2.30121
2.27907
2.25639
2.2345
2.21203
2.1906
2.16854
2.14814
2.1268
2.10743
2.08686
2.06826
2.04845
2.03053
2.01162
1.99469
1.97687
1.96107
1.94445
1.92981
1.91343
1.89978
1.88421
1.87021
1.85456
1.84096
1.8255
1.81225
1.79717
1.78424
1.76948
1.75714
1.74302
1.73127
1.71758
1.70654
1.69358
1.68309
1.6706
1.66063
1.64856
1.63896
1.62719
1.61785
1.60632
1.59729
1.58601
1.57734
1.56631
1.55799
1.5472
1.5392
1.52859
1.52091
1.51052
1.50307
1.49286
1.48565
1.47558
1.46858
1.45865
1.45186
1.44203
1.43546
1.42574
1.41938
1.40972
1.40356
1.394
1.38809
1.37865
1.37295
1.3636
1.35815
1.34893
1.3437
1.33458
1.32958
1.32054
1.31574
1.30665
1.30274
1.28999
2.54543
2.53058
2.52014
2.50722
2.49458
2.47925
2.46514
2.44748
2.43049
2.41167
2.39382
2.37481
2.35689
2.33748
2.31874
2.29818
2.27815
2.2568
2.23662
2.2156
2.19605
2.17556
2.15643
2.1362
2.1173
2.09711
2.07848
2.05843
2.04016
2.02051
2.00286
1.98406
1.96732
1.94964
1.93394
1.91751
1.9027
1.88695
1.87323
1.8577
1.84438
1.82947
1.81642
1.80178
1.78961
1.77571
1.76381
1.75032
1.73909
1.72612
1.71526
1.70259
1.69215
1.67969
1.66933
1.65694
1.64688
1.63455
1.62472
1.61266
1.60321
1.59149
1.58245
1.57111
1.56255
1.5516
1.54346
1.53287
1.52512
1.51481
1.50742
1.49734
1.49023
1.4803
1.47339
1.46356
1.4568
1.44703
1.4404
1.43068
1.42417
1.41451
1.40817
1.39857
1.3924
1.38289
1.37691
1.36752
1.36176
1.35252
1.34702
1.33792
1.33264
1.32368
1.31862
1.30975
1.30498
1.29606
1.29223
1.27969
2.49825
2.48207
2.47195
2.45804
2.44742
2.43231
2.41853
2.40082
2.38513
2.36681
2.34962
2.33068
2.31348
2.29465
2.27722
2.25764
2.23883
2.21841
2.19915
2.17907
2.16042
2.14088
2.12261
2.10307
2.08498
2.06541
2.04781
2.02835
2.01151
1.99249
1.97635
1.95813
1.94257
1.92538
1.9105
1.89417
1.88015
1.86444
1.85101
1.83639
1.82331
1.80894
1.79683
1.7834
1.77228
1.75919
1.74847
1.736
1.72558
1.71356
1.70333
1.69104
1.68085
1.66861
1.65827
1.64594
1.63559
1.62307
1.61293
1.60064
1.59092
1.57909
1.57003
1.55877
1.55033
1.53958
1.53163
1.52122
1.51369
1.50352
1.49627
1.48627
1.47924
1.46936
1.46253
1.45272
1.44608
1.43636
1.42988
1.42022
1.41388
1.40431
1.39811
1.38865
1.38258
1.37322
1.36731
1.3581
1.35238
1.34339
1.33792
1.32906
1.32381
1.31517
1.3102
1.30168
1.29697
1.28873
1.28355
1.27407
2.46672
2.45192
2.43922
2.42758
2.41345
2.3995
2.38592
2.37028
2.35498
2.33834
2.32088
2.30274
2.28528
2.26721
2.25035
2.23186
2.21407
2.19427
2.17574
2.15561
2.13699
2.11693
2.09833
2.07841
2.0601
2.04081
2.0235
2.00503
1.98895
1.97108
1.95597
1.93875
1.92419
1.9078
1.89357
1.87808
1.86435
1.84939
1.83671
1.82202
1.80973
1.79581
1.78396
1.77067
1.7592
1.74609
1.73515
1.72199
1.71135
1.6987
1.68815
1.67545
1.66523
1.6528
1.64273
1.63063
1.62091
1.6092
1.59981
1.58834
1.57941
1.56829
1.55975
1.54895
1.5408
1.53029
1.52246
1.51214
1.50453
1.49431
1.48701
1.47694
1.46989
1.45996
1.45314
1.44334
1.43674
1.42707
1.42069
1.41113
1.40496
1.39555
1.38958
1.38035
1.37456
1.36552
1.35989
1.35102
1.34556
1.33687
1.33158
1.32306
1.31797
1.30961
1.30475
1.29653
1.29195
1.2837
1.28017
1.26789
2.44083
2.42575
2.41233
2.399
2.38793
2.37297
2.35626
2.33906
2.32484
2.30903
2.29324
2.27638
2.26044
2.24308
2.22654
2.20818
2.19039
2.17097
2.15262
2.13282
2.11448
2.09469
2.07648
2.05695
2.03923
2.02051
2.00367
1.98602
1.97034
1.95362
1.93894
1.9228
1.90882
1.89317
1.87963
1.8645
1.85138
1.83678
1.82386
1.80975
1.79723
1.7832
1.77141
1.75767
1.74606
1.73306
1.72205
1.70936
1.69907
1.68695
1.67688
1.66499
1.65542
1.64382
1.63459
1.62327
1.61445
1.60332
1.59465
1.58382
1.57524
1.56442
1.55603
1.54518
1.53695
1.52622
1.51814
1.50759
1.49975
1.48939
1.48183
1.47166
1.46447
1.45447
1.4476
1.43784
1.43127
1.42173
1.41545
1.4061
1.40011
1.39093
1.3852
1.37618
1.37068
1.3618
1.35648
1.34769
1.34253
1.33383
1.32881
1.32018
1.31531
1.30673
1.30201
1.29349
1.28894
1.28035
1.27666
1.26441
2.417
2.40052
2.38781
2.37343
2.35952
2.34387
2.33063
2.31512
2.30066
2.28366
2.26682
2.24974
2.23373
2.21658
2.20057
2.183
2.16603
2.14771
2.13053
2.11211
2.09527
2.07714
2.06049
2.04245
2.02596
2.00836
1.99239
1.97542
1.96036
1.94394
1.92973
1.91383
1.90005
1.88473
1.87123
1.85631
1.8433
1.82882
1.81609
1.80199
1.78955
1.77568
1.76401
1.75069
1.73964
1.72709
1.71639
1.70426
1.69443
1.68264
1.67287
1.66137
1.65219
1.64081
1.63186
1.6209
1.61221
1.60132
1.59292
1.58231
1.57394
1.56329
1.5549
1.54414
1.53576
1.52491
1.51664
1.50584
1.49776
1.48716
1.47937
1.46909
1.46164
1.45161
1.44457
1.43478
1.42813
1.41859
1.41221
1.40287
1.39677
1.3876
1.38175
1.37269
1.36707
1.35811
1.35268
1.34378
1.33852
1.32968
1.32458
1.31578
1.31083
1.30207
1.29727
1.28856
1.28389
1.27536
1.27015
1.26058
2.4064
2.39113
2.37614
2.36214
2.35073
2.33793
2.3218
2.30516
2.2902
2.27256
2.25493
2.23747
2.22074
2.20296
2.18655
2.16896
2.152
2.13403
2.11683
2.09854
2.08172
2.06367
2.04714
2.0292
2.01278
1.9951
1.97895
1.9617
1.94622
1.92953
1.91506
1.89905
1.88571
1.87053
1.85808
1.84369
1.83183
1.81823
1.80622
1.79299
1.78104
1.76769
1.75655
1.74336
1.73255
1.71988
1.70955
1.69742
1.68732
1.67552
1.66569
1.65409
1.64446
1.63314
1.62409
1.6129
1.60406
1.5931
1.58455
1.57383
1.56537
1.55472
1.54646
1.53579
1.52751
1.51687
1.50875
1.4982
1.49025
1.47981
1.47213
1.4619
1.45448
1.44444
1.43733
1.4275
1.42068
1.41105
1.40452
1.39508
1.38883
1.37956
1.37357
1.36449
1.35875
1.3498
1.34428
1.33545
1.33013
1.3214
1.31629
1.30766
1.30274
1.29419
1.28946
1.281
1.27643
1.26816
1.26308
1.25371
2.38646
2.37035
2.3542
2.34
2.32796
2.3126
2.29766
2.28239
2.2678
2.2504
2.23337
2.21623
2.20047
2.18362
2.16878
2.15209
2.1361
2.11816
2.10098
2.08256
2.0656
2.04748
2.03091
2.01298
1.99677
1.97921
1.96361
1.94689
1.93217
1.91639
1.90261
1.8877
1.87483
1.86053
1.84839
1.83467
1.82319
1.80957
1.79822
1.78523
1.7735
1.76055
1.74961
1.73662
1.72566
1.71325
1.70249
1.69009
1.68003
1.66791
1.65789
1.64607
1.63648
1.62489
1.61562
1.60442
1.59545
1.58447
1.57584
1.56513
1.55679
1.54629
1.53819
1.52783
1.51991
1.50968
1.50196
1.49181
1.48426
1.47421
1.46686
1.45695
1.44985
1.44008
1.4332
1.42358
1.41695
1.4075
1.40109
1.39177
1.3856
1.37644
1.37051
1.36151
1.35581
1.34694
1.34146
1.3327
1.32743
1.31878
1.3137
1.30515
1.30026
1.2918
1.2871
1.27873
1.27419
1.26603
1.26098
1.25171
2.38666
2.37037
2.35554
2.34186
2.32999
2.31224
2.2986
2.28198
2.26624
2.2504
2.23441
2.21635
2.19986
2.18219
2.16605
2.14771
2.13001
2.11067
2.0925
2.07332
2.05591
2.03769
2.02122
2.00371
1.98804
1.97125
1.95643
1.94046
1.92644
1.91116
1.8979
1.88326
1.87059
1.85647
1.8443
1.83063
1.81894
1.80564
1.79414
1.78118
1.76974
1.75687
1.74603
1.73324
1.7225
1.71001
1.69952
1.68727
1.67719
1.66517
1.65533
1.64363
1.63403
1.62262
1.61345
1.60227
1.5934
1.58248
1.57392
1.56326
1.55497
1.54452
1.53648
1.52617
1.51835
1.50818
1.50055
1.49047
1.48301
1.47304
1.46577
1.45592
1.44887
1.43913
1.43229
1.42272
1.41611
1.40669
1.4003
1.39101
1.38486
1.37572
1.3698
1.3608
1.3551
1.34624
1.34075
1.33199
1.32671
1.31806
1.31297
1.30441
1.29951
1.29104
1.28633
1.27792
1.27342
1.26495
1.26132
1.24932
2.37126
2.35446
2.33799
2.32259
2.30962
2.29124
2.27637
2.25874
2.24398
2.22847
2.21071
2.19356
2.17732
2.16014
2.14468
2.12766
2.11191
2.09481
2.07889
2.0618
2.04614
2.02945
2.01441
1.99814
1.9836
1.96772
1.9536
1.93815
1.9245
1.90953
1.89641
1.88193
1.86933
1.85528
1.84314
1.82952
1.81792
1.80458
1.79322
1.7802
1.76892
1.75611
1.74529
1.73259
1.72192
1.7095
1.69906
1.68683
1.67672
1.66479
1.65495
1.64323
1.63373
1.6223
1.61314
1.60197
1.59312
1.5822
1.57365
1.563
1.55472
1.54428
1.53628
1.526
1.51821
1.50805
1.50044
1.49037
1.48295
1.47297
1.46572
1.45588
1.44881
1.43908
1.43223
1.42263
1.41602
1.40657
1.40018
1.39088
1.38473
1.37558
1.36966
1.36064
1.35494
1.34605
1.34056
1.33179
1.32651
1.31784
1.31275
1.30416
1.29926
1.29076
1.28604
1.2776
1.27309
1.26458
1.26094
1.24893
3.46221
3.59427
3.71978
3.99252
4.13592
4.57996
5.03293
6.17139
9.51987
25.2144
3.15326
3.26538
3.32262
3.52583
3.68641
3.91934
4.33398
4.76489
5.84454
14.1519
3.05551
3.08061
3.15188
3.21546
3.39372
3.51211
3.77231
4.12772
4.52173
8.36942
2.90441
2.92439
2.98282
3.03332
3.11404
3.2497
3.36058
3.66192
3.86373
5.63107
2.8211
2.84064
2.86068
2.9168
2.9505
3.05107
3.11578
3.31217
3.4384
4.30323
2.73956
2.75758
2.76786
2.80935
2.83207
2.90112
2.94313
3.0696
3.14979
3.60588
2.68354
2.69374
2.69961
2.72643
2.74187
2.78988
2.81836
2.90223
2.95297
3.21155
2.64326
2.64653
2.64846
2.66281
2.67211
2.70231
2.72093
2.77713
2.81102
2.96555
2.61074
2.61021
2.61007
2.61678
2.62157
2.6394
2.65044
2.68515
2.70698
2.80211
2.58407
2.57913
2.57728
2.57835
2.58023
2.58995
2.59613
2.61727
2.631
2.68947
2.56265
2.55652
2.5523
2.54883
2.54819
2.55124
2.55364
2.56448
2.57259
2.60792
2.54554
2.53611
2.53009
2.52617
2.52209
2.52218
2.52221
2.52596
2.53021
2.55137
2.53037
2.52372
2.51196
2.50675
2.49993
2.49718
2.49318
2.49259
2.49426
2.50574
2.52035
2.51207
2.50271
2.494
2.48607
2.48153
2.47583
2.46873
2.46875
2.4759
2.51064
2.49984
2.48946
2.48209
2.47224
2.46583
2.45982
2.45248
2.44493
2.44804
2.50542
2.49523
2.48087
2.47327
2.46235
2.45522
2.44468
2.43873
2.42713
2.42736
2.49893
2.48916
2.47514
2.46888
2.45599
2.44742
2.43866
2.43171
2.41804
2.41545
2.49499
2.48436
2.46813
2.4558
2.44751
2.437
2.42567
2.41606
2.40389
2.39942
2.49624
2.48172
2.47068
2.46054
2.44798
2.43617
2.42671
2.41695
2.40298
2.39801
2.49079
2.47627
2.4636
2.44956
2.43849
2.42855
2.41594
2.40454
2.39199
2.38419
3.37539
3.60512
3.99672
4.71717
5.81562
7.30539
11.7451
31.2603
178.558
122.97
3.36972
3.57329
3.9787
4.68502
5.75795
7.68276
12.4789
32.5536
193.008
127.939
3.38427
3.55972
4.01012
4.72651
6.08662
7.63808
12.8646
35.6091
195.727
130.346
3.46976
3.60533
3.99027
4.68248
6.04076
8.15842
13.4107
35.9227
206.523
135.882
3.47915
3.62537
4.07525
4.85486
6.36782
8.18718
14.5598
41.7109
208.538
138.334
3.56236
3.67616
4.07033
4.81014
6.54199
8.64421
14.5707
41.0565
214.101
140.567
3.59664
3.75774
4.25649
5.10565
6.67827
8.95554
15.9882
51.9518
230.707
142.072
3.62304
3.78745
4.29975
5.23157
7.38
10.2383
19.0921
57.0533
233.088
143.808
3.75453
3.91567
4.45794
5.56238
7.49812
10.3176
19.2702
67.0196
230.096
145.202
3.7902
3.95142
4.52271
5.7048
8.21007
11.8331
24.0477
82.5327
225.238
146.559
3.4279
3.67465
3.98972
4.4975
5.55126
6.92265
11.4991
23.9891
124.347
97.01
3.45329
3.62063
3.9762
4.36863
5.30592
6.45781
10.1848
21.5478
117.717
94.6462
3.45142
3.71801
4.01421
4.57455
5.3728
6.76346
10.2114
22.9181
122.27
95.7262
3.42849
3.69252
4.05044
4.54283
5.60554
6.87693
10.3526
24.3757
128.909
98.8674
3.44457
3.64633
4.06469
4.54803
5.51346
7.46177
10.2687
24.5935
141.231
102.658
3.38956
3.64885
3.96711
4.58897
5.44805
7.19409
11.3088
26.4282
141.35
106.198
3.42865
3.65127
3.9887
4.46049
5.50677
7.33391
11.3786
27.2937
146.455
109.113
3.41291
3.60587
4.04714
4.49909
5.43108
7.23495
11.4809
28.6278
156.272
112.686
3.44147
3.58676
4.01576
4.62919
5.49377
7.22166
11.3256
28.5678
161.773
115.872
3.41444
3.62518
3.98992
4.72826
5.47933
7.29734
11.8559
30.5139
175.123
120.01
57.8486
49.6818
43.4258
38.5012
34.5284
31.2673
28.5403
26.2349
24.2555
22.5458
21.0477
19.7327
18.5616
17.5209
16.5815
15.7386
14.969
14.2734
13.6318
13.0487
12.5058
12.0103
11.5452
11.1195
10.7166
10.347
9.99472
9.67125
9.36052
9.07521
8.7991
8.54578
8.29877
8.0725
7.85017
7.647
7.44577
7.26248
7.07941
6.91334
6.74601
6.59498
6.44137
6.30353
6.16195
6.03576
5.90478
5.7889
5.66731
5.56062
5.4474
5.34892
5.24317
5.15205
5.05301
4.96853
4.87553
4.79705
4.70949
4.63647
4.55382
4.48579
4.40759
4.34412
4.26997
4.2107
4.14023
4.08482
4.01772
3.96589
3.90187
3.85336
3.79221
3.74679
3.6883
3.64576
3.5898
3.54993
3.49644
3.45908
3.40805
3.37304
3.32455
3.29182
3.24605
3.21567
3.17293
3.14519
3.10607
3.08166
3.04732
3.02747
3.00078
2.98788
2.97513
2.98028
2.9908
3.0355
3.09663
3.25747
57.845
49.6747
43.4163
38.491
34.5173
31.2564
28.529
26.2242
24.2445
22.5357
21.0373
19.7233
18.5518
17.5121
16.5722
15.7304
14.9603
14.2657
13.6236
13.0415
12.498
12.0037
11.5378
11.1132
10.7094
10.3412
9.98788
9.66579
9.35394
9.07011
8.79276
8.541
8.29263
8.06803
7.84422
7.64282
7.43999
7.25856
7.07378
6.90968
6.74051
6.59156
6.43599
6.30035
6.15667
6.0328
5.89957
5.78617
5.66217
5.55812
5.4423
5.34665
5.2381
5.15002
5.04794
4.96674
4.87044
4.7955
4.70436
4.63517
4.54865
4.48473
4.40237
4.34332
4.26468
4.21014
4.13485
4.08451
4.01225
3.96582
3.89632
3.85353
3.78657
3.74717
3.68258
3.64634
3.58401
3.55069
3.49061
3.45997
3.40221
3.374
3.31879
3.29274
3.24048
3.21642
3.16739
3.14584
3.10046
3.08207
3.04153
3.02769
2.99446
2.98728
2.97031
2.97724
2.98485
3.03368
3.09063
3.23781
57.8385
49.6597
43.3982
38.4696
34.4961
31.2337
28.5076
26.2017
24.2241
22.5141
21.0181
19.7028
18.5339
17.4927
16.5556
15.7121
14.9448
14.2484
13.6092
13.025
12.4846
11.988
11.5253
11.0982
10.6978
10.3269
9.97706
9.65201
9.34385
9.05682
8.78335
8.52815
8.28385
8.05557
7.83604
7.63071
7.43235
7.24677
7.06665
6.89819
6.73386
6.58033
6.42979
6.28935
6.15091
6.022
5.89425
5.77551
5.6573
5.54756
5.43789
5.33612
5.23417
5.13947
5.04453
4.95613
4.86756
4.78479
4.70203
4.62433
4.54685
4.47376
4.40107
4.33221
4.26387
4.19892
4.1345
4.07319
4.01234
3.95442
3.89681
3.84207
3.78742
3.73569
3.68377
3.63486
3.58553
3.53922
3.49245
3.44851
3.40442
3.36254
3.32139
3.28133
3.24346
3.2052
3.17094
3.13489
3.1046
3.07184
3.04621
3.01915
2.9995
2.98212
2.97356
2.97805
2.99026
3.0358
3.09876
3.26705
57.8279
49.6384
43.37
38.4391
34.4632
31.2012
28.4743
26.1699
24.1918
22.4839
20.9875
19.6744
18.505
17.4662
16.5284
15.6874
14.9192
14.2253
13.585
13.0035
12.4617
11.9678
11.5036
11.0793
10.6771
10.3091
9.95729
9.63531
9.32492
9.0411
8.76518
8.51334
8.26637
8.0416
7.81917
7.61753
7.41604
7.23433
7.05085
6.88642
6.71853
6.56921
6.41487
6.27884
6.13637
6.01207
5.88004
5.76616
5.64335
5.53878
5.42416
5.32792
5.2206
5.13187
5.03106
4.94912
4.85415
4.77838
4.68863
4.61851
4.53344
4.46854
4.38763
4.32757
4.25038
4.19482
4.12097
4.06962
3.99875
3.95136
3.88315
3.8395
3.77371
3.73357
3.67001
3.63315
3.57172
3.53793
3.47856
3.44766
3.3904
3.36214
3.30724
3.28124
3.22933
3.2051
3.1568
3.13453
3.09058
3.07084
3.0322
3.01646
2.98565
2.97748
2.96362
2.96971
2.97897
3.0259
3.08888
3.25814
57.8149
49.6092
43.334
38.3974
34.4211
31.1569
28.4318
26.1264
24.1509
22.4422
20.9489
19.6351
18.469
17.4291
16.4947
15.6524
14.8878
14.1924
13.5556
12.9723
12.4342
11.9383
11.4779
11.0513
10.653
10.2824
9.93463
9.60976
9.3036
9.01661
8.7451
8.48982
8.24743
8.01896
7.80129
7.59568
7.39913
7.21323
7.03482
6.86602
6.70331
6.54946
6.40041
6.2597
6.1226
5.99349
5.86694
5.74808
5.6309
5.52115
5.41235
5.31067
5.20943
5.11492
5.02056
4.9324
4.84432
4.76183
4.67951
4.60207
4.52503
4.45215
4.37993
4.31123
4.24336
4.17854
4.11461
4.0534
3.99302
3.93522
3.87805
3.82349
3.76919
3.71774
3.66606
3.61759
3.56833
3.52268
3.47584
3.43267
3.38855
3.34736
3.30653
3.26667
3.22992
3.19084
3.15906
3.1208
3.09447
3.05846
3.03789
3.00663
2.99322
2.97188
2.96834
2.97172
2.9872
3.02437
3.09891
3.22965
57.7984
49.5734
43.2891
38.3464
34.3686
31.1026
28.3788
26.073
24.1
22.3913
20.9009
19.587
18.4239
17.384
16.4526
15.61
14.8484
14.1525
13.5188
12.9347
12.3997
11.9027
11.4454
11.0176
10.6224
10.2503
9.90577
9.57927
9.27632
8.98751
8.71926
8.46198
8.22293
7.99226
7.77803
7.57
7.37706
7.18845
7.01388
6.84204
6.68346
6.52618
6.38159
6.23704
6.10477
5.9714
5.85003
5.72652
5.61485
5.50008
5.39709
5.29009
5.19489
5.09483
5.00664
4.9128
4.83097
4.74272
4.66665
4.58345
4.51263
4.43399
4.36798
4.29345
4.23188
4.16108
4.10361
4.03618
3.98252
3.91815
3.86807
3.80647
3.75977
3.70066
3.65721
3.60033
3.56003
3.50521
3.46789
3.41513
3.38055
3.33002
3.29786
3.25006
3.21977
3.17576
3.14683
3.1077
3.08027
3.04666
3.02163
2.99545
2.97441
2.95868
2.94842
2.95466
2.96625
3.01701
3.08401
3.23115
57.7779
49.5321
43.2349
38.2872
34.3054
31.0398
28.3148
26.0115
24.0383
22.3328
20.8424
19.5321
18.3689
17.3326
16.4009
15.562
14.7998
14.1076
13.473
12.8926
12.3565
11.8632
11.4045
10.9804
10.5837
10.2154
9.86892
9.54624
9.24119
8.95628
8.68569
8.4324
8.19077
7.9642
7.74715
7.54338
7.34733
7.16316
6.98519
6.81802
6.6557
6.50336
6.35468
6.21535
6.07862
5.95078
5.82458
5.70692
5.59004
5.48144
5.37288
5.27235
5.17124
5.07794
4.98353
4.89671
4.80837
4.72738
4.64454
4.56884
4.49096
4.42012
4.34668
4.28036
4.21088
4.1488
4.08285
4.02474
3.96197
3.9076
3.84771
3.79684
3.73959
3.69203
3.6372
3.59282
3.54021
3.4989
3.44835
3.4101
3.36147
3.3263
3.2796
3.24749
3.20308
3.17377
3.13213
3.10619
3.06742
3.04669
3.01182
2.99766
2.97063
2.96279
2.95293
2.96015
2.96928
3.01641
3.08655
3.30163
57.7551
49.4838
43.1734
38.2185
34.2338
30.9668
28.2426
25.9399
23.9688
22.2647
20.7768
19.4679
18.3073
17.2724
16.3433
15.5055
14.7459
14.0546
13.4225
12.8427
12.309
11.8162
11.3598
10.936
10.5414
10.1733
9.82895
9.50629
9.2033
8.91828
8.6497
8.39616
8.15653
7.92957
7.71452
7.51021
7.31617
7.13136
6.95539
6.78748
6.62715
6.47401
6.32726
6.18712
6.05225
5.9236
5.79917
5.68072
5.56555
5.45614
5.34925
5.24787
5.14845
5.05419
4.96156
4.87361
4.78722
4.70483
4.62419
4.54675
4.4714
4.39844
4.32787
4.25905
4.19274
4.12786
4.0653
4.00416
3.94493
3.88732
3.83111
3.77679
3.72337
3.67213
3.62125
3.573
3.52433
3.47918
3.43231
3.39044
3.34506
3.30656
3.2627
3.22732
3.18577
3.15259
3.11481
3.08346
3.05075
3.02158
2.99477
2.97027
2.95254
2.9363
2.93443
2.9423
2.96296
3.00549
3.05893
3.22985
57.7295
49.4295
43.1046
38.1412
34.1537
30.8849
28.1619
25.8597
23.8912
22.1884
20.7035
19.3961
18.2386
17.205
16.2789
15.4424
14.6856
13.9953
13.3659
12.787
12.2558
11.7637
11.3097
10.8864
10.4942
10.1263
9.7843
9.46167
9.16098
8.87582
8.60951
8.35568
8.11831
7.89089
7.67811
7.47318
7.28146
7.09582
6.92227
6.75329
6.59552
6.44105
6.29704
6.15529
6.02335
5.89283
5.77151
5.65093
5.53901
5.42732
5.32374
5.22
5.12386
5.02726
4.9378
4.84763
4.7642
4.6798
4.60187
4.52266
4.44975
4.37525
4.30691
4.23672
4.17253
4.10633
4.04592
3.9834
3.92651
3.86729
3.81382
3.75747
3.70745
3.65352
3.60702
3.55514
3.51219
3.46219
3.42266
3.37472
3.33822
3.29256
3.25894
3.21563
3.18492
3.14412
3.11684
3.07806
3.05526
3.02057
3.00137
2.97368
2.95885
2.9413
2.93544
2.94091
2.96201
3.02502
3.08803
3.24052
57.7013
49.3697
43.0288
38.0563
34.0655
30.7949
28.0732
25.7716
23.806
22.1046
20.6231
19.3172
18.1633
17.1311
16.2085
15.3731
14.6197
13.9303
13.3042
12.7259
12.1979
11.7061
11.2553
10.8319
10.4428
10.0747
9.73573
9.41267
9.11498
8.82917
8.56585
8.31115
8.07677
7.84831
7.63852
7.43237
7.24366
7.05662
6.88611
6.71556
6.56087
6.40465
6.2638
6.12009
5.99143
5.85871
5.74082
5.6178
5.50949
5.39505
5.29531
5.1885
5.09646
4.99645
4.91136
4.8174
4.73864
4.65008
4.57711
4.49338
4.42572
4.34631
4.28353
4.20803
4.14973
4.07778
4.0236
3.95486
3.90454
3.83864
3.79203
3.72859
3.68562
3.62422
3.58492
3.52522
3.48957
3.4314
3.39931
3.34273
3.31399
3.25958
3.23367
3.18239
3.15878
3.11138
3.09029
3.0474
3.0296
2.993
2.97966
2.95172
2.94431
2.92659
2.93126
2.94334
2.9568
2.99271
3.0745
3.17217
57.6839
49.3365
42.9868
38.0106
34.0176
30.7471
28.0253
25.7253
23.7603
22.0609
20.5801
19.2764
18.1231
17.0931
16.171
15.3377
14.5846
13.8973
13.2713
12.6951
12.167
11.6772
11.2261
10.8049
10.4153
10.0492
9.7097
9.38871
9.09027
8.80657
8.54236
8.28982
8.05439
7.82816
7.61716
7.41332
7.22323
7.0386
6.86655
6.69852
6.54213
6.38854
6.24583
6.10488
5.97417
5.84435
5.72423
5.60428
5.49354
5.38235
5.27996
5.17662
5.08168
4.98539
4.89711
4.80717
4.7249
4.64069
4.56388
4.48481
4.41298
4.33858
4.27128
4.20115
4.13792
4.07182
4.01219
3.94993
3.89345
3.8349
3.78116
3.7262
3.67487
3.62334
3.57423
3.52587
3.47893
3.4334
3.38874
3.34571
3.30324
3.26307
3.222
3.18569
3.1456
3.11338
3.07579
3.04633
3.01448
2.98601
2.96134
2.93689
2.92157
2.90612
2.90866
2.91533
2.93655
2.96948
3.0492
3.18982
57.6837
49.3367
42.9866
38.0108
34.0173
30.7473
28.025
25.7256
23.7599
22.0612
20.5797
19.2768
18.1227
17.0935
16.1705
15.3381
14.5841
13.8977
13.2707
12.6955
12.1664
11.6777
11.2255
10.8054
10.4146
10.0498
9.70893
9.38928
9.08946
8.80716
8.54149
8.29043
8.05348
7.82878
7.6162
7.41395
7.22223
7.03924
6.86549
6.69917
6.54101
6.3892
6.24463
6.10555
5.97289
5.84505
5.72287
5.60499
5.49209
5.38308
5.27842
5.17735
5.08006
4.9861
4.89544
4.80785
4.72322
4.64131
4.5622
4.48538
4.41132
4.33912
4.26964
4.20172
4.1363
4.07247
4.0106
3.9507
3.89196
3.83579
3.77993
3.72716
3.67415
3.62433
3.57431
3.52694
3.48011
3.43473
3.39121
3.34769
3.30742
3.26581
3.22866
3.18921
3.15502
3.118
3.0871
3.05232
3.02584
2.9933
2.9729
2.94511
2.92702
2.90921
2.90993
2.90425
2.91389
2.93043
2.96309
3.12678
57.6839
49.3366
42.9868
38.0106
34.0175
30.7471
28.0252
25.7254
23.7602
22.0609
20.58
19.2765
18.123
17.0932
16.1709
15.3379
14.5845
13.8975
13.2711
12.6952
12.1668
11.6774
11.2259
10.8051
10.415
10.0495
9.70938
9.38894
9.08992
8.80681
8.54198
8.29007
8.05399
7.8284
7.61675
7.41354
7.22281
7.0388
6.86613
6.69869
6.5417
6.38869
6.24537
6.10501
5.97369
5.84448
5.72371
5.60439
5.49296
5.38245
5.27934
5.17669
5.08101
4.98539
4.89643
4.80708
4.72428
4.64042
4.56337
4.48431
4.41266
4.33779
4.27119
4.20006
4.13809
4.07045
4.01256
3.94832
3.894
3.8331
3.78187
3.72421
3.67585
3.62106
3.57572
3.52309
3.48141
3.4299
3.39269
3.34148
3.30886
3.25864
3.22888
3.1822
3.15296
3.11126
3.08362
3.04407
3.02248
2.9839
2.96573
2.93666
2.91962
2.89512
2.89344
2.88456
2.89077
2.90565
2.9227
3.02683
57.6843
49.3361
42.9873
38.01
34.018
30.7465
28.0259
25.7247
23.7609
22.0602
20.5808
19.2757
18.1239
17.0924
16.1718
15.3369
14.5855
13.8965
13.2722
12.6942
12.1679
11.6763
11.2271
10.8039
10.4163
10.0482
9.71077
9.38761
9.09141
8.80541
8.54355
8.28859
8.05566
7.82685
7.61851
7.41191
7.22468
7.03708
6.8681
6.69689
6.54378
6.3868
6.24758
6.10303
5.97602
5.84238
5.72619
5.60217
5.49562
5.3801
5.28218
5.1742
5.08404
4.98277
4.89967
4.80431
4.72772
4.63752
4.56702
4.48129
4.4165
4.33473
4.27513
4.19706
4.14204
4.06759
4.01654
3.94563
3.89801
3.83057
3.78603
3.72177
3.68026
3.61865
3.58045
3.52078
3.48629
3.42796
3.39726
3.34057
3.31253
3.25903
3.23192
3.18287
3.15632
3.11123
3.08686
3.04497
3.02284
2.98568
2.96626
2.93348
2.91784
2.89469
2.88638
2.8642
2.86479
2.86914
2.87988
2.93836
57.6844
49.336
42.9873
38.0099
34.0181
30.7464
28.026
25.7246
23.761
22.0601
20.5809
19.2756
18.124
17.0922
16.1719
15.3368
14.5856
13.8963
13.2724
12.6941
12.1681
11.6761
11.2273
10.8037
10.4165
10.0481
9.71097
9.38751
9.09161
8.80532
8.54377
8.2885
8.05589
7.82676
7.61875
7.41183
7.22494
7.03701
6.86838
6.69682
6.54408
6.38675
6.24788
6.10299
5.97634
5.84236
5.72652
5.60218
5.49595
5.38014
5.2825
5.17429
5.08434
4.98291
4.89994
4.80453
4.72794
4.63783
4.56717
4.48171
4.41655
4.33526
4.27509
4.1977
4.14192
4.06831
4.01631
3.94645
3.89766
3.83149
3.78551
3.7228
3.67955
3.61979
3.57953
3.52202
3.48512
3.42936
3.39571
3.3421
3.31061
3.2605
3.22968
3.18424
3.15367
3.11253
3.08372
3.0448
3.02125
2.98195
2.96477
2.92889
2.91378
2.88806
2.87816
2.8602
2.84643
2.84678
2.84922
2.88266
57.6841
49.3363
42.9871
38.0103
34.0178
30.7468
28.0256
25.7251
23.7606
22.0606
20.5805
19.2761
18.1235
17.0928
16.1714
15.3374
14.5851
13.897
13.2717
12.6947
12.1675
11.6769
11.2266
10.8045
10.4158
10.049
9.7102
9.38844
9.09078
8.80632
8.54286
8.28959
8.05491
7.82794
7.6177
7.41311
7.22381
7.03839
6.86718
6.69831
6.54281
6.38832
6.24655
6.10465
5.97493
5.84413
5.72503
5.60406
5.49436
5.38216
5.28079
5.17647
5.08252
4.98526
4.89799
4.80705
4.72588
4.64051
4.56502
4.48454
4.41435
4.33821
4.27287
4.20075
4.13968
4.07152
4.014
3.94989
3.89521
3.83522
3.78292
3.72677
3.67693
3.62388
3.57699
3.52618
3.48258
3.4337
3.3931
3.34653
3.30822
3.26454
3.22801
3.18733
3.15288
3.11481
3.08307
3.04695
3.0187
2.98504
2.95916
2.93275
2.90661
2.88637
2.86334
2.85031
2.82724
2.82435
2.81815
2.83818
57.6838
49.3367
42.9867
38.0108
34.0174
30.7473
28.0251
25.7256
23.76
22.0612
20.5799
19.2768
18.1228
17.0936
16.1707
15.3382
14.5843
13.8979
13.2709
12.6957
12.1666
11.6779
11.2257
10.8056
10.4149
10.0501
9.7092
9.38961
9.08975
8.80754
8.54181
8.29086
8.05383
7.82926
7.6166
7.41447
7.22269
7.0398
6.86603
6.69976
6.54162
6.38984
6.24532
6.10624
5.97366
5.8458
5.72372
5.6058
5.49301
5.38398
5.27942
5.17834
5.08113
4.98719
4.8966
4.80903
4.72449
4.64255
4.56362
4.48666
4.41291
4.34046
4.27135
4.20317
4.13808
4.07407
4.01237
3.95251
3.89368
3.83774
3.78166
3.72913
3.67592
3.62619
3.57612
3.52849
3.48191
3.43587
3.39287
3.34826
3.30856
3.26579
3.22855
3.18863
3.15281
3.11631
3.08283
3.04707
3.01966
2.98261
2.95969
2.93023
2.90163
2.88481
2.859
2.8421
2.81802
2.80775
2.79319
2.80281
57.6838
49.3367
42.9867
38.0107
34.0174
30.7473
28.025
25.7256
23.76
22.0612
20.5799
19.2768
18.1228
17.0936
16.1707
15.3383
14.5843
13.8979
13.271
12.6958
12.1666
11.678
11.2257
10.8057
10.4149
10.0501
9.70929
9.38965
9.08986
8.80758
8.54195
8.2909
8.054
7.82929
7.61679
7.4145
7.2229
7.03982
6.86627
6.69978
6.54189
6.38984
6.24563
6.10623
5.97401
5.84577
5.72412
5.60576
5.49347
5.38391
5.27994
5.17824
5.08173
4.98705
4.89727
4.80887
4.7252
4.64241
4.56435
4.48657
4.41362
4.34043
4.27205
4.20321
4.13878
4.07414
4.01316
3.95248
3.89467
3.83755
3.78288
3.72876
3.67734
3.62573
3.57758
3.52816
3.48323
3.4357
3.39413
3.34805
3.30999
3.26542
3.23012
3.18823
3.15452
3.11553
3.08458
3.04642
3.0195
2.98358
2.959
2.92862
2.90144
2.88098
2.85116
2.83616
2.80748
2.7971
2.77281
2.77643
57.684
49.3364
42.9869
38.0105
34.0176
30.747
28.0253
25.7253
23.7603
22.0609
20.5802
19.2765
18.1232
17.0933
16.1711
15.3379
14.5847
13.8975
13.2714
12.6954
12.1672
11.6775
11.2263
10.8052
10.4156
10.0496
9.71001
9.38905
9.09065
8.80694
8.54279
8.29023
8.05488
7.8286
7.6177
7.4138
7.22385
7.03911
6.86725
6.69905
6.54292
6.38911
6.24669
6.10551
5.9751
5.84507
5.72522
5.60508
5.4946
5.38323
5.28114
5.17753
5.08304
4.98626
4.89875
4.80795
4.7269
4.64133
4.56627
4.48535
4.41576
4.3391
4.27437
4.20182
4.14124
4.07277
4.01567
3.95124
3.89713
3.83655
3.78518
3.7281
3.67945
3.62538
3.57966
3.52787
3.48559
3.43524
3.39688
3.34747
3.31281
3.26515
3.2325
3.18848
3.15617
3.11629
3.08522
3.04771
3.01898
2.98478
2.9566
2.928
2.89915
2.87601
2.84671
2.83154
2.79982
2.7873
2.7573
2.75612
57.684
49.3364
42.9869
38.0104
34.0177
30.747
28.0254
25.7253
23.7604
22.0609
20.5803
19.2765
18.1233
17.0932
16.1712
15.3378
14.5849
13.8974
13.2716
12.6952
12.1674
11.6773
11.2266
10.8049
10.4159
10.0493
9.71035
9.38883
9.091
8.80673
8.54315
8.29003
8.05524
7.82843
7.61808
7.41365
7.22423
7.03898
6.86764
6.69896
6.5433
6.38905
6.24708
6.10548
5.9755
5.84505
5.72566
5.60507
5.49507
5.38322
5.28164
5.17753
5.08358
4.98629
4.8993
4.80804
4.72744
4.6415
4.56681
4.48558
4.41633
4.33934
4.27502
4.20204
4.14198
4.07299
4.01647
3.95152
3.8979
3.837
3.78581
3.72883
3.67983
3.62644
3.57977
3.52922
3.48545
3.43682
3.39652
3.34925
3.3123
3.26706
3.23181
3.19058
3.1551
3.11877
3.08391
3.04987
3.01865
2.98501
2.95643
2.93018
2.89722
2.87488
2.84199
2.82559
2.79253
2.77864
2.74697
2.7396
57.6839
49.3366
42.9868
38.0106
34.0175
30.7472
28.0252
25.7255
23.7602
22.0611
20.5801
19.2767
18.1231
17.0934
16.171
15.3381
14.5847
13.8976
13.2715
12.6954
12.1673
11.6776
11.2264
10.8053
10.4157
10.0497
9.71014
9.38921
9.09076
8.80716
8.54288
8.29052
8.05494
7.82897
7.61774
7.41424
7.22387
7.03963
6.86725
6.69965
6.5429
6.38979
6.24666
6.10625
5.97508
5.84585
5.72526
5.60587
5.49472
5.38402
5.28133
5.17836
5.08326
4.9872
4.89891
4.8091
4.72693
4.64274
4.56618
4.48698
4.41562
4.34087
4.27429
4.20363
4.14129
4.07461
4.0158
3.95327
3.89712
3.83904
3.7848
3.73125
3.67863
3.62913
3.57863
3.53194
3.48457
3.43949
3.39589
3.35192
3.31175
3.26984
3.23129
3.19331
3.15482
3.12081
3.08434
3.0514
3.01749
2.98862
2.95315
2.93141
2.89627
2.87493
2.83915
2.822
2.78708
2.77141
2.74107
2.72417
57.6837
49.3368
42.9866
38.0109
34.0173
30.7475
28.025
25.7258
23.7599
22.0614
20.5798
19.277
18.1228
17.0938
16.1707
15.3385
14.5843
13.8981
13.2711
12.696
12.1668
11.6782
11.2259
10.8059
10.4152
10.0504
9.70954
9.39002
9.09012
8.80802
8.54221
8.29143
8.05424
7.82992
7.61704
7.41522
7.22316
7.04062
6.86656
6.70065
6.54224
6.39079
6.24603
6.10727
5.97447
5.84689
5.72465
5.60698
5.49407
5.38523
5.28064
5.17967
5.0825
4.98863
4.8981
4.81063
4.72609
4.64437
4.56528
4.48876
4.41462
4.34286
4.27312
4.20589
4.13994
4.07712
4.01438
3.95584
3.89588
3.8414
3.78401
3.7332
3.67838
3.63074
3.57868
3.5336
3.48454
3.44149
3.39551
3.35447
3.3111
3.27252
3.23104
3.19522
3.15555
3.12212
3.08423
3.05412
3.01643
2.99014
2.95375
2.93208
2.89397
2.87434
2.83677
2.81802
2.78352
2.76427
2.73349
2.7173
57.6836
49.3369
42.9864
38.011
34.0171
30.7477
28.0248
25.726
23.7598
22.0616
20.5796
19.2773
18.1226
17.0941
16.1704
15.3388
14.5841
13.8985
13.2708
12.6964
12.1665
11.6787
11.2256
10.8064
10.4148
10.051
9.70916
9.39056
9.08975
8.80859
8.54183
8.29202
8.05387
7.83053
7.61666
7.41586
7.22278
7.04131
6.86617
6.70139
6.54182
6.3916
6.24557
6.10815
5.97395
5.84789
5.72404
5.60811
5.49337
5.3865
5.27984
5.18106
5.08167
4.99009
4.89729
4.81208
4.72537
4.64579
4.56468
4.49011
4.41415
4.34415
4.27282
4.20709
4.13983
4.07824
4.01442
3.95693
3.89606
3.84246
3.78432
3.73424
3.67884
3.63172
3.57932
3.53457
3.48516
3.44273
3.39594
3.35596
3.31149
3.274
3.23162
3.19671
3.15576
3.12398
3.0849
3.05507
3.01729
2.99133
2.95284
2.93261
2.89385
2.87267
2.83601
2.81607
2.78119
2.76218
2.72859
2.71044
57.6835
49.337
42.9863
38.0111
34.017
30.7477
28.0247
25.7261
23.7596
22.0618
20.5794
19.2774
18.1224
17.0943
16.1703
15.3391
14.5839
13.8988
13.2706
12.6967
12.1663
11.679
11.2254
10.8068
10.4146
10.0513
9.70895
9.39098
9.08952
8.80905
8.54158
8.29251
8.0536
7.83106
7.61637
7.41644
7.22247
7.04193
6.86585
6.70205
6.54149
6.39228
6.24526
6.10885
5.97366
5.8486
5.72379
5.60883
5.49315
5.38723
5.27965
5.18182
5.0815
4.99089
4.89714
4.81292
4.72525
4.64664
4.56463
4.49097
4.4142
4.345
4.27297
4.20794
4.14006
4.07911
4.01471
3.95783
3.89647
3.84335
3.7849
3.7351
3.67952
3.63276
3.57988
3.53599
3.48546
3.44448
3.39629
3.35758
3.3123
3.27554
3.23226
3.19866
3.15647
3.12547
3.08576
3.05643
3.0181
2.99251
2.95533
2.93136
2.89398
2.87196
2.83575
2.81466
2.77925
2.75874
2.72586
2.70475
57.6834
49.3371
42.9863
38.0112
34.0169
30.7479
28.0246
25.7262
23.7595
22.0619
20.5793
19.2776
18.1223
17.0944
16.1702
15.3392
14.5838
13.8989
13.2705
12.6969
12.1662
11.6792
11.2253
10.807
10.4145
10.0516
9.70885
9.39126
9.08941
8.80936
8.54146
8.29286
8.05347
7.83145
7.61624
7.41685
7.22234
7.04236
6.86572
6.7025
6.54139
6.39274
6.24519
6.10931
5.97363
5.84906
5.7238
5.60928
5.49322
5.38767
5.27979
5.18223
5.08172
4.99124
4.89749
4.81321
4.72571
4.6469
4.56514
4.49127
4.4147
4.34543
4.27336
4.20861
4.14031
4.07997
4.01495
3.95875
3.8968
3.84429
3.78522
3.73627
3.67973
3.63406
3.58027
3.53723
3.48628
3.44534
3.39754
3.35843
3.31329
3.27704
3.23294
3.20004
3.15747
3.12656
3.08715
3.05766
3.01935
2.99241
2.95789
2.93083
2.8963
2.87147
2.83629
2.81376
2.77911
2.75655
2.72493
2.69995
57.6834
49.3372
42.9862
38.0113
34.0169
30.748
28.0245
25.7263
23.7595
22.062
20.5793
19.2777
18.1223
17.0946
16.1701
15.3393
14.5837
13.8991
13.2704
12.697
12.1661
11.6794
11.2253
10.8072
10.4145
10.0518
9.70882
9.39148
9.08937
8.8096
8.54142
8.29313
8.05344
7.83174
7.61621
7.41716
7.22232
7.04269
6.86573
6.70285
6.5414
6.39311
6.24519
6.10972
5.97363
5.84951
5.72382
5.60976
5.49327
5.38814
5.27992
5.18266
5.08197
4.99162
4.89783
4.81357
4.72613
4.64728
4.56557
4.49176
4.41508
4.34607
4.27372
4.20931
4.14075
4.08071
4.0154
3.95959
3.89726
3.84526
3.78578
3.73709
3.68069
3.63467
3.58143
3.53782
3.4873
3.44654
3.39804
3.36009
3.31376
3.27867
3.2344
3.20109
3.15959
3.1268
3.08956
3.05632
3.02316
2.9944
2.95945
2.93099
2.89751
2.87163
2.83741
2.813
2.77898
2.75362
2.72298
2.69677
57.6834
49.3371
42.9862
38.0113
34.0169
30.7479
28.0246
25.7263
23.7596
22.062
20.5794
19.2777
18.1224
17.0946
16.1702
15.3394
14.5839
13.8991
13.2705
12.697
12.1663
11.6793
11.2254
10.8072
10.4146
10.0517
9.70901
9.39144
9.08959
8.80955
8.54167
8.29307
8.05371
7.83168
7.61651
7.41709
7.22264
7.04263
6.86607
6.70282
6.54176
6.39311
6.24556
6.10974
5.97401
5.84955
5.7242
5.60983
5.49368
5.38824
5.28033
5.1828
5.08237
4.99179
4.89828
4.81374
4.72664
4.64744
4.56616
4.49187
4.41577
4.34613
4.27451
4.20944
4.14152
4.08099
4.01621
3.95983
3.89829
3.84527
3.78724
3.73678
3.68233
3.63435
3.58336
3.53789
3.48896
3.44681
3.3995
3.36068
3.31547
3.27847
3.23633
3.20083
3.16179
3.12652
3.09301
3.05697
3.02545
2.99378
2.96147
2.93312
2.89909
2.87202
2.83897
2.8132
2.78032
2.75348
2.72326
2.69587
57.6835
49.337
42.9863
38.0112
34.017
30.7478
28.0247
25.7262
23.7597
22.0619
20.5795
19.2776
18.1225
17.0944
16.1704
15.3392
14.5841
13.899
13.2708
12.6969
12.1665
11.6792
11.2257
10.807
10.4149
10.0516
9.70934
9.39126
9.08996
8.80936
8.54206
8.29285
8.05414
7.83144
7.61698
7.41685
7.22314
7.04239
6.86658
6.70258
6.5423
6.39289
6.24612
6.10954
5.97459
5.84938
5.7248
5.60971
5.49427
5.38817
5.28095
5.18272
5.08302
4.99169
4.89901
4.81366
4.72742
4.64741
4.56698
4.4919
4.41655
4.34625
4.27522
4.20967
4.14233
4.08113
4.0172
3.95986
3.89949
3.84507
3.78872
3.73653
3.68385
3.63425
3.58429
3.53798
3.48979
3.44758
3.40021
3.36073
3.31657
3.27839
3.23728
3.20048
3.16276
3.12639
3.09184
3.0571
3.026
2.99311
2.96097
2.931
2.89784
2.8703
2.83833
2.81184
2.7797
2.75301
2.72232
2.69603
57.6836
49.3369
42.9864
38.011
34.0171
30.7477
28.0248
25.726
23.7599
22.0617
20.5797
19.2774
18.1227
17.0942
16.1707
15.339
14.5843
13.8987
13.2711
12.6967
12.1669
11.679
11.226
10.8068
10.4153
10.0513
9.70975
9.39099
9.09039
8.80907
8.54255
8.29254
8.05467
7.8311
7.61756
7.41649
7.22376
7.04202
6.86724
6.70219
6.543
6.39249
6.24686
6.10914
5.97535
5.849
5.72557
5.60933
5.49507
5.38779
5.28181
5.18237
5.08392
4.99137
4.89993
4.81342
4.72834
4.64723
4.56792
4.49182
4.41751
4.34623
4.27631
4.20964
4.14346
4.08102
4.01863
3.95962
3.90122
3.84482
3.79045
3.73668
3.68531
3.63486
3.58605
3.53876
3.49139
3.44797
3.40284
3.36124
3.31953
3.27972
3.2399
3.20289
3.16456
3.12957
3.09512
3.06121
3.02895
2.99563
2.96537
2.9349
2.90144
2.8729
2.84147
2.81414
2.78192
2.75479
2.72312
2.69674
57.6836
49.3369
42.9865
38.011
34.0172
30.7476
28.025
25.7259
23.76
22.0616
20.5799
19.2773
18.1229
17.0941
16.1709
15.3389
14.5845
13.8986
13.2713
12.6966
12.1671
11.6789
11.2263
10.8067
10.4156
10.0512
9.71002
9.3909
9.09069
8.80897
8.54289
8.29244
8.05504
7.831
7.61796
7.41638
7.2242
7.0419
6.8677
6.70208
6.54347
6.39239
6.24734
6.10906
5.97587
5.84891
5.72613
5.60923
5.4957
5.38767
5.28247
5.18227
5.08458
4.99134
4.90051
4.81347
4.72884
4.64734
4.56837
4.49195
4.41795
4.34633
4.27681
4.20955
4.14407
4.08086
4.01912
3.95946
3.90144
3.84482
3.79034
3.73663
3.68506
3.63456
3.58552
3.53796
3.491
3.44686
3.40171
3.35997
3.31791
3.2783
3.23767
3.20086
3.16266
3.12747
3.09221
3.05783
3.02718
2.99321
2.9634
2.93214
2.89984
2.87138
2.84096
2.8137
2.78187
2.75443
2.72369
2.69629
3.18521
3.18451
3.21678
3.20275
3.1947
3.2033
3.20049
3.23024
3.3063
3.35824
3.11461
3.11185
3.08839
3.06524
3.04189
3.04212
3.03952
3.0588
3.07745
3.13297
3.00361
2.98459
2.96778
2.95978
2.96141
2.9678
2.96475
2.97972
2.99442
3.01232
2.92551
2.91299
2.90173
2.88711
2.87094
2.85611
2.84751
2.84619
2.85788
2.86329
2.86536
2.85016
2.83596
2.81613
2.80652
2.79788
2.79322
2.79367
2.79718
2.7982
2.82055
2.80281
2.78858
2.7699
2.75907
2.74533
2.73602
2.73035
2.72809
2.73121
2.78511
2.76822
2.75271
2.73541
2.72039
2.7088
2.69525
2.68933
2.68251
2.68263
2.75487
2.74055
2.72326
2.70921
2.6913
2.68065
2.665
2.65818
2.64921
2.64502
2.73472
2.71977
2.69965
2.68488
2.66497
2.65423
2.63832
2.63057
2.62045
2.6151
2.71874
2.69925
2.68149
2.66434
2.64734
2.63395
2.61922
2.60824
2.59813
2.58922
2.70301
2.68497
2.66754
2.65181
2.63395
2.62053
2.60429
2.59288
2.58023
2.57119
2.69207
2.67566
2.65497
2.64007
2.62047
2.60722
2.59043
2.57796
2.56566
2.55351
2.68604
2.66818
2.64907
2.63084
2.61349
2.59622
2.58164
2.56645
2.55417
2.54297
2.68114
2.6623
2.64404
2.62441
2.60778
2.58911
2.57391
2.55835
2.54395
2.53339
2.6776
2.6567
2.63968
2.61856
2.60287
2.58337
2.56799
2.55193
2.53634
2.52396
2.67375
2.65331
2.63507
2.61468
2.59741
2.57876
2.56258
2.54655
2.53181
2.51837
2.67223
2.65164
2.63287
2.61212
2.59489
2.57559
2.55924
2.54318
2.5267
2.51522
2.67071
2.65102
2.63081
2.61089
2.5923
2.57369
2.55635
2.54044
2.52327
2.51
2.67107
2.65097
2.63062
2.61043
2.59194
2.57323
2.55624
2.53989
2.52358
2.51126
2.67152
2.65034
2.63061
2.60964
2.59073
2.57178
2.55298
2.53688
2.51912
2.50487
)
;

boundaryField
{
    down
    {
        type            symmetryPlane;
    }
    right
    {
        type            inletOutlet;
        inletValue      uniform 1;
        value           nonuniform List<scalar> 
30
(
230.824
232.481
234.96
236.652
235.451
228.99
215.059
191.948
158.79
116.087
68.6595
24.3255
3.76778
1.52216
1.42969
1.38804
1.3603
1.33136
1.31646
1.30056
1.28999
1.27969
1.27407
1.26789
1.26441
1.26058
1.25371
1.25171
1.24932
1.24893
)
;
    }
    up
    {
        type            zeroGradient;
    }
    left
    {
        type            turbulentIntensityKineticEnergyInlet;
        intensity       0.05;
        value           uniform 63.375;
    }
    cylinder
    {
        type            kqRWallFunction;
        value           nonuniform List<scalar> 
40
(
196.244
192.641
170.863
122.467
122.755
142.128
145.901
148.662
148.175
147.891
181.11
177.16
170.52
161.218
149.181
137.535
127.457
125.07
131.141
148.511
122.97
127.939
130.346
135.882
138.334
140.567
142.072
143.808
145.202
146.559
97.01
94.6462
95.7262
98.8674
102.658
106.198
109.113
112.686
115.872
120.01
)
;
    }
    defaultFaces
    {
        type            empty;
    }
}


// ************************************************************************* //
