/*--------------------------------*- C++ -*----------------------------------*\
  =========                 |
  \\      /  F ield         | OpenFOAM: The Open Source CFD Toolbox
   \\    /   O peration     | Website:  https://openfoam.org
    \\  /    A nd           | Version:  8
     \\/     M anipulation  |
\*---------------------------------------------------------------------------*/
FoamFile
{
    version     2.0;
    format      ascii;
    class       volScalarField;
    location    "20.000098150058701";
    object      nut;
}
// * * * * * * * * * * * * * * * * * * * * * * * * * * * * * * * * * * * * * //

dimensions      [0 2 -1 0 0 0 0];

internalField   nonuniform List<scalar> 
6800
(
0.078048
0.262155
0.270631
0.252284
0.19587
0.148647
0.12452
0.106508
0.0846957
0.0863855
0.078902
0.218794
0.193619
0.144143
0.139536
0.136148
0.120212
0.103436
0.0858935
0.0572646
0.0748718
0.14342
0.136731
0.145017
0.152518
0.151876
0.124802
0.078222
0.0434872
0.0323456
0.0637978
0.120991
0.128253
0.158972
0.168036
0.113929
0.0554736
0.0380949
0.0309384
0.0277795
0.0617875
0.118654
0.137281
0.181391
0.132328
0.0687227
0.0431375
0.0338719
0.0299418
0.0269509
0.0689245
0.117558
0.156469
0.195027
0.0971
0.0540132
0.0383719
0.0326711
0.0270794
0.0240749
0.0685168
0.130648
0.196568
0.143052
0.0618119
0.03586
0.0311972
0.0275202
0.0246433
0.0237289
0.0694272
0.148674
0.213629
0.102072
0.0489373
0.0398383
0.0347033
0.0290751
0.024522
0.0230561
0.0691691
0.178212
0.191033
0.0738898
0.044159
0.0347021
0.0278934
0.0242171
0.0225957
0.0220668
0.0691083
0.202056
0.169754
0.0650372
0.0403645
0.0345882
0.0304035
0.0259195
0.0229693
0.0219801
0.0767173
0.652665
1.07736
1.28704
1.39431
1.44495
1.47324
1.49631
1.51986
1.54527
0.0758673
0.638744
1.05258
1.25536
1.35742
1.40079
1.42194
1.43677
1.4513
1.46819
0.0744164
0.610607
1.00046
1.1935
1.28203
1.31293
1.31983
1.31848
1.31742
1.32246
0.0723397
0.570819
0.927834
1.10271
1.17099
1.18316
1.1699
1.14574
1.12074
1.10708
0.0695955
0.522928
0.838137
0.984052
1.02599
1.01453
0.977033
0.928533
0.876289
0.824582
0.0667751
0.478435
0.743742
0.843316
0.845008
0.800661
0.743653
0.691752
0.6481
0.559415
0.0644156
0.452267
0.640262
0.664431
0.625544
0.56767
0.527907
0.491141
0.470208
0.447729
0.0634766
0.419994
0.500306
0.480078
0.446928
0.407821
0.395433
0.401893
0.391977
0.308134
0.0656556
0.373029
0.387401
0.371163
0.336004
0.353978
0.341639
0.290388
0.239068
0.131064
0.0681914
0.332704
0.308964
0.314895
0.299925
0.267614
0.196036
0.139971
0.105477
0.0809655
1.58361
1.63415
1.68104
1.72548
1.76733
1.80654
1.84312
1.87722
1.90901
1.93836
1.96498
1.98861
2.00913
2.02699
2.04221
2.05499
2.06518
2.07284
2.07794
2.08173
2.08254
2.08131
2.07799
2.07267
2.06545
2.05659
2.04636
2.03505
2.0229
2.01017
1.9971
1.98392
1.97071
1.95751
1.94438
1.93141
1.91865
1.90611
1.89381
1.88171
1.86978
1.85801
1.84636
1.83481
1.82336
1.81199
1.80071
1.78953
1.77845
1.76749
1.75666
1.74598
1.73548
1.72516
1.71506
1.70517
1.69552
1.68611
1.67693
1.668
1.6593
1.65082
1.64256
1.63451
1.62667
1.61901
1.61153
1.60423
1.59709
1.5901
1.58327
1.57658
1.57002
1.56359
1.55729
1.5511
1.54502
1.53905
1.53317
1.52739
1.52169
1.51607
1.51053
1.50507
1.49968
1.49437
1.48911
1.48394
1.47882
1.47382
1.46881
1.46402
1.45907
1.4546
1.4496
1.44559
1.44043
1.43678
1.43247
1.42742
1.50033
1.55186
1.59832
1.64281
1.68474
1.72394
1.76033
1.79413
1.8259
1.85538
1.88233
1.90634
1.92708
1.94502
1.96026
1.97305
1.9831
1.99049
1.99662
1.99996
2.00123
2.00052
1.99771
1.99288
1.98616
1.97791
1.96845
1.95808
1.94704
1.93558
1.92391
1.91215
1.90038
1.88867
1.87709
1.86567
1.85443
1.84336
1.83248
1.82174
1.81112
1.80059
1.79015
1.77977
1.76946
1.75922
1.74904
1.73896
1.72896
1.71908
1.70933
1.69972
1.69027
1.681
1.67192
1.66305
1.65438
1.64593
1.63769
1.62965
1.62181
1.61417
1.6067
1.59942
1.5923
1.58535
1.57856
1.57191
1.5654
1.55904
1.5528
1.54668
1.54069
1.5348
1.52902
1.52334
1.51776
1.51226
1.50685
1.50151
1.49625
1.49105
1.48592
1.48086
1.47586
1.47092
1.46604
1.46125
1.45648
1.45184
1.44718
1.44274
1.43812
1.43399
1.42931
1.42563
1.4208
1.41741
1.41353
1.40873
1.35572
1.41553
1.46794
1.51747
1.56372
1.60656
1.64597
1.68254
1.71636
1.74747
1.77597
1.80123
1.82214
1.83971
1.85427
1.8663
1.87469
1.88262
1.88693
1.8893
1.89001
1.88884
1.88533
1.87978
1.87226
1.86348
1.8538
1.84354
1.83292
1.82213
1.81133
1.80065
1.79016
1.77989
1.76985
1.76003
1.7504
1.74093
1.73158
1.72233
1.71316
1.70406
1.69504
1.68609
1.67721
1.66841
1.6597
1.65111
1.64264
1.63431
1.62612
1.6181
1.61025
1.60259
1.59511
1.58782
1.58071
1.57379
1.56703
1.56044
1.55399
1.54768
1.5415
1.53546
1.52955
1.52376
1.5181
1.51254
1.5071
1.50177
1.49653
1.49139
1.48635
1.48138
1.4765
1.47169
1.46695
1.46227
1.45765
1.45309
1.44858
1.44412
1.4397
1.43534
1.43102
1.42677
1.42255
1.41841
1.41428
1.41028
1.40623
1.40243
1.3984
1.39489
1.39078
1.38767
1.38345
1.38049
1.37745
1.37298
1.15925
1.23754
1.30397
1.3644
1.4195
1.46937
1.51432
1.55503
1.59156
1.62449
1.6533
1.67714
1.69453
1.70851
1.71919
1.72708
1.73344
1.73612
1.7366
1.73563
1.7334
1.72934
1.72426
1.71859
1.71237
1.70535
1.69762
1.68938
1.68084
1.67214
1.66344
1.65483
1.6464
1.63816
1.63011
1.62225
1.61452
1.6069
1.59939
1.59195
1.58456
1.57723
1.56997
1.56277
1.55564
1.54858
1.54162
1.53478
1.52808
1.52153
1.51515
1.50895
1.50293
1.4971
1.49145
1.48596
1.48064
1.47547
1.47043
1.46551
1.46071
1.45603
1.45145
1.44697
1.44257
1.43827
1.43404
1.42989
1.42582
1.42182
1.41788
1.41402
1.41021
1.40646
1.40275
1.39909
1.39547
1.39188
1.38831
1.38478
1.38127
1.37779
1.37433
1.37091
1.36752
1.36418
1.36085
1.3576
1.35434
1.35121
1.34799
1.34504
1.34181
1.33913
1.33581
1.33348
1.33007
1.32774
1.32575
1.32173
0.909743
1.01161
1.09503
1.16605
1.22708
1.27889
1.32304
1.3627
1.39993
1.43369
1.46367
1.49112
1.51343
1.53218
1.54953
1.56369
1.57361
1.5808
1.58546
1.58699
1.58448
1.57923
1.57193
1.56282
1.55269
1.54199
1.5311
1.52034
1.50997
1.50014
1.49093
1.48237
1.47448
1.46717
1.46035
1.45393
1.44777
1.44181
1.43601
1.43034
1.42478
1.4193
1.41395
1.40874
1.40362
1.39861
1.39374
1.38906
1.38458
1.38031
1.37625
1.37241
1.36878
1.36534
1.36208
1.35894
1.35592
1.35299
1.35012
1.34731
1.34455
1.34184
1.33917
1.33654
1.33395
1.3314
1.32888
1.3264
1.32395
1.32154
1.31916
1.31681
1.31449
1.31218
1.30988
1.30759
1.3053
1.30301
1.30071
1.29841
1.2961
1.29379
1.29149
1.28918
1.28687
1.2846
1.28231
1.2801
1.27785
1.27575
1.27351
1.27157
1.2693
1.26761
1.26522
1.26383
1.26136
1.25989
1.25892
1.25557
0.646873
0.749663
0.839123
0.916252
0.985778
1.04838
1.10444
1.15452
1.19917
1.23177
1.2587
1.2798
1.29741
1.31127
1.31934
1.3245
1.32674
1.32636
1.32372
1.31904
1.31309
1.30567
1.29706
1.28741
1.27726
1.26699
1.25709
1.24797
1.23988
1.23278
1.22671
1.22164
1.21752
1.21412
1.21133
1.20899
1.20683
1.20485
1.203
1.20124
1.19962
1.19802
1.19657
1.19526
1.19401
1.19283
1.19174
1.19084
1.19016
1.1897
1.18945
1.18941
1.18953
1.18977
1.19008
1.19041
1.19072
1.19097
1.19118
1.19135
1.19148
1.19157
1.19163
1.19164
1.19161
1.19155
1.19146
1.19134
1.1912
1.19104
1.19085
1.19064
1.19038
1.19009
1.18975
1.18935
1.18889
1.18838
1.1878
1.18718
1.1865
1.18579
1.18503
1.18427
1.18347
1.1827
1.18188
1.18114
1.1803
1.17963
1.17877
1.17822
1.17727
1.17691
1.1758
1.17568
1.17445
1.17419
1.17443
1.17213
0.493494
0.549825
0.609015
0.666206
0.723127
0.772933
0.816379
0.854655
0.887589
0.912661
0.935767
0.955505
0.967884
0.976372
0.981051
0.982534
0.981428
0.978057
0.972845
0.965812
0.957484
0.947906
0.937776
0.927203
0.917057
0.907522
0.899319
0.893093
0.888648
0.885425
0.88361
0.88332
0.884391
0.886283
0.888949
0.892042
0.895258
0.898696
0.902449
0.906104
0.910132
0.914042
0.918119
0.922315
0.926471
0.930604
0.934708
0.939014
0.943485
0.948226
0.953152
0.958167
0.963175
0.968042
0.972865
0.977395
0.981762
0.985823
0.98986
0.993814
0.997683
1.00143
1.00506
1.00854
1.01189
1.01513
1.01824
1.02126
1.02417
1.02697
1.02966
1.03223
1.03468
1.03699
1.03916
1.04119
1.04308
1.04483
1.04645
1.04797
1.04937
1.05069
1.05192
1.05312
1.05424
1.05537
1.0564
1.05752
1.05848
1.05961
1.06047
1.06167
1.06237
1.0637
1.06418
1.06565
1.06593
1.06724
1.06883
1.06814
0.323305
0.346712
0.372393
0.398764
0.426498
0.455111
0.481581
0.505356
0.524483
0.544178
0.558857
0.568634
0.573945
0.575361
0.573621
0.569334
0.563261
0.555576
0.546993
0.537145
0.527007
0.515988
0.50559
0.495228
0.48671
0.479282
0.474765
0.471254
0.470739
0.472388
0.477551
0.483062
0.490062
0.497372
0.506202
0.514053
0.523686
0.533435
0.544665
0.554221
0.564859
0.5751
0.58563
0.596225
0.60655
0.616674
0.626559
0.636816
0.647189
0.658124
0.668826
0.67885
0.688429
0.697239
0.706517
0.714534
0.723266
0.730787
0.740161
0.749152
0.757973
0.766523
0.774812
0.782812
0.790561
0.798039
0.805308
0.812331
0.819125
0.825618
0.831868
0.837822
0.843532
0.84895
0.854111
0.859035
0.863727
0.868216
0.872498
0.876629
0.880572
0.884439
0.888092
0.891815
0.895325
0.898863
0.902226
0.905657
0.908843
0.912204
0.91518
0.91852
0.921246
0.924622
0.927028
0.930471
0.932535
0.93585
0.938864
0.940578
0.137963
0.147248
0.158037
0.168024
0.178673
0.186303
0.195582
0.20274
0.207926
0.211284
0.21263
0.211817
0.209023
0.204591
0.199021
0.192578
0.185807
0.178594
0.171539
0.164131
0.157191
0.150011
0.143722
0.137551
0.132742
0.128445
0.125879
0.123885
0.123987
0.123801
0.127318
0.127756
0.131198
0.134609
0.140739
0.147574
0.153298
0.160401
0.167313
0.174672
0.183298
0.19228
0.201836
0.212177
0.222813
0.233948
0.245514
0.257876
0.271069
0.285174
0.300026
0.316876
0.334676
0.353459
0.372635
0.39121
0.409226
0.426365
0.442958
0.458903
0.474337
0.489126
0.503365
0.516955
0.530102
0.542566
0.554852
0.56626
0.577092
0.587148
0.596802
0.605935
0.614931
0.623364
0.631737
0.639924
0.64785
0.655566
0.663022
0.670329
0.677353
0.68439
0.690827
0.698456
0.704909
0.711386
0.717387
0.723402
0.729071
0.734964
0.740365
0.746173
0.751222
0.757005
0.761578
0.767388
0.771468
0.77729
0.78167
0.786922
0.0813085
0.0821924
0.0833621
0.0843043
0.0847228
0.0848462
0.0844407
0.0836726
0.0824514
0.08076
0.0785981
0.0759884
0.073018
0.0697583
0.0663697
0.0628873
0.0594867
0.0560912
0.0529057
0.0497599
0.0469056
0.0441337
0.041726
0.0394597
0.0375918
0.0359071
0.034599
0.0334632
0.0326734
0.0319677
0.0316143
0.0312863
0.0311443
0.0310364
0.0312799
0.0313656
0.0320824
0.0325852
0.0333254
0.0343034
0.0354776
0.0366417
0.0378902
0.0399232
0.0417545
0.0442306
0.0470828
0.0504974
0.0543762
0.0589814
0.0641691
0.0701613
0.0770697
0.0848154
0.0937234
0.10339
0.114046
0.125301
0.137294
0.149843
0.162831
0.176415
0.190108
0.20443
0.218622
0.23338
0.247884
0.262855
0.278357
0.293892
0.309616
0.325039
0.340034
0.354505
0.368397
0.381799
0.394612
0.406999
0.418823
0.430341
0.44132
0.45216
0.462421
0.472794
0.482507
0.492093
0.501087
0.510069
0.518436
0.527045
0.535028
0.543469
0.551027
0.559453
0.566241
0.575174
0.581909
0.590694
0.596747
0.606558
0.0590829
0.0582173
0.058134
0.0579536
0.0575097
0.0567243
0.0556553
0.0543169
0.0527557
0.0509901
0.0490811
0.047049
0.0449731
0.0428735
0.0408278
0.0388289
0.0369455
0.0351381
0.0334834
0.0319174
0.0305206
0.0292255
0.028103
0.0270924
0.0262384
0.0254961
0.0248709
0.0243465
0.0238949
0.0235257
0.0231977
0.0229303
0.0226891
0.0224863
0.0223123
0.0221551
0.0220331
0.0219171
0.0218456
0.0217534
0.0217279
0.0216496
0.0216507
0.0216205
0.0216263
0.0216422
0.0216768
0.0217497
0.0218608
0.022015
0.0221555
0.022377
0.0227481
0.0231355
0.023678
0.0243442
0.0251967
0.0262689
0.0275415
0.029171
0.0309832
0.0333322
0.0358368
0.0390478
0.0424452
0.0466343
0.0511214
0.0564027
0.0621168
0.0686971
0.0757176
0.0836568
0.0919533
0.10112
0.110496
0.120663
0.130902
0.141866
0.15279
0.164397
0.175863
0.187994
0.19987
0.212404
0.224569
0.237738
0.250364
0.263931
0.276599
0.29013
0.302156
0.31533
0.326424
0.339251
0.349129
0.361715
0.370307
0.382808
0.390648
0.403552
0.0385267
0.038804
0.0391236
0.0393564
0.0392993
0.0389323
0.0383567
0.037578
0.0366589
0.0355997
0.0344807
0.0332946
0.0321224
0.0309497
0.0298372
0.0287602
0.0277729
0.0268443
0.0260213
0.0252599
0.0246095
0.0240233
0.0235454
0.023122
0.0227857
0.0224926
0.0222575
0.022058
0.0218883
0.0217511
0.0216209
0.0215228
0.0214172
0.0213405
0.0212557
0.0211913
0.0211149
0.0210661
0.0209975
0.0209551
0.0208948
0.0208537
0.0208021
0.0207645
0.0207181
0.0206833
0.0206423
0.0206094
0.0205759
0.020543
0.0205169
0.0204841
0.0204655
0.0204345
0.0204253
0.020397
0.0203998
0.0203769
0.0203962
0.0203839
0.0204261
0.0204317
0.0205089
0.020542
0.0206976
0.0207797
0.0209389
0.0211835
0.0213961
0.0218056
0.0221088
0.0227755
0.0232066
0.0242371
0.0248602
0.0263568
0.0272364
0.0293469
0.030572
0.0334502
0.0351185
0.0389505
0.041159
0.0461736
0.0490078
0.0553969
0.0590268
0.0667481
0.0715814
0.0806329
0.0867485
0.0970762
0.104066
0.115664
0.123148
0.135906
0.143528
0.157062
0.165263
0.181012
0.0278124
0.027895
0.0280802
0.0281948
0.028215
0.0280847
0.0278679
0.0275541
0.0271863
0.0267433
0.0262866
0.0257774
0.0252888
0.0247712
0.0243071
0.0238522
0.0234594
0.0230957
0.0227904
0.0225054
0.0222945
0.0220894
0.0219416
0.0217903
0.0216852
0.0215714
0.0214899
0.021402
0.0213308
0.0212604
0.0211925
0.0211336
0.0210643
0.0210121
0.020944
0.0208881
0.0208224
0.020774
0.0206965
0.0206557
0.0205829
0.0205419
0.0204707
0.020433
0.0203648
0.0203323
0.0202672
0.0202394
0.0201771
0.0201531
0.0200933
0.0200724
0.0200147
0.0199966
0.0199399
0.0199244
0.0198676
0.0198548
0.0197974
0.0197875
0.0197292
0.0197223
0.0196632
0.019659
0.0195999
0.019597
0.0195382
0.0195275
0.0194738
0.0194691
0.0194224
0.0194237
0.0193857
0.0193943
0.0193675
0.0193852
0.0193744
0.0194045
0.0194172
0.019467
0.0195145
0.0195939
0.0197394
0.0198417
0.0199808
0.0202509
0.0204702
0.0208962
0.0212408
0.0219119
0.0224291
0.0234648
0.0242212
0.0257254
0.0268301
0.0288632
0.0305299
0.0328835
0.0364087
0.038534
0.0233897
0.023424
0.0234916
0.0235396
0.0235724
0.0235244
0.0234378
0.023316
0.0231675
0.0229929
0.0228061
0.0226023
0.022414
0.022216
0.0220524
0.0218777
0.0217496
0.0215981
0.0214949
0.0213739
0.0212858
0.0211733
0.0210951
0.0209875
0.0209188
0.0208138
0.020754
0.0206512
0.0205965
0.0204966
0.020439
0.0203438
0.0202793
0.0201842
0.02012
0.0200195
0.0199535
0.0198624
0.0197924
0.0197083
0.0196403
0.0195628
0.0195031
0.019436
0.0193816
0.0193248
0.0192753
0.0192279
0.0191823
0.0191436
0.0191007
0.0190692
0.0190276
0.0190016
0.0189601
0.0189384
0.0188961
0.0188779
0.0188345
0.0188191
0.0187749
0.0187624
0.018718
0.0187084
0.0186642
0.0186579
0.0186142
0.0186115
0.0185681
0.0185692
0.0185257
0.0185307
0.0184868
0.0184952
0.0184506
0.0184631
0.0184175
0.0184343
0.0183875
0.0184082
0.0183608
0.0183848
0.0183378
0.0183651
0.0183194
0.0183494
0.0183066
0.0183397
0.0183011
0.0183385
0.0183055
0.0183502
0.0183251
0.0183817
0.0183684
0.0184433
0.0184485
0.0185501
0.0185856
0.0187605
0.0216588
0.0216856
0.0217126
0.0217589
0.0217667
0.0217639
0.0217288
0.0216909
0.0216334
0.0215806
0.0215147
0.0214554
0.0213875
0.0213231
0.0212532
0.0211774
0.0211007
0.0210147
0.0209336
0.0208411
0.020754
0.0206566
0.0205654
0.0204668
0.0203756
0.020277
0.0201878
0.0200878
0.0200023
0.0199006
0.0198197
0.0197191
0.0196411
0.019545
0.0194733
0.0193768
0.0193168
0.0192269
0.01917
0.0190928
0.0190442
0.018973
0.0189334
0.018868
0.0188375
0.0187793
0.0187552
0.0187021
0.0186827
0.0186335
0.0186172
0.0185706
0.0185562
0.0185113
0.0184979
0.0184543
0.0184415
0.0183992
0.0183871
0.0183462
0.0183348
0.0182956
0.0182854
0.0182484
0.0182395
0.0182049
0.0181975
0.0181652
0.0181592
0.0181293
0.0181244
0.0180964
0.0180921
0.0180657
0.0180617
0.0180367
0.0180326
0.0180086
0.0180043
0.0179813
0.0179767
0.0179547
0.0179499
0.0179289
0.0179238
0.0179039
0.0178985
0.0178796
0.0178738
0.0178558
0.0178496
0.0178325
0.017826
0.0178098
0.017803
0.017788
0.0177795
0.0177734
0.0177243
0.0177883
0.0205721
0.0206355
0.0206774
0.0207012
0.020736
0.0207399
0.02075
0.0207346
0.0207258
0.0206932
0.0206644
0.0206123
0.0205618
0.0204912
0.0204221
0.0203368
0.0202555
0.0201598
0.0200726
0.0199683
0.0198781
0.0197709
0.0196796
0.0195717
0.0194824
0.0193775
0.0192944
0.0191962
0.019121
0.0190321
0.0189638
0.0188856
0.0188223
0.0187533
0.0186968
0.0186295
0.0185828
0.0185209
0.0184765
0.0184215
0.0183819
0.0183325
0.0182994
0.0182555
0.0182287
0.018188
0.0181662
0.0181291
0.018111
0.0180767
0.0180612
0.0180287
0.018015
0.0179835
0.0179712
0.0179405
0.0179293
0.0178995
0.0178895
0.0178608
0.0178519
0.0178243
0.0178167
0.0177905
0.0177843
0.0177593
0.0177543
0.0177306
0.0177264
0.0177036
0.0177
0.0176778
0.0176743
0.0176525
0.017649
0.0176277
0.017624
0.0176032
0.0175995
0.0175795
0.017576
0.0175568
0.0175535
0.0175354
0.0175323
0.0175153
0.0175123
0.0174963
0.0174931
0.0174781
0.0174746
0.0174606
0.0174565
0.0174435
0.0174389
0.017427
0.0174204
0.0174171
0.0173704
0.0174333
0.0197598
0.0198118
0.0198596
0.0198928
0.019923
0.0199382
0.0199467
0.0199386
0.0199268
0.0198996
0.0198708
0.019825
0.0197796
0.0197176
0.0196595
0.0195868
0.0195214
0.0194433
0.0193742
0.0192934
0.019223
0.0191404
0.0190709
0.018991
0.0189265
0.018853
0.0187959
0.0187284
0.0186799
0.0186162
0.0185753
0.0185151
0.0184773
0.0184231
0.0183853
0.0183328
0.0183014
0.0182477
0.0182168
0.0181694
0.018141
0.0180962
0.0180712
0.0180299
0.0180086
0.01797
0.0179531
0.0179171
0.0179025
0.0178692
0.017857
0.0178259
0.0178154
0.0177859
0.0177764
0.0177479
0.0177391
0.0177113
0.0177028
0.017675
0.0176665
0.017639
0.0176307
0.0176037
0.0175958
0.01757
0.0175629
0.0175382
0.017532
0.0175084
0.0175027
0.01748
0.0174747
0.0174527
0.0174478
0.0174266
0.017422
0.0174016
0.0173975
0.0173781
0.0173744
0.0173559
0.0173525
0.0173348
0.0173314
0.0173145
0.0173108
0.0172945
0.0172903
0.0172745
0.0172698
0.0172544
0.0172491
0.0172343
0.0172284
0.0172144
0.0172081
0.0171947
0.0171892
0.0171706
0.0190583
0.0191181
0.0191691
0.0191988
0.0192309
0.0192458
0.0192569
0.0192503
0.0192405
0.0192186
0.0191947
0.0191601
0.0191255
0.0190796
0.019037
0.0189816
0.018933
0.0188713
0.0188188
0.0187525
0.0186983
0.0186284
0.0185745
0.0185047
0.0184525
0.0183855
0.0183375
0.0182754
0.0182311
0.0181737
0.0181323
0.0180788
0.0180404
0.0179905
0.0179546
0.0179063
0.0178763
0.017827
0.0177988
0.0177546
0.0177288
0.0176863
0.0176631
0.0176247
0.0176055
0.0175696
0.0175538
0.0175198
0.0175064
0.0174751
0.0174639
0.0174349
0.0174259
0.017399
0.0173917
0.0173661
0.0173596
0.0173349
0.0173291
0.0173057
0.0173007
0.0172783
0.0172742
0.0172528
0.0172494
0.0172285
0.0172254
0.0172053
0.0172022
0.0171824
0.0171793
0.0171598
0.0171565
0.0171372
0.0171339
0.0171149
0.0171116
0.0170932
0.0170898
0.017072
0.0170685
0.0170514
0.0170477
0.0170312
0.0170273
0.0170114
0.0170072
0.0169919
0.0169874
0.0169726
0.0169677
0.0169535
0.0169483
0.0169347
0.0169292
0.0169163
0.0169106
0.0168983
0.0168932
0.0168767
0.0185139
0.0185557
0.0186038
0.0186319
0.0186645
0.0186798
0.0186956
0.0186912
0.0186898
0.0186732
0.0186602
0.0186355
0.0186132
0.0185802
0.0185488
0.0185062
0.0184682
0.0184188
0.0183775
0.0183239
0.0182796
0.0182225
0.0181759
0.0181177
0.0180728
0.0180173
0.0179777
0.017926
0.0178926
0.0178442
0.0178157
0.0177712
0.0177456
0.0177064
0.0176818
0.0176469
0.0176258
0.0175896
0.0175714
0.0175366
0.0175184
0.0174835
0.0174669
0.0174324
0.0174159
0.017383
0.0173683
0.0173361
0.0173236
0.017294
0.0172839
0.0172568
0.0172492
0.0172245
0.0172192
0.0171963
0.0171926
0.0171715
0.0171687
0.0171487
0.0171462
0.0171266
0.0171241
0.0171044
0.0171018
0.017082
0.017079
0.0170594
0.017056
0.0170366
0.0170332
0.017014
0.0170105
0.0169915
0.016988
0.0169694
0.0169661
0.0169481
0.016945
0.0169278
0.0169248
0.0169083
0.0169053
0.0168892
0.0168862
0.0168711
0.016868
0.0168533
0.0168498
0.0168355
0.0168316
0.0168177
0.0168133
0.0167998
0.0167948
0.0167816
0.0167773
0.016758
0.0167886
0.0167028
0.0180924
0.0181359
0.0181764
0.0182037
0.0182291
0.0182442
0.0182615
0.0182613
0.0182654
0.0182536
0.0182482
0.0182294
0.0182159
0.0181906
0.0181678
0.0181346
0.0181044
0.0180649
0.0180315
0.0179873
0.0179514
0.0179025
0.0178652
0.0178141
0.0177794
0.0177316
0.0177009
0.0176569
0.0176298
0.0175891
0.0175653
0.0175268
0.017507
0.0174712
0.0174546
0.0174227
0.0174087
0.0173778
0.0173641
0.0173353
0.0173218
0.0172916
0.0172764
0.0172447
0.0172306
0.0171991
0.0171851
0.017154
0.0171413
0.0171121
0.017102
0.0170752
0.017068
0.0170445
0.0170397
0.0170185
0.0170154
0.0169955
0.0169932
0.016974
0.0169716
0.0169527
0.0169501
0.0169312
0.0169284
0.0169093
0.0169064
0.0168875
0.0168845
0.0168659
0.016863
0.0168448
0.0168421
0.0168243
0.0168217
0.0168044
0.0168021
0.0167856
0.0167833
0.0167675
0.0167653
0.0167499
0.0167478
0.0167331
0.0167312
0.016717
0.016715
0.016701
0.0166986
0.0166851
0.0166824
0.0166693
0.0166662
0.0166532
0.0166493
0.0166368
0.016632
0.0166199
0.0166149
0.0165993
0.0177641
0.0177958
0.0178291
0.0178592
0.0178806
0.0178973
0.0179098
0.0179095
0.017912
0.0179033
0.0179026
0.0178885
0.0178837
0.0178637
0.0178507
0.0178229
0.0178008
0.0177673
0.0177411
0.0177052
0.0176774
0.0176393
0.0176108
0.0175718
0.0175458
0.0175074
0.0174842
0.017447
0.0174253
0.0173895
0.017369
0.0173356
0.0173182
0.0172883
0.0172749
0.0172492
0.0172398
0.0172133
0.0172068
0.0171823
0.0171716
0.0171444
0.0171337
0.0171054
0.0170943
0.0170664
0.0170552
0.0170272
0.0170174
0.0169915
0.0169831
0.0169581
0.016952
0.0169296
0.0169248
0.0169036
0.0168999
0.0168798
0.0168765
0.016857
0.0168537
0.0168346
0.0168317
0.0168133
0.0168112
0.0167933
0.016792
0.0167747
0.0167738
0.0167567
0.0167562
0.0167396
0.0167389
0.0167226
0.0167216
0.0167054
0.0167041
0.016688
0.0166863
0.0166703
0.0166682
0.0166525
0.0166501
0.0166345
0.0166318
0.0166168
0.016614
0.0165996
0.0165967
0.0165828
0.0165797
0.0165667
0.0165633
0.016551
0.0165473
0.0165353
0.0165321
0.0165141
0.0165456
0.0164614
0.0175245
0.0175353
0.0175749
0.0175976
0.0176258
0.0176356
0.017655
0.017653
0.0176595
0.017652
0.0176533
0.0176427
0.0176412
0.0176259
0.017618
0.017595
0.0175788
0.0175502
0.0175314
0.0175021
0.0174841
0.0174545
0.0174362
0.0174051
0.0173857
0.0173523
0.0173321
0.0172968
0.0172763
0.0172408
0.0172212
0.0171878
0.0171706
0.0171409
0.0171271
0.0171016
0.0170903
0.0170663
0.0170586
0.0170337
0.0170262
0.0170026
0.0169947
0.016971
0.0169659
0.0169446
0.016939
0.0169181
0.016914
0.0168941
0.0168898
0.0168697
0.0168656
0.0168449
0.0168393
0.0168174
0.0168118
0.0167889
0.016783
0.0167606
0.0167557
0.0167345
0.0167308
0.0167112
0.0167092
0.0166913
0.0166906
0.0166742
0.0166746
0.016659
0.0166602
0.0166451
0.0166463
0.0166313
0.0166319
0.0166167
0.0166165
0.0166009
0.0165997
0.0165839
0.0165817
0.0165658
0.0165632
0.0165473
0.0165442
0.0165288
0.0165253
0.0165106
0.016507
0.0164931
0.0164895
0.0164768
0.0164728
0.0164611
0.0164569
0.0164458
0.0164427
0.0164259
0.0164575
0.0163747
0.0173266
0.0173322
0.0173723
0.0173884
0.0174236
0.0174317
0.0174518
0.0174479
0.0174589
0.0174516
0.0174548
0.0174428
0.0174437
0.0174298
0.0174272
0.0174072
0.0173957
0.0173698
0.0173542
0.0173281
0.0173134
0.0172875
0.0172724
0.0172439
0.0172274
0.0171961
0.01718
0.0171466
0.0171322
0.0170983
0.0170849
0.0170527
0.0170396
0.0170106
0.0169987
0.0169719
0.0169625
0.0169369
0.0169289
0.0169073
0.0168995
0.0168777
0.0168737
0.0168557
0.0168555
0.016838
0.0168382
0.0168223
0.0168221
0.016807
0.0168055
0.0167868
0.0167835
0.0167631
0.0167571
0.0167354
0.0167277
0.0167035
0.0166954
0.0166715
0.0166646
0.0166425
0.0166382
0.0166186
0.0166168
0.0165993
0.016599
0.0165828
0.0165837
0.0165683
0.0165695
0.0165543
0.0165555
0.0165402
0.016541
0.0165253
0.0165257
0.0165099
0.0165095
0.0164935
0.0164925
0.0164768
0.0164751
0.0164598
0.0164573
0.0164425
0.0164393
0.0164256
0.016422
0.0164097
0.016406
0.0163949
0.0163909
0.0163813
0.0163773
0.016369
0.016365
0.0163582
0.0163529
0.016344
0.0171955
0.0172058
0.0172306
0.017255
0.017273
0.0172869
0.0173061
0.0173102
0.0173208
0.0173194
0.0173192
0.0173097
0.0173083
0.0172976
0.0172969
0.0172816
0.0172742
0.0172504
0.0172377
0.0172104
0.0171953
0.0171662
0.017149
0.0171183
0.0171001
0.0170704
0.0170554
0.0170272
0.0170159
0.0169873
0.016978
0.0169497
0.0169406
0.0169143
0.0169047
0.0168812
0.0168721
0.0168497
0.0168444
0.0168216
0.0168168
0.0167962
0.016792
0.016774
0.0167711
0.0167523
0.0167504
0.0167295
0.0167274
0.0167078
0.0167043
0.016683
0.0166795
0.0166587
0.0166543
0.0166335
0.0166294
0.0166098
0.0166063
0.016587
0.0165847
0.0165664
0.0165648
0.0165475
0.0165468
0.0165304
0.0165302
0.0165141
0.0165137
0.0164974
0.0164976
0.0164815
0.0164818
0.0164658
0.0164661
0.0164503
0.0164504
0.0164348
0.016435
0.0164196
0.0164194
0.0164044
0.0164037
0.0163895
0.0163882
0.0163752
0.0163732
0.0163615
0.0163588
0.0163485
0.0163452
0.0163364
0.0163328
0.0163256
0.016322
0.0163159
0.0163136
0.0163014
0.0163373
0.016253
0.0170875
0.0171002
0.0171229
0.0171394
0.0171697
0.017177
0.0171825
0.0171796
0.0171949
0.0171961
0.0172025
0.0171968
0.017201
0.0171913
0.0171909
0.017175
0.0171669
0.0171446
0.0171321
0.0171057
0.0170913
0.017062
0.0170455
0.0170149
0.0169988
0.0169695
0.0169547
0.016928
0.0169165
0.0168922
0.0168838
0.0168603
0.0168536
0.0168308
0.0168245
0.0168028
0.0167968
0.0167761
0.0167692
0.0167492
0.0167426
0.0167212
0.016717
0.0166949
0.016689
0.0166694
0.0166657
0.0166466
0.0166456
0.0166286
0.0166274
0.0166104
0.0166106
0.0165941
0.0165948
0.0165788
0.0165803
0.0165641
0.016565
0.0165494
0.0165491
0.0165324
0.0165315
0.0165134
0.0165118
0.0164934
0.0164911
0.0164728
0.0164705
0.0164526
0.0164507
0.0164334
0.0164326
0.0164159
0.016416
0.0164004
0.0164009
0.0163862
0.0163872
0.0163731
0.0163744
0.016361
0.0163622
0.0163495
0.0163505
0.0163384
0.0163389
0.0163272
0.0163269
0.0163157
0.0163146
0.0163038
0.0163019
0.0162917
0.016289
0.0162794
0.0162759
0.016267
0.0162635
0.0162505
0.0169903
0.0169929
0.0170174
0.0170299
0.0170479
0.0170524
0.017072
0.0170751
0.0170885
0.0170839
0.0170845
0.0170778
0.0170801
0.0170711
0.0170721
0.017059
0.0170536
0.0170348
0.0170263
0.0170048
0.0169957
0.0169731
0.0169625
0.0169378
0.0169259
0.0169014
0.0168903
0.0168673
0.0168593
0.0168369
0.0168313
0.0168092
0.0168035
0.0167822
0.0167755
0.0167542
0.0167478
0.0167267
0.0167197
0.016699
0.0166919
0.0166706
0.0166662
0.0166465
0.0166443
0.0166276
0.0166259
0.0166103
0.0166119
0.0165968
0.0165972
0.0165825
0.0165848
0.0165697
0.0165719
0.016558
0.0165602
0.0165456
0.0165478
0.0165336
0.0165343
0.0165186
0.0165172
0.0164997
0.0164967
0.0164774
0.0164735
0.0164536
0.0164494
0.01643
0.0164261
0.0164081
0.0164051
0.0163882
0.0163865
0.0163707
0.0163701
0.0163554
0.0163551
0.0163414
0.0163414
0.0163283
0.0163283
0.0163155
0.0163155
0.016303
0.0163024
0.0162901
0.0162888
0.0162767
0.0162748
0.0162629
0.0162601
0.0162487
0.016245
0.0162342
0.0162285
0.0162249
0.0161841
0.0162396
0.0169375
0.0169486
0.0169644
0.0169774
0.0170064
0.0170229
0.0170298
0.0170281
0.0170391
0.0170313
0.0170282
0.0170195
0.0170184
0.0170062
0.017005
0.0169914
0.0169855
0.016968
0.016959
0.0169377
0.0169285
0.016906
0.0168959
0.0168713
0.0168597
0.0168342
0.0168218
0.0167966
0.0167858
0.0167614
0.016754
0.0167308
0.0167273
0.0167063
0.0167054
0.0166865
0.0166864
0.0166697
0.0166668
0.0166502
0.0166457
0.016627
0.0166253
0.0166057
0.0166044
0.0165864
0.0165862
0.01657
0.0165696
0.016554
0.0165534
0.0165377
0.0165369
0.0165216
0.0165226
0.0165069
0.0165077
0.0164922
0.0164931
0.0164778
0.0164777
0.0164617
0.016461
0.0164439
0.0164414
0.0164235
0.0164204
0.0164021
0.0163986
0.0163801
0.0163768
0.0163589
0.0163559
0.0163386
0.0163361
0.0163195
0.0163175
0.0163018
0.0163002
0.0162853
0.016284
0.0162699
0.0162687
0.0162555
0.0162543
0.0162417
0.0162403
0.0162283
0.0162265
0.016215
0.0162128
0.0162019
0.0161992
0.016189
0.0161858
0.0161762
0.0161724
0.0161636
0.0161584
0.0161485
0.0168472
0.0168526
0.0168629
0.0168753
0.0169019
0.0169067
0.0169191
0.0169231
0.0169355
0.0169284
0.0169282
0.0169204
0.0169242
0.0169158
0.0169214
0.0169112
0.0169089
0.0168907
0.0168812
0.0168589
0.0168486
0.0168254
0.0168149
0.01679
0.0167789
0.0167538
0.016744
0.016721
0.0167137
0.0166934
0.0166889
0.016671
0.0166692
0.0166525
0.0166525
0.0166369
0.0166383
0.0166214
0.0166216
0.0166061
0.0166025
0.0165856
0.0165845
0.0165659
0.0165634
0.0165466
0.0165437
0.0165256
0.016525
0.0165072
0.0165053
0.0164881
0.0164872
0.0164702
0.0164697
0.0164539
0.0164538
0.0164381
0.0164385
0.0164234
0.0164239
0.0164089
0.0164093
0.016394
0.0163938
0.0163782
0.0163776
0.0163615
0.0163604
0.0163441
0.0163427
0.0163265
0.0163252
0.0163093
0.016308
0.0162926
0.0162915
0.0162767
0.0162756
0.0162613
0.0162603
0.0162467
0.0162457
0.0162329
0.0162318
0.0162197
0.0162184
0.0162069
0.0162052
0.0161943
0.0161922
0.0161819
0.0161793
0.0161697
0.0161666
0.016158
0.016153
0.0161517
0.016112
0.0161682
0.0168447
0.016849
0.0168651
0.0168791
0.0169068
0.0169007
0.0169185
0.0169168
0.0169246
0.0169245
0.0169289
0.0169171
0.0169178
0.0169058
0.0169057
0.0168879
0.016878
0.0168536
0.0168397
0.0168142
0.016802
0.0167787
0.0167685
0.0167459
0.0167373
0.0167158
0.0167095
0.0166899
0.0166856
0.0166674
0.0166651
0.0166483
0.0166472
0.0166312
0.0166308
0.0166153
0.0166156
0.0166002
0.0165997
0.0165843
0.0165823
0.0165658
0.0165653
0.0165475
0.016546
0.0165285
0.0165268
0.0165093
0.0165084
0.0164909
0.01649
0.0164732
0.0164722
0.016456
0.0164561
0.0164402
0.0164406
0.0164253
0.016426
0.0164111
0.0164119
0.0163971
0.0163979
0.0163829
0.0163834
0.0163682
0.0163681
0.0163525
0.016352
0.0163362
0.0163353
0.0163195
0.0163185
0.0163028
0.0163018
0.0162866
0.0162856
0.016271
0.01627
0.0162558
0.016255
0.0162415
0.0162406
0.0162277
0.0162267
0.0162145
0.0162132
0.0162016
0.0162
0.016189
0.0161869
0.0161765
0.016174
0.0161642
0.0161611
0.0161518
0.0161494
0.0161341
0.0161655
0.0160867
0.0167781
0.0167823
0.0167918
0.0167991
0.0168222
0.0168133
0.0168258
0.01682
0.0168314
0.0168325
0.0168285
0.0168204
0.0168213
0.0168109
0.0168133
0.0168011
0.0167997
0.016785
0.0167809
0.0167641
0.0167594
0.0167425
0.0167387
0.0167214
0.0167179
0.0167002
0.0166969
0.0166794
0.0166765
0.0166597
0.0166578
0.0166417
0.0166407
0.016625
0.0166247
0.0166094
0.0166102
0.0165945
0.0165947
0.016579
0.0165778
0.0165616
0.0165611
0.0165439
0.0165427
0.0165255
0.0165241
0.0165066
0.0165055
0.0164886
0.0164876
0.0164707
0.0164702
0.0164539
0.016454
0.0164383
0.0164387
0.0164234
0.0164242
0.0164094
0.0164102
0.0163956
0.0163965
0.0163818
0.0163824
0.0163673
0.0163674
0.0163519
0.0163516
0.0163357
0.016335
0.0163192
0.0163181
0.0163024
0.0163013
0.016286
0.016285
0.0162702
0.0162693
0.0162551
0.0162542
0.0162406
0.0162397
0.0162267
0.0162257
0.0162134
0.0162121
0.0162004
0.0161987
0.0161876
0.0161855
0.016175
0.0161724
0.0161624
0.0161593
0.0161497
0.0161472
0.0161317
0.0161628
0.0160851
0.02004
0.0211029
0.0207296
0.0229563
0.0224413
0.0249073
0.0253306
0.0263056
0.0321592
0.0583956
0.0190177
0.0199163
0.0197643
0.0208089
0.0214651
0.0218676
0.0241678
0.0244915
0.0255822
0.0380427
0.0188603
0.0190087
0.0194548
0.0194872
0.0205856
0.0207094
0.0217649
0.0233243
0.0238136
0.0275051
0.0183487
0.0183368
0.0188999
0.018876
0.0194211
0.0199129
0.0203342
0.0216084
0.0222324
0.0232738
0.018039
0.0181115
0.018278
0.0185738
0.0187507
0.019212
0.0194797
0.0202918
0.0208008
0.0215692
0.017699
0.0178333
0.0179145
0.0181624
0.0182937
0.0186434
0.0188398
0.0193878
0.0197379
0.0205403
0.0174747
0.0175973
0.0176603
0.0178442
0.0179457
0.0182161
0.0183653
0.01876
0.0189954
0.0197293
0.0173125
0.017414
0.0174623
0.0176012
0.0176783
0.0178796
0.0179919
0.0182863
0.0184551
0.0190338
0.0171815
0.0172486
0.017323
0.017415
0.0174753
0.0176301
0.0177142
0.017931
0.0180539
0.0184898
0.0170769
0.0171119
0.0171815
0.0172613
0.0173085
0.0174274
0.017492
0.0176571
0.0177504
0.0180502
0.0169856
0.0170254
0.0170688
0.0171274
0.0171826
0.0172698
0.0173174
0.0174376
0.017508
0.0177054
0.0169075
0.0169393
0.016971
0.0170286
0.0170655
0.0171364
0.0172017
0.017284
0.0173382
0.0174772
0.016836
0.0168927
0.0168907
0.0169466
0.0169713
0.0170221
0.0170717
0.0171281
0.017197
0.017293
0.0168031
0.0168329
0.016863
0.0168805
0.0169226
0.0169454
0.0170074
0.0169935
0.0171011
0.0171701
0.0167698
0.0167726
0.0168132
0.0168249
0.0168702
0.0168753
0.0169477
0.0169264
0.017011
0.0170523
0.0167402
0.0167442
0.0167701
0.0167799
0.0168214
0.0168279
0.0168694
0.0168835
0.0169058
0.0169534
0.0167106
0.0167158
0.0167423
0.0167577
0.0167861
0.0168008
0.0168306
0.0168597
0.0168655
0.0169004
0.0166829
0.0166933
0.0166989
0.0167056
0.0167353
0.016755
0.0167626
0.016786
0.0167962
0.0168316
0.0166825
0.0166809
0.0167033
0.0167197
0.0167326
0.0167439
0.0167647
0.0167837
0.0167897
0.0168161
0.0166539
0.0166549
0.0166693
0.016673
0.0166902
0.0167079
0.0167199
0.016729
0.0167392
0.0167627
0.0193768
0.0202059
0.0214678
0.0238216
0.0268211
0.0301458
0.0389359
0.0682612
0.262852
0.0625563
0.019373
0.020113
0.0214446
0.0237594
0.0268199
0.0310786
0.0387548
0.0671949
0.267918
0.0654692
0.0194608
0.0200884
0.0216469
0.0239317
0.027855
0.0311158
0.041813
0.0728964
0.25986
0.0638243
0.0198524
0.0202626
0.0214451
0.0237495
0.027948
0.0323337
0.0393518
0.071364
0.266652
0.0678785
0.0199151
0.0204749
0.0221182
0.0244203
0.0289127
0.032632
0.0454242
0.0783215
0.257097
0.0662477
0.0202761
0.0205129
0.0220592
0.0242093
0.0295596
0.033273
0.0412644
0.0749545
0.263645
0.0675937
0.0204899
0.0211978
0.0229734
0.026101
0.0300356
0.0346424
0.0483153
0.0980812
0.258085
0.0679582
0.020495
0.0209593
0.0223008
0.0245522
0.0317877
0.0370302
0.0482439
0.0939088
0.258068
0.0684084
0.0211062
0.0218746
0.0240153
0.0274157
0.032233
0.0375162
0.0495048
0.115717
0.241144
0.0686444
0.0212106
0.0215215
0.0228041
0.0258831
0.033818
0.0389637
0.053368
0.131268
0.221668
0.0688776
0.0192311
0.0202317
0.0209637
0.0228239
0.0248298
0.0291795
0.0380033
0.0543166
0.244352
0.056448
0.0193817
0.0199261
0.0212094
0.0225583
0.0242364
0.0285842
0.0342235
0.0526899
0.240478
0.0556193
0.0192744
0.020392
0.0211286
0.023355
0.024876
0.0293731
0.0348358
0.0561072
0.24725
0.0554236
0.0192714
0.0202432
0.0214365
0.0228573
0.0264226
0.0294488
0.0346284
0.057953
0.252864
0.0573651
0.0193752
0.0200571
0.0215835
0.0228868
0.0257443
0.0321703
0.0353882
0.0585605
0.265962
0.0575595
0.0191739
0.0201291
0.0211878
0.0233464
0.0255243
0.0304178
0.0386998
0.0606765
0.248489
0.0586636
0.0193078
0.0202004
0.0212171
0.0229052
0.0255522
0.0306167
0.0381628
0.0638535
0.265159
0.0594747
0.0193235
0.0200284
0.0215081
0.0229479
0.0254639
0.0302797
0.0381279
0.0643681
0.25654
0.0605297
0.0194778
0.0199797
0.0214613
0.0232787
0.0256163
0.030094
0.0380567
0.0652182
0.265436
0.0611503
0.0194152
0.0202051
0.0213742
0.0237694
0.0257462
0.0301105
0.0386707
0.0657369
0.264245
0.0627597
0.0216923
0.0213201
0.0210136
0.0207578
0.0205349
0.020343
0.0201687
0.0200163
0.0198731
0.0197475
0.0196258
0.0195195
0.0194133
0.0193217
0.0192272
0.0191472
0.0190617
0.0189912
0.0189127
0.0188502
0.0187773
0.0187216
0.0186533
0.0186034
0.0185389
0.0184942
0.0184328
0.0183927
0.0183338
0.0182979
0.0182411
0.0182091
0.0181539
0.0181255
0.0180716
0.0180465
0.0179938
0.0179719
0.0179199
0.017901
0.0178497
0.0178336
0.0177827
0.0177693
0.0177187
0.0177079
0.0176575
0.0176491
0.0175989
0.0175927
0.0175427
0.0175386
0.0174888
0.0174865
0.0174369
0.0174364
0.0173871
0.0173881
0.0173392
0.0173416
0.017293
0.0172967
0.0172485
0.0172535
0.0172058
0.0172118
0.0171647
0.0171717
0.0171254
0.0171332
0.0170878
0.0170963
0.0170521
0.017061
0.0170184
0.0170277
0.0169872
0.0169966
0.0169588
0.0169681
0.0169338
0.0169429
0.0169133
0.0169223
0.0168987
0.0169083
0.0168925
0.016904
0.0168989
0.016915
0.0169255
0.0169511
0.0169879
0.0170322
0.0171178
0.0172633
0.0173575
0.017625
0.017958
0.0186366
0.0216921
0.0213198
0.0210128
0.0207572
0.0205338
0.0203422
0.0201673
0.0200154
0.0198716
0.0197466
0.0196241
0.0195187
0.0194115
0.019321
0.0192252
0.0191465
0.0190595
0.0189906
0.0189104
0.0188497
0.0187748
0.0187213
0.0186506
0.0186033
0.018536
0.0184943
0.0184296
0.018393
0.0183304
0.0182984
0.0182374
0.0182098
0.01815
0.0181264
0.0180675
0.0180478
0.0179894
0.0179734
0.0179153
0.0179028
0.0178447
0.0178356
0.0177775
0.0177716
0.0177132
0.0177105
0.0176518
0.017652
0.0175929
0.017596
0.0175364
0.0175421
0.0174821
0.0174904
0.01743
0.0174406
0.0173799
0.0173927
0.0173316
0.0173464
0.0172852
0.0173017
0.0172407
0.0172586
0.0171979
0.017217
0.0171568
0.0171768
0.0171176
0.017138
0.0170803
0.0171007
0.0170451
0.0170649
0.0170121
0.0170308
0.0169818
0.0169986
0.0169546
0.0169687
0.0169313
0.0169418
0.016913
0.0169189
0.0169008
0.0169027
0.0168935
0.0169008
0.0168957
0.0169162
0.0169166
0.0169574
0.0169741
0.0170332
0.0171196
0.017249
0.0173225
0.0176471
0.0179637
0.0184796
0.0216921
0.0213186
0.0210119
0.020755
0.0205325
0.0203394
0.0201659
0.0200122
0.0198702
0.019743
0.0196228
0.0195146
0.0194104
0.0193165
0.0192243
0.0191417
0.019059
0.0189853
0.0189102
0.018844
0.018775
0.018715
0.0186512
0.0185966
0.0185371
0.018487
0.0184312
0.0183852
0.0183325
0.01829
0.0182401
0.0182008
0.0181533
0.0181168
0.0180714
0.0180375
0.0179939
0.0179625
0.0179204
0.0178912
0.0178505
0.0178234
0.0177838
0.0177588
0.0177202
0.017697
0.0176595
0.0176378
0.0176014
0.0175809
0.0175458
0.017526
0.0174926
0.0174732
0.0174416
0.0174222
0.0173928
0.017373
0.0173458
0.0173255
0.0173006
0.0172797
0.0172571
0.0172357
0.0172151
0.0171934
0.0171746
0.0171528
0.0171357
0.017114
0.0170984
0.0170769
0.0170629
0.0170417
0.0170293
0.0170085
0.016998
0.0169776
0.0169695
0.0169493
0.0169447
0.0169242
0.0169245
0.0169037
0.0169105
0.0168901
0.0169048
0.0168872
0.0169112
0.0169008
0.0169371
0.016943
0.0169976
0.017034
0.0171254
0.0172738
0.0173775
0.0176381
0.0179451
0.0187158
0.0216917
0.0213176
0.0210096
0.020753
0.0205293
0.0203368
0.0201621
0.0200094
0.0198658
0.0197401
0.019618
0.0195118
0.0194052
0.0193138
0.0192188
0.0191391
0.0190531
0.018983
0.018904
0.0188419
0.0187684
0.0187133
0.0186442
0.0185952
0.0185296
0.018486
0.0184233
0.0183845
0.0183241
0.0182898
0.0182312
0.0182011
0.0181439
0.0181176
0.0180614
0.0180388
0.0179834
0.0179643
0.0179093
0.0178936
0.0178389
0.0178264
0.0177716
0.0177623
0.0177075
0.0177011
0.0176461
0.0176425
0.0175873
0.0175863
0.0175309
0.0175323
0.0174768
0.0174804
0.0174249
0.0174304
0.017375
0.0173822
0.017327
0.0173357
0.0172808
0.0172909
0.0172364
0.0172477
0.0171937
0.017206
0.0171527
0.0171658
0.0171135
0.0171272
0.0170761
0.0170901
0.0170407
0.0170545
0.0170075
0.0170207
0.0169769
0.0169889
0.0169495
0.0169595
0.0169259
0.016933
0.0169076
0.0169099
0.0168962
0.0168919
0.0168906
0.0168853
0.0168994
0.0168923
0.0169285
0.0169235
0.016992
0.0170055
0.0171573
0.0172463
0.0173256
0.0176692
0.0178924
0.0187149
0.0216916
0.0213154
0.0210075
0.0207491
0.0205263
0.020332
0.0201586
0.0200037
0.0198622
0.0197339
0.0196144
0.019505
0.0194017
0.0193065
0.0192155
0.0191314
0.0190501
0.0189748
0.0189012
0.0188332
0.018766
0.018704
0.0186423
0.0185853
0.0185281
0.0184756
0.0184223
0.0183735
0.0183237
0.0182782
0.0182315
0.0181888
0.0181447
0.0181046
0.018063
0.0180252
0.0179855
0.01795
0.0179121
0.0178787
0.0178421
0.017811
0.0177753
0.0177465
0.0177116
0.0176848
0.0176506
0.0176258
0.0175923
0.0175691
0.0175365
0.0175145
0.0174831
0.0174619
0.0174319
0.0174111
0.017383
0.0173619
0.017336
0.0173145
0.0172909
0.0172687
0.0172475
0.0172246
0.0172057
0.0171823
0.0171654
0.0171418
0.0171267
0.0171031
0.0170897
0.0170664
0.0170545
0.0170317
0.0170212
0.0169992
0.0169904
0.0169692
0.0169627
0.0169419
0.0169391
0.0169177
0.0169211
0.0168975
0.0169101
0.0168833
0.0169083
0.0168796
0.016919
0.0168953
0.0169493
0.0169405
0.0170146
0.0170393
0.0171447
0.017288
0.0173866
0.0176708
0.0179289
0.0185077
0.0216913
0.0213131
0.0210047
0.0207447
0.0205222
0.0203264
0.0201539
0.0199973
0.0198571
0.0197268
0.0196092
0.0194975
0.0193965
0.0192986
0.0192104
0.019123
0.019045
0.018966
0.0188964
0.018824
0.0187614
0.0186944
0.0186379
0.0185754
0.0185241
0.0184652
0.0184186
0.0183628
0.0183203
0.018267
0.0182284
0.0181771
0.0181421
0.0180925
0.0180608
0.0180125
0.017984
0.0179366
0.0179112
0.0178645
0.0178421
0.0177958
0.0177764
0.0177302
0.0177137
0.0176675
0.0176538
0.0176074
0.0175965
0.0175497
0.0175416
0.0174943
0.0174889
0.017441
0.0174383
0.0173898
0.0173896
0.0173404
0.0173427
0.0172928
0.0172977
0.017247
0.0172543
0.0172028
0.0172127
0.0171601
0.0171727
0.0171191
0.0171345
0.0170796
0.0170981
0.0170419
0.0170635
0.0170059
0.0170311
0.0169718
0.0170011
0.0169402
0.0169736
0.0169118
0.0169491
0.0168876
0.0169283
0.0168698
0.016912
0.0168608
0.0169035
0.0168636
0.0169083
0.0168808
0.016934
0.016924
0.0169961
0.0170096
0.0171302
0.0172572
0.0173388
0.017714
0.0179526
0.0186074
0.0216905
0.0213109
0.0210005
0.0207405
0.0205162
0.0203211
0.0201467
0.0199915
0.0198492
0.0197208
0.0196006
0.0194913
0.0193873
0.0192924
0.0192007
0.019117
0.0190349
0.0189601
0.0188858
0.0188184
0.0187504
0.0186891
0.0186264
0.0185704
0.0185121
0.0184606
0.0184061
0.0183585
0.0183074
0.0182632
0.0182149
0.0181738
0.0181281
0.0180897
0.0180462
0.0180103
0.0179687
0.0179351
0.0178951
0.0178638
0.0178252
0.017796
0.0177585
0.0177313
0.0176949
0.0176696
0.017634
0.0176104
0.0175758
0.0175537
0.0175199
0.0174992
0.0174664
0.0174467
0.017415
0.0173962
0.0173658
0.0173474
0.0173184
0.0173005
0.0172727
0.0172554
0.0172287
0.0172121
0.0171863
0.0171705
0.0171454
0.0171308
0.0171063
0.0170927
0.017069
0.0170564
0.0170337
0.0170221
0.0170007
0.0169899
0.0169704
0.0169602
0.0169429
0.0169338
0.0169187
0.0169111
0.0168994
0.0168933
0.0168877
0.0168819
0.0168857
0.0168818
0.0168964
0.0169013
0.0169301
0.01695
0.017008
0.0170403
0.0171711
0.0173092
0.0173319
0.0177161
0.0177629
0.0188993
0.0216899
0.021308
0.0209962
0.0207349
0.0205101
0.020314
0.0201396
0.0199835
0.0198414
0.0197121
0.0195925
0.0194822
0.019379
0.0192829
0.0191923
0.0191072
0.0190264
0.01895
0.0188773
0.018808
0.0187419
0.0186785
0.018618
0.0185596
0.0185038
0.0184496
0.0183979
0.0183473
0.0182993
0.0182518
0.018207
0.0181622
0.0181203
0.0180779
0.0180386
0.0179982
0.0179613
0.0179228
0.0178879
0.0178513
0.0178181
0.0177834
0.0177515
0.0177188
0.0176878
0.017657
0.0176269
0.0175979
0.0175686
0.0175412
0.0175128
0.0174867
0.0174594
0.017434
0.0174084
0.0173831
0.0173596
0.0173337
0.0173129
0.017286
0.0172682
0.0172399
0.017225
0.0171958
0.0171832
0.0171536
0.0171428
0.0171132
0.0171039
0.0170746
0.0170669
0.0170375
0.0170319
0.0170022
0.016999
0.0169689
0.0169681
0.0169385
0.0169402
0.0169112
0.0169164
0.0168875
0.0168984
0.0168673
0.0168891
0.0168514
0.0168916
0.016846
0.0169097
0.0168583
0.0169477
0.0169001
0.0170299
0.0169934
0.0171867
0.0172708
0.0174296
0.0176863
0.0179142
0.0186183
0.0216893
0.0213045
0.0209915
0.0207284
0.0205034
0.0203059
0.0201317
0.0199743
0.0198329
0.0197022
0.0195835
0.0194718
0.0193698
0.0192721
0.0191829
0.019096
0.0190169
0.0189386
0.0188678
0.0187963
0.0187325
0.0186666
0.0186086
0.0185474
0.0184945
0.0184372
0.0183888
0.0183347
0.0182903
0.0182389
0.0181982
0.0181491
0.0181117
0.0180644
0.0180302
0.0179845
0.0179533
0.0179087
0.0178804
0.0178367
0.0178112
0.0177682
0.0177452
0.0177028
0.0176822
0.0176404
0.017622
0.0175807
0.0175643
0.0175235
0.017509
0.0174687
0.0174559
0.0174159
0.0174049
0.0173652
0.017356
0.0173162
0.0173091
0.0172689
0.0172641
0.0172233
0.017221
0.0171795
0.0171795
0.0171374
0.0171399
0.0170971
0.0171023
0.0170582
0.0170672
0.0170208
0.0170349
0.0169851
0.0170058
0.0169515
0.01698
0.016921
0.0169578
0.0168952
0.0169395
0.016873
0.016927
0.0168571
0.0169224
0.0168494
0.0169286
0.0168514
0.0169495
0.0168783
0.0169902
0.0169388
0.0170632
0.0170475
0.0171961
0.017314
0.0174439
0.0178256
0.018097
0.0187021
0.0216886
0.0213007
0.0209863
0.0207213
0.0204959
0.020297
0.0201231
0.0199643
0.0198236
0.0196914
0.0195738
0.0194604
0.0193598
0.0192602
0.0191728
0.0190838
0.0190069
0.018926
0.0188578
0.0187835
0.0187226
0.0186535
0.0185989
0.018534
0.018485
0.0184234
0.0183795
0.0183207
0.0182812
0.0182246
0.0181894
0.0181345
0.0181032
0.0180495
0.018022
0.0179693
0.0179454
0.0178932
0.0178728
0.0178209
0.0178039
0.017752
0.0177383
0.0176863
0.0176757
0.0176235
0.017616
0.0175633
0.0175588
0.0175056
0.0175041
0.0174501
0.0174517
0.0173967
0.0174015
0.0173453
0.0173533
0.0172956
0.0173072
0.0172476
0.0172629
0.0172014
0.0172204
0.0171568
0.0171797
0.0171139
0.0171405
0.0170726
0.0171028
0.017033
0.0170668
0.0169951
0.0170328
0.016959
0.017001
0.0169254
0.0169715
0.016895
0.0169449
0.0168693
0.016922
0.0168526
0.0169034
0.0168455
0.0168921
0.0168467
0.0168947
0.0168603
0.0169151
0.0168982
0.0169617
0.0169744
0.0170532
0.017104
0.017239
0.0173642
0.0174962
0.017729
0.018157
0.0185744
0.0216881
0.0212993
0.0209838
0.0207187
0.0204924
0.0202938
0.020119
0.0199608
0.0198191
0.0196878
0.0195691
0.0194567
0.0193548
0.0192566
0.0191676
0.0190802
0.0190015
0.0189226
0.0188522
0.0187802
0.0187168
0.0186503
0.0185929
0.018531
0.0184787
0.0184206
0.018373
0.0183181
0.0182745
0.0182223
0.0181823
0.0181325
0.0180958
0.0180479
0.0180143
0.017968
0.0179373
0.0178923
0.0178643
0.0178204
0.0177949
0.017752
0.0177288
0.0176868
0.0176657
0.0176245
0.0176054
0.0175649
0.0175475
0.0175078
0.0174921
0.0174531
0.0174387
0.0174005
0.0173874
0.01735
0.0173381
0.0173013
0.0172906
0.0172543
0.017245
0.017209
0.017201
0.0171656
0.0171585
0.0171241
0.0171174
0.0170846
0.017078
0.0170473
0.0170402
0.0170123
0.0170039
0.0169797
0.0169693
0.0169495
0.0169366
0.016922
0.0169063
0.0168975
0.0168784
0.0168783
0.0168535
0.0168652
0.0168351
0.0168584
0.0168293
0.0168613
0.0168443
0.016881
0.016878
0.0169336
0.0169499
0.01704
0.0171441
0.0172636
0.017439
0.0175964
0.0180325
0.01867
0.021688
0.0212995
0.0209836
0.0207189
0.0204921
0.020294
0.0201187
0.0199612
0.0198187
0.0196883
0.0195685
0.0194573
0.0193541
0.0192573
0.0191668
0.0190811
0.0190005
0.0189236
0.018851
0.0187814
0.0187153
0.0186517
0.0185912
0.0185326
0.0184769
0.0184225
0.0183709
0.0183202
0.0182721
0.0182246
0.0181797
0.018135
0.018093
0.0180507
0.0180112
0.017971
0.0179339
0.0178956
0.0178606
0.017824
0.0177909
0.0177559
0.0177245
0.017691
0.017661
0.0176291
0.0176003
0.0175699
0.0175421
0.0175132
0.0174862
0.0174588
0.0174325
0.0174066
0.017381
0.0173563
0.0173316
0.0173078
0.0172842
0.0172609
0.0172387
0.0172158
0.0171947
0.0171727
0.0171522
0.0171318
0.017111
0.0170931
0.0170713
0.0170564
0.0170334
0.0170217
0.016998
0.0169889
0.0169655
0.0169588
0.0169366
0.016931
0.0169111
0.0169073
0.0168898
0.0168886
0.0168735
0.0168765
0.0168637
0.0168732
0.0168641
0.0168792
0.016878
0.0169006
0.0169129
0.016952
0.0169682
0.0170374
0.0171146
0.017263
0.0173522
0.0175189
0.0176144
0.0184557
0.0216881
0.0212994
0.0209837
0.0207187
0.0204923
0.0202938
0.0201189
0.0199609
0.019819
0.0196879
0.0195688
0.0194569
0.0193546
0.0192569
0.0191673
0.0190805
0.0190011
0.018923
0.0188517
0.0187806
0.0187162
0.0186508
0.0185921
0.0185316
0.0184779
0.0184214
0.0183719
0.018319
0.0182733
0.0182234
0.018181
0.0181336
0.0180944
0.0180492
0.0180128
0.0179693
0.0179356
0.0178937
0.0178625
0.0178219
0.0177931
0.0177536
0.0177269
0.0176885
0.0176636
0.0176264
0.0176031
0.017567
0.017545
0.0175102
0.0174893
0.0174557
0.0174357
0.0174033
0.0173843
0.0173528
0.0173351
0.0173039
0.0172881
0.0172565
0.0172432
0.0172106
0.0172001
0.0171664
0.0171586
0.0171242
0.0171182
0.0170843
0.017079
0.0170468
0.0170409
0.0170115
0.0170046
0.016978
0.0169712
0.0169455
0.0169419
0.0169144
0.0169175
0.0168856
0.0168966
0.0168632
0.016876
0.0168522
0.0168577
0.0168499
0.016852
0.0168505
0.0168668
0.0168659
0.0168886
0.0169205
0.0169398
0.0169893
0.017047
0.0171841
0.0172583
0.017418
0.0174989
0.0180851
0.0216883
0.021299
0.0209841
0.0207182
0.0204929
0.0202932
0.0201196
0.0199601
0.0198199
0.0196869
0.01957
0.0194556
0.019356
0.0192553
0.019169
0.0190787
0.019003
0.0189208
0.018854
0.0187781
0.0187188
0.018648
0.0185951
0.0185284
0.0184813
0.0184178
0.0183758
0.0183149
0.0182776
0.0182188
0.0181858
0.0181286
0.0180997
0.0180436
0.0180186
0.0179632
0.017942
0.017887
0.0178695
0.0178146
0.0178007
0.0177456
0.0177351
0.0176799
0.0176725
0.0176171
0.0176127
0.0175569
0.0175554
0.0174992
0.0175005
0.0174439
0.0174478
0.0173907
0.0173972
0.0173394
0.0173488
0.0172898
0.0173025
0.0172416
0.0172582
0.0171953
0.0172154
0.0171512
0.0171736
0.0171094
0.0171328
0.0170702
0.017093
0.0170332
0.0170549
0.0169981
0.0170191
0.0169646
0.0169863
0.0169324
0.0169571
0.0169024
0.0169309
0.0168773
0.0169056
0.0168602
0.0168827
0.0168503
0.0168648
0.0168453
0.0168587
0.0168489
0.0168624
0.0168684
0.016883
0.016906
0.0169254
0.0169819
0.0170195
0.017079
0.0171704
0.0172923
0.0173924
0.0176969
0.0216884
0.021299
0.0209841
0.0207182
0.0204929
0.0202931
0.0201197
0.0199599
0.01982
0.0196867
0.0195702
0.0194554
0.0193562
0.0192551
0.0191692
0.0190784
0.0190033
0.0189205
0.0188543
0.0187778
0.0187191
0.0186476
0.0185955
0.018528
0.0184817
0.0184174
0.0183762
0.0183145
0.0182781
0.0182183
0.0181863
0.0181281
0.0181002
0.018043
0.0180191
0.0179626
0.0179426
0.0178864
0.0178701
0.0178139
0.0178013
0.017745
0.0177357
0.0176792
0.0176732
0.0176164
0.0176133
0.0175562
0.017556
0.0174986
0.017501
0.0174434
0.0174482
0.0173903
0.0173974
0.0173392
0.0173487
0.0172897
0.0173022
0.0172419
0.0172574
0.0171959
0.0172141
0.017152
0.0171719
0.0171105
0.0171306
0.0170716
0.0170903
0.017035
0.0170514
0.0170003
0.0170147
0.0169672
0.016981
0.0169354
0.0169508
0.0169057
0.0169234
0.0168805
0.0168973
0.0168623
0.0168723
0.0168516
0.0168532
0.016846
0.0168446
0.0168445
0.0168527
0.0168515
0.0168722
0.0168749
0.0169182
0.016935
0.0170021
0.0170342
0.0171128
0.0171933
0.0173407
0.017507
0.0216882
0.0212992
0.0209839
0.0207185
0.0204926
0.0202935
0.0201193
0.0199604
0.0198195
0.0196874
0.0195695
0.0194562
0.0193553
0.019256
0.0191682
0.0190795
0.0190021
0.0189217
0.0188529
0.0187792
0.0187175
0.0186493
0.0185937
0.01853
0.0184796
0.0184196
0.0183738
0.018317
0.0182753
0.0182212
0.0181832
0.0181313
0.0180967
0.0180467
0.0180152
0.0179667
0.0179382
0.017891
0.0178653
0.017819
0.017796
0.0177505
0.01773
0.0176851
0.0176669
0.0176228
0.0176066
0.0175631
0.0175487
0.0175061
0.017493
0.0174515
0.0174395
0.0173991
0.017388
0.0173487
0.0173386
0.0172999
0.0172914
0.0172526
0.0172462
0.017207
0.0172026
0.0171634
0.0171602
0.0171222
0.0171185
0.0170836
0.0170776
0.0170476
0.0170381
0.0170133
0.0170012
0.0169799
0.0169678
0.0169475
0.0169377
0.0169177
0.0169099
0.0168921
0.0168847
0.0168713
0.0168635
0.016855
0.016849
0.0168438
0.016843
0.0168393
0.0168472
0.0168451
0.0168629
0.0168687
0.0168992
0.0169112
0.0169593
0.0169784
0.0170305
0.0170883
0.0172307
0.017348
0.021688
0.0212994
0.0209836
0.0207188
0.0204922
0.020294
0.0201187
0.0199611
0.0198187
0.0196882
0.0195685
0.0194573
0.0193542
0.0192573
0.0191668
0.019081
0.0190005
0.0189236
0.018851
0.0187813
0.0187154
0.0186517
0.0185912
0.0185326
0.0184768
0.0184225
0.0183708
0.0183202
0.018272
0.0182247
0.0181795
0.0181351
0.0180927
0.0180508
0.018011
0.0179711
0.0179337
0.0178956
0.0178605
0.0178239
0.0177909
0.0177557
0.0177245
0.0176907
0.0176611
0.0176287
0.0176005
0.0175694
0.0175423
0.0175126
0.0174864
0.0174582
0.0174327
0.0174059
0.0173811
0.0173555
0.0173317
0.0173067
0.0172844
0.0172596
0.017239
0.0172142
0.0171951
0.0171709
0.0171523
0.01713
0.0171105
0.0170912
0.0170702
0.0170542
0.0170321
0.0170183
0.0169967
0.0169834
0.0169644
0.0169499
0.0169353
0.0169184
0.0169094
0.0168901
0.0168863
0.0168663
0.0168663
0.016848
0.0168512
0.0168346
0.016845
0.0168235
0.0168509
0.016821
0.0168643
0.0168472
0.016876
0.016895
0.0169367
0.0169429
0.016996
0.0170094
0.0171296
0.0172161
0.021688
0.0212994
0.0209836
0.0207188
0.0204922
0.020294
0.0201187
0.0199611
0.0198187
0.0196882
0.0195686
0.0194573
0.0193542
0.0192573
0.0191668
0.0190811
0.0190005
0.0189236
0.018851
0.0187814
0.0187153
0.0186517
0.0185912
0.0185326
0.0184768
0.0184225
0.0183709
0.0183202
0.0182721
0.0182246
0.0181797
0.0181349
0.018093
0.0180505
0.0180113
0.0179708
0.0179341
0.0178952
0.0178609
0.0178234
0.0177914
0.017755
0.0177252
0.0176899
0.017662
0.0176277
0.0176015
0.0175682
0.0175435
0.0175112
0.0174878
0.0174565
0.0174344
0.0174039
0.0173831
0.0173531
0.0173339
0.0173041
0.0172868
0.0172568
0.0172414
0.0172113
0.0171975
0.0171679
0.0171546
0.0171267
0.017113
0.0170874
0.0170731
0.0170496
0.0170355
0.0170129
0.0170008
0.0169773
0.0169688
0.0169435
0.0169397
0.0169116
0.0169141
0.016882
0.016892
0.0168567
0.0168723
0.0168386
0.0168563
0.016825
0.0168494
0.0168133
0.01685
0.0168131
0.0168585
0.0168332
0.016869
0.0168723
0.0168986
0.0169122
0.0169446
0.0169702
0.0170335
0.0171077
0.0216881
0.0212993
0.0209838
0.0207186
0.0204924
0.0202937
0.020119
0.0199608
0.0198191
0.0196878
0.019569
0.0194568
0.0193547
0.0192567
0.0191675
0.0190803
0.0190013
0.0189227
0.0188519
0.0187803
0.0187164
0.0186505
0.0185925
0.0185311
0.0184784
0.0184207
0.0183727
0.0183181
0.0182742
0.0182223
0.0181821
0.0181324
0.0180956
0.0180478
0.0180141
0.0179679
0.0179371
0.0178921
0.0178641
0.01782
0.0177949
0.0177515
0.0177288
0.0176862
0.0176657
0.0176239
0.0176053
0.0175643
0.0175475
0.0175071
0.0174921
0.017452
0.0174392
0.0173988
0.0173886
0.0173473
0.0173403
0.0172974
0.017294
0.0172493
0.0172494
0.0172031
0.0172061
0.0171592
0.0171637
0.0171179
0.0171221
0.0170788
0.0170818
0.0170417
0.0170434
0.0170061
0.0170073
0.0169716
0.0169749
0.0169374
0.0169468
0.0169045
0.0169223
0.0168744
0.0168999
0.0168504
0.0168776
0.0168342
0.0168577
0.0168223
0.0168461
0.0168123
0.0168432
0.0168119
0.0168445
0.0168257
0.0168536
0.0168476
0.0168767
0.0168884
0.0169076
0.0169261
0.0169482
0.0170096
0.0216882
0.0212992
0.0209838
0.0207186
0.0204925
0.0202936
0.0201191
0.0199607
0.0198192
0.0196877
0.0195691
0.0194566
0.0193549
0.0192565
0.0191677
0.0190801
0.0190015
0.0189224
0.0188523
0.0187798
0.018717
0.0186499
0.0185932
0.0185304
0.0184792
0.01842
0.0183735
0.0183173
0.0182751
0.0182214
0.018183
0.0181315
0.0180965
0.0180469
0.018015
0.0179669
0.017938
0.0178911
0.017865
0.0178192
0.0177957
0.0177507
0.0177296
0.0176854
0.0176665
0.017623
0.0176062
0.0175634
0.0175484
0.0175061
0.0174931
0.0174509
0.0174402
0.0173977
0.0173896
0.0173463
0.0173411
0.0172965
0.0172948
0.0172484
0.0172502
0.017202
0.0172071
0.0171579
0.0171649
0.0171163
0.0171235
0.0170773
0.017083
0.0170404
0.017044
0.0170053
0.0170073
0.0169713
0.0169738
0.0169377
0.0169443
0.0169048
0.0169188
0.0168744
0.0168959
0.0168497
0.0168728
0.0168339
0.0168497
0.0168242
0.0168361
0.0168124
0.0168353
0.0168045
0.0168374
0.0168232
0.0168415
0.0168351
0.0168516
0.0168581
0.0168736
0.0168856
0.0168815
0.0169543
0.0216881
0.0212993
0.0209837
0.0207187
0.0204923
0.0202938
0.0201189
0.0199609
0.0198189
0.019688
0.0195688
0.019457
0.0193545
0.0192569
0.0191673
0.0190805
0.0190011
0.0189228
0.0188519
0.0187803
0.0187165
0.0186504
0.0185926
0.018531
0.0184785
0.0184207
0.0183727
0.0183182
0.0182741
0.0182224
0.0181819
0.0181327
0.0180952
0.0180483
0.0180135
0.0179685
0.0179363
0.0178929
0.0178631
0.0178211
0.0177936
0.0177528
0.0177274
0.0176876
0.0176642
0.0176253
0.0176037
0.0175656
0.017546
0.0175083
0.0174908
0.0174531
0.0174378
0.0174
0.0173868
0.017349
0.0173378
0.0172997
0.0172909
0.017252
0.0172459
0.0172059
0.0172026
0.0171616
0.0171606
0.0171197
0.0171192
0.0170807
0.0170781
0.0170447
0.0170377
0.017011
0.0169994
0.0169782
0.0169653
0.0169448
0.0169364
0.0169115
0.0169116
0.0168806
0.0168884
0.0168563
0.0168652
0.0168396
0.0168436
0.0168261
0.0168323
0.0168135
0.0168246
0.0168132
0.0168162
0.0168234
0.0168262
0.0168302
0.016829
0.0168413
0.0168309
0.0168686
0.0168497
0.0168851
0.021688
0.0212995
0.0209835
0.0207189
0.0204921
0.0202941
0.0201186
0.0199612
0.0198186
0.0196884
0.0195684
0.0194575
0.019354
0.0192575
0.0191666
0.0190812
0.0190003
0.0189237
0.0188509
0.0187814
0.0187153
0.0186517
0.0185912
0.0185326
0.0184768
0.0184225
0.0183707
0.0183203
0.0182719
0.0182249
0.0181794
0.0181354
0.0180924
0.0180512
0.0180105
0.0179716
0.0179332
0.0178961
0.0178599
0.0178244
0.0177903
0.0177561
0.017724
0.017691
0.0176607
0.0176289
0.0176001
0.0175694
0.017542
0.0175124
0.0174864
0.0174577
0.0174329
0.0174051
0.0173815
0.0173544
0.0173321
0.0173056
0.0172846
0.0172584
0.0172389
0.0172131
0.0171947
0.0171699
0.0171515
0.0171289
0.0171093
0.0170901
0.0170686
0.0170528
0.01703
0.0170166
0.0169942
0.0169817
0.0169613
0.0169482
0.0169317
0.0169163
0.0169047
0.016888
0.0168794
0.0168639
0.0168569
0.0168436
0.0168384
0.0168273
0.0168239
0.0168178
0.0168109
0.0168142
0.0168062
0.0168244
0.0168033
0.0168276
0.0168004
0.0168286
0.0168019
0.0168294
0.0168098
0.0168495
0.0216879
0.0212996
0.0209834
0.0207191
0.0204919
0.0202943
0.0201184
0.0199615
0.0198183
0.0196887
0.019568
0.0194578
0.0193536
0.019258
0.0191661
0.0190818
0.0189997
0.0189244
0.0188501
0.0187823
0.0187144
0.0186527
0.0185901
0.0185337
0.0184756
0.0184238
0.0183694
0.0183217
0.0182705
0.0182263
0.0181778
0.018137
0.0180908
0.0180529
0.0180087
0.0179734
0.0179312
0.0178981
0.0178578
0.0178266
0.0177879
0.0177586
0.0177213
0.0176939
0.0176576
0.0176322
0.0175964
0.0175733
0.0175378
0.0175169
0.0174816
0.0174626
0.0174277
0.0174103
0.0173761
0.0173596
0.0173268
0.0173105
0.0172796
0.0172629
0.0172344
0.0172171
0.0171906
0.0171733
0.0171481
0.0171318
0.0171064
0.0170926
0.017066
0.0170551
0.0170275
0.0170191
0.0169914
0.016984
0.0169585
0.01695
0.016928
0.0169189
0.0168995
0.0168911
0.0168736
0.0168671
0.0168505
0.0168474
0.0168298
0.0168321
0.0168157
0.0168203
0.0168038
0.016817
0.0167927
0.0168239
0.0167909
0.0168202
0.0167846
0.0168223
0.0167817
0.0168242
0.0167783
0.0168243
0.0216879
0.0212997
0.0209834
0.0207192
0.0204919
0.0202944
0.0201183
0.0199617
0.0198181
0.0196889
0.0195678
0.0194581
0.0193533
0.0192583
0.0191658
0.0190822
0.0189993
0.0189249
0.0188496
0.0187829
0.0187137
0.0186534
0.0185894
0.0185345
0.0184748
0.0184247
0.0183685
0.0183227
0.0182694
0.0182274
0.0181766
0.0181382
0.0180894
0.0180543
0.0180072
0.017975
0.0179295
0.0178999
0.0178559
0.0178286
0.0177859
0.0177607
0.0177191
0.017696
0.0176553
0.0176344
0.0175942
0.0175754
0.0175356
0.017519
0.0174793
0.0174648
0.0174254
0.0174125
0.0173737
0.017362
0.0173243
0.017313
0.0172771
0.0172656
0.0172317
0.0172199
0.0171878
0.0171762
0.0171451
0.0171347
0.0171034
0.0170953
0.017063
0.0170577
0.0170247
0.0170213
0.0169887
0.0169866
0.0169549
0.0169539
0.0169231
0.0169237
0.0168942
0.0168959
0.0168683
0.0168721
0.0168435
0.0168539
0.0168216
0.0168374
0.0168069
0.0168242
0.0167936
0.0168207
0.016787
0.0168181
0.0167786
0.0168147
0.0167716
0.0168124
0.0167637
0.0168039
0.0167609
0.0167921
0.0216878
0.0212997
0.0209833
0.0207192
0.0204918
0.0202945
0.0201181
0.0199618
0.019818
0.019689
0.0195676
0.0194583
0.0193531
0.0192585
0.0191655
0.0190825
0.018999
0.0189252
0.0188493
0.0187832
0.0187134
0.0186538
0.018589
0.0185349
0.0184743
0.0184252
0.018368
0.0183232
0.0182688
0.0182281
0.0181759
0.0181391
0.0180885
0.0180552
0.0180062
0.0179761
0.0179284
0.0179011
0.0178546
0.0178298
0.0177845
0.017762
0.0177178
0.0176974
0.017654
0.0176357
0.0175928
0.0175768
0.0175342
0.0175203
0.017478
0.017466
0.0174241
0.0174135
0.0173726
0.0173627
0.0173234
0.0173136
0.017276
0.0172663
0.0172302
0.017221
0.0171856
0.0171781
0.0171419
0.0171374
0.0170996
0.0170982
0.0170592
0.0170604
0.0170206
0.0170244
0.016984
0.0169898
0.0169503
0.0169572
0.0169187
0.0169265
0.0168899
0.0168984
0.0168625
0.0168768
0.0168355
0.0168583
0.016814
0.0168404
0.0168003
0.0168268
0.0167859
0.0168163
0.016786
0.016809
0.0167778
0.0168035
0.0167655
0.0167947
0.0167588
0.0167797
0.016757
0.0167554
0.0216878
0.0212997
0.0209833
0.0207193
0.0204917
0.0202946
0.0201181
0.0199619
0.0198179
0.0196891
0.0195675
0.0194584
0.0193529
0.0192587
0.0191654
0.0190827
0.0189988
0.0189254
0.0188491
0.0187834
0.0187132
0.018654
0.0185887
0.0185352
0.018474
0.0184255
0.0183676
0.0183236
0.0182684
0.0182286
0.0181754
0.0181396
0.018088
0.0180558
0.0180055
0.0179768
0.0179277
0.0179018
0.0178539
0.0178306
0.0177837
0.0177629
0.0177169
0.0176983
0.0176529
0.0176368
0.0175916
0.0175779
0.017533
0.0175214
0.0174769
0.0174669
0.0174232
0.0174142
0.017372
0.0173632
0.0173228
0.0173141
0.0172753
0.0172671
0.0172291
0.0172223
0.0171841
0.0171796
0.0171404
0.0171388
0.0170979
0.0170997
0.0170574
0.017062
0.0170189
0.0170255
0.0169827
0.0169904
0.0169489
0.0169573
0.0169168
0.0169274
0.0168862
0.0169005
0.0168589
0.0168776
0.0168355
0.0168551
0.0168175
0.0168322
0.0168056
0.0168129
0.0167964
0.016812
0.0167886
0.0168002
0.0167783
0.0167938
0.0167678
0.0167801
0.0167535
0.016754
0.0167406
0.0167299
0.0216878
0.0212997
0.0209833
0.0207193
0.0204917
0.0202945
0.0201181
0.0199618
0.019818
0.0196891
0.0195676
0.0194584
0.019353
0.0192586
0.0191654
0.0190826
0.0189989
0.0189253
0.0188492
0.0187833
0.0187133
0.0186538
0.0185889
0.018535
0.0184743
0.0184252
0.0183679
0.0183232
0.0182688
0.0182281
0.0181758
0.0181391
0.0180885
0.0180552
0.0180061
0.0179761
0.0179283
0.017901
0.0178546
0.0178298
0.0177845
0.017762
0.0177175
0.0176975
0.0176536
0.017636
0.0175923
0.0175771
0.0175336
0.0175205
0.0174774
0.017466
0.0174238
0.0174132
0.0173726
0.017362
0.0173236
0.0173126
0.0172763
0.0172653
0.0172303
0.0172201
0.0171855
0.0171774
0.0171416
0.0171369
0.017099
0.0170975
0.0170589
0.0170587
0.0170216
0.0170206
0.0169865
0.0169844
0.0169537
0.016952
0.0169205
0.0169227
0.0168891
0.0168957
0.0168626
0.016868
0.0168417
0.0168437
0.0168248
0.0168194
0.0168156
0.0168016
0.0168017
0.0167972
0.0167911
0.0167914
0.0167769
0.0167779
0.0167642
0.0167645
0.0167513
0.0167412
0.0167379
0.0167154
0.0216879
0.0212997
0.0209834
0.0207192
0.0204918
0.0202944
0.0201182
0.0199617
0.0198181
0.0196889
0.0195678
0.0194581
0.0193532
0.0192583
0.0191657
0.0190823
0.0189992
0.018925
0.0188496
0.0187829
0.0187138
0.0186533
0.0185895
0.0185344
0.0184749
0.0184245
0.0183687
0.0183224
0.0182696
0.0182272
0.0181768
0.018138
0.0180896
0.018054
0.0180074
0.0179747
0.0179297
0.0178996
0.0178561
0.0178283
0.017786
0.0177604
0.0177192
0.0176958
0.0176553
0.0176342
0.0175941
0.0175754
0.0175353
0.0175188
0.0174792
0.0174641
0.0174256
0.0174112
0.0173746
0.0173599
0.0173257
0.0173104
0.0172785
0.017263
0.0172324
0.0172179
0.0171872
0.0171753
0.0171435
0.0171341
0.0171015
0.0170939
0.0170621
0.017054
0.0170256
0.0170152
0.0169904
0.0169794
0.0169555
0.0169474
0.0169218
0.0169194
0.01689
0.0168898
0.0168649
0.0168618
0.0168429
0.0168365
0.0168253
0.0168127
0.0168093
0.0167957
0.0168006
0.0167877
0.0167854
0.0167776
0.0167689
0.0167648
0.0167575
0.0167521
0.0167416
0.0167324
0.0167222
0.0167128
0.0216879
0.0212996
0.0209834
0.0207191
0.020492
0.0202943
0.0201184
0.0199615
0.0198183
0.0196887
0.0195681
0.0194578
0.0193536
0.0192579
0.0191661
0.0190818
0.0189997
0.0189244
0.0188502
0.0187822
0.0187145
0.0186526
0.0185903
0.0185336
0.0184758
0.0184236
0.0183696
0.0183214
0.0182707
0.018226
0.0181781
0.0181366
0.0180911
0.0180524
0.0180091
0.0179729
0.0179316
0.0178976
0.0178581
0.017826
0.0177883
0.017758
0.0177216
0.0176933
0.0176578
0.0176316
0.0175966
0.0175726
0.017538
0.0175159
0.0174821
0.0174611
0.0174286
0.0174081
0.0173777
0.0173568
0.0173288
0.0173073
0.0172815
0.01726
0.0172354
0.0172148
0.0171906
0.0171717
0.0171473
0.0171298
0.0171062
0.0170887
0.0170678
0.0170483
0.0170312
0.0170106
0.0169948
0.0169759
0.0169602
0.0169438
0.0169252
0.0169143
0.0168959
0.0168841
0.0168709
0.0168581
0.0168462
0.0168358
0.0168249
0.0168146
0.0168136
0.0167999
0.0168022
0.0167858
0.0167922
0.0167823
0.0167727
0.016766
0.0167588
0.0167537
0.0167404
0.0167303
0.0167149
0.0167036
0.0216879
0.0212995
0.0209835
0.020719
0.020492
0.0202942
0.0201185
0.0199614
0.0198185
0.0196885
0.0195682
0.0194576
0.0193538
0.0192577
0.0191664
0.0190815
0.019
0.0189241
0.0188505
0.0187818
0.0187149
0.0186522
0.0185907
0.0185331
0.0184762
0.0184231
0.0183702
0.0183208
0.0182713
0.0182253
0.0181788
0.0181358
0.0180919
0.0180515
0.01801
0.0179719
0.0179326
0.0178965
0.0178592
0.0178249
0.0177894
0.0177568
0.0177228
0.017692
0.0176591
0.0176301
0.017598
0.017571
0.0175396
0.017514
0.0174838
0.0174592
0.0174302
0.0174062
0.017379
0.0173551
0.0173297
0.0173058
0.0172821
0.0172584
0.0172358
0.0172129
0.0171911
0.017169
0.017148
0.0171266
0.0171065
0.0170853
0.017067
0.0170453
0.0170289
0.0170073
0.0169915
0.0169718
0.016956
0.0169382
0.0169214
0.0169074
0.0168897
0.0168767
0.0168626
0.0168501
0.0168356
0.0168255
0.0168148
0.016803
0.0167991
0.0167838
0.0167912
0.0167721
0.0167788
0.0167662
0.0167589
0.0167544
0.0167473
0.0167448
0.0167274
0.0167219
0.016704
0.0166941
0.018685
0.0186923
0.0189152
0.0189167
0.0189356
0.0190634
0.0189898
0.0194695
0.0194552
0.0199243
0.0184204
0.0184916
0.0184254
0.0184401
0.0183728
0.0184999
0.018493
0.0187631
0.0186434
0.0192459
0.0180252
0.0180067
0.0180286
0.0180471
0.0181427
0.0182468
0.0182566
0.0183818
0.0184464
0.0186818
0.0177299
0.0177823
0.0177927
0.0177981
0.0177983
0.0177831
0.017813
0.0178564
0.018002
0.018045
0.0175152
0.0175341
0.0175202
0.0175355
0.0175426
0.0175931
0.0176468
0.0177181
0.0178053
0.0178221
0.0173542
0.0173523
0.0173529
0.0173534
0.0173661
0.0173821
0.0174201
0.0174448
0.0175215
0.0176008
0.0172227
0.0172185
0.01722
0.0172196
0.0172283
0.0172471
0.0172679
0.0172986
0.0173478
0.0174266
0.0171094
0.0171067
0.0171088
0.0171094
0.0171173
0.0171269
0.0171495
0.0171719
0.017216
0.0172638
0.01702
0.0170239
0.0170077
0.0170174
0.0170011
0.0170276
0.0170275
0.0170666
0.0170878
0.0171404
0.0169486
0.0169356
0.0169308
0.0169285
0.0169277
0.0169419
0.0169487
0.016973
0.0169978
0.0170267
0.0168803
0.0168747
0.016869
0.0168762
0.0168683
0.0168858
0.0168848
0.0169091
0.0169234
0.0169535
0.0168272
0.0168304
0.016812
0.0168236
0.016809
0.0168269
0.0168236
0.0168426
0.0168579
0.0168765
0.0167945
0.0168025
0.0167813
0.0167898
0.0167736
0.0167882
0.0167798
0.0168042
0.0168015
0.0168422
0.0167715
0.0167728
0.0167581
0.0167602
0.0167488
0.0167564
0.0167486
0.0167668
0.0167637
0.016795
0.0167573
0.0167362
0.0167443
0.0167222
0.0167349
0.0167176
0.0167321
0.0167241
0.0167406
0.0167416
0.016733
0.0167097
0.0167192
0.016693
0.0167081
0.0166855
0.0167057
0.0166903
0.0167162
0.0167088
0.0167202
0.0166954
0.0167059
0.0166767
0.0166945
0.0166673
0.0166892
0.016672
0.0166923
0.0166917
0.0167029
0.0166903
0.0166883
0.0166693
0.0166759
0.0166573
0.0166693
0.0166587
0.016669
0.0166679
0.0166946
0.0166814
0.0166805
0.0166637
0.0166689
0.0166538
0.0166643
0.016655
0.0166656
0.0166702
0.0166848
0.0166702
0.0166694
0.016651
0.0166535
0.0166403
0.0166406
0.0166374
0.0166388
0.0166421
)
;

boundaryField
{
    down
    {
        type            symmetryPlane;
    }
    right
    {
        type            calculated;
        value           nonuniform List<scalar> 
30
(
1.42742
1.40873
1.37298
1.32173
1.25557
1.17213
1.06814
0.940578
0.786922
0.606558
0.403552
0.181012
0.038534
0.0187605
0.0177883
0.0174333
0.0171706
0.0168767
0.0167028
0.0165993
0.0164614
0.0163747
0.016344
0.016253
0.0162505
0.0162396
0.0161485
0.0161682
0.0160867
0.0160851
)
;
    }
    up
    {
        type            zeroGradient;
    }
    left
    {
        type            calculated;
        value           uniform 0.0218017;
    }
    cylinder
    {
        type            nutkWallFunction;
        Cmu             0.09;
        kappa           0.41;
        E               9.8;
        value           nonuniform List<scalar> 
40
(
0.00696651
0.00690917
0.00653944
0.00561459
0.00561835
0.00600785
0.00608425
0.00614032
0.00613651
0.00613479
0.00671212
0.00664483
0.0065299
0.00636471
0.00614305
0.00591914
0.00571696
0.00566798
0.00579234
0.00613177
0.00562381
0.00573094
0.00578363
0.00589812
0.00594858
0.00599458
0.00602593
0.00605989
0.00608786
0.00611371
0.00501992
0.00496377
0.00499088
0.00506696
0.00515713
0.00524037
0.00530895
0.0053914
0.00546459
0.00555724
)
;
    }
    defaultFaces
    {
        type            empty;
    }
}


// ************************************************************************* //
