/*--------------------------------*- C++ -*----------------------------------*\
  =========                 |
  \\      /  F ield         | OpenFOAM: The Open Source CFD Toolbox
   \\    /   O peration     | Website:  https://openfoam.org
    \\  /    A nd           | Version:  8
     \\/     M anipulation  |
\*---------------------------------------------------------------------------*/
FoamFile
{
    version     2.0;
    format      ascii;
    class       volScalarField;
    location    "20.000098150058701";
    object      r_het;
}
// * * * * * * * * * * * * * * * * * * * * * * * * * * * * * * * * * * * * * //

dimensions      [0 1 0 0 0 0 0];

internalField   nonuniform List<scalar> 
6800
(
0.00325445
0.0032671
0.00326336
0.00323836
0.0031903
0.00319305
0.00321587
0.00328763
0.00349412
0.00378568
0.00325519
0.00327626
0.00325409
0.00318067
0.00317957
0.0032043
0.00330842
0.00359133
0.00418311
0.00456905
0.00325358
0.00328074
0.00321141
0.00315846
0.00317971
0.00330132
0.00371108
0.00430277
0.0047234
0.0049779
0.00326968
0.00328491
0.00315104
0.00315159
0.00325952
0.00370854
0.00433603
0.00473849
0.0050181
0.00518175
0.00356814
0.00327878
0.0031059
0.00316313
0.00356583
0.00426358
0.00469689
0.00497399
0.00520659
0.00530648
0.00357244
0.00307856
0.00308989
0.00332611
0.00409345
0.00457885
0.00491491
0.00521008
0.00535246
0.00537141
0.00356899
0.00301913
0.00311308
0.00370845
0.00435612
0.00479658
0.00517558
0.00535629
0.00540872
0.00540107
0.00357591
0.00293753
0.00324909
0.00398395
0.00471026
0.00504324
0.00529826
0.00543978
0.00546661
0.00546435
0.00358566
0.0028949
0.00343292
0.00424747
0.00486442
0.00513404
0.00543556
0.00553042
0.00552167
0.00551588
0.00359655
0.0028803
0.00362936
0.00445055
0.00509343
0.00534172
0.00553454
0.00560367
0.00560954
0.00561137
0.00324627
0.00324684
0.00324769
0.0032481
0.00324829
0.00324843
0.0032485
0.0032485
0.00324834
0.0032483
0.00324632
0.00324699
0.00324765
0.0032479
0.00324794
0.0032477
0.00324752
0.00324725
0.00324689
0.00324661
0.00324652
0.00324703
0.00324743
0.00324746
0.00324687
0.00324651
0.00324631
0.00324601
0.00324574
0.00324546
0.00324687
0.00324707
0.00324716
0.00324665
0.00324613
0.00324593
0.00324579
0.00324561
0.00324533
0.00324488
0.00324718
0.0032471
0.00324678
0.00324626
0.00324593
0.00324577
0.00324571
0.00324562
0.00324523
0.00324353
0.00324745
0.00324715
0.0032467
0.00324608
0.00324564
0.0032456
0.00324556
0.00324549
0.00324359
0.00323994
0.00324769
0.00324721
0.00324666
0.00324592
0.00324561
0.00324603
0.00324483
0.00324388
0.00323333
0.00323721
0.00324809
0.0032473
0.00324654
0.00324696
0.00324818
0.00324695
0.00324001
0.00322877
0.00322568
0.0032426
0.0032485
0.00324738
0.00324878
0.00325316
0.00324907
0.003237
0.00321358
0.00321595
0.00322359
0.00328356
0.00325029
0.00324802
0.00326057
0.00325503
0.00323246
0.00320178
0.0032046
0.00321982
0.00326671
0.00343802
0.00324818
0.00324795
0.0032474
0.00324698
0.00324629
0.00324572
0.0032449
0.00324424
0.00324335
0.00324266
0.00324171
0.00324105
0.00324004
0.00323942
0.00323846
0.00323785
0.00323723
0.00323643
0.00323585
0.00323518
0.00323478
0.0032343
0.00323397
0.00323371
0.00323343
0.00323332
0.00323311
0.00323302
0.00323306
0.00323304
0.00323307
0.00323318
0.00323334
0.00323341
0.00323371
0.00323378
0.00323391
0.00323398
0.00323408
0.00323379
0.00323403
0.00323387
0.00323384
0.00323395
0.00323406
0.0032342
0.00323449
0.00323457
0.00323453
0.00323461
0.00323489
0.00323529
0.00323576
0.00323627
0.00323678
0.0032373
0.00323777
0.00323823
0.00323861
0.00323898
0.00323926
0.00323952
0.00323971
0.00323985
0.00323998
0.00324004
0.00324011
0.00324015
0.00324018
0.00324019
0.0032402
0.00324021
0.00324022
0.00324023
0.00324022
0.00324021
0.00324018
0.00324013
0.00324004
0.00323998
0.00323989
0.00323982
0.00323973
0.00323965
0.00323951
0.00323941
0.0032392
0.00323907
0.00323879
0.00323862
0.00323828
0.00323807
0.00323765
0.00323741
0.00323691
0.00323664
0.00323607
0.00323581
0.00323515
0.00323496
0.00324615
0.00324597
0.00324527
0.00324494
0.00324422
0.00324383
0.00324304
0.00324262
0.00324183
0.00324138
0.00324062
0.00324022
0.00323964
0.00323913
0.0032386
0.003238
0.00323778
0.00323733
0.00323719
0.00323719
0.00323725
0.00323746
0.00323773
0.00323826
0.00323873
0.00323935
0.00323987
0.00324058
0.00324105
0.00324191
0.0032425
0.0032434
0.00324467
0.00324533
0.00324651
0.00324723
0.00324809
0.00324947
0.00324982
0.00324997
0.00324957
0.0032498
0.00325046
0.00325129
0.00325227
0.00325335
0.00325449
0.00325574
0.00325698
0.00325831
0.00325958
0.0032609
0.00326212
0.00326336
0.0032645
0.00326561
0.00326661
0.00326755
0.00326841
0.00326916
0.00326985
0.00327042
0.00327093
0.00327135
0.0032717
0.00327201
0.00327225
0.00327244
0.00327265
0.00327276
0.00327294
0.00327302
0.00327321
0.00327334
0.00327355
0.00327372
0.00327391
0.00327412
0.00327424
0.00327438
0.00327464
0.00327463
0.00327463
0.00327462
0.00327474
0.00327478
0.00327483
0.00327485
0.00327488
0.00327478
0.0032748
0.00327475
0.00327445
0.00327431
0.00327416
0.00327387
0.00327374
0.00327346
0.00327341
0.00327338
0.00324504
0.00324463
0.0032438
0.00324339
0.00324263
0.00324224
0.00324163
0.00324119
0.00324072
0.00324047
0.00324004
0.0032397
0.00323944
0.00323908
0.00323892
0.00323891
0.00323908
0.0032392
0.00323955
0.00324011
0.00324096
0.00324211
0.00324332
0.00324492
0.00324643
0.00324831
0.00325001
0.00325196
0.00325369
0.0032556
0.00325726
0.00325915
0.00326073
0.00326267
0.00326442
0.00326645
0.00326843
0.00327054
0.00327275
0.00327506
0.00327748
0.00327997
0.00328255
0.00328518
0.00328788
0.00329059
0.00329333
0.003296
0.0032987
0.00330127
0.00330387
0.00330634
0.0033088
0.00331118
0.00331348
0.00331576
0.00331789
0.00332002
0.00332196
0.0033239
0.0033256
0.00332731
0.00332873
0.00333018
0.0033313
0.0033325
0.00333334
0.00333431
0.00333495
0.00333574
0.00333623
0.00333692
0.00333734
0.00333798
0.00333838
0.003339
0.0033394
0.00334001
0.00334041
0.003341
0.00334138
0.00334193
0.00334229
0.0033428
0.00334311
0.00334354
0.0033438
0.00334416
0.00334436
0.00334466
0.00334481
0.00334506
0.00334518
0.00334537
0.00334546
0.00334562
0.00334571
0.00334583
0.00334599
0.00334624
0.00324428
0.00324332
0.00324244
0.00324184
0.00324147
0.00324098
0.00324076
0.00324051
0.00324023
0.00324019
0.00323997
0.00324006
0.00324028
0.00324052
0.00324104
0.00324142
0.00324224
0.00324294
0.00324434
0.00324591
0.0032481
0.00325052
0.0032535
0.00325676
0.00326039
0.00326431
0.0032683
0.00327255
0.00327666
0.00328107
0.00328515
0.00328968
0.00329376
0.00329849
0.00330268
0.00330775
0.00331223
0.00331772
0.00332256
0.00332844
0.00333356
0.00333963
0.00334485
0.00335088
0.00335602
0.00336187
0.00336677
0.0033723
0.00337688
0.00338205
0.00338634
0.0033912
0.00339526
0.00339989
0.00340382
0.00340826
0.00341209
0.00341634
0.00342004
0.00342403
0.00342754
0.00343118
0.0034344
0.0034376
0.00344044
0.00344316
0.00344558
0.00344782
0.00344986
0.00345164
0.00345342
0.0034548
0.00345641
0.00345751
0.00345893
0.00345991
0.00346117
0.00346191
0.00346306
0.00346396
0.00346489
0.00346595
0.00346727
0.00346833
0.00346915
0.00346995
0.00347062
0.0034712
0.00347261
0.00347387
0.00347472
0.00347581
0.00347639
0.00347622
0.00347752
0.00347775
0.00347813
0.00347809
0.00347813
0.00347814
0.00324339
0.00324292
0.00324232
0.0032417
0.00324144
0.00324087
0.00324088
0.00324096
0.00324135
0.00324181
0.00324245
0.00324289
0.00324386
0.0032445
0.00324576
0.00324675
0.00324872
0.00325064
0.00325367
0.00325713
0.00326144
0.00326656
0.0032724
0.00327907
0.00328633
0.00329409
0.00330232
0.00331056
0.00331923
0.00332767
0.00333643
0.00334509
0.003354
0.00336305
0.00337238
0.00338207
0.00339198
0.00340239
0.00341283
0.00342386
0.00343448
0.00344573
0.00345625
0.00346726
0.00347733
0.00348781
0.0034972
0.0035069
0.00351548
0.00352441
0.0035323
0.00354066
0.00354809
0.00355608
0.00356327
0.00357105
0.0035781
0.0035857
0.00359259
0.00359994
0.00360657
0.00361352
0.00361975
0.00362619
0.00363192
0.00363778
0.00364299
0.00364829
0.00365305
0.00365782
0.00366232
0.00366659
0.00367095
0.00367485
0.00367893
0.00368266
0.00368633
0.00368971
0.00369303
0.00369573
0.00369892
0.00370121
0.00370393
0.00370572
0.00370791
0.00370998
0.00371168
0.0037138
0.00371577
0.00371812
0.00371954
0.0037213
0.00372285
0.00372397
0.00372578
0.00372731
0.00372854
0.00373113
0.0037317
0.0037325
0.00323998
0.00324058
0.00324009
0.0032401
0.00324065
0.00324184
0.00324277
0.00324397
0.00324496
0.00324608
0.00324729
0.00324859
0.00325037
0.00325207
0.00325468
0.0032575
0.00326166
0.00326638
0.00327268
0.00327988
0.00328879
0.00329902
0.00331077
0.00332396
0.00333814
0.00335339
0.00336909
0.00338524
0.0034017
0.00341814
0.00343484
0.00345161
0.00346867
0.00348597
0.00350383
0.00352192
0.00354084
0.00355984
0.00357963
0.00359937
0.00361907
0.00363882
0.00365796
0.00367687
0.00369485
0.00371255
0.00372902
0.00374509
0.00375991
0.00377474
0.00378883
0.00380305
0.00381655
0.00383037
0.00384349
0.00385709
0.00386997
0.00388338
0.00389597
0.00390903
0.00392116
0.00393363
0.0039451
0.00395672
0.00396738
0.00397805
0.00398785
0.0039976
0.00400665
0.0040156
0.00402408
0.00403236
0.00404047
0.00404807
0.00405598
0.00406267
0.00407039
0.0040761
0.00408295
0.00408825
0.00409319
0.00409783
0.00410164
0.00410578
0.00410896
0.00411245
0.00411551
0.00411842
0.00412218
0.00412461
0.00412878
0.00413114
0.00413562
0.00413624
0.00414078
0.00414159
0.0041429
0.00413907
0.00414151
0.00414215
0.00323895
0.00324071
0.00324236
0.00324377
0.00324539
0.00324694
0.00324849
0.00325035
0.00325211
0.00325446
0.00325695
0.00326025
0.00326395
0.00326876
0.00327447
0.00328188
0.00329061
0.00330174
0.00331445
0.00333025
0.00334792
0.00336918
0.00339212
0.0034182
0.00344543
0.0034742
0.00350391
0.00353416
0.00356497
0.00359552
0.0036263
0.00365703
0.00368769
0.00371863
0.00374977
0.00378258
0.00381683
0.00385089
0.00388599
0.00391969
0.00395299
0.00398486
0.00401578
0.00404445
0.00407211
0.00409755
0.00412165
0.00414364
0.00416411
0.00418246
0.00419906
0.00421418
0.00422805
0.00424089
0.00425278
0.00426391
0.00427428
0.00428402
0.0042931
0.0043017
0.00430968
0.00431727
0.00432429
0.00433098
0.00433715
0.00434303
0.0043485
0.00435366
0.00435861
0.00436318
0.00436776
0.00437186
0.0043762
0.00437987
0.004384
0.00438734
0.00439108
0.00439406
0.00439731
0.00439988
0.0044025
0.00440469
0.00440661
0.00440834
0.00440979
0.00441097
0.00441224
0.004413
0.00441421
0.00441489
0.00441586
0.00441652
0.0044172
0.00441807
0.00441861
0.00441925
0.00441957
0.00442014
0.00442037
0.00442101
0.00324492
0.00324699
0.00324976
0.00325184
0.00325488
0.0032573
0.00326087
0.00326448
0.0032691
0.0032744
0.00328096
0.0032887
0.00329827
0.00330976
0.00332397
0.00334098
0.00336121
0.00338541
0.00341271
0.00344608
0.00348241
0.0035259
0.00357004
0.00362138
0.00366947
0.00372423
0.00378036
0.00383765
0.00389278
0.00394656
0.00399729
0.00404599
0.00409166
0.00413528
0.00417602
0.00421194
0.00424395
0.00427183
0.00429718
0.0043193
0.00433903
0.00435651
0.00437207
0.00438568
0.00439778
0.00440833
0.00441779
0.00442575
0.00443276
0.00443896
0.00444442
0.00444916
0.00445325
0.00445679
0.00445981
0.00446221
0.00446429
0.00446592
0.00446733
0.00446845
0.00446941
0.00447029
0.00447097
0.00447177
0.00447228
0.00447307
0.00447353
0.00447425
0.00447476
0.00447542
0.00447594
0.00447662
0.00447713
0.00447767
0.0044785
0.00447866
0.004479
0.00447888
0.00447882
0.00447877
0.00447868
0.00447859
0.00447866
0.00447825
0.00447814
0.00447828
0.0044781
0.00447802
0.00447794
0.00447777
0.00447771
0.00447745
0.00447743
0.00447733
0.00447731
0.00447704
0.00447713
0.00447659
0.00447648
0.00447629
0.00328155
0.00328116
0.00328294
0.00328628
0.00329061
0.00329533
0.00330219
0.00331035
0.00332118
0.00333417
0.00335064
0.00337063
0.00339507
0.00342419
0.00345858
0.00349799
0.00354353
0.0035939
0.00365579
0.00372556
0.00380316
0.00388221
0.00396575
0.00404296
0.00412213
0.00418872
0.00424333
0.00428875
0.00432564
0.00435675
0.00438182
0.00440343
0.00442097
0.00443618
0.00444903
0.00446036
0.00447009
0.00447868
0.00448612
0.00449253
0.00449803
0.00450271
0.00450681
0.00451008
0.00451289
0.0045149
0.0045166
0.00451745
0.00451782
0.00451846
0.00451831
0.00451767
0.00451639
0.00451477
0.00451297
0.00451102
0.00450905
0.00450697
0.00450498
0.00450289
0.00450099
0.00449915
0.0044975
0.00449601
0.00449462
0.00449344
0.00449224
0.00449129
0.00449023
0.00448946
0.00448852
0.00448786
0.00448702
0.00448644
0.00448566
0.0044851
0.00448434
0.00448373
0.00448298
0.00448229
0.00448154
0.00448081
0.00448008
0.00447937
0.00447868
0.00447803
0.00447737
0.00447677
0.00447614
0.00447556
0.00447496
0.0044743
0.00447377
0.00447304
0.0044725
0.00447172
0.00447121
0.00447045
0.00446995
0.00446896
0.00343082
0.00342198
0.0034135
0.0034123
0.00341656
0.00342616
0.00344498
0.00346966
0.00350335
0.00354263
0.00359193
0.00364663
0.00371035
0.00377868
0.00385271
0.00393099
0.00401059
0.0040935
0.00416564
0.0042298
0.00428444
0.00433292
0.00437343
0.00440895
0.00443822
0.00446325
0.00448385
0.00450079
0.00451439
0.00452542
0.00453381
0.00454065
0.00454566
0.00454988
0.00455287
0.0045553
0.00455633
0.00455762
0.00455768
0.00455705
0.00455646
0.00455556
0.00455441
0.00455265
0.00455075
0.00454837
0.00454557
0.0045425
0.0045388
0.00453492
0.00453031
0.00452572
0.00452058
0.00451561
0.00451035
0.00450562
0.00450062
0.00449621
0.0044917
0.00448772
0.00448382
0.00448016
0.00447668
0.00447343
0.00447025
0.00446747
0.00446453
0.00446213
0.00445938
0.00445717
0.00445456
0.00445243
0.00444989
0.00444779
0.00444529
0.00444317
0.0044407
0.00443855
0.00443617
0.00443402
0.00443192
0.00442995
0.00442819
0.00442652
0.00442506
0.00442374
0.00442251
0.00442137
0.00442018
0.00441911
0.00441789
0.00441688
0.00441566
0.00441452
0.00441361
0.00441231
0.0044116
0.00441041
0.00440956
0.00440792
0.00423891
0.0041931
0.0041617
0.00414805
0.00413916
0.00414179
0.0041493
0.00416387
0.00418463
0.00420898
0.00423751
0.00426729
0.004299
0.00433008
0.00436147
0.00439158
0.00442037
0.00444785
0.00447299
0.00449657
0.00451738
0.0045364
0.00455247
0.00456663
0.00457832
0.0045881
0.00459577
0.0046014
0.00460582
0.00460836
0.00461011
0.0046104
0.00461069
0.00461026
0.00460957
0.00460795
0.00460686
0.00460488
0.00460347
0.00460121
0.00459962
0.00459656
0.00459426
0.00458962
0.00458668
0.00458102
0.00457719
0.00457092
0.00456586
0.0045593
0.00455291
0.00454598
0.00453856
0.00453154
0.00452366
0.00451682
0.00450896
0.00450227
0.00449481
0.00448822
0.00448149
0.00447515
0.00446911
0.00446305
0.00445754
0.00445184
0.00444675
0.00444127
0.00443663
0.00443124
0.00442705
0.00442179
0.00441791
0.00441297
0.00440923
0.00440469
0.00440104
0.00439686
0.00439332
0.0043894
0.0043859
0.00438211
0.00437872
0.00437506
0.00437186
0.00436837
0.00436532
0.00436232
0.00435961
0.00435721
0.0043549
0.00435298
0.00435116
0.00434934
0.00434805
0.00434627
0.00434522
0.00434361
0.00434298
0.00433932
0.00468159
0.00464691
0.00461295
0.00459196
0.00457244
0.00456292
0.00455433
0.00455437
0.00455645
0.00456094
0.00456832
0.0045764
0.00458608
0.0045957
0.00460655
0.00461647
0.00462635
0.00463501
0.00464257
0.00464884
0.00465386
0.00465756
0.00466026
0.00466186
0.00466297
0.00466303
0.00466273
0.00466172
0.00466073
0.00465858
0.00465709
0.00465448
0.0046528
0.00465021
0.00464868
0.00464577
0.00464386
0.00464044
0.00463804
0.0046335
0.00463029
0.00462468
0.00462053
0.0046144
0.00460914
0.00460278
0.00459697
0.00459015
0.00458378
0.0045764
0.00456967
0.00456189
0.00455525
0.00454734
0.00454086
0.00453327
0.00452675
0.00451974
0.00451326
0.00450669
0.00450066
0.0044943
0.00448865
0.00448271
0.00447681
0.00447154
0.00446521
0.00446008
0.00445398
0.00444823
0.00444278
0.0044362
0.0044311
0.0044241
0.00441873
0.00441162
0.00440566
0.00439869
0.00439199
0.00438528
0.00437813
0.00437167
0.00436407
0.00435776
0.00435026
0.00434395
0.0043368
0.00433081
0.00432438
0.00431865
0.00431338
0.00430794
0.00430385
0.00429872
0.00429553
0.00429097
0.00428837
0.00428416
0.00428247
0.00427699
0.00495742
0.00492026
0.00488733
0.00485962
0.00483589
0.00481542
0.00479836
0.00478411
0.0047726
0.00476311
0.00475554
0.00474958
0.00474515
0.00474172
0.00473931
0.00473653
0.00473441
0.00473143
0.00472839
0.00472492
0.00472088
0.00471669
0.00471242
0.00470775
0.00470348
0.00469867
0.00469474
0.00469008
0.0046868
0.00468242
0.00467979
0.004676
0.00467365
0.00467035
0.00466804
0.00466445
0.0046622
0.00465751
0.00465465
0.00464884
0.004645
0.00463818
0.00463401
0.00462658
0.00462223
0.00461452
0.00461038
0.00460261
0.00459856
0.00459101
0.00458726
0.00457994
0.00457629
0.004569
0.00456536
0.00455808
0.00455444
0.00454714
0.00454347
0.00453613
0.00453244
0.00452505
0.00452134
0.0045139
0.00451016
0.00450271
0.00449895
0.00449144
0.00448762
0.00448006
0.00447616
0.0044684
0.00446445
0.00445641
0.00445236
0.00444412
0.00443992
0.00443165
0.0044274
0.00441918
0.00441497
0.00440688
0.0044027
0.00439471
0.00439045
0.00438246
0.0043781
0.00436998
0.00436549
0.00435727
0.00435266
0.00434436
0.00433977
0.00433145
0.00432697
0.00431861
0.00431429
0.00430579
0.00430211
0.00429102
0.00509111
0.00505381
0.00502025
0.00499
0.00496215
0.00493692
0.00491386
0.00489374
0.00487607
0.00486149
0.00484855
0.00483777
0.00482733
0.00481776
0.0048084
0.00479892
0.00479028
0.00478103
0.00477229
0.00476405
0.00475493
0.00474788
0.00473944
0.00473365
0.00472676
0.00472229
0.00471707
0.00471401
0.00471008
0.00470798
0.0047051
0.00470336
0.00470071
0.00469907
0.004696
0.00469405
0.00469076
0.00468761
0.00468411
0.00468005
0.00467605
0.00467179
0.00466756
0.00466333
0.00465932
0.00465534
0.00465162
0.00464788
0.00464438
0.0046407
0.0046374
0.00463347
0.00463023
0.00462577
0.00462254
0.00461762
0.00461407
0.0046088
0.0046047
0.00459924
0.00459454
0.00458861
0.0045831
0.00457667
0.00457038
0.00456365
0.00455649
0.00454954
0.00454169
0.00453462
0.00452639
0.00451915
0.00451111
0.00450331
0.00449612
0.00448799
0.00448116
0.00447343
0.00446681
0.00445957
0.00445349
0.00444644
0.00444094
0.00443402
0.00442852
0.00442142
0.00441619
0.00440773
0.00440307
0.00439382
0.00438845
0.00437964
0.00437339
0.00436482
0.00435825
0.00434901
0.0043437
0.00433303
0.00432814
0.00431579
0.00516821
0.00512891
0.00509477
0.00506344
0.00503327
0.00500452
0.00497737
0.00495306
0.00493201
0.00491516
0.00490098
0.00488929
0.00487764
0.00486656
0.00485467
0.00484296
0.00483132
0.00481974
0.00480933
0.00479902
0.00479043
0.00478259
0.0047763
0.00477115
0.00476729
0.00476414
0.00476196
0.00475985
0.00475819
0.00475614
0.00475447
0.00475154
0.00474952
0.00474605
0.0047432
0.00473972
0.00473692
0.00473314
0.00473088
0.00472703
0.00472518
0.00472177
0.00471991
0.00471652
0.00471463
0.00471111
0.00470918
0.00470546
0.00470332
0.00469924
0.00469666
0.00469207
0.00468922
0.00468404
0.00468114
0.00467567
0.00467256
0.00466705
0.00466348
0.00465771
0.00465354
0.00464719
0.00464231
0.00463545
0.00462991
0.00462277
0.00461681
0.00460933
0.00460344
0.00459522
0.00458966
0.00458069
0.0045751
0.00456583
0.0045596
0.00455054
0.00454358
0.00453489
0.0045276
0.00451936
0.00451201
0.00450422
0.00449676
0.00448956
0.00448138
0.0044751
0.00446628
0.00446006
0.00445217
0.0044445
0.00443771
0.00442933
0.00442315
0.00441416
0.00440843
0.00439829
0.0043932
0.00438318
0.00437804
0.00436636
0.00523879
0.00519588
0.00515827
0.00512624
0.00509501
0.00506631
0.00503899
0.00501525
0.00499326
0.00497471
0.0049583
0.00494464
0.00493185
0.00492059
0.00490853
0.00489752
0.00488539
0.00487474
0.00486399
0.00485518
0.00484719
0.00484135
0.00483649
0.00483326
0.00483052
0.0048285
0.0048262
0.00482413
0.004821
0.0048182
0.00481426
0.00481046
0.00480632
0.00480254
0.00479836
0.00479568
0.00479244
0.00479013
0.00478812
0.00478557
0.00478405
0.00478121
0.00477935
0.00477577
0.00477333
0.00476889
0.00476623
0.00476098
0.00475795
0.0047523
0.0047487
0.00474278
0.00473816
0.00473181
0.00472655
0.00471994
0.00471479
0.00470852
0.00470359
0.0046972
0.00469217
0.00468573
0.00468011
0.00467334
0.00466675
0.00465978
0.00465251
0.00464528
0.0046381
0.00463029
0.0046239
0.00461538
0.00460984
0.00460112
0.00459574
0.00458736
0.0045818
0.00457373
0.00456824
0.00456006
0.00455498
0.00454643
0.00454138
0.00453295
0.00452719
0.00451935
0.00451274
0.00450488
0.00449805
0.00448954
0.00448308
0.00447373
0.00446751
0.00445758
0.00445214
0.00444157
0.00443622
0.00442601
0.00442096
0.00440972
0.00530959
0.00526632
0.00522716
0.00519446
0.00516473
0.00513824
0.0051124
0.00508891
0.0050666
0.0050464
0.00502846
0.00501249
0.00499867
0.00498581
0.00497352
0.00496186
0.00495018
0.00493982
0.00493038
0.00492271
0.00491704
0.00491263
0.00490964
0.0049068
0.0049043
0.00490104
0.00489782
0.0048936
0.00488948
0.00488462
0.00488029
0.00487531
0.00487174
0.00486754
0.00486485
0.00486197
0.00486021
0.00485742
0.00485576
0.00485225
0.00485004
0.00484537
0.00484254
0.00483646
0.00483298
0.00482598
0.0048222
0.00481522
0.00481168
0.00480485
0.00480136
0.0047943
0.00479063
0.00478325
0.00477932
0.00477133
0.00476694
0.00475784
0.00475269
0.00474298
0.00473764
0.00472796
0.00472259
0.0047133
0.00470822
0.00469918
0.00469429
0.00468558
0.00468077
0.00467233
0.0046677
0.00465946
0.00465511
0.00464694
0.00464278
0.00463457
0.00463045
0.0046222
0.00461798
0.00460959
0.00460512
0.00459655
0.00459191
0.00458309
0.00457838
0.00456932
0.00456456
0.00455531
0.00455056
0.00454119
0.00453647
0.00452703
0.00452229
0.00451285
0.0045081
0.00449865
0.00449389
0.0044843
0.00448018
0.00446731
0.00537074
0.00533004
0.00529431
0.0052603
0.00523387
0.00520746
0.00518315
0.00515951
0.00513651
0.00511475
0.005095
0.00507812
0.00506449
0.00505183
0.0050412
0.00502941
0.00501929
0.00500849
0.00500009
0.00499192
0.00498597
0.00497935
0.00497409
0.00496755
0.00496221
0.00495539
0.00495034
0.00494359
0.00493881
0.00493249
0.00492809
0.00492254
0.00491926
0.00491465
0.00491217
0.00490815
0.00490582
0.00490129
0.00489873
0.0048935
0.00489049
0.00488409
0.00488051
0.00487303
0.00486895
0.00486116
0.00485699
0.00484929
0.00484531
0.00483748
0.00483337
0.00482523
0.00482089
0.00481267
0.00480824
0.00480017
0.00479578
0.00478781
0.00478361
0.00477577
0.00477175
0.00476402
0.00475997
0.00475217
0.00474798
0.00473999
0.00473565
0.00472716
0.00472262
0.00471381
0.00470896
0.00469991
0.00469505
0.00468571
0.00468069
0.00467121
0.00466609
0.00465642
0.00465124
0.0046414
0.00463632
0.00462638
0.00462141
0.00461151
0.00460656
0.00459667
0.00459169
0.00458183
0.00457686
0.00456712
0.0045622
0.00455261
0.00454775
0.00453833
0.00453354
0.00452425
0.00451957
0.00451027
0.00450627
0.00449381
0.00541563
0.0053795
0.0053466
0.00531281
0.00528604
0.00525904
0.00523757
0.00521482
0.00519374
0.00517142
0.0051526
0.00513412
0.00511849
0.005103
0.00508977
0.00507616
0.00506518
0.00505347
0.00504505
0.0050355
0.00502902
0.00502072
0.00501525
0.00500823
0.00500376
0.00499765
0.00499353
0.00498696
0.00498216
0.00497451
0.00496883
0.00496075
0.00495513
0.00494742
0.00494269
0.00493631
0.00493227
0.004927
0.00492385
0.00491855
0.00491542
0.00490965
0.00490642
0.00490039
0.00489734
0.00489151
0.00488831
0.00488257
0.0048791
0.00487286
0.00486865
0.00486146
0.00485633
0.00484831
0.00484267
0.00483436
0.00482877
0.00482066
0.00481536
0.00480756
0.00480281
0.00479551
0.00479127
0.00478423
0.00478014
0.00477288
0.00476885
0.00476084
0.00475651
0.00474778
0.00474291
0.00473335
0.00472808
0.00471826
0.00471277
0.00470285
0.00469728
0.00468743
0.00468193
0.00467204
0.00466666
0.00465705
0.00465188
0.00464282
0.00463799
0.00462891
0.00462413
0.00461519
0.00461056
0.00460173
0.00459721
0.00458848
0.00458405
0.00457549
0.00457116
0.00456278
0.00455851
0.00455003
0.00454643
0.00453417
0.00544691
0.00541338
0.00538479
0.00535421
0.00532889
0.00530337
0.00528263
0.00525951
0.00523978
0.00521878
0.00520093
0.00518297
0.00516699
0.00515199
0.00513791
0.00512471
0.00511279
0.00510131
0.0050928
0.00508383
0.00507755
0.00506947
0.00506356
0.00505591
0.00504986
0.00504157
0.00503455
0.00502561
0.00501768
0.00500862
0.00500073
0.00499266
0.00498591
0.00497921
0.00497475
0.00497008
0.00496712
0.00496408
0.00496265
0.00495976
0.00495809
0.00495469
0.00495259
0.00494838
0.00494567
0.0049397
0.00493534
0.00492817
0.00492246
0.00491433
0.0049075
0.00489828
0.00489019
0.0048799
0.004871
0.00486027
0.00485141
0.00484118
0.00483342
0.00482401
0.00481767
0.00480898
0.00480379
0.00479581
0.00479145
0.00478386
0.00478002
0.00477254
0.00476863
0.00476086
0.00475676
0.00474847
0.00474405
0.00473538
0.0047308
0.00472177
0.00471704
0.00470764
0.00470278
0.00469333
0.00468827
0.0046792
0.00467436
0.00466534
0.0046604
0.00465134
0.00464649
0.00463763
0.00463315
0.00462451
0.00462016
0.00461161
0.00460726
0.00459884
0.00459452
0.00458627
0.00458197
0.00457368
0.00457017
0.00455736
0.00547239
0.00544145
0.00541642
0.00538964
0.00536498
0.0053391
0.00531733
0.00529515
0.00527635
0.00525601
0.00523957
0.00522121
0.00520682
0.00519063
0.00517773
0.00516379
0.00515323
0.00514291
0.00513616
0.00512806
0.00512174
0.00511313
0.00510593
0.00509741
0.00508961
0.00508039
0.00507219
0.005063
0.00505477
0.00504591
0.00503859
0.00503084
0.00502487
0.00501822
0.00501292
0.00500659
0.00500185
0.00499687
0.00499377
0.00498942
0.00498697
0.00498354
0.00498127
0.00497754
0.00497519
0.0049697
0.00496633
0.00495929
0.00495423
0.00494541
0.00493857
0.00492824
0.00491933
0.0049072
0.00489641
0.00488302
0.00487155
0.00485795
0.00484714
0.00483446
0.00482545
0.0048143
0.00480738
0.00479785
0.00479269
0.00478447
0.00478027
0.00477265
0.00476882
0.00476133
0.00475738
0.00474959
0.00474544
0.00473723
0.00473288
0.00472421
0.00471966
0.00471059
0.00470584
0.00469653
0.00469165
0.00468216
0.00467711
0.00466804
0.00466346
0.00465472
0.00465025
0.00464148
0.0046372
0.00462888
0.00462475
0.00461649
0.00461233
0.00460398
0.00459971
0.00459123
0.00458679
0.00457843
0.00457302
0.00456325
0.00549472
0.00546435
0.00544101
0.00541357
0.00539137
0.00536611
0.00534495
0.00532117
0.00530296
0.00528297
0.00526734
0.00524857
0.00523489
0.0052179
0.00520631
0.00519211
0.00518239
0.00517124
0.00516302
0.00515277
0.00514468
0.00513496
0.00512721
0.00511794
0.00511037
0.00510149
0.00509414
0.00508519
0.00507838
0.00506949
0.00506251
0.00505348
0.0050459
0.00503654
0.00502935
0.00502055
0.00501415
0.00500718
0.00500228
0.00499626
0.00499278
0.00498849
0.00498604
0.00498176
0.00497912
0.00497344
0.00497018
0.00496296
0.00495869
0.0049496
0.0049436
0.00493284
0.0049249
0.00491247
0.0049024
0.00488819
0.00487691
0.00486238
0.0048513
0.00483761
0.00482789
0.00481578
0.00480824
0.00479794
0.00479212
0.00478302
0.00477845
0.00477019
0.00476605
0.00475809
0.00475405
0.00474589
0.00474167
0.00473309
0.00472865
0.00471965
0.004715
0.00470584
0.00470098
0.00469169
0.00468689
0.00467774
0.00467282
0.00466406
0.00465953
0.00465113
0.00464696
0.00463899
0.00463499
0.00462714
0.00462316
0.00461506
0.0046109
0.00460251
0.0045983
0.00458987
0.00458547
0.00457667
0.0045729
0.00456006
0.00550969
0.00547796
0.00545909
0.00543126
0.00541351
0.00538632
0.00536881
0.00534305
0.00532769
0.00530679
0.00529346
0.005275
0.00526242
0.00524567
0.00523394
0.00521835
0.00520729
0.00519384
0.00518511
0.00517451
0.00516803
0.00515874
0.00515334
0.00514491
0.0051395
0.0051309
0.00512414
0.00511391
0.00510546
0.00509325
0.00508372
0.00507073
0.00506081
0.00504824
0.0050391
0.00502797
0.00502053
0.00501147
0.00500525
0.00499739
0.00499323
0.00498742
0.00498438
0.0049785
0.00497516
0.00496836
0.00496442
0.00495665
0.00495201
0.00494258
0.00493719
0.00492588
0.0049197
0.00490731
0.00489998
0.00488656
0.00487788
0.00486335
0.00485386
0.00483953
0.00483053
0.00481739
0.00480964
0.00479784
0.00479126
0.00478069
0.00477513
0.00476544
0.00476051
0.00475124
0.00474654
0.00473737
0.00473275
0.00472353
0.00471886
0.00470955
0.00470475
0.00469515
0.00469013
0.00468061
0.00467555
0.00466605
0.00466102
0.00465162
0.00464663
0.0046378
0.00463326
0.00462482
0.00462058
0.00461223
0.004608
0.00459983
0.00459581
0.00458759
0.00458333
0.00457491
0.00457052
0.00456135
0.0045575
0.00454389
0.00551883
0.00549014
0.00546979
0.00544672
0.00542955
0.00540428
0.00538728
0.00536326
0.00534769
0.00532551
0.00531144
0.0052929
0.00528114
0.0052654
0.00525449
0.00523903
0.00522798
0.00521298
0.00520282
0.00518924
0.0051813
0.00517015
0.00516473
0.00515531
0.00515049
0.00514078
0.00513446
0.00512315
0.00511474
0.00510151
0.00509173
0.00507754
0.00506773
0.00505391
0.00504501
0.00503247
0.00502485
0.00501367
0.00500705
0.00499701
0.00499174
0.0049827
0.00497805
0.00496921
0.0049645
0.00495541
0.00495068
0.00494112
0.00493615
0.00492579
0.00492036
0.00490919
0.00490357
0.00489215
0.00488628
0.00487457
0.0048684
0.00485559
0.00484842
0.00483464
0.00482635
0.00481207
0.00480339
0.00478942
0.0047812
0.00476815
0.00476084
0.00474911
0.00474319
0.00473263
0.00472737
0.00471717
0.00471207
0.00470181
0.00469668
0.00468626
0.00468097
0.00467055
0.00466516
0.00465489
0.00464963
0.00463943
0.00463424
0.00462406
0.00461894
0.00460892
0.00460389
0.00459407
0.00458909
0.00457942
0.00457455
0.00456493
0.00456012
0.00455048
0.00454562
0.00453594
0.00453097
0.0045211
0.00451695
0.00450189
0.00552966
0.00550303
0.00548427
0.00546064
0.0054438
0.00542061
0.00540581
0.00538359
0.00536915
0.00534709
0.00533229
0.00531165
0.00529948
0.0052831
0.00527364
0.00525783
0.00524736
0.00523085
0.00522017
0.00520408
0.00519503
0.00518129
0.00517446
0.00516271
0.00515684
0.00514537
0.00513912
0.00512645
0.00511858
0.00510495
0.00509599
0.00508227
0.00507327
0.00505954
0.00505096
0.00503778
0.00502946
0.00501659
0.00500823
0.00499607
0.00498915
0.00497801
0.0049723
0.00496186
0.00495668
0.00494676
0.00494157
0.00493128
0.00492583
0.00491479
0.00490886
0.00489726
0.00489094
0.00487851
0.00487198
0.00485919
0.00485244
0.00483927
0.00483225
0.00481856
0.00481051
0.00479616
0.00478735
0.00477298
0.00476438
0.00475062
0.00474299
0.00473028
0.0047239
0.00471228
0.00470657
0.00469554
0.00469003
0.00467919
0.00467378
0.00466286
0.00465738
0.00464645
0.00464097
0.00463012
0.00462469
0.004614
0.00460866
0.00459803
0.00459268
0.00458188
0.00457645
0.00456564
0.00456023
0.0045495
0.00454412
0.00453347
0.0045281
0.00451745
0.004512
0.00450137
0.00449585
0.0044855
0.00447908
0.00446745
0.00553384
0.00550726
0.00549022
0.00546448
0.0054496
0.00542567
0.00541302
0.00539419
0.00538317
0.00536247
0.0053508
0.00533103
0.00531983
0.0053007
0.00529088
0.00527325
0.00526421
0.00524785
0.00523889
0.00522283
0.00521466
0.00519894
0.005191
0.00517549
0.0051673
0.0051519
0.0051435
0.00512905
0.00512115
0.00510725
0.0050996
0.00508601
0.00507826
0.00506467
0.00505654
0.00504265
0.00503379
0.00501904
0.00500965
0.0049948
0.00498602
0.00497215
0.00496482
0.00495186
0.00494532
0.00493294
0.00492646
0.0049142
0.0049076
0.00489515
0.00488829
0.00487589
0.00486893
0.00485646
0.00484999
0.00483751
0.00483131
0.00481911
0.00481289
0.0048007
0.0047944
0.00478168
0.00477494
0.00476188
0.00475442
0.00474096
0.00473337
0.00472028
0.00471344
0.00470106
0.00469492
0.00468314
0.00467719
0.00466583
0.00466015
0.00464897
0.00464314
0.00463164
0.0046258
0.00461431
0.00460847
0.00459715
0.00459147
0.00458035
0.00457472
0.00456377
0.00455823
0.0045475
0.00454206
0.00453153
0.00452614
0.00451579
0.00451042
0.00450023
0.0044949
0.00448484
0.00447958
0.00446948
0.00446519
0.00445058
0.00553475
0.00550912
0.00549309
0.00546892
0.00545407
0.00543013
0.00541869
0.00539814
0.00538662
0.00536719
0.00535629
0.00533721
0.00532636
0.00530749
0.0052975
0.00527984
0.00527123
0.00525475
0.00524591
0.00522905
0.00522035
0.00520372
0.00519546
0.00517932
0.00517092
0.0051552
0.0051467
0.00513169
0.00512356
0.00510886
0.00510106
0.00508689
0.00507923
0.0050651
0.00505699
0.00504227
0.00503379
0.00501785
0.00500803
0.00499203
0.00498206
0.00496663
0.00495765
0.00494306
0.0049348
0.00492062
0.00491288
0.0048993
0.00489178
0.00487863
0.00487126
0.0048587
0.00485167
0.00483943
0.00483287
0.00482096
0.00481482
0.00480308
0.00479719
0.00478557
0.00477978
0.00476826
0.00476245
0.0047509
0.004745
0.00473319
0.00472699
0.00471487
0.00470865
0.0046969
0.00469086
0.0046795
0.00467385
0.00466286
0.00465739
0.00464647
0.00464103
0.00463001
0.0046243
0.00461319
0.00460746
0.00459637
0.00459067
0.0045796
0.00457381
0.00456285
0.00455713
0.00454642
0.00454086
0.00453039
0.00452493
0.00451461
0.00450923
0.004499
0.00449366
0.0044835
0.00447816
0.00446821
0.00446218
0.00445112
0.00553132
0.0055079
0.0054929
0.00547103
0.0054567
0.00543429
0.00542317
0.00540068
0.00538934
0.0053693
0.00535859
0.00534018
0.0053301
0.00531187
0.00530232
0.0052844
0.00527539
0.00525787
0.00524852
0.00523099
0.00522173
0.0052046
0.00519576
0.00517903
0.00517033
0.00515395
0.00514542
0.00512961
0.00512121
0.00510597
0.00509755
0.00508249
0.00507383
0.00505863
0.00504989
0.00503439
0.00502541
0.00500967
0.00500057
0.00498498
0.00497578
0.00496078
0.00495185
0.00493747
0.00492908
0.00491528
0.00490744
0.00489417
0.00488668
0.00487388
0.0048667
0.00485444
0.00484756
0.0048357
0.00482936
0.00481774
0.00481161
0.00480011
0.00479422
0.00478281
0.00477703
0.00476572
0.00476003
0.00474874
0.00474302
0.00473165
0.00472579
0.00471415
0.00470823
0.0046967
0.00469087
0.00467953
0.00467379
0.00466262
0.00465703
0.00464612
0.0046407
0.00462997
0.00462462
0.00461411
0.00460891
0.00459859
0.00459339
0.00458307
0.00457776
0.00456743
0.00456201
0.00455174
0.0045463
0.00453609
0.00453072
0.00452058
0.00451528
0.00450516
0.0044999
0.00448975
0.00448456
0.00447427
0.00446984
0.00445609
0.00552795
0.00550491
0.00549148
0.00546918
0.00545596
0.00543363
0.00542264
0.00540128
0.00539057
0.00537008
0.00535998
0.00534098
0.005331
0.00531276
0.0053031
0.00528481
0.00527512
0.0052571
0.00524774
0.00523035
0.00522147
0.00520453
0.00519567
0.00517911
0.0051702
0.00515369
0.00514477
0.00512852
0.0051198
0.00510393
0.00509539
0.00507973
0.00507123
0.00505576
0.00504727
0.00503176
0.00502294
0.00500738
0.00499843
0.00498302
0.0049739
0.00495908
0.00495021
0.00493586
0.0049274
0.0049137
0.0049057
0.00489279
0.00488525
0.00487283
0.00486574
0.00485368
0.00484699
0.00483537
0.0048292
0.00481804
0.00481212
0.00480102
0.00479535
0.0047843
0.00477877
0.00476776
0.00476224
0.00475118
0.00474558
0.00473438
0.00472874
0.0047175
0.00471183
0.00470048
0.00469478
0.00468349
0.00467773
0.00466654
0.00466086
0.00464987
0.00464433
0.00463357
0.00462819
0.00461769
0.00461248
0.00460217
0.00459707
0.00458696
0.00458193
0.00457193
0.00456693
0.00455699
0.00455197
0.00454202
0.00453701
0.00452711
0.00452213
0.00451228
0.00450731
0.00449752
0.00449249
0.00448294
0.0044772
0.00446663
0.00552761
0.00550634
0.00549448
0.00547332
0.00546196
0.00544124
0.00543056
0.0054105
0.00540008
0.00538025
0.00536993
0.00535046
0.00533999
0.00532071
0.00531013
0.00529108
0.00528071
0.00526211
0.00525217
0.0052343
0.0052248
0.00520739
0.00519801
0.00518104
0.00517176
0.005155
0.00514578
0.00512925
0.00512024
0.00510404
0.0050954
0.00507946
0.00507108
0.00505546
0.00504713
0.00503157
0.0050229
0.00500732
0.00499829
0.00498301
0.00497392
0.00495908
0.00495031
0.00493591
0.00492751
0.0049137
0.00490584
0.00489281
0.0048854
0.00487299
0.00486599
0.00485395
0.00484748
0.00483591
0.00482989
0.00481869
0.00481294
0.00480201
0.00479649
0.00478569
0.00478027
0.00476944
0.00476394
0.00475285
0.00474719
0.004736
0.00473034
0.00471911
0.00471342
0.00470213
0.00469644
0.00468516
0.0046794
0.00466824
0.00466256
0.0046516
0.00464603
0.00463528
0.00462987
0.00461938
0.00461416
0.00460389
0.00459882
0.00458874
0.00458373
0.00457377
0.0045688
0.00455893
0.00455398
0.00454413
0.00453918
0.00452929
0.00452434
0.0045145
0.00450954
0.00449978
0.00449479
0.00448525
0.00447955
0.00446897
0.00570822
0.0056003
0.00550587
0.00542171
0.00537707
0.00533395
0.00527604
0.00518966
0.00500534
0.00428007
0.00573408
0.00565489
0.00559664
0.00549763
0.00540666
0.00535349
0.00529489
0.00525082
0.00518022
0.00470505
0.00572851
0.0056816
0.00561591
0.0055721
0.00547511
0.00539969
0.00532559
0.00526511
0.00523066
0.00498549
0.00573297
0.00570218
0.00564262
0.0055988
0.00554044
0.00545646
0.00539536
0.00529611
0.00525998
0.00512134
0.0057529
0.00571166
0.00567208
0.00561499
0.00558085
0.00550586
0.00546301
0.00536243
0.00531861
0.00520191
0.0057564
0.00571138
0.00568502
0.00562923
0.00560113
0.00554037
0.0055067
0.00542718
0.00538373
0.00527334
0.00575689
0.00571435
0.00569162
0.00564317
0.0056181
0.00556493
0.00553677
0.00547321
0.00543736
0.0053424
0.0057543
0.00571545
0.00569469
0.005652
0.00562982
0.00558316
0.00555861
0.00550516
0.00547605
0.00540053
0.00574773
0.00571181
0.00569326
0.00565513
0.0056354
0.00559448
0.00557302
0.00552687
0.00550256
0.00544366
0.00574124
0.00570767
0.00569059
0.00565631
0.00563866
0.00560235
0.00558322
0.00554218
0.00552092
0.00547252
0.00573466
0.0057027
0.00568695
0.00565564
0.00564012
0.00560846
0.00559197
0.00555701
0.00553846
0.00549728
0.00573026
0.00570104
0.00568615
0.00565655
0.00564179
0.00561255
0.00559771
0.00556731
0.00555133
0.00551704
0.00572139
0.00569419
0.00568092
0.00565445
0.00564104
0.00561436
0.00560085
0.00557271
0.00555851
0.00552831
0.00571671
0.00569178
0.00567871
0.00565363
0.00564079
0.0056153
0.0056027
0.00557709
0.00556409
0.00553756
0.00570686
0.00568555
0.00567414
0.00565176
0.00564012
0.0056165
0.00560495
0.00558148
0.00556985
0.00554666
0.00569677
0.00567614
0.00566464
0.00564351
0.00563306
0.00561208
0.0056016
0.00558031
0.00556955
0.00554893
0.00569307
0.00567278
0.00566197
0.00564093
0.00563029
0.00560856
0.00559796
0.00557743
0.00556744
0.00554798
0.0056779
0.00566064
0.00565192
0.00563341
0.00562358
0.00560333
0.00559316
0.00557358
0.00556213
0.00554389
0.00567008
0.00565245
0.00564385
0.0056261
0.00561673
0.00559867
0.00558834
0.00556994
0.00555826
0.00554039
0.00565416
0.00563757
0.00562887
0.00561297
0.00560477
0.00558838
0.00557943
0.0055633
0.00555414
0.00553804
0.0061289
0.00614674
0.00615655
0.00616345
0.00616895
0.00617729
0.00617941
0.00618988
0.00617311
0.00612717
0.00611477
0.00612768
0.00614257
0.00615144
0.00615606
0.00616084
0.00616483
0.00614486
0.00599008
0.00605974
0.00608905
0.00610244
0.00612434
0.0061353
0.00613291
0.00612715
0.00609772
0.00605828
0.00580211
0.00560388
0.00606477
0.00607037
0.00608629
0.00609573
0.00609397
0.00608406
0.00602522
0.00594272
0.0053163
0.00546065
0.00602549
0.00603798
0.00605555
0.00605899
0.00602459
0.00599561
0.00585089
0.00553945
0.00457119
0.00456408
0.00596241
0.00596906
0.00599738
0.00599898
0.0059414
0.00586322
0.00571835
0.00534568
0.00421894
0.00413147
0.00592318
0.00590478
0.00591014
0.00591884
0.0058572
0.00571599
0.00530031
0.00494532
0.00360016
0.00389587
0.00586954
0.00585745
0.00585404
0.00581042
0.0056839
0.00553194
0.0050672
0.00440377
0.00334215
0.00378773
0.00575194
0.00575383
0.00576391
0.00573981
0.00559529
0.00544282
0.00486271
0.00413477
0.00304101
0.00363883
0.00568068
0.00568201
0.00568953
0.00562197
0.00539787
0.00518518
0.00463675
0.00390462
0.00297635
0.00361123
0.00618156
0.00617812
0.00617413
0.00617028
0.00616588
0.00616155
0.00615678
0.00615242
0.00614869
0.00614477
0.00618087
0.00617746
0.00617367
0.00617006
0.00616613
0.00616224
0.00615792
0.00615396
0.00615062
0.00614665
0.00618036
0.00617769
0.0061743
0.00617139
0.0061677
0.00616406
0.00616068
0.00615734
0.00615448
0.00615296
0.00617876
0.00617669
0.00617466
0.00617227
0.00617014
0.00616739
0.0061642
0.00616341
0.00616149
0.00615936
0.0061773
0.00617604
0.00617451
0.00617372
0.00617239
0.00617164
0.00616896
0.00616806
0.00616887
0.0061721
0.00617328
0.00617325
0.00617338
0.00617385
0.00617425
0.006175
0.00617668
0.00617696
0.00617793
0.00618092
0.0061713
0.00617184
0.00617255
0.00617433
0.00617626
0.00617855
0.00618052
0.00618476
0.0061887
0.00619671
0.00616539
0.00616784
0.00617029
0.00617367
0.00617794
0.00618306
0.00618831
0.00619226
0.00619746
0.00620958
0.00615999
0.00616496
0.00616756
0.00617238
0.00617739
0.00618393
0.00619127
0.00620098
0.00620378
0.00621747
0.00614836
0.00615947
0.00616385
0.00616917
0.00617534
0.0061823
0.00619006
0.0061989
0.00619231
0.00622089
0.0307625
0.0244368
0.0193972
0.018008
0.016098
0.0153977
0.014294
0.0138473
0.0130974
0.0127783
0.012222
0.0119777
0.011542
0.0113466
0.0109921
0.0108308
0.0105343
0.0103979
0.0101445
0.010027
0.00980697
0.00970418
0.00951053
0.00941951
0.00924722
0.00916584
0.00901114
0.00893774
0.00879776
0.0087311
0.00860355
0.00854266
0.00842574
0.00836983
0.00826214
0.00821054
0.0081109
0.00806309
0.00797057
0.00792611
0.00783994
0.00779845
0.00771794
0.00767915
0.00760372
0.00756734
0.00749654
0.00746234
0.00739578
0.00736359
0.0073009
0.00727059
0.00721144
0.0071829
0.00712702
0.00710012
0.00704732
0.00702193
0.00697203
0.00694805
0.00690089
0.00687828
0.00683372
0.0068124
0.00677031
0.00675027
0.00671055
0.0066917
0.00665433
0.00663665
0.00660154
0.006585
0.0065521
0.0065367
0.00650596
0.00649171
0.0064631
0.00644993
0.0064235
0.0064114
0.00638711
0.00637603
0.00635389
0.00634392
0.0063238
0.00631487
0.00629686
0.00628894
0.00627292
0.00626602
0.00625192
0.00624589
0.00623388
0.0062283
0.00621831
0.00621303
0.00620471
0.00619948
0.00619232
0.00618682
0.030756
0.0244315
0.0193929
0.0180041
0.0160942
0.0153942
0.014291
0.0138446
0.0130948
0.0127757
0.0122193
0.0119751
0.0115394
0.0113441
0.0109898
0.0108285
0.0105321
0.0103957
0.0101424
0.0100248
0.0098048
0.00970199
0.00950838
0.00941737
0.00924506
0.00916369
0.00900899
0.0089356
0.00879564
0.008729
0.0086015
0.00854062
0.00842377
0.00836784
0.00826022
0.0082086
0.00810903
0.00806119
0.00796872
0.00792425
0.0078381
0.00779661
0.00771613
0.00767732
0.00760195
0.00756556
0.00749482
0.00746065
0.00739411
0.00736197
0.00729929
0.00726901
0.00720988
0.00718135
0.00712551
0.00709862
0.00704583
0.00702046
0.00697057
0.00694661
0.00689948
0.00687687
0.00683233
0.00681103
0.00676895
0.0067489
0.00670924
0.00669039
0.00665306
0.00663532
0.00660031
0.00658372
0.00655088
0.00653544
0.00650476
0.00649043
0.00646189
0.00644869
0.00642225
0.00641014
0.00638587
0.0063747
0.00635268
0.0063425
0.0063226
0.00631346
0.0062956
0.00628751
0.00627164
0.00626466
0.0062506
0.00624458
0.00623252
0.00622706
0.00621702
0.00621181
0.00620355
0.00619836
0.0061914
0.00618589
0.0307438
0.0244202
0.0193844
0.017996
0.0160871
0.0153872
0.0142844
0.0138379
0.0130886
0.0127695
0.0122135
0.0119694
0.011534
0.0113388
0.0109846
0.0108234
0.0105272
0.0103909
0.0101378
0.0100203
0.0098004
0.00969764
0.00950413
0.00941315
0.00924097
0.00915962
0.00900502
0.00893165
0.00879175
0.00872512
0.00859767
0.00853678
0.00841999
0.00836406
0.00825651
0.00820489
0.00810539
0.00805754
0.00796518
0.00792069
0.00783463
0.00779314
0.00771271
0.00767391
0.00759858
0.00756218
0.00749149
0.0074573
0.00739081
0.00735865
0.007296
0.00726573
0.00720662
0.00717812
0.00712229
0.0070954
0.00704265
0.00701725
0.00696741
0.00694336
0.00689633
0.0068736
0.00682918
0.00680775
0.00676578
0.00674561
0.00670604
0.00668708
0.00664983
0.00663205
0.00659707
0.00658043
0.00654769
0.00653215
0.00650164
0.0064872
0.0064588
0.00644549
0.00641923
0.00640698
0.00638287
0.00637171
0.00634969
0.0063396
0.00631963
0.00631061
0.00629266
0.00628469
0.00626887
0.00626159
0.00624812
0.00624131
0.00623018
0.00622374
0.00621474
0.00620867
0.00620145
0.00619567
0.00618981
0.00618419
0.030724
0.0244045
0.0193713
0.0179838
0.0160762
0.0153766
0.0142751
0.0138291
0.0130801
0.0127612
0.0122057
0.0119618
0.0115267
0.0113316
0.0109775
0.0108164
0.0105203
0.010384
0.010131
0.0100136
0.00979387
0.00969116
0.00949777
0.00940685
0.00923482
0.00915351
0.00899907
0.00892572
0.00878592
0.00871932
0.00859195
0.00853109
0.00841436
0.00835847
0.00825095
0.00819939
0.00809992
0.00805215
0.00795978
0.00791536
0.00782929
0.00778787
0.00770745
0.00766871
0.00759338
0.00755707
0.00748636
0.00745225
0.00738577
0.00735368
0.00729103
0.00726081
0.00720169
0.0071732
0.0071174
0.00709052
0.00703778
0.00701244
0.00696256
0.00693863
0.00689154
0.00686891
0.00682445
0.00680307
0.00676115
0.00674101
0.00670148
0.00668257
0.00664536
0.00662748
0.00659273
0.00657579
0.00654351
0.00652741
0.00649764
0.00648231
0.00645507
0.00644043
0.00641576
0.00640176
0.0063797
0.00636625
0.00634684
0.00633392
0.00631706
0.00630484
0.00629026
0.0062789
0.0062664
0.00625601
0.00624544
0.00623609
0.00622722
0.00621895
0.00621156
0.00620434
0.00619825
0.00619195
0.00618707
0.00618145
0.0306978
0.0243833
0.0193546
0.0179682
0.016062
0.0153632
0.0142622
0.0138166
0.0130683
0.0127498
0.012195
0.0119513
0.0115164
0.0113214
0.0109677
0.0108066
0.0105109
0.0103747
0.0101219
0.0100045
0.009785
0.00968236
0.00948917
0.0093983
0.00922647
0.0091452
0.0089909
0.00891763
0.00877795
0.00871143
0.00858416
0.00852336
0.00840674
0.00835088
0.00824347
0.00819193
0.00809257
0.00804482
0.00795255
0.00790814
0.00782218
0.00778076
0.00770043
0.0076617
0.00758646
0.00755017
0.00747953
0.00744545
0.00737901
0.00734693
0.00728438
0.00725413
0.00719516
0.00716662
0.00711095
0.00708402
0.00703141
0.00700598
0.00695627
0.00693226
0.00688528
0.00686264
0.00681823
0.00679692
0.00675496
0.00673491
0.00669534
0.0066765
0.00663924
0.00662155
0.0065866
0.00657
0.00653732
0.00652181
0.00649133
0.00647692
0.0064486
0.00643529
0.00640909
0.0063969
0.00637278
0.00636165
0.0063397
0.00632961
0.00630975
0.00630074
0.00628304
0.00627478
0.00625944
0.00625181
0.0062388
0.00623172
0.00622101
0.00621442
0.00620598
0.00619976
0.00619357
0.00618764
0.00618387
0.00617812
0.0306657
0.0243567
0.0193339
0.0179486
0.016045
0.0153466
0.0142466
0.0138015
0.0130544
0.0127363
0.012182
0.0119385
0.0115042
0.0113095
0.0109562
0.0107954
0.0104998
0.0103636
0.0101112
0.00999393
0.00977463
0.009672
0.00947906
0.00938825
0.00921657
0.00913537
0.00898117
0.00890797
0.00876846
0.00870197
0.00857485
0.0085141
0.00839762
0.00834181
0.00823455
0.00818304
0.0080838
0.00803606
0.00794392
0.00789953
0.00781368
0.00777227
0.00769205
0.00765334
0.00757818
0.00754191
0.00747135
0.0074373
0.00737095
0.00733892
0.00727644
0.00724627
0.00718733
0.0071589
0.00710326
0.00707643
0.00702386
0.00699854
0.00694886
0.00692495
0.00687798
0.00685544
0.00681104
0.00678979
0.00674788
0.00672787
0.00668833
0.00666953
0.00663229
0.00661467
0.00657968
0.00656317
0.00653043
0.00651505
0.00648447
0.00647019
0.00644177
0.00642859
0.00640228
0.00639023
0.00636601
0.00635505
0.00633302
0.00632293
0.00630331
0.00629385
0.00627673
0.0062678
0.00625322
0.00624473
0.00623273
0.00622454
0.00621514
0.00620717
0.00620022
0.00619273
0.00618793
0.00618116
0.00617861
0.00617272
0.0306376
0.0243226
0.0193101
0.0179255
0.0160247
0.015327
0.0142287
0.0137837
0.0130377
0.0127196
0.0121665
0.0119231
0.0114895
0.0112948
0.0109421
0.0107812
0.0104861
0.0103502
0.0100981
0.00998096
0.00976204
0.00965957
0.00946688
0.00937616
0.00920469
0.00912358
0.00896959
0.00889648
0.00875711
0.0086907
0.00856372
0.00850304
0.0083867
0.00833097
0.00822382
0.00817238
0.00807325
0.00802559
0.00793353
0.0078892
0.00780343
0.00776207
0.00768193
0.00764324
0.00756818
0.00753191
0.00746148
0.00742741
0.00736122
0.00732913
0.00726691
0.00723644
0.00717802
0.00714909
0.00709405
0.00706671
0.0070147
0.00698894
0.00693968
0.00691547
0.00686876
0.00684608
0.00680179
0.00678056
0.00673865
0.00671859
0.00667922
0.00666034
0.00662326
0.00660556
0.00657076
0.00655405
0.0065217
0.00650588
0.006476
0.00646095
0.00643361
0.00641923
0.00639454
0.00638068
0.00635876
0.00634525
0.00632625
0.00631294
0.00629692
0.00628388
0.0062705
0.00625821
0.00624698
0.00623568
0.00622653
0.00621619
0.00620901
0.00619982
0.00619432
0.00618665
0.00618275
0.00617677
0.00617458
0.00617004
0.0308107
0.0242019
0.0193253
0.017865
0.0160271
0.0152808
0.0142279
0.0137441
0.0130355
0.0126845
0.0121627
0.0118914
0.0114844
0.0112662
0.0109356
0.0107557
0.0104785
0.010327
0.0100895
0.00995977
0.00975261
0.00963999
0.00945717
0.00935768
0.00919499
0.00910594
0.00896006
0.00887939
0.00874776
0.00867414
0.00855439
0.00848715
0.00837721
0.00831589
0.00821395
0.00815827
0.00806291
0.00801245
0.00792271
0.00787692
0.00779227
0.00775042
0.00767067
0.00763193
0.0075571
0.00752064
0.00745084
0.00741587
0.00735126
0.00731699
0.00725784
0.00722353
0.00716996
0.00713537
0.00708686
0.00705242
0.00700799
0.00697449
0.00693305
0.00690125
0.00686194
0.00683229
0.00679465
0.00676725
0.00673114
0.00670589
0.00667136
0.00664805
0.00661516
0.00659364
0.00656241
0.00654264
0.00651303
0.006495
0.00646696
0.00645062
0.00642423
0.00640941
0.00638493
0.00637119
0.00634909
0.00633579
0.00631673
0.00630332
0.00628767
0.006274
0.00626147
0.0062481
0.00623776
0.00622568
0.00621656
0.00620629
0.00619824
0.00618963
0.00618309
0.00617587
0.00617109
0.00616589
0.00616418
0.00616033
0.0312035
0.0239986
0.0193631
0.0177843
0.0160346
0.0152269
0.0142262
0.0137024
0.013029
0.0126491
0.0121543
0.0118607
0.011475
0.0112386
0.0109254
0.0107302
0.0104679
0.0103034
0.0100786
0.0099377
0.00974172
0.00961914
0.00944616
0.0093378
0.0091838
0.00908681
0.00894881
0.00886092
0.00873652
0.00865626
0.00854326
0.00846977
0.00836617
0.00829895
0.00820297
0.00814172
0.00805196
0.00799629
0.00791176
0.00786115
0.0077813
0.00773504
0.00765968
0.00761694
0.00754609
0.00750597
0.00743984
0.00740145
0.00734033
0.0073028
0.00724699
0.0072096
0.00715915
0.00712165
0.00707616
0.00703887
0.00699745
0.00696109
0.0069227
0.00688795
0.00685179
0.00681905
0.00678469
0.00675406
0.00672137
0.00669274
0.00666174
0.00663495
0.00660567
0.00658066
0.00655301
0.00652986
0.00650367
0.00648249
0.00645762
0.00643846
0.00641494
0.00639764
0.0063757
0.00635992
0.00633993
0.00632528
0.00630759
0.00629375
0.0062786
0.00626545
0.0062528
0.00624054
0.00622994
0.00621897
0.00620976
0.00620028
0.00619246
0.0061842
0.00617805
0.00617098
0.00616636
0.00616088
0.00615826
0.00615508
0.0306031
0.0241608
0.0192328
0.0178235
0.0159554
0.0152436
0.014165
0.0137101
0.0129781
0.0126522
0.0121101
0.0118603
0.0114361
0.0112361
0.0108907
0.0107257
0.0104369
0.0102974
0.0100502
0.00993033
0.00971522
0.00961064
0.00942108
0.00932882
0.00915995
0.00907762
0.00892593
0.00885162
0.00871439
0.00864682
0.00852191
0.00846003
0.00834565
0.00828878
0.00818342
0.00813105
0.00803345
0.00798513
0.00789425
0.00784961
0.00776467
0.00772331
0.00764371
0.0076052
0.00753054
0.00749445
0.00742436
0.00739042
0.00732455
0.00729248
0.00723062
0.00720012
0.00714207
0.00711291
0.00705851
0.00703056
0.00697957
0.00695279
0.00690494
0.00687937
0.00683437
0.00681008
0.00676766
0.00674471
0.00670468
0.00668308
0.00664532
0.00662502
0.00658944
0.00657043
0.00653698
0.00651924
0.00648785
0.00647138
0.00644201
0.0064268
0.00639947
0.00638539
0.00636028
0.00634709
0.00632437
0.00631182
0.00629169
0.00627964
0.00626216
0.00625064
0.00623569
0.00622485
0.00621231
0.00620233
0.00619239
0.00618328
0.00617608
0.00616772
0.00616336
0.00615625
0.00615364
0.0061488
0.00614812
0.00613831
0.031016
0.02397
0.0192807
0.0177581
0.01597
0.0152033
0.0141698
0.0136803
0.0129788
0.0126278
0.012109
0.011839
0.0114341
0.0112167
0.0108886
0.0107075
0.0104341
0.0102798
0.010047
0.00991363
0.00971198
0.00959504
0.0094177
0.00931408
0.00915628
0.00906362
0.00892197
0.00883836
0.00871031
0.00863417
0.00851775
0.00844783
0.00834151
0.0082769
0.00817935
0.00811936
0.00802946
0.00797358
0.00789035
0.00783825
0.00776075
0.0077122
0.00763965
0.00759446
0.00752621
0.00748416
0.00741976
0.00738056
0.00731973
0.00728299
0.00722573
0.00719087
0.00713728
0.00710383
0.00705394
0.00702165
0.00697522
0.00694412
0.00690075
0.00687104
0.00683025
0.00680214
0.0067636
0.00673719
0.00670072
0.00667593
0.00664151
0.00661823
0.00658587
0.00656399
0.00653373
0.0065131
0.00648506
0.00646538
0.00643989
0.00642078
0.00639812
0.00637936
0.00635946
0.0063413
0.0063237
0.00630669
0.00629076
0.00627523
0.00626091
0.00624662
0.0062342
0.00622091
0.00621033
0.00619836
0.00618911
0.00617911
0.00617087
0.00616315
0.00615541
0.00615122
0.00614322
0.00614104
0.00613649
0.00613684
0.0372739
0.0225847
0.0199852
0.0173108
0.0162909
0.0149591
0.0143663
0.0135197
0.0131158
0.0125113
0.0122114
0.0117494
0.0115144
0.0111449
0.0109538
0.0106482
0.0104885
0.0102297
0.0100938
0.00987061
0.00975301
0.00955742
0.00945412
0.00928062
0.00918883
0.00903345
0.00895118
0.008811
0.00873664
0.00860926
0.00854154
0.00842509
0.00836309
0.00825606
0.00819901
0.00810014
0.00804745
0.00795573
0.00790688
0.00782148
0.00777604
0.00769628
0.00765389
0.0075792
0.00753955
0.00746947
0.00743227
0.0073664
0.00733141
0.00726936
0.00723642
0.00717788
0.00714685
0.0070915
0.00706232
0.00700988
0.00698249
0.00693273
0.00690705
0.00685983
0.00683573
0.00679098
0.00676832
0.00672601
0.00670465
0.00666474
0.00664461
0.006607
0.00658811
0.00655268
0.00653506
0.00650172
0.0064854
0.00645407
0.00643904
0.00640973
0.00639595
0.0063687
0.00635607
0.00633097
0.00631947
0.00629652
0.00628603
0.00626533
0.00625559
0.00623746
0.00622803
0.00621279
0.00620343
0.00619102
0.0061818
0.006172
0.0061628
0.00615607
0.00614687
0.00614257
0.00613365
0.00613041
0.00612265
0.00612544
0.0379004
0.0225044
0.020038
0.0172812
0.0163154
0.0149418
0.0143818
0.0135075
0.0131271
0.0125021
0.0122208
0.011742
0.0115219
0.0111381
0.0109597
0.0106423
0.0104937
0.0102249
0.0100984
0.00986631
0.00975664
0.00955341
0.0094571
0.00927709
0.00919145
0.00903046
0.00895356
0.00880837
0.00873878
0.00860686
0.00854349
0.00842283
0.00836485
0.00825387
0.00820058
0.00809804
0.00804876
0.00795375
0.00790799
0.00781957
0.00777693
0.00769442
0.00765459
0.00757736
0.00754006
0.00746764
0.00743257
0.00736462
0.00733152
0.0072677
0.00723637
0.00717634
0.00714669
0.00709006
0.00706208
0.0070085
0.00698216
0.00693134
0.00690657
0.00685836
0.00683502
0.0067894
0.00676729
0.00672428
0.00670321
0.00666288
0.00664265
0.00660511
0.00658549
0.00655088
0.00653166
0.00650003
0.00648124
0.00645238
0.00643431
0.00640773
0.00639088
0.00636605
0.0063507
0.00632762
0.00631327
0.00629299
0.00627819
0.00626216
0.00624594
0.00623384
0.00621817
0.00620727
0.00619383
0.00618423
0.0061717
0.00616468
0.00615245
0.00614727
0.00613656
0.00613213
0.00612395
0.00612011
0.0061099
0.00611303
0.0345837
0.0230259
0.0197335
0.0174589
0.0161796
0.0150399
0.0142993
0.0135728
0.0130701
0.0125497
0.0121778
0.0117789
0.0114881
0.0111682
0.0109322
0.0106676
0.0104701
0.0102466
0.0100777
0.00988545
0.00973858
0.0095707
0.00944118
0.00929273
0.00917708
0.00904441
0.00894045
0.00882065
0.00872691
0.00861755
0.00853291
0.00843205
0.00835556
0.00826184
0.00819244
0.00810507
0.00804154
0.00796014
0.0079013
0.00782562
0.00777055
0.0077002
0.00764837
0.0075829
0.00753389
0.00747296
0.00742632
0.0073698
0.00732507
0.00727272
0.00722979
0.00718099
0.00714026
0.00709398
0.0070561
0.00701144
0.00697674
0.00693332
0.00690154
0.00685976
0.00682984
0.00679085
0.00676128
0.00672642
0.00669579
0.00666601
0.00663382
0.00660861
0.00657616
0.00655375
0.00652241
0.0065018
0.00647242
0.00645254
0.00642628
0.00640596
0.00638364
0.00636281
0.00634341
0.0063239
0.00630506
0.0062893
0.00626897
0.00625757
0.00623715
0.00622746
0.00620909
0.00620016
0.00618395
0.00617606
0.00616132
0.00615483
0.00614163
0.00613615
0.00612472
0.00612013
0.00611139
0.00610701
0.00609549
0.00609793
0.0317622
0.023727
0.0193874
0.0176864
0.0160183
0.0151676
0.0141979
0.0136601
0.0129966
0.0126158
0.0121203
0.011832
0.0114411
0.0112125
0.0108926
0.0107051
0.0104367
0.0102785
0.0100492
0.00991257
0.00971411
0.00959366
0.00942004
0.00931203
0.00915897
0.00906077
0.00892499
0.00883465
0.00871357
0.00862976
0.00852116
0.00844301
0.00834489
0.00827191
0.00818245
0.00811436
0.00803207
0.00796862
0.00789236
0.00783324
0.00776215
0.00770709
0.00764035
0.0075893
0.00752603
0.00747908
0.00741851
0.00737562
0.00731732
0.00727818
0.00722212
0.00718607
0.00713263
0.00709876
0.00704841
0.00701605
0.0069688
0.00693798
0.00689317
0.00686442
0.00682124
0.00679507
0.00675299
0.00672946
0.00668848
0.00666729
0.00662771
0.00660831
0.00657058
0.00655249
0.00651697
0.0064999
0.00646678
0.00645014
0.00642044
0.00640302
0.00637733
0.00635964
0.00633609
0.00632067
0.00629702
0.00628482
0.00626165
0.00625097
0.00622984
0.00622002
0.00620102
0.00619203
0.0061748
0.00616698
0.00615161
0.00614484
0.00613136
0.00612527
0.00611245
0.00610703
0.00609628
0.00609131
0.00607837
0.00608096
0.0305642
0.024145
0.0192129
0.0178098
0.0159382
0.0152316
0.0141508
0.0136991
0.0129661
0.0126413
0.0120997
0.0118494
0.0114269
0.0112247
0.0108827
0.010714
0.01043
0.0102853
0.0100447
0.00991794
0.0097107
0.00959791
0.00941713
0.00931557
0.00915622
0.00906405
0.00892214
0.00883798
0.00871046
0.00863329
0.00851772
0.00844674
0.00834107
0.00827579
0.00817825
0.00811833
0.00802752
0.00797261
0.00788755
0.00783721
0.00775721
0.00771093
0.00763551
0.00759275
0.00752159
0.00748185
0.0074147
0.00737752
0.00731418
0.00727926
0.00721943
0.00718662
0.00712995
0.00709918
0.00704532
0.00701657
0.00696518
0.00693845
0.00688926
0.00686449
0.00681736
0.00679437
0.00674941
0.00672779
0.00668525
0.0066648
0.00662458
0.00660514
0.00656758
0.00654855
0.00651422
0.0064948
0.00646429
0.00644435
0.00641697
0.00639797
0.00637168
0.00635551
0.00632912
0.00631577
0.00629049
0.00627789
0.00625562
0.0062428
0.00622317
0.00621153
0.00619262
0.00618352
0.00616535
0.00615731
0.00614133
0.00613418
0.00611975
0.00611314
0.00609972
0.00609379
0.00608205
0.006076
0.00606042
0.00606153
0.0314617
0.0238249
0.0193465
0.0177148
0.0160017
0.0151806
0.0141906
0.0136654
0.0129948
0.012617
0.0121215
0.011831
0.0114434
0.0112106
0.0108952
0.0107035
0.0104387
0.0102779
0.0100499
0.0099132
0.00971328
0.00959538
0.00941786
0.00931488
0.00915582
0.00906453
0.00892114
0.00883904
0.00870931
0.00863443
0.00851675
0.00844751
0.00834046
0.00827589
0.00817816
0.00811767
0.00802798
0.00797131
0.00788848
0.00783539
0.00775842
0.00770877
0.00763681
0.00759039
0.00752284
0.00747935
0.00741589
0.00737478
0.00731549
0.007276
0.00722118
0.00718252
0.00713242
0.00709403
0.00704856
0.00701041
0.006969
0.00693161
0.0068932
0.00685745
0.00682082
0.00678771
0.00675167
0.00672221
0.00668564
0.00666044
0.00662332
0.00660148
0.00656513
0.00654497
0.00651123
0.00649051
0.00646147
0.0064388
0.00641436
0.00639129
0.00636903
0.00634793
0.00632583
0.00630816
0.00628533
0.00627093
0.00624873
0.00623548
0.00621585
0.0062026
0.00618543
0.0061732
0.00615735
0.00614666
0.00613169
0.0061233
0.00610873
0.00610169
0.00608742
0.00608092
0.00606782
0.00606124
0.00604407
0.00604361
0.0329583
0.0233941
0.0195469
0.0175803
0.0160949
0.0151082
0.0142473
0.0136187
0.0130336
0.0125843
0.01215
0.0118062
0.0114661
0.0111908
0.0109143
0.0106865
0.0104555
0.0102624
0.0100654
0.00989858
0.00972786
0.00958141
0.00943188
0.00930138
0.00916932
0.00905145
0.00893408
0.00882636
0.00872154
0.00862219
0.0085281
0.00843588
0.00835088
0.008265
0.00818765
0.00810756
0.00803665
0.00796183
0.00789648
0.0078264
0.00776593
0.00770007
0.00764397
0.00758188
0.00752964
0.00747103
0.00742216
0.00736686
0.00732093
0.00726874
0.00722548
0.0071761
0.00713538
0.00708853
0.00705015
0.00700576
0.00696927
0.00692761
0.00689237
0.00685377
0.00681925
0.0067839
0.00674992
0.00671762
0.00668433
0.00665457
0.00662257
0.00659443
0.00656463
0.00653718
0.00651008
0.00648315
0.00645854
0.00643243
0.00640978
0.00638517
0.00636359
0.00634136
0.00631997
0.00630063
0.00627942
0.00626237
0.00624203
0.00622675
0.00620777
0.00619335
0.0061765
0.00616305
0.0061473
0.00613583
0.00612054
0.00611078
0.00609663
0.00608813
0.0060737
0.00606637
0.0060511
0.00604414
0.00602503
0.00602549
0.0333629
0.0232995
0.0195816
0.0175607
0.0161036
0.015104
0.0142472
0.0136207
0.0130291
0.0125893
0.0121442
0.0118126
0.0114601
0.011197
0.010909
0.0106914
0.0104519
0.0102657
0.0100636
0.00990033
0.00972755
0.00958204
0.00943247
0.00930125
0.00917029
0.00905093
0.0089351
0.00882575
0.00872239
0.00862162
0.00852866
0.00843542
0.00835112
0.00826474
0.00818748
0.00810763
0.00803593
0.00796235
0.00789509
0.00782734
0.00776391
0.00770128
0.00764151
0.00758308
0.00752706
0.00747193
0.00741979
0.00736719
0.00731899
0.00726837
0.00722399
0.00717514
0.00713409
0.00708727
0.00704863
0.00700459
0.00696708
0.00692687
0.00688916
0.0068536
0.00681504
0.00678393
0.00674525
0.00671703
0.00667992
0.00665261
0.00661892
0.00659102
0.00656128
0.00653304
0.00650629
0.00647892
0.00645362
0.00642863
0.00640328
0.00638176
0.00635603
0.00633716
0.00631261
0.00629475
0.00627214
0.00625565
0.00623372
0.00621971
0.00619815
0.00618595
0.00616581
0.00615473
0.00613572
0.006126
0.0061089
0.0060992
0.00608382
0.0060753
0.0060605
0.00605304
0.00603736
0.00602949
0.00601042
0.00600634
0.0320197
0.0236615
0.0194008
0.0176817
0.0160171
0.015171
0.0141942
0.0136642
0.0129939
0.0126191
0.0121197
0.0118337
0.0114427
0.0112122
0.0108968
0.0107025
0.0104431
0.0102738
0.0100574
0.00990624
0.00972294
0.00958667
0.0094285
0.00930547
0.00916601
0.00905556
0.0089299
0.00883129
0.00871611
0.00862805
0.00852169
0.00844219
0.00834409
0.00827123
0.0081809
0.00811339
0.00803007
0.00796722
0.00788986
0.00783157
0.00775891
0.00770526
0.00763639
0.007587
0.00752182
0.00747553
0.00741479
0.00737
0.00731459
0.0072702
0.00722015
0.00717602
0.00713068
0.00708738
0.00704538
0.00700418
0.0069637
0.00692615
0.00688539
0.00685279
0.00681065
0.00678307
0.00674026
0.00671606
0.00667439
0.00665149
0.0066129
0.00658944
0.00655516
0.00653058
0.00650005
0.00647576
0.00644701
0.0064249
0.00639612
0.00637744
0.0063483
0.00633217
0.00630425
0.00628904
0.00626336
0.00624859
0.00622497
0.00621133
0.00618866
0.00617702
0.00615514
0.00614477
0.00612452
0.0061149
0.00609649
0.00608733
0.00607014
0.00606172
0.0060453
0.00603717
0.00602037
0.0060122
0.00599285
0.00598802
0.0313182
0.0238834
0.0193141
0.0177414
0.0159827
0.015198
0.0141781
0.0136776
0.0129864
0.0126256
0.0121167
0.0118361
0.0114422
0.0112126
0.0108974
0.0107023
0.0104436
0.010274
0.0100567
0.00990743
0.00972073
0.00958907
0.00942492
0.00930907
0.00916154
0.00905987
0.00892506
0.00883572
0.00871141
0.00863217
0.00851729
0.00844603
0.00833984
0.00827498
0.0081766
0.00811711
0.00802569
0.0079708
0.00788555
0.00783482
0.00775484
0.00770804
0.00763261
0.00758934
0.00751816
0.00747762
0.00741101
0.00737196
0.00731065
0.00727179
0.00721632
0.00717707
0.00712687
0.00708804
0.00704146
0.00700456
0.00695957
0.00692624
0.00688122
0.0068521
0.00680699
0.00678131
0.00673691
0.00671355
0.00667097
0.00664862
0.0066089
0.00658647
0.0065504
0.00652748
0.00649463
0.00647215
0.0064412
0.00642051
0.00638999
0.00637218
0.00634186
0.00632614
0.00629715
0.00628221
0.0062558
0.00624062
0.00621671
0.00620273
0.0061792
0.00616775
0.00614483
0.00613425
0.00611312
0.00610346
0.00608398
0.00607465
0.00605646
0.00604763
0.00603097
0.00602253
0.00600441
0.00599547
0.00597595
0.00596861
0.0313815
0.0238622
0.0193292
0.0177317
0.0159919
0.0151925
0.0141841
0.0136746
0.0129896
0.012624
0.0121185
0.0118354
0.0114429
0.0112131
0.0108969
0.0107041
0.0104418
0.010277
0.0100535
0.00991173
0.00971633
0.00959415
0.0094198
0.00931442
0.00915623
0.00906505
0.00892
0.00884037
0.00870679
0.00863609
0.0085132
0.00844915
0.00833629
0.00827726
0.00817375
0.00811842
0.00802362
0.00797114
0.00788426
0.0078342
0.00775434
0.0077065
0.00763278
0.007587
0.00751882
0.00747469
0.0074118
0.00736884
0.007311
0.00726919
0.00721551
0.0071755
0.00712471
0.00708746
0.0070381
0.00700457
0.00695568
0.00692588
0.00687764
0.00685082
0.00680388
0.006779
0.00673417
0.00671033
0.00666819
0.00664484
0.00660558
0.00658253
0.00654624
0.00652333
0.00648975
0.00646744
0.00643598
0.00641456
0.00638482
0.00636495
0.00633605
0.00631842
0.00629005
0.00627437
0.00624723
0.00623232
0.00620752
0.00619269
0.00617019
0.00615583
0.00613522
0.00612178
0.00610231
0.00609015
0.0060714
0.00606147
0.00604263
0.0060334
0.00601591
0.0060071
0.00598881
0.00597926
0.00596024
0.00594846
0.0315466
0.0238067
0.0193658
0.017707
0.0160137
0.0151758
0.0141987
0.0136628
0.0130001
0.0126157
0.0121257
0.0118298
0.011448
0.0112094
0.0109001
0.0107019
0.0104437
0.0102759
0.0100545
0.00991138
0.0097168
0.00959428
0.00941997
0.00931457
0.00915632
0.00906491
0.00892019
0.00883986
0.00870721
0.00863532
0.00851367
0.00844844
0.00833657
0.0082768
0.00817356
0.00811843
0.00802275
0.00797169
0.00788264
0.00783517
0.00775208
0.00770769
0.00763016
0.00758814
0.00751606
0.0074756
0.00740905
0.00736938
0.00730836
0.00726924
0.00721296
0.00717518
0.00712207
0.00708686
0.00703532
0.00700363
0.00695281
0.00692454
0.00687466
0.00684899
0.00680088
0.0067765
0.00673131
0.00670693
0.00666559
0.00664041
0.00660317
0.00657738
0.00654323
0.00651824
0.00648571
0.00646238
0.00643071
0.00640958
0.00637837
0.0063596
0.00632902
0.00631201
0.0062826
0.00626696
0.00623893
0.00622393
0.0061985
0.00618278
0.00616062
0.00614461
0.0061246
0.00610945
0.00609055
0.00607708
0.00605828
0.00604734
0.00602851
0.00601805
0.00599948
0.00598912
0.00597249
0.0059618
0.0059432
0.00592933
0.0321924
0.0236105
0.0194565
0.017647
0.0160556
0.0151442
0.0142242
0.0136433
0.0130171
0.0126025
0.0121374
0.0118208
0.0114561
0.0112028
0.010906
0.0106969
0.0104482
0.010272
0.0100583
0.0099078
0.00972054
0.00959089
0.0094238
0.00931116
0.00916018
0.00906141
0.00892395
0.00883628
0.00871067
0.00863189
0.00851653
0.00844546
0.00833874
0.00827427
0.00817513
0.00811621
0.00802392
0.00796953
0.00788356
0.00783293
0.00775287
0.00770529
0.00763084
0.00758561
0.0075166
0.00747296
0.00740937
0.00736669
0.00730835
0.00726652
0.00721273
0.00717222
0.00712183
0.00708346
0.00703516
0.00699979
0.00695251
0.00692045
0.00687411
0.0068446
0.00680001
0.00677193
0.00672995
0.00670223
0.00666354
0.00663573
0.00660012
0.0065728
0.0065395
0.00651329
0.00648137
0.00645713
0.00642551
0.006404
0.00637226
0.00635328
0.00632262
0.00630439
0.00627623
0.00625759
0.00623264
0.00621322
0.00619085
0.00617226
0.00615104
0.00613351
0.00611351
0.00609777
0.00607807
0.00606494
0.00604511
0.00603361
0.00601407
0.00600248
0.00598415
0.00597178
0.00595614
0.00594347
0.00592813
0.0059115
0.0326346
0.0234879
0.0195146
0.0176116
0.0160809
0.0151272
0.0142386
0.0136331
0.0130266
0.0125957
0.0121442
0.0118159
0.0114613
0.0111991
0.0109102
0.0106938
0.0104516
0.0102691
0.0100613
0.00990491
0.00972338
0.00958782
0.00942667
0.00930787
0.00916322
0.00905807
0.00892721
0.00883308
0.00871375
0.00862906
0.00851921
0.00844284
0.00834097
0.00827175
0.00817711
0.00811362
0.00802574
0.00796679
0.00788533
0.00783002
0.00775454
0.00770237
0.00763223
0.00758296
0.00751739
0.00747087
0.00740919
0.0073653
0.00730713
0.00726566
0.00721076
0.00717149
0.00711959
0.00708236
0.00703317
0.00699774
0.00695111
0.00691728
0.00687311
0.00684059
0.00679892
0.00676736
0.00672839
0.00669748
0.00666098
0.00663115
0.00659645
0.00656814
0.00653486
0.00650845
0.00647578
0.00645195
0.00641893
0.00639829
0.00636494
0.00634672
0.00631475
0.00629686
0.00626808
0.00624875
0.00622388
0.00620352
0.0061811
0.00616149
0.00614019
0.00612204
0.0061009
0.00608553
0.00606399
0.00605174
0.00602994
0.00601793
0.00599868
0.00598459
0.00596843
0.00595333
0.00593772
0.00592366
0.00590692
0.00589499
0.0320931
0.0236423
0.0194414
0.0176595
0.016048
0.0151515
0.0142198
0.013647
0.0130153
0.0126041
0.0121374
0.0118209
0.0114572
0.0112019
0.0109077
0.0106952
0.0104502
0.0102696
0.0100607
0.00990495
0.00972322
0.00958752
0.00942683
0.0093074
0.0091636
0.00905736
0.00892752
0.00883221
0.00871398
0.00862814
0.00851952
0.00844193
0.00834128
0.00827086
0.00817734
0.00811278
0.00802602
0.00796576
0.00788564
0.00782874
0.00775481
0.00770093
0.00763241
0.00758145
0.00751739
0.0074693
0.00740891
0.00736366
0.00730647
0.00726403
0.00720969
0.00716987
0.007118
0.00708084
0.00703094
0.00699648
0.00694811
0.00691629
0.00686935
0.00683973
0.00679457
0.00676631
0.00672364
0.0066957
0.00665628
0.00662803
0.00659207
0.00656395
0.00653039
0.00650371
0.00647051
0.00644686
0.00641283
0.00639227
0.00635822
0.00633963
0.00630751
0.00628861
0.0062603
0.00623985
0.00621478
0.00619424
0.00617068
0.00615155
0.0061289
0.00611148
0.00608896
0.00607367
0.00605234
0.00603796
0.00601783
0.00600321
0.00598656
0.00596938
0.00595504
0.00593901
0.00592281
0.00590882
0.00588786
0.00587272
0.0321291
0.0236329
0.0194488
0.0176534
0.0160542
0.0151462
0.0142254
0.0136424
0.0130201
0.0126
0.0121413
0.0118175
0.0114599
0.0111994
0.0109093
0.0106937
0.010451
0.010269
0.0100608
0.00990515
0.00972303
0.00958797
0.00942653
0.00930764
0.00916351
0.00905708
0.00892789
0.00883142
0.00871503
0.00862673
0.00852111
0.00843989
0.00834342
0.00826837
0.00817972
0.00811019
0.00802833
0.00796348
0.00788727
0.00782687
0.0077555
0.00769938
0.00763243
0.00758018
0.00751711
0.00746794
0.00740871
0.00736188
0.0073064
0.00726173
0.00720969
0.00716742
0.00711772
0.00707859
0.00703027
0.00699435
0.00694696
0.00691412
0.00686799
0.00683726
0.00679339
0.00676373
0.00672307
0.00669246
0.00665579
0.0066241
0.00659075
0.00655944
0.00652801
0.00649911
0.00646724
0.00644192
0.00640921
0.00638615
0.00635433
0.00633193
0.00630252
0.00627981
0.00625382
0.00623083
0.00620589
0.0061848
0.00615992
0.00614081
0.00611669
0.00609919
0.0060755
0.00605911
0.00603852
0.00602047
0.00600349
0.00598502
0.00597044
0.00595126
0.00593711
0.00592039
0.00590484
0.00589075
0.00587333
0.00585626
0.0326589
0.0234859
0.0195208
0.0176065
0.0160886
0.015121
0.0142464
0.0136262
0.0130342
0.0125891
0.0121512
0.0118102
0.0114665
0.0111946
0.0109135
0.0106906
0.0104535
0.0102671
0.0100624
0.00990365
0.00972421
0.00958622
0.00942779
0.00930549
0.00916533
0.00905461
0.00893017
0.0088286
0.0087176
0.00862367
0.00852389
0.00843676
0.0083464
0.00826521
0.00818281
0.00810716
0.00803111
0.00796071
0.0078897
0.00782438
0.00775757
0.00769707
0.00763407
0.00757783
0.00751846
0.0074657
0.00740965
0.00735977
0.0073067
0.00726013
0.00720899
0.0071664
0.00711676
0.00707806
0.00702931
0.00699368
0.00694619
0.00691241
0.00686735
0.0068344
0.00679322
0.00676029
0.00672282
0.00668902
0.00665461
0.00662121
0.00658908
0.0065574
0.00652577
0.00649765
0.00646516
0.00643983
0.0064078
0.00638305
0.00635366
0.00632834
0.00630137
0.0062763
0.00625178
0.00622789
0.00620283
0.00618147
0.00615619
0.00613709
0.00611167
0.00609307
0.00606953
0.00604956
0.00603036
0.00600879
0.00599257
0.00597186
0.00595661
0.00593573
0.00592047
0.00590183
0.00588513
0.00586693
0.00585032
0.00583111
0.0333341
0.0233164
0.0196071
0.0175536
0.0161278
0.0150935
0.0142695
0.0136097
0.013049
0.0125786
0.0121611
0.0118031
0.0114734
0.0111898
0.0109186
0.0106871
0.0104576
0.0102638
0.0100661
0.00990002
0.00972795
0.00958228
0.00943184
0.00930131
0.00916934
0.00905045
0.00893403
0.0088245
0.00872121
0.0086197
0.00852715
0.00843298
0.00834933
0.00826182
0.00818533
0.00810415
0.00803305
0.00795805
0.00789119
0.00782201
0.00775887
0.0076948
0.00763526
0.00757549
0.00751949
0.00746336
0.00741012
0.00735808
0.00730665
0.00725903
0.00720832
0.00716552
0.00711543
0.0070766
0.00702777
0.006991
0.00694485
0.0069088
0.00686657
0.00683001
0.00679256
0.00675522
0.00672124
0.00668424
0.00665146
0.00661724
0.00658459
0.00655387
0.00652065
0.00649293
0.0064607
0.00643406
0.00640411
0.00637648
0.00634949
0.00632172
0.00629695
0.00627013
0.00624671
0.00622299
0.00619825
0.00617668
0.00615159
0.0061312
0.00610742
0.00608643
0.0060656
0.00604347
0.00602571
0.00600271
0.00598707
0.00596581
0.00595017
0.00592889
0.00591335
0.00589365
0.00587802
0.00585733
0.0058424
0.00582091
0.0345365
0.0230557
0.0197415
0.0174711
0.0161875
0.0150497
0.0143053
0.0135816
0.0130738
0.0125583
0.0121797
0.0117872
0.0114886
0.0111765
0.0109316
0.0106754
0.0104692
0.0102532
0.0100765
0.00989061
0.00973704
0.00957409
0.00943939
0.00929448
0.00917523
0.00904493
0.00893834
0.00882033
0.00872396
0.00861667
0.00852866
0.00843074
0.00834966
0.00826014
0.00818476
0.00810265
0.00803208
0.0079565
0.00789031
0.00782022
0.00775821
0.00769274
0.00763483
0.00757312
0.00751891
0.00746066
0.00740946
0.00735492
0.00730587
0.00725508
0.00720796
0.00716059
0.00711528
0.00707073
0.00702758
0.00698477
0.00694435
0.00690259
0.00686526
0.00682435
0.00678973
0.00674991
0.00671661
0.00667915
0.0066462
0.00661159
0.00657881
0.00654662
0.00651466
0.00648362
0.00645376
0.00642272
0.00639579
0.00636441
0.00633923
0.0063087
0.00628466
0.00625581
0.00623237
0.00620528
0.00618305
0.00615717
0.0061353
0.00610985
0.00609044
0.00606454
0.00604734
0.00602181
0.00600597
0.00598076
0.0059666
0.00594345
0.00592857
0.00590573
0.00589104
0.00586939
0.00585604
0.00583308
0.00582017
0.00579783
0.00612221
0.00611153
0.00608932
0.00607061
0.00603707
0.00599346
0.00596429
0.00590781
0.00583549
0.00577274
0.00610974
0.00609438
0.0060677
0.00604528
0.00600601
0.0059717
0.00594204
0.00587586
0.00583184
0.00578258
0.00609471
0.00607775
0.00605034
0.00602942
0.00599197
0.00596722
0.00592858
0.00587805
0.00583891
0.00579812
0.00607865
0.00605659
0.00603383
0.00600811
0.00597713
0.00595214
0.00590627
0.00587362
0.0058317
0.00580035
0.00606234
0.0060382
0.00601588
0.00598749
0.00596229
0.00592581
0.00589868
0.00585997
0.00583387
0.00579035
0.00604328
0.00601681
0.0059989
0.00596639
0.00594578
0.00590876
0.00588782
0.00584664
0.00582514
0.00578172
0.00602555
0.00599902
0.00598112
0.00594848
0.00593004
0.00589526
0.00587609
0.00583837
0.00581857
0.00577864
0.00600721
0.00597963
0.00596232
0.00593208
0.00591521
0.00588291
0.00586515
0.00583004
0.0058114
0.00577405
0.00598659
0.00596069
0.00594573
0.00591747
0.00590153
0.00587072
0.00585343
0.00581996
0.00580174
0.00576638
0.005968
0.00594466
0.00592922
0.00590204
0.00588661
0.00585686
0.00584055
0.0058085
0.00579164
0.00575841
0.00595152
0.00592782
0.0059143
0.00588801
0.00587332
0.00584499
0.00582936
0.00579917
0.00578273
0.0057511
0.0059333
0.00591012
0.00589696
0.00587196
0.00585799
0.00583128
0.00581672
0.00578876
0.00577384
0.00574519
0.0059137
0.00589059
0.00587745
0.00585346
0.0058403
0.00581574
0.0058022
0.00577654
0.00576256
0.00573533
0.00589624
0.00587342
0.00586071
0.00583755
0.00582485
0.00580167
0.00578914
0.00576591
0.0057535
0.00572952
0.00587803
0.00585823
0.00584406
0.00582283
0.00580927
0.00578684
0.00577431
0.00575137
0.00573991
0.00571784
0.00585605
0.00583641
0.00582415
0.00580384
0.00579302
0.00577247
0.00576168
0.0057407
0.00572971
0.00570866
0.00584152
0.00582226
0.00581122
0.005792
0.00578216
0.00576324
0.00575339
0.00573406
0.00572376
0.00570414
0.00581674
0.00579778
0.00578641
0.0057679
0.00575775
0.00573997
0.00573061
0.00571311
0.00570393
0.00568701
0.00580811
0.00578959
0.00577904
0.00576068
0.0057508
0.00573286
0.0057237
0.00570588
0.00569616
0.00567881
0.00578549
0.00576761
0.0057574
0.00573997
0.00573083
0.00571407
0.00570542
0.0056886
0.0056795
0.00566316
)
;

boundaryField
{
    down
    {
        type            symmetryPlane;
    }
    right
    {
        type            calculated;
        value           nonuniform List<scalar> 
30
(
0.00323496
0.00327338
0.00334624
0.00347814
0.0037325
0.00414215
0.00442101
0.00447629
0.00446896
0.00440792
0.00433932
0.00427699
0.00429102
0.00431579
0.00436636
0.00440972
0.00446731
0.00449381
0.00453417
0.00455736
0.00456325
0.00456006
0.00454389
0.00450189
0.00446745
0.00445058
0.00445112
0.00445609
0.00446663
0.00446897
)
;
    }
    up
    {
        type            calculated;
        value           nonuniform List<scalar> 
220
(
0.00565416
0.00563757
0.00562887
0.00561297
0.00560477
0.00558838
0.00557943
0.0055633
0.00555414
0.00553804
0.00552761
0.00550634
0.00549448
0.00547332
0.00546196
0.00544124
0.00543056
0.0054105
0.00540008
0.00538025
0.00536993
0.00535046
0.00533999
0.00532071
0.00531013
0.00529108
0.00528071
0.00526211
0.00525217
0.0052343
0.0052248
0.00520739
0.00519801
0.00518104
0.00517176
0.005155
0.00514578
0.00512925
0.00512024
0.00510404
0.0050954
0.00507946
0.00507108
0.00505546
0.00504713
0.00503157
0.0050229
0.00500732
0.00499829
0.00498301
0.00497392
0.00495908
0.00495031
0.00493591
0.00492751
0.0049137
0.00490584
0.00489281
0.0048854
0.00487299
0.00486599
0.00485395
0.00484748
0.00483591
0.00482989
0.00481869
0.00481294
0.00480201
0.00479649
0.00478569
0.00478027
0.00476944
0.00476394
0.00475285
0.00474719
0.004736
0.00473034
0.00471911
0.00471342
0.00470213
0.00469644
0.00468516
0.0046794
0.00466824
0.00466256
0.0046516
0.00464603
0.00463528
0.00462987
0.00461938
0.00461416
0.00460389
0.00459882
0.00458874
0.00458373
0.00457377
0.0045688
0.00455893
0.00455398
0.00454413
0.00453918
0.00452929
0.00452434
0.0045145
0.00450954
0.00449978
0.00449479
0.00448525
0.00447955
0.00446897
0.00578549
0.00576761
0.0057574
0.00573997
0.00573083
0.00571407
0.00570542
0.0056886
0.0056795
0.00566316
0.0345365
0.0230557
0.0197415
0.0174711
0.0161875
0.0150497
0.0143053
0.0135816
0.0130738
0.0125583
0.0121797
0.0117872
0.0114886
0.0111765
0.0109316
0.0106754
0.0104692
0.0102532
0.0100765
0.00989061
0.00973704
0.00957409
0.00943939
0.00929448
0.00917523
0.00904493
0.00893834
0.00882033
0.00872396
0.00861667
0.00852866
0.00843074
0.00834966
0.00826014
0.00818476
0.00810265
0.00803208
0.0079565
0.00789031
0.00782022
0.00775821
0.00769274
0.00763483
0.00757312
0.00751891
0.00746066
0.00740946
0.00735492
0.00730587
0.00725508
0.00720796
0.00716059
0.00711528
0.00707073
0.00702758
0.00698477
0.00694435
0.00690259
0.00686526
0.00682435
0.00678973
0.00674991
0.00671661
0.00667915
0.0066462
0.00661159
0.00657881
0.00654662
0.00651466
0.00648362
0.00645376
0.00642272
0.00639579
0.00636441
0.00633923
0.0063087
0.00628466
0.00625581
0.00623237
0.00620528
0.00618305
0.00615717
0.0061353
0.00610985
0.00609044
0.00606454
0.00604734
0.00602181
0.00600597
0.00598076
0.0059666
0.00594345
0.00592857
0.00590573
0.00589104
0.00586939
0.00585604
0.00583308
0.00582017
0.00579783
)
;
    }
    left
    {
        type            calculated;
        value           uniform 0.62035;
    }
    cylinder
    {
        type            calculated;
        value           nonuniform List<scalar> 
40
(
0.00325445
0.00325519
0.00325358
0.00326968
0.00356814
0.00357244
0.00356899
0.00357591
0.00358566
0.00359655
0.00324627
0.00324632
0.00324652
0.00324687
0.00324718
0.00324745
0.00324769
0.00324809
0.0032485
0.00325029
0.00612717
0.00605974
0.00560388
0.00546065
0.00456408
0.00413147
0.00389587
0.00378773
0.00363883
0.00361123
0.00614477
0.00614665
0.00615296
0.00615936
0.0061721
0.00618092
0.00619671
0.00620958
0.00621747
0.00622089
)
;
    }
    defaultFaces
    {
        type            empty;
    }
}


// ************************************************************************* //
