/*--------------------------------*- C++ -*----------------------------------*\
  =========                 |
  \\      /  F ield         | OpenFOAM: The Open Source CFD Toolbox
   \\    /   O peration     | Website:  https://openfoam.org
    \\  /    A nd           | Version:  8
     \\/     M anipulation  |
\*---------------------------------------------------------------------------*/
FoamFile
{
    version     2.0;
    format      ascii;
    class       volScalarField;
    location    "1";
    object      rho;
}
// * * * * * * * * * * * * * * * * * * * * * * * * * * * * * * * * * * * * * //

dimensions      [1 -3 0 0 0 0 0];

internalField   nonuniform List<scalar> 
800
(
0.030506893
0.030506869
0.030506889
0.030506887
0.03050689
0.030506887
0.030506887
0.030506886
0.030506886
0.030506887
0.030506887
0.030506887
0.030506886
0.030506888
0.030506888
0.030506891
0.030506887
0.03050689
0.03050687
0.030506893
0.030362321
0.030362313
0.030362317
0.030362318
0.03036232
0.030362318
0.030362318
0.030362317
0.030362318
0.030362318
0.030362318
0.030362318
0.030362318
0.030362319
0.030362319
0.03036232
0.030362319
0.030362317
0.030362314
0.030362322
0.030362463
0.030362463
0.030362462
0.030362462
0.030362463
0.030362463
0.030362463
0.030362463
0.030362463
0.030362463
0.030362463
0.030362463
0.030362463
0.030362463
0.030362463
0.030362464
0.030362463
0.030362463
0.030362464
0.030362464
0.030361991
0.030361992
0.03036199
0.030361992
0.03036199
0.030361991
0.030361992
0.030361991
0.030361991
0.03036199
0.03036199
0.030361991
0.030361991
0.030361993
0.030361992
0.030361991
0.030361993
0.030361991
0.030361993
0.030361992
0.030363412
0.030363406
0.030363411
0.030363405
0.030363406
0.030363408
0.030363408
0.030363409
0.030363408
0.030363407
0.030363407
0.030363408
0.030363408
0.030363408
0.030363407
0.030363406
0.030363404
0.03036341
0.030363406
0.030363411
0.030361608
0.030361616
0.030361613
0.030361616
0.030361615
0.030361614
0.030361615
0.030361613
0.030361613
0.030361612
0.030361612
0.030361613
0.030361613
0.030361614
0.030361614
0.030361615
0.030361615
0.030361612
0.030361615
0.030361607
0.03036507
0.030365065
0.030365066
0.030365067
0.030365065
0.030365067
0.030365065
0.030365066
0.030365066
0.030365067
0.030365067
0.030365066
0.030365066
0.030365064
0.030365066
0.030365064
0.030365066
0.030365065
0.030365064
0.030365068
0.030359292
0.030359298
0.030359294
0.030359298
0.030359296
0.030359297
0.030359296
0.030359295
0.030359296
0.030359296
0.030359296
0.030359296
0.030359295
0.030359296
0.030359296
0.030359296
0.030359298
0.030359294
0.030359298
0.030359292
0.030366657
0.030366653
0.030366656
0.030366651
0.030366653
0.030366653
0.030366654
0.030366655
0.030366655
0.030366656
0.030366656
0.030366655
0.030366655
0.030366654
0.030366653
0.030366654
0.030366652
0.030366657
0.030366654
0.030366658
0.030356379
0.030356377
0.03035638
0.030356377
0.03035638
0.030356378
0.030356379
0.030356378
0.030356379
0.030356378
0.030356378
0.030356379
0.030356378
0.030356379
0.030356378
0.03035638
0.030356377
0.03035638
0.030356377
0.030356379
0.030506821
0.030506788
0.03050681
0.030506807
0.030506811
0.030506808
0.030506808
0.030506807
0.030506807
0.030506807
0.030506807
0.030506807
0.030506807
0.030506808
0.030506808
0.030506811
0.030506808
0.030506811
0.030506789
0.030506821
0.030362317
0.030362315
0.030362316
0.030362318
0.030362319
0.030362318
0.030362318
0.030362317
0.030362317
0.030362317
0.030362317
0.030362317
0.030362317
0.030362319
0.030362319
0.03036232
0.030362319
0.030362317
0.030362315
0.030362318
0.030362465
0.030362465
0.030362464
0.030362465
0.030362466
0.030362465
0.030362466
0.030362465
0.030362465
0.030362465
0.030362465
0.030362465
0.030362465
0.030362466
0.030362466
0.030362467
0.030362465
0.030362465
0.030362466
0.030362466
0.030361985
0.030361986
0.030361983
0.030361985
0.030361984
0.030361984
0.030361985
0.030361984
0.030361984
0.030361983
0.030361983
0.030361984
0.030361985
0.030361986
0.030361985
0.030361985
0.030361986
0.030361984
0.030361987
0.030361986
0.030363418
0.030363412
0.030363417
0.030363411
0.030363412
0.030363414
0.030363414
0.030363414
0.030363414
0.030363413
0.030363413
0.030363414
0.030363414
0.030363414
0.030363413
0.030363412
0.03036341
0.030363416
0.030363412
0.030363417
0.030361607
0.030361616
0.030361613
0.030361616
0.030361615
0.030361614
0.030361614
0.030361613
0.030361613
0.030361612
0.030361612
0.030361613
0.030361612
0.030361614
0.030361613
0.030361614
0.030361615
0.030361612
0.030361615
0.030361606
0.030365075
0.030365071
0.030365071
0.030365072
0.030365071
0.030365072
0.03036507
0.030365071
0.030365071
0.030365072
0.030365072
0.030365071
0.030365071
0.030365069
0.030365071
0.030365069
0.030365071
0.03036507
0.030365069
0.030365073
0.03035929
0.030359296
0.030359293
0.030359296
0.030359294
0.030359294
0.030359294
0.030359292
0.030359293
0.030359293
0.030359292
0.030359292
0.030359292
0.030359293
0.030359294
0.030359294
0.030359296
0.030359292
0.030359296
0.03035929
0.030366658
0.030366654
0.030366657
0.030366652
0.030366654
0.030366655
0.030366655
0.030366657
0.030366657
0.030366658
0.030366658
0.030366658
0.030366657
0.030366656
0.030366655
0.030366655
0.030366653
0.030366658
0.030366655
0.030366659
0.030356381
0.030356378
0.030356381
0.030356378
0.030356381
0.030356379
0.03035638
0.030356379
0.03035638
0.030356379
0.030356379
0.03035638
0.030356379
0.03035638
0.030356379
0.030356381
0.030356378
0.030356381
0.030356378
0.030356381
0.030506821
0.030506788
0.03050681
0.030506807
0.030506811
0.030506808
0.030506808
0.030506807
0.030506807
0.030506807
0.030506807
0.030506807
0.030506807
0.030506808
0.030506808
0.030506811
0.030506808
0.030506811
0.030506789
0.030506821
0.030362317
0.030362315
0.030362316
0.030362318
0.030362319
0.030362318
0.030362318
0.030362317
0.030362317
0.030362317
0.030362317
0.030362317
0.030362317
0.030362319
0.030362319
0.03036232
0.030362319
0.030362317
0.030362315
0.030362318
0.030362465
0.030362465
0.030362464
0.030362465
0.030362466
0.030362465
0.030362466
0.030362465
0.030362465
0.030362465
0.030362465
0.030362465
0.030362465
0.030362466
0.030362466
0.030362467
0.030362465
0.030362465
0.030362466
0.030362466
0.030361985
0.030361986
0.030361983
0.030361985
0.030361984
0.030361984
0.030361985
0.030361984
0.030361984
0.030361983
0.030361983
0.030361984
0.030361985
0.030361986
0.030361985
0.030361985
0.030361986
0.030361984
0.030361987
0.030361986
0.030363418
0.030363412
0.030363417
0.030363411
0.030363412
0.030363414
0.030363414
0.030363414
0.030363414
0.030363413
0.030363413
0.030363414
0.030363414
0.030363414
0.030363413
0.030363412
0.03036341
0.030363416
0.030363412
0.030363417
0.030361607
0.030361616
0.030361613
0.030361616
0.030361615
0.030361614
0.030361614
0.030361613
0.030361613
0.030361612
0.030361612
0.030361613
0.030361612
0.030361614
0.030361613
0.030361614
0.030361615
0.030361612
0.030361615
0.030361606
0.030365075
0.030365071
0.030365071
0.030365072
0.030365071
0.030365072
0.03036507
0.030365071
0.030365071
0.030365072
0.030365072
0.030365071
0.030365071
0.030365069
0.030365071
0.030365069
0.030365071
0.03036507
0.030365069
0.030365073
0.03035929
0.030359296
0.030359293
0.030359296
0.030359294
0.030359294
0.030359294
0.030359292
0.030359293
0.030359293
0.030359292
0.030359292
0.030359292
0.030359293
0.030359294
0.030359294
0.030359296
0.030359292
0.030359296
0.03035929
0.030366658
0.030366654
0.030366657
0.030366652
0.030366654
0.030366655
0.030366655
0.030366657
0.030366657
0.030366658
0.030366658
0.030366658
0.030366657
0.030366656
0.030366655
0.030366655
0.030366653
0.030366658
0.030366655
0.030366659
0.030356381
0.030356378
0.030356381
0.030356378
0.030356381
0.030356379
0.03035638
0.030356379
0.03035638
0.030356379
0.030356379
0.03035638
0.030356379
0.03035638
0.030356379
0.030356381
0.030356378
0.030356381
0.030356378
0.030356381
0.030506893
0.030506869
0.030506889
0.030506887
0.03050689
0.030506887
0.030506887
0.030506886
0.030506886
0.030506887
0.030506887
0.030506887
0.030506886
0.030506888
0.030506888
0.030506891
0.030506887
0.03050689
0.03050687
0.030506893
0.030362321
0.030362313
0.030362317
0.030362318
0.03036232
0.030362318
0.030362318
0.030362317
0.030362318
0.030362318
0.030362318
0.030362318
0.030362318
0.030362319
0.030362319
0.03036232
0.030362319
0.030362317
0.030362314
0.030362322
0.030362463
0.030362463
0.030362462
0.030362462
0.030362463
0.030362463
0.030362463
0.030362463
0.030362463
0.030362463
0.030362463
0.030362463
0.030362463
0.030362463
0.030362463
0.030362464
0.030362463
0.030362463
0.030362464
0.030362464
0.030361991
0.030361992
0.03036199
0.030361992
0.03036199
0.030361991
0.030361992
0.030361991
0.030361991
0.03036199
0.03036199
0.030361991
0.030361991
0.030361993
0.030361992
0.030361991
0.030361993
0.030361991
0.030361993
0.030361992
0.030363412
0.030363406
0.030363411
0.030363405
0.030363406
0.030363408
0.030363408
0.030363409
0.030363408
0.030363407
0.030363407
0.030363408
0.030363408
0.030363408
0.030363407
0.030363406
0.030363404
0.03036341
0.030363406
0.030363411
0.030361608
0.030361616
0.030361613
0.030361616
0.030361615
0.030361614
0.030361615
0.030361613
0.030361613
0.030361612
0.030361612
0.030361613
0.030361613
0.030361614
0.030361614
0.030361615
0.030361615
0.030361612
0.030361615
0.030361607
0.03036507
0.030365065
0.030365066
0.030365067
0.030365065
0.030365067
0.030365065
0.030365066
0.030365066
0.030365067
0.030365067
0.030365066
0.030365066
0.030365064
0.030365066
0.030365064
0.030365066
0.030365065
0.030365064
0.030365068
0.030359292
0.030359298
0.030359294
0.030359298
0.030359296
0.030359297
0.030359296
0.030359295
0.030359296
0.030359296
0.030359296
0.030359296
0.030359295
0.030359296
0.030359296
0.030359296
0.030359298
0.030359294
0.030359298
0.030359292
0.030366657
0.030366653
0.030366656
0.030366651
0.030366653
0.030366653
0.030366654
0.030366655
0.030366655
0.030366656
0.030366656
0.030366655
0.030366655
0.030366654
0.030366653
0.030366654
0.030366652
0.030366657
0.030366654
0.030366658
0.03035638
0.030356377
0.03035638
0.030356377
0.03035638
0.030356378
0.030356379
0.030356378
0.030356379
0.030356378
0.030356378
0.030356379
0.030356378
0.030356379
0.030356378
0.03035638
0.030356377
0.03035638
0.030356377
0.030356379
)
;

boundaryField
{
    left
    {
        type            calculated;
        value           nonuniform List<scalar> 
40
(
0.030506893
0.030362321
0.030362463
0.030361991
0.030363412
0.030361608
0.03036507
0.030359292
0.030366657
0.030356379
0.030506821
0.030362317
0.030362465
0.030361985
0.030363418
0.030361607
0.030365075
0.03035929
0.030366658
0.030356381
0.030506821
0.030362317
0.030362465
0.030361985
0.030363418
0.030361607
0.030365075
0.03035929
0.030366658
0.030356381
0.030506893
0.030362321
0.030362463
0.030361991
0.030363412
0.030361608
0.03036507
0.030359292
0.030366657
0.03035638
)
;
    }
    right
    {
        type            calculated;
        value           nonuniform List<scalar> 
40
(
0.030506893
0.030362322
0.030362464
0.030361992
0.030363411
0.030361607
0.030365068
0.030359292
0.030366658
0.030356379
0.030506821
0.030362318
0.030362466
0.030361986
0.030363417
0.030361606
0.030365073
0.03035929
0.030366659
0.030356381
0.030506821
0.030362318
0.030362466
0.030361986
0.030363417
0.030361606
0.030365073
0.03035929
0.030366659
0.030356381
0.030506893
0.030362322
0.030362464
0.030361992
0.030363411
0.030361607
0.030365068
0.030359292
0.030366658
0.030356379
)
;
    }
    walls
    {
        type            calculated;
        value           nonuniform List<scalar> 
80
(
0.030462818
0.03046282
0.03046282
0.030462818
0.030462823
0.030462823
0.030462823
0.030462823
0.030462828
0.030462827
0.030462827
0.030462828
0.030462828
0.030462827
0.030462827
0.030462828
0.03046283
0.030462829
0.030462829
0.03046283
0.030462827
0.030462826
0.030462826
0.030462827
0.030462827
0.030462826
0.030462826
0.030462827
0.030462826
0.030462825
0.030462825
0.030462826
0.030462826
0.030462825
0.030462825
0.030462826
0.030462826
0.030462825
0.030462825
0.030462826
0.030462826
0.030462825
0.030462825
0.030462826
0.030462826
0.030462825
0.030462825
0.030462826
0.030462826
0.030462825
0.030462825
0.030462826
0.030462827
0.030462826
0.030462826
0.030462827
0.030462828
0.030462826
0.030462826
0.030462828
0.03046283
0.030462829
0.030462829
0.03046283
0.030462828
0.030462827
0.030462827
0.030462828
0.030462828
0.030462828
0.030462828
0.030462828
0.030462824
0.030462824
0.030462824
0.030462824
0.030462819
0.030462821
0.030462821
0.030462819
)
;
    }
    centreline
    {
        type            calculated;
        value           uniform 0.030363209;
    }
    frontAndBack
    {
        type            calculated;
        value           nonuniform List<scalar> 
400
(
0.030506893
0.030362321
0.030362463
0.030361991
0.030363412
0.030361608
0.03036507
0.030359292
0.030366657
0.030356379
0.030506869
0.030362313
0.030362463
0.030361992
0.030363406
0.030361616
0.030365065
0.030359298
0.030366653
0.030356377
0.030506889
0.030362317
0.030362462
0.03036199
0.030363411
0.030361613
0.030365066
0.030359294
0.030366656
0.03035638
0.030506887
0.030362318
0.030362462
0.030361992
0.030363405
0.030361616
0.030365067
0.030359298
0.030366651
0.030356377
0.03050689
0.03036232
0.030362463
0.03036199
0.030363406
0.030361615
0.030365065
0.030359296
0.030366653
0.03035638
0.030506887
0.030362318
0.030362463
0.030361991
0.030363408
0.030361614
0.030365067
0.030359297
0.030366653
0.030356378
0.030506887
0.030362318
0.030362463
0.030361992
0.030363408
0.030361615
0.030365065
0.030359296
0.030366654
0.030356379
0.030506886
0.030362317
0.030362463
0.030361991
0.030363409
0.030361613
0.030365066
0.030359295
0.030366655
0.030356378
0.030506886
0.030362318
0.030362463
0.030361991
0.030363408
0.030361613
0.030365066
0.030359296
0.030366655
0.030356379
0.030506887
0.030362318
0.030362463
0.03036199
0.030363407
0.030361612
0.030365067
0.030359296
0.030366656
0.030356378
0.030506887
0.030362318
0.030362463
0.03036199
0.030363407
0.030361612
0.030365067
0.030359296
0.030366656
0.030356378
0.030506887
0.030362318
0.030362463
0.030361991
0.030363408
0.030361613
0.030365066
0.030359296
0.030366655
0.030356379
0.030506886
0.030362318
0.030362463
0.030361991
0.030363408
0.030361613
0.030365066
0.030359295
0.030366655
0.030356378
0.030506888
0.030362319
0.030362463
0.030361993
0.030363408
0.030361614
0.030365064
0.030359296
0.030366654
0.030356379
0.030506888
0.030362319
0.030362463
0.030361992
0.030363407
0.030361614
0.030365066
0.030359296
0.030366653
0.030356378
0.030506891
0.03036232
0.030362464
0.030361991
0.030363406
0.030361615
0.030365064
0.030359296
0.030366654
0.03035638
0.030506887
0.030362319
0.030362463
0.030361993
0.030363404
0.030361615
0.030365066
0.030359298
0.030366652
0.030356377
0.03050689
0.030362317
0.030362463
0.030361991
0.03036341
0.030361612
0.030365065
0.030359294
0.030366657
0.03035638
0.03050687
0.030362314
0.030362464
0.030361993
0.030363406
0.030361615
0.030365064
0.030359298
0.030366654
0.030356377
0.030506893
0.030362322
0.030362464
0.030361992
0.030363411
0.030361607
0.030365068
0.030359292
0.030366658
0.030356379
0.030506893
0.030362321
0.030362463
0.030361991
0.030363412
0.030361608
0.03036507
0.030359292
0.030366657
0.03035638
0.030506869
0.030362313
0.030362463
0.030361992
0.030363406
0.030361616
0.030365065
0.030359298
0.030366653
0.030356377
0.030506889
0.030362317
0.030362462
0.03036199
0.030363411
0.030361613
0.030365066
0.030359294
0.030366656
0.03035638
0.030506887
0.030362318
0.030362462
0.030361992
0.030363405
0.030361616
0.030365067
0.030359298
0.030366651
0.030356377
0.03050689
0.03036232
0.030362463
0.03036199
0.030363406
0.030361615
0.030365065
0.030359296
0.030366653
0.03035638
0.030506887
0.030362318
0.030362463
0.030361991
0.030363408
0.030361614
0.030365067
0.030359297
0.030366653
0.030356378
0.030506887
0.030362318
0.030362463
0.030361992
0.030363408
0.030361615
0.030365065
0.030359296
0.030366654
0.030356379
0.030506886
0.030362317
0.030362463
0.030361991
0.030363409
0.030361613
0.030365066
0.030359295
0.030366655
0.030356378
0.030506886
0.030362318
0.030362463
0.030361991
0.030363408
0.030361613
0.030365066
0.030359296
0.030366655
0.030356379
0.030506887
0.030362318
0.030362463
0.03036199
0.030363407
0.030361612
0.030365067
0.030359296
0.030366656
0.030356378
0.030506887
0.030362318
0.030362463
0.03036199
0.030363407
0.030361612
0.030365067
0.030359296
0.030366656
0.030356378
0.030506887
0.030362318
0.030362463
0.030361991
0.030363408
0.030361613
0.030365066
0.030359296
0.030366655
0.030356379
0.030506886
0.030362318
0.030362463
0.030361991
0.030363408
0.030361613
0.030365066
0.030359295
0.030366655
0.030356378
0.030506888
0.030362319
0.030362463
0.030361993
0.030363408
0.030361614
0.030365064
0.030359296
0.030366654
0.030356379
0.030506888
0.030362319
0.030362463
0.030361992
0.030363407
0.030361614
0.030365066
0.030359296
0.030366653
0.030356378
0.030506891
0.03036232
0.030362464
0.030361991
0.030363406
0.030361615
0.030365064
0.030359296
0.030366654
0.03035638
0.030506887
0.030362319
0.030362463
0.030361993
0.030363404
0.030361615
0.030365066
0.030359298
0.030366652
0.030356377
0.03050689
0.030362317
0.030362463
0.030361991
0.03036341
0.030361612
0.030365065
0.030359294
0.030366657
0.03035638
0.03050687
0.030362314
0.030362464
0.030361993
0.030363406
0.030361615
0.030365064
0.030359298
0.030366654
0.030356377
0.030506893
0.030362322
0.030362464
0.030361992
0.030363411
0.030361607
0.030365068
0.030359292
0.030366658
0.030356379
)
;
    }
}


// ************************************************************************* //
