/*--------------------------------*- C++ -*----------------------------------*\
  =========                 |
  \\      /  F ield         | OpenFOAM: The Open Source CFD Toolbox
   \\    /   O peration     | Website:  https://openfoam.org
    \\  /    A nd           | Version:  8
     \\/     M anipulation  |
\*---------------------------------------------------------------------------*/
FoamFile
{
    version     2.0;
    format      ascii;
    class       volScalarField;
    location    "1";
    object      T;
}
// * * * * * * * * * * * * * * * * * * * * * * * * * * * * * * * * * * * * * //

dimensions      [0 0 0 1 0 0 0];

internalField   nonuniform List<scalar> 
800
(
301.56438
301.56466
301.56452
301.56454
301.56452
301.56453
301.56452
301.56452
301.56452
301.56452
301.56452
301.56452
301.56452
301.56452
301.56453
301.56452
301.56454
301.56452
301.56466
301.56438
302.99675
302.99677
302.99676
302.99676
302.99676
302.99676
302.99676
302.99676
302.99676
302.99676
302.99676
302.99676
302.99676
302.99676
302.99676
302.99676
302.99676
302.99676
302.99677
302.99675
302.99981
302.9998
302.9998
302.9998
302.9998
302.9998
302.9998
302.9998
302.9998
302.9998
302.9998
302.9998
302.9998
302.9998
302.9998
302.9998
302.9998
302.9998
302.9998
302.99981
302.99971
302.99971
302.99971
302.99971
302.99971
302.99971
302.99971
302.99971
302.99971
302.99971
302.99971
302.99971
302.99971
302.99971
302.99971
302.99971
302.99971
302.99971
302.99971
302.99971
302.99991
302.99991
302.99991
302.99991
302.99991
302.99991
302.99991
302.99991
302.99991
302.99991
302.99991
302.99991
302.99991
302.99991
302.99991
302.99991
302.99991
302.99991
302.99991
302.99991
302.99958
302.99958
302.99958
302.99958
302.99958
302.99958
302.99958
302.99958
302.99958
302.99958
302.99958
302.99958
302.99958
302.99958
302.99958
302.99958
302.99958
302.99958
302.99958
302.99958
303.00007
303.00006
303.00007
303.00007
303.00006
303.00007
303.00006
303.00007
303.00007
303.00007
303.00007
303.00007
303.00006
303.00006
303.00006
303.00006
303.00006
303.00006
303.00006
303.00007
302.99907
302.99907
302.99907
302.99907
302.99907
302.99907
302.99907
302.99907
302.99907
302.99907
302.99907
302.99907
302.99907
302.99907
302.99907
302.99907
302.99907
302.99907
302.99907
302.99907
303.00011
303.00011
303.00011
303.00011
303.00011
303.00011
303.00011
303.00011
303.00011
303.00011
303.00011
303.00011
303.00011
303.00011
303.00011
303.00011
303.00011
303.00011
303.00011
303.00011
302.9983
302.99829
302.99829
302.99829
302.99829
302.99829
302.99829
302.99829
302.99829
302.99829
302.99829
302.99829
302.99829
302.99829
302.99829
302.99829
302.99829
302.99829
302.99829
302.9983
301.56511
301.56547
301.56529
301.56531
301.5653
301.5653
301.5653
301.5653
301.5653
301.5653
301.5653
301.5653
301.5653
301.5653
301.5653
301.5653
301.56531
301.56529
301.56547
301.56511
302.99677
302.99675
302.99676
302.99676
302.99676
302.99676
302.99676
302.99676
302.99676
302.99676
302.99676
302.99676
302.99676
302.99676
302.99676
302.99676
302.99676
302.99676
302.99675
302.99677
302.9998
302.9998
302.9998
302.9998
302.9998
302.9998
302.9998
302.9998
302.9998
302.9998
302.9998
302.9998
302.9998
302.9998
302.9998
302.9998
302.9998
302.9998
302.9998
302.9998
302.99971
302.99971
302.99971
302.99971
302.99971
302.99971
302.99971
302.99971
302.99971
302.99971
302.99971
302.99971
302.99971
302.99971
302.99971
302.99971
302.99971
302.99971
302.99971
302.99971
302.99991
302.9999
302.9999
302.9999
302.9999
302.9999
302.9999
302.9999
302.9999
302.9999
302.9999
302.9999
302.9999
302.9999
302.9999
302.9999
302.9999
302.9999
302.9999
302.99991
302.99958
302.99958
302.99958
302.99958
302.99958
302.99958
302.99958
302.99958
302.99958
302.99958
302.99958
302.99958
302.99958
302.99958
302.99958
302.99958
302.99958
302.99958
302.99958
302.99958
303.00006
303.00006
303.00006
303.00006
303.00006
303.00006
303.00006
303.00006
303.00006
303.00006
303.00006
303.00006
303.00006
303.00006
303.00006
303.00006
303.00006
303.00006
303.00006
303.00006
302.99906
302.99906
302.99906
302.99906
302.99906
302.99906
302.99906
302.99906
302.99906
302.99906
302.99906
302.99906
302.99906
302.99906
302.99906
302.99906
302.99906
302.99906
302.99906
302.99906
303.0001
303.00009
303.00009
303.00009
303.00009
303.00009
303.00009
303.00009
303.00009
303.00009
303.00009
303.00009
303.00009
303.00009
303.00009
303.00009
303.00009
303.00009
303.00009
303.0001
302.99827
302.99826
302.99826
302.99826
302.99826
302.99826
302.99826
302.99826
302.99826
302.99826
302.99826
302.99826
302.99826
302.99826
302.99826
302.99826
302.99826
302.99826
302.99826
302.99827
301.56511
301.56547
301.56529
301.56531
301.5653
301.5653
301.5653
301.5653
301.5653
301.5653
301.5653
301.5653
301.5653
301.5653
301.5653
301.5653
301.56531
301.56529
301.56547
301.56511
302.99677
302.99675
302.99676
302.99676
302.99676
302.99676
302.99676
302.99676
302.99676
302.99676
302.99676
302.99676
302.99676
302.99676
302.99676
302.99676
302.99676
302.99676
302.99675
302.99677
302.9998
302.9998
302.9998
302.9998
302.9998
302.9998
302.9998
302.9998
302.9998
302.9998
302.9998
302.9998
302.9998
302.9998
302.9998
302.9998
302.9998
302.9998
302.9998
302.9998
302.99971
302.99971
302.99971
302.99971
302.99971
302.99971
302.99971
302.99971
302.99971
302.99971
302.99971
302.99971
302.99971
302.99971
302.99971
302.99971
302.99971
302.99971
302.99971
302.99971
302.99991
302.9999
302.9999
302.9999
302.9999
302.9999
302.9999
302.9999
302.9999
302.9999
302.9999
302.9999
302.9999
302.9999
302.9999
302.9999
302.9999
302.9999
302.9999
302.99991
302.99958
302.99958
302.99958
302.99958
302.99958
302.99958
302.99958
302.99958
302.99958
302.99958
302.99958
302.99958
302.99958
302.99958
302.99958
302.99958
302.99958
302.99958
302.99958
302.99958
303.00006
303.00006
303.00006
303.00006
303.00006
303.00006
303.00006
303.00006
303.00006
303.00006
303.00006
303.00006
303.00006
303.00006
303.00006
303.00006
303.00006
303.00006
303.00006
303.00006
302.99906
302.99906
302.99906
302.99906
302.99906
302.99906
302.99906
302.99906
302.99906
302.99906
302.99906
302.99906
302.99906
302.99906
302.99906
302.99906
302.99906
302.99906
302.99906
302.99906
303.0001
303.00009
303.00009
303.00009
303.00009
303.00009
303.00009
303.00009
303.00009
303.00009
303.00009
303.00009
303.00009
303.00009
303.00009
303.00009
303.00009
303.00009
303.00009
303.0001
302.99827
302.99826
302.99826
302.99826
302.99826
302.99826
302.99826
302.99826
302.99826
302.99826
302.99826
302.99826
302.99826
302.99826
302.99826
302.99826
302.99826
302.99826
302.99826
302.99827
301.56438
301.56466
301.56452
301.56454
301.56452
301.56453
301.56452
301.56452
301.56452
301.56452
301.56452
301.56452
301.56452
301.56452
301.56453
301.56452
301.56454
301.56452
301.56466
301.56438
302.99675
302.99677
302.99676
302.99676
302.99676
302.99676
302.99676
302.99676
302.99676
302.99676
302.99676
302.99676
302.99676
302.99676
302.99676
302.99676
302.99676
302.99676
302.99677
302.99675
302.99981
302.9998
302.9998
302.9998
302.9998
302.9998
302.9998
302.9998
302.9998
302.9998
302.9998
302.9998
302.9998
302.9998
302.9998
302.9998
302.9998
302.9998
302.9998
302.99981
302.99971
302.99971
302.99971
302.99971
302.99971
302.99971
302.99971
302.99971
302.99971
302.99971
302.99971
302.99971
302.99971
302.99971
302.99971
302.99971
302.99971
302.99971
302.99971
302.99971
302.99991
302.99991
302.99991
302.99991
302.99991
302.99991
302.99991
302.99991
302.99991
302.99991
302.99991
302.99991
302.99991
302.99991
302.99991
302.99991
302.99991
302.99991
302.99991
302.99991
302.99958
302.99958
302.99958
302.99958
302.99958
302.99958
302.99958
302.99958
302.99958
302.99958
302.99958
302.99958
302.99958
302.99958
302.99958
302.99958
302.99958
302.99958
302.99958
302.99958
303.00007
303.00006
303.00007
303.00007
303.00006
303.00007
303.00006
303.00007
303.00007
303.00007
303.00007
303.00007
303.00006
303.00006
303.00006
303.00006
303.00006
303.00006
303.00006
303.00007
302.99907
302.99907
302.99907
302.99907
302.99907
302.99907
302.99907
302.99907
302.99907
302.99907
302.99907
302.99907
302.99907
302.99907
302.99907
302.99907
302.99907
302.99907
302.99907
302.99907
303.00011
303.00011
303.00011
303.00011
303.00011
303.00011
303.00011
303.00011
303.00011
303.00011
303.00011
303.00011
303.00011
303.00011
303.00011
303.00011
303.00011
303.00011
303.00011
303.00011
302.9983
302.99829
302.99829
302.99829
302.99829
302.99829
302.99829
302.99829
302.99829
302.99829
302.99829
302.99829
302.99829
302.99829
302.99829
302.99829
302.99829
302.99829
302.99829
302.9983
)
;

boundaryField
{
    left
    {
        type            zeroGradient;
    }
    right
    {
        type            zeroGradient;
    }
    walls
    {
        type            fixedValue;
        value           uniform 302;
    }
    centreline
    {
        type            fixedValue;
        value           uniform 303;
    }
    frontAndBack
    {
        type            zeroGradient;
    }
}


// ************************************************************************* //
