/*--------------------------------*- C++ -*----------------------------------*\
  =========                 |
  \\      /  F ield         | OpenFOAM: The Open Source CFD Toolbox
   \\    /   O peration     | Website:  https://openfoam.org
    \\  /    A nd           | Version:  8
     \\/     M anipulation  |
\*---------------------------------------------------------------------------*/
FoamFile
{
    version     2.0;
    format      ascii;
    class       volScalarField;
    location    "0.500023";
    object      p;
}
// * * * * * * * * * * * * * * * * * * * * * * * * * * * * * * * * * * * * * //

dimensions      [1 -1 -2 0 0 0 0];

internalField   nonuniform List<scalar> 
6800
(
100899
100944
100992
101031
101061
101087
101109
101128
101141
101141
100924
100970
101016
101052
101081
101106
101127
101145
101157
101158
100952
100997
101041
101075
101103
101127
101147
101164
101177
101179
100982
101027
101069
101101
101127
101149
101168
101185
101197
101199
101013
101059
101098
101128
101153
101174
101192
101207
101218
101221
101047
101092
101129
101158
101181
101200
101217
101231
101241
101244
101081
101126
101162
101188
101210
101228
101243
101256
101265
101269
101117
101162
101196
101220
101240
101256
101270
101281
101290
101294
101155
101199
101230
101252
101270
101285
101297
101307
101315
101319
101194
101237
101266
101285
101301
101314
101324
101333
101339
101344
100775
100818
100885
100936
100976
101010
101038
101063
101084
101104
100777
100820
100886
100937
100977
101011
101039
101064
101085
101105
100780
100824
100889
100940
100980
101013
101041
101066
101087
101106
100786
100831
100894
100945
100984
101016
101044
101068
101089
101109
100795
100839
100902
100951
100989
101021
101049
101072
101093
101112
100806
100851
100911
100959
100996
101027
101054
101077
101097
101117
100820
100865
100923
100969
101005
101035
101061
101084
101104
101124
100836
100881
100937
100981
101016
101045
101070
101092
101111
101133
100854
100899
100953
100995
101029
101057
101081
101102
101122
101144
100875
100920
100971
101012
101044
101071
101095
101116
101137
101158
101125
101149
101169
101185
101199
101210
101220
101228
101236
101242
101247
101252
101256
101259
101262
101264
101266
101268
101269
101270
101271
101272
101272
101273
101273
101273
101273
101273
101273
101272
101272
101272
101272
101271
101271
101271
101270
101270
101270
101269
101269
101269
101269
101268
101268
101268
101268
101268
101268
101268
101268
101268
101268
101268
101269
101269
101269
101270
101270
101271
101271
101272
101272
101273
101274
101275
101276
101276
101278
101279
101280
101281
101282
101284
101285
101287
101288
101290
101292
101293
101295
101297
101299
101302
101304
101306
101309
101311
101314
101317
101320
101323
101326
101329
101332
101336
101339
101342
101347
101362
101126
101150
101169
101185
101199
101210
101220
101229
101236
101242
101247
101252
101256
101259
101262
101264
101266
101268
101269
101270
101271
101272
101272
101273
101273
101273
101273
101273
101273
101273
101272
101272
101272
101271
101271
101271
101270
101270
101270
101270
101269
101269
101269
101269
101268
101268
101268
101268
101268
101268
101268
101268
101268
101269
101269
101269
101269
101270
101270
101271
101271
101272
101273
101273
101274
101275
101276
101277
101278
101279
101280
101281
101282
101284
101285
101287
101288
101290
101292
101294
101295
101297
101300
101302
101304
101306
101309
101311
101314
101317
101320
101323
101326
101329
101332
101336
101339
101342
101349
101358
101127
101150
101170
101186
101199
101210
101220
101229
101236
101242
101247
101252
101256
101259
101262
101264
101266
101268
101269
101270
101271
101272
101272
101273
101273
101273
101273
101273
101273
101273
101272
101272
101272
101272
101271
101271
101271
101270
101270
101270
101269
101269
101269
101269
101268
101268
101268
101268
101268
101268
101268
101268
101268
101269
101269
101269
101270
101270
101270
101271
101271
101272
101273
101273
101274
101275
101276
101277
101278
101279
101280
101281
101283
101284
101285
101287
101288
101290
101292
101294
101296
101298
101300
101302
101304
101306
101309
101312
101314
101317
101320
101323
101326
101329
101332
101336
101339
101342
101350
101357
101128
101152
101170
101186
101199
101210
101220
101228
101236
101242
101247
101252
101256
101259
101262
101264
101266
101268
101269
101270
101271
101272
101272
101273
101273
101273
101273
101273
101273
101273
101273
101272
101272
101272
101271
101271
101271
101270
101270
101270
101269
101269
101269
101269
101269
101268
101268
101268
101268
101268
101268
101268
101269
101269
101269
101269
101270
101270
101270
101271
101271
101272
101273
101273
101274
101275
101276
101277
101278
101279
101280
101281
101283
101284
101285
101287
101288
101290
101292
101294
101296
101298
101300
101302
101304
101306
101309
101311
101314
101317
101320
101323
101326
101329
101332
101336
101339
101342
101350
101357
101129
101153
101171
101186
101199
101210
101220
101228
101235
101242
101247
101251
101255
101259
101262
101264
101266
101268
101269
101270
101271
101272
101272
101273
101273
101273
101273
101273
101273
101273
101273
101272
101272
101272
101271
101271
101271
101270
101270
101270
101269
101269
101269
101269
101269
101268
101268
101268
101268
101268
101268
101268
101268
101269
101269
101269
101270
101270
101270
101271
101271
101272
101273
101273
101274
101275
101276
101277
101278
101279
101280
101281
101283
101284
101285
101287
101288
101290
101292
101294
101296
101298
101300
101302
101304
101306
101309
101311
101314
101317
101320
101323
101326
101329
101332
101336
101339
101342
101350
101357
101131
101155
101172
101186
101199
101210
101220
101228
101235
101241
101247
101251
101255
101259
101262
101264
101266
101268
101269
101270
101271
101272
101272
101273
101273
101273
101273
101273
101273
101273
101272
101272
101272
101272
101271
101271
101271
101270
101270
101270
101269
101269
101269
101269
101268
101268
101268
101268
101268
101268
101268
101268
101268
101269
101269
101269
101269
101270
101270
101271
101271
101272
101273
101273
101274
101275
101276
101277
101278
101279
101280
101281
101282
101284
101285
101287
101288
101290
101292
101293
101295
101297
101299
101302
101304
101306
101309
101311
101314
101317
101319
101322
101325
101329
101332
101335
101339
101342
101349
101356
101134
101158
101174
101187
101200
101210
101220
101228
101235
101241
101247
101251
101255
101259
101261
101264
101266
101268
101269
101270
101271
101272
101272
101273
101273
101273
101273
101273
101273
101273
101272
101272
101272
101271
101271
101271
101270
101270
101270
101269
101269
101269
101269
101268
101268
101268
101268
101268
101268
101268
101268
101268
101268
101268
101269
101269
101269
101270
101270
101271
101271
101272
101272
101273
101274
101275
101276
101277
101278
101279
101280
101281
101282
101284
101285
101287
101288
101290
101291
101293
101295
101297
101299
101301
101304
101306
101308
101311
101314
101316
101319
101322
101325
101328
101332
101335
101338
101342
101349
101356
101136
101161
101177
101189
101201
101211
101220
101228
101235
101241
101247
101251
101255
101259
101261
101264
101266
101268
101269
101270
101271
101272
101272
101273
101273
101273
101273
101273
101273
101273
101272
101272
101272
101271
101271
101271
101270
101270
101270
101269
101269
101269
101269
101268
101268
101268
101268
101268
101268
101268
101268
101268
101268
101268
101268
101269
101269
101269
101270
101270
101271
101272
101272
101273
101274
101274
101275
101276
101277
101278
101280
101281
101282
101283
101285
101286
101288
101289
101291
101293
101295
101297
101299
101301
101303
101306
101308
101311
101313
101316
101319
101322
101325
101328
101331
101335
101338
101341
101348
101356
101137
101161
101178
101189
101200
101210
101219
101227
101234
101240
101246
101250
101254
101258
101261
101263
101265
101267
101269
101270
101271
101272
101272
101272
101273
101273
101273
101273
101273
101272
101272
101272
101271
101271
101271
101270
101270
101270
101269
101269
101269
101269
101268
101268
101268
101268
101268
101267
101267
101267
101268
101268
101268
101268
101268
101268
101269
101269
101270
101270
101271
101271
101272
101273
101273
101274
101275
101276
101277
101278
101279
101280
101282
101283
101284
101286
101287
101289
101291
101293
101294
101296
101298
101301
101303
101305
101308
101310
101313
101315
101318
101321
101324
101327
101331
101334
101338
101341
101348
101355
101145
101157
101171
101182
101192
101202
101211
101219
101226
101233
101239
101244
101248
101252
101256
101259
101261
101263
101265
101266
101268
101269
101269
101270
101270
101271
101271
101271
101271
101271
101271
101270
101270
101270
101270
101269
101269
101269
101268
101268
101268
101268
101267
101267
101267
101267
101267
101267
101267
101267
101267
101267
101267
101267
101267
101268
101268
101268
101269
101269
101270
101270
101271
101272
101272
101273
101274
101275
101276
101277
101278
101279
101281
101282
101283
101285
101287
101288
101290
101292
101294
101296
101298
101300
101302
101304
101307
101309
101312
101315
101318
101321
101324
101327
101330
101334
101337
101340
101347
101355
101203
101190
101197
101206
101214
101222
101229
101235
101241
101246
101251
101255
101259
101262
101264
101267
101269
101270
101271
101272
101273
101274
101274
101274
101274
101274
101274
101274
101273
101273
101273
101272
101272
101271
101271
101271
101270
101270
101269
101269
101269
101268
101268
101268
101268
101267
101267
101267
101267
101267
101267
101267
101267
101267
101268
101268
101268
101269
101269
101270
101270
101271
101271
101272
101273
101274
101275
101275
101276
101278
101279
101280
101281
101282
101284
101285
101287
101288
101290
101292
101294
101296
101298
101300
101302
101304
101307
101309
101312
101315
101317
101320
101323
101326
101330
101333
101337
101340
101346
101355
101217
101199
101203
101209
101216
101222
101229
101235
101240
101245
101250
101254
101257
101260
101263
101265
101267
101268
101270
101271
101271
101272
101272
101273
101273
101273
101273
101272
101272
101272
101272
101271
101271
101270
101270
101270
101269
101269
101269
101268
101268
101268
101267
101267
101267
101267
101267
101266
101266
101266
101266
101267
101267
101267
101267
101267
101268
101268
101269
101269
101270
101270
101271
101272
101272
101273
101274
101275
101276
101277
101278
101279
101281
101282
101283
101285
101286
101288
101290
101291
101293
101295
101297
101299
101301
101304
101306
101309
101311
101314
101317
101320
101323
101326
101329
101333
101336
101339
101345
101355
101224
101208
101212
101217
101222
101228
101233
101239
101243
101248
101252
101255
101259
101261
101264
101266
101267
101269
101270
101271
101271
101272
101272
101272
101272
101272
101272
101272
101272
101271
101271
101271
101270
101270
101269
101269
101269
101268
101268
101268
101267
101267
101267
101267
101266
101266
101266
101266
101266
101266
101266
101266
101266
101266
101267
101267
101267
101268
101268
101269
101269
101270
101270
101271
101272
101273
101274
101274
101275
101277
101278
101279
101280
101281
101283
101284
101286
101287
101289
101291
101293
101295
101297
101299
101301
101303
101306
101308
101311
101313
101316
101319
101322
101325
101329
101332
101335
101339
101345
101354
101233
101220
101222
101226
101230
101235
101239
101244
101248
101252
101255
101258
101261
101263
101265
101267
101269
101270
101271
101271
101272
101272
101272
101272
101272
101272
101272
101272
101271
101271
101271
101270
101270
101269
101269
101269
101268
101268
101267
101267
101267
101266
101266
101266
101266
101266
101266
101265
101265
101265
101266
101266
101266
101266
101266
101266
101267
101267
101268
101268
101269
101269
101270
101271
101271
101272
101273
101274
101275
101276
101277
101278
101280
101281
101282
101284
101285
101287
101289
101290
101292
101294
101296
101298
101300
101303
101305
101308
101310
101313
101316
101319
101322
101325
101328
101331
101335
101338
101344
101353
101243
101231
101232
101235
101238
101242
101245
101249
101252
101255
101258
101261
101263
101265
101267
101269
101270
101271
101271
101272
101272
101273
101273
101273
101272
101272
101272
101272
101271
101271
101270
101270
101269
101269
101269
101268
101268
101267
101267
101267
101266
101266
101266
101265
101265
101265
101265
101265
101265
101265
101265
101265
101265
101265
101266
101266
101266
101267
101267
101268
101268
101269
101270
101270
101271
101272
101273
101274
101275
101276
101277
101278
101279
101281
101282
101283
101285
101287
101288
101290
101292
101294
101296
101298
101300
101302
101305
101307
101310
101312
101315
101318
101321
101324
101327
101331
101334
101337
101343
101352
101252
101241
101242
101243
101246
101248
101251
101254
101257
101259
101262
101264
101266
101267
101269
101270
101271
101272
101272
101272
101273
101273
101273
101273
101272
101272
101272
101271
101271
101270
101270
101269
101269
101268
101268
101268
101267
101267
101266
101266
101266
101265
101265
101265
101265
101265
101264
101264
101264
101264
101264
101265
101265
101265
101265
101265
101266
101266
101267
101267
101268
101268
101269
101270
101271
101271
101272
101273
101274
101275
101276
101278
101279
101280
101282
101283
101284
101286
101288
101289
101291
101293
101295
101297
101299
101302
101304
101306
101309
101312
101314
101317
101320
101323
101326
101330
101333
101336
101342
101351
101261
101251
101251
101252
101253
101254
101257
101259
101261
101263
101265
101267
101268
101269
101271
101271
101272
101273
101273
101273
101273
101273
101273
101273
101272
101272
101271
101271
101270
101270
101269
101269
101268
101268
101267
101267
101266
101266
101266
101265
101265
101265
101264
101264
101264
101264
101264
101264
101264
101264
101264
101264
101264
101264
101265
101265
101265
101266
101266
101267
101267
101268
101268
101269
101270
101271
101272
101273
101274
101275
101276
101277
101278
101280
101281
101282
101284
101286
101287
101289
101291
101293
101295
101297
101299
101301
101303
101306
101308
101311
101314
101316
101319
101322
101326
101329
101332
101336
101341
101350
101270
101261
101259
101259
101260
101261
101262
101264
101265
101267
101268
101270
101271
101272
101272
101273
101273
101274
101274
101274
101273
101273
101273
101272
101272
101272
101271
101271
101270
101269
101269
101268
101268
101267
101267
101266
101266
101265
101265
101265
101264
101264
101264
101263
101263
101263
101263
101263
101263
101263
101263
101263
101263
101264
101264
101264
101265
101265
101266
101266
101267
101267
101268
101269
101269
101270
101271
101272
101273
101274
101275
101277
101278
101279
101280
101282
101283
101285
101287
101288
101290
101292
101294
101296
101298
101300
101303
101305
101307
101310
101313
101316
101318
101322
101325
101328
101332
101335
101340
101349
101278
101269
101268
101267
101267
101267
101268
101269
101270
101271
101272
101272
101273
101274
101274
101274
101274
101274
101274
101274
101274
101273
101273
101272
101272
101271
101271
101270
101269
101269
101268
101268
101267
101267
101266
101266
101265
101265
101264
101264
101263
101263
101263
101263
101263
101262
101262
101262
101262
101262
101262
101263
101263
101263
101263
101264
101264
101264
101265
101265
101266
101267
101267
101268
101269
101270
101271
101272
101273
101274
101275
101276
101277
101278
101280
101281
101283
101284
101286
101288
101289
101291
101293
101295
101297
101300
101302
101304
101307
101309
101312
101315
101318
101321
101324
101327
101331
101334
101339
101348
101285
101278
101276
101274
101274
101273
101273
101274
101274
101275
101275
101275
101276
101276
101276
101276
101276
101275
101275
101275
101274
101274
101273
101272
101272
101271
101270
101270
101269
101268
101268
101267
101266
101266
101265
101265
101264
101264
101263
101263
101263
101262
101262
101262
101262
101262
101262
101262
101262
101262
101262
101262
101262
101262
101263
101263
101263
101264
101264
101265
101265
101266
101267
101267
101268
101269
101270
101271
101272
101273
101274
101275
101277
101278
101279
101281
101282
101284
101285
101287
101289
101291
101293
101294
101297
101299
101301
101303
101306
101308
101311
101314
101317
101320
101323
101326
101330
101333
101338
101347
101293
101286
101283
101281
101280
101279
101279
101279
101279
101279
101278
101278
101278
101278
101278
101277
101277
101276
101276
101275
101274
101274
101273
101272
101271
101271
101270
101269
101268
101268
101267
101266
101266
101265
101264
101264
101263
101263
101263
101262
101262
101262
101261
101261
101261
101261
101261
101261
101261
101261
101261
101261
101261
101261
101262
101262
101263
101263
101263
101264
101265
101265
101266
101267
101267
101268
101269
101270
101271
101272
101273
101275
101276
101277
101279
101280
101281
101283
101285
101286
101288
101290
101292
101294
101296
101298
101300
101302
101305
101307
101310
101313
101316
101318
101322
101325
101328
101332
101337
101345
101299
101293
101290
101288
101287
101285
101284
101284
101283
101282
101282
101281
101281
101280
101279
101279
101278
101277
101276
101275
101275
101274
101273
101272
101271
101270
101269
101268
101268
101267
101266
101265
101265
101264
101264
101263
101263
101262
101262
101261
101261
101261
101260
101260
101260
101260
101260
101260
101260
101260
101260
101260
101260
101261
101261
101261
101262
101262
101263
101263
101264
101264
101265
101266
101267
101268
101269
101269
101271
101272
101273
101274
101275
101276
101278
101279
101281
101282
101284
101286
101287
101289
101291
101293
101295
101297
101299
101301
101304
101306
101309
101312
101314
101317
101320
101324
101327
101331
101336
101344
101306
101300
101297
101295
101293
101291
101290
101288
101287
101286
101285
101284
101283
101282
101281
101280
101279
101278
101277
101276
101275
101274
101273
101272
101271
101270
101269
101268
101267
101266
101265
101265
101264
101263
101263
101262
101262
101261
101261
101260
101260
101260
101259
101259
101259
101259
101259
101259
101259
101259
101259
101259
101260
101260
101260
101260
101261
101261
101262
101262
101263
101264
101264
101265
101266
101267
101268
101269
101270
101271
101272
101273
101274
101276
101277
101278
101280
101281
101283
101285
101286
101288
101290
101292
101294
101296
101298
101300
101303
101305
101308
101310
101313
101316
101319
101322
101326
101329
101335
101342
101312
101307
101304
101301
101299
101297
101295
101293
101292
101290
101289
101287
101286
101284
101283
101281
101280
101279
101277
101276
101275
101274
101272
101271
101270
101269
101268
101267
101266
101265
101264
101264
101263
101262
101262
101261
101260
101260
101260
101259
101259
101259
101258
101258
101258
101258
101258
101258
101258
101258
101258
101258
101259
101259
101259
101260
101260
101260
101261
101262
101262
101263
101264
101264
101265
101266
101267
101268
101269
101270
101271
101272
101274
101275
101276
101278
101279
101281
101282
101284
101286
101287
101289
101291
101293
101295
101297
101299
101302
101304
101307
101309
101312
101315
101318
101321
101324
101328
101333
101340
101318
101314
101311
101308
101305
101302
101300
101298
101296
101294
101292
101290
101288
101286
101285
101283
101281
101279
101278
101276
101275
101273
101272
101271
101270
101268
101267
101266
101265
101264
101263
101263
101262
101261
101261
101260
101259
101259
101259
101258
101258
101258
101257
101257
101257
101257
101257
101257
101257
101257
101257
101257
101258
101258
101258
101259
101259
101260
101260
101261
101261
101262
101263
101264
101264
101265
101266
101267
101268
101269
101270
101272
101273
101274
101275
101277
101278
101280
101281
101283
101285
101286
101288
101290
101292
101294
101296
101298
101301
101303
101305
101308
101311
101313
101316
101320
101323
101326
101331
101339
101324
101320
101317
101314
101311
101308
101305
101303
101300
101298
101295
101293
101291
101288
101286
101284
101282
101280
101278
101277
101275
101273
101272
101270
101269
101268
101267
101266
101264
101264
101263
101262
101261
101260
101260
101259
101259
101258
101258
101257
101257
101257
101256
101256
101256
101256
101256
101256
101256
101256
101256
101257
101257
101257
101258
101258
101258
101259
101259
101260
101261
101261
101262
101263
101264
101265
101266
101266
101268
101269
101270
101271
101272
101273
101275
101276
101278
101279
101281
101282
101284
101286
101288
101289
101291
101293
101295
101297
101300
101302
101304
101307
101309
101312
101315
101318
101321
101325
101330
101336
101330
101327
101323
101320
101317
101314
101310
101307
101304
101301
101298
101296
101293
101290
101288
101285
101283
101281
101279
101277
101275
101273
101271
101270
101268
101267
101266
101265
101264
101263
101262
101261
101260
101259
101259
101258
101258
101257
101257
101256
101256
101256
101255
101255
101255
101255
101255
101255
101255
101255
101256
101256
101256
101256
101257
101257
101258
101258
101259
101259
101260
101261
101261
101262
101263
101264
101265
101266
101267
101268
101269
101270
101271
101273
101274
101275
101277
101278
101280
101282
101283
101285
101287
101288
101290
101292
101294
101296
101299
101301
101303
101305
101308
101311
101313
101316
101320
101323
101328
101334
101337
101334
101330
101327
101323
101319
101315
101312
101308
101304
101301
101297
101294
101290
101287
101284
101282
101279
101277
101274
101272
101270
101268
101266
101265
101263
101262
101261
101259
101258
101257
101256
101255
101255
101254
101253
101253
101252
101252
101252
101251
101251
101251
101251
101250
101250
101250
101250
101251
101251
101251
101251
101251
101252
101252
101253
101253
101254
101254
101255
101256
101256
101257
101258
101259
101260
101261
101262
101263
101264
101265
101266
101268
101269
101271
101272
101273
101275
101277
101278
101280
101282
101284
101285
101287
101289
101291
101294
101296
101298
101300
101303
101305
101308
101311
101314
101317
101320
101325
101331
101346
101342
101338
101334
101329
101325
101320
101315
101310
101305
101301
101296
101292
101288
101284
101280
101277
101274
101270
101268
101265
101263
101260
101258
101256
101255
101253
101251
101250
101249
101248
101247
101246
101245
101244
101243
101243
101242
101242
101241
101241
101241
101240
101240
101240
101240
101240
101240
101240
101241
101241
101241
101241
101242
101242
101243
101243
101244
101245
101245
101246
101247
101248
101249
101250
101251
101252
101253
101254
101256
101257
101258
101260
101261
101263
101264
101266
101268
101270
101271
101273
101275
101277
101279
101281
101284
101286
101288
101291
101293
101296
101298
101301
101304
101307
101310
101313
101317
101321
101328
101342
101339
101337
101334
101330
101327
101324
101320
101317
101313
101310
101307
101303
101300
101298
101295
101293
101290
101288
101286
101284
101283
101281
101280
101278
101277
101276
101275
101274
101273
101273
101272
101271
101271
101270
101270
101269
101269
101269
101268
101268
101268
101268
101268
101268
101268
101268
101268
101268
101268
101268
101268
101269
101269
101269
101270
101270
101270
101271
101271
101272
101272
101273
101274
101274
101275
101276
101276
101277
101278
101279
101280
101281
101282
101283
101284
101285
101286
101287
101289
101290
101291
101292
101294
101295
101297
101298
101300
101301
101303
101305
101306
101308
101310
101312
101314
101316
101318
101321
101325
101351
101332
101313
101293
101274
101255
101237
101219
101198
101166
101355
101335
101316
101296
101277
101258
101241
101226
101209
101177
101358
101340
101322
101304
101287
101269
101253
101239
101225
101191
101361
101345
101329
101313
101296
101281
101265
101252
101240
101207
101363
101349
101334
101319
101305
101290
101276
101264
101252
101223
101365
101352
101339
101325
101312
101299
101286
101274
101263
101238
101366
101355
101343
101330
101318
101306
101294
101283
101273
101251
101367
101357
101346
101335
101324
101312
101302
101291
101282
101263
101368
101358
101348
101338
101328
101318
101308
101299
101290
101273
101368
101360
101351
101342
101333
101323
101314
101306
101298
101283
101368
101361
101353
101345
101336
101328
101320
101312
101305
101292
101368
101361
101354
101347
101340
101332
101325
101318
101311
101300
101368
101362
101355
101349
101343
101336
101330
101323
101317
101308
101367
101362
101357
101351
101345
101340
101334
101328
101322
101315
101366
101362
101357
101353
101348
101343
101338
101333
101328
101321
101365
101361
101358
101354
101350
101346
101341
101337
101333
101327
101364
101361
101358
101355
101352
101348
101345
101341
101338
101333
101364
101362
101360
101357
101355
101352
101350
101347
101344
101340
101366
101364
101363
101362
101361
101359
101357
101355
101352
101349
101352
101352
101352
101352
101351
101351
101350
101349
101348
101346
101525
101528
101539
101553
101569
101588
101610
101637
101667
101675
101513
101516
101524
101535
101548
101562
101579
101600
101621
101621
101498
101500
101507
101515
101525
101536
101548
101562
101575
101567
101484
101484
101489
101495
101502
101508
101516
101524
101530
101515
101469
101467
101470
101474
101477
101480
101484
101487
101485
101463
101452
101449
101450
101451
101452
101452
101451
101449
101441
101414
101434
101429
101428
101427
101426
101423
101418
101412
101398
101366
101414
101409
101406
101403
101399
101393
101385
101375
101357
101320
101392
101387
101382
101377
101371
101363
101352
101338
101316
101277
101369
101363
101358
101351
101343
101332
101319
101302
101276
101234
101576
101600
101627
101658
101696
101742
101797
101868
101963
102025
101574
101598
101624
101656
101693
101738
101793
101865
101957
102018
101572
101595
101621
101651
101688
101732
101785
101855
101944
102003
101568
101591
101615
101645
101680
101722
101773
101840
101925
101982
101564
101585
101609
101636
101670
101710
101758
101821
101900
101952
101558
101578
101600
101626
101657
101694
101740
101798
101870
101917
101552
101570
101591
101615
101643
101677
101718
101771
101835
101876
101545
101561
101580
101601
101627
101657
101694
101741
101796
101830
101537
101551
101568
101587
101609
101636
101667
101708
101755
101780
101527
101538
101553
101570
101590
101612
101639
101673
101712
101728
101354
101354
101354
101355
101355
101356
101357
101358
101359
101361
101362
101364
101366
101368
101370
101373
101375
101378
101382
101385
101389
101393
101397
101402
101406
101412
101417
101423
101430
101436
101443
101451
101459
101467
101476
101485
101494
101504
101515
101525
101537
101548
101560
101572
101584
101596
101605
101608
101601
101590
101581
101572
101564
101555
101547
101539
101531
101524
101516
101510
101503
101497
101491
101485
101480
101475
101471
101466
101462
101458
101455
101451
101448
101445
101443
101440
101438
101435
101434
101432
101430
101429
101428
101428
101427
101427
101428
101429
101431
101433
101436
101440
101445
101452
101460
101471
101484
101501
101522
101549
101354
101354
101354
101355
101355
101356
101357
101358
101359
101360
101362
101364
101366
101368
101370
101372
101375
101378
101381
101385
101389
101393
101397
101401
101406
101412
101417
101423
101429
101436
101443
101451
101458
101467
101476
101485
101494
101504
101515
101525
101537
101548
101560
101572
101584
101596
101604
101606
101600
101591
101582
101573
101564
101556
101548
101539
101532
101524
101517
101510
101504
101498
101492
101486
101481
101476
101471
101467
101463
101459
101455
101452
101449
101446
101443
101440
101438
101436
101434
101432
101431
101429
101428
101428
101427
101428
101428
101429
101431
101433
101436
101440
101445
101452
101460
101471
101484
101501
101522
101548
101354
101354
101354
101355
101355
101356
101357
101358
101359
101360
101362
101363
101365
101367
101370
101372
101375
101378
101381
101385
101388
101392
101397
101401
101406
101411
101417
101423
101429
101436
101443
101450
101458
101466
101475
101484
101494
101504
101514
101525
101536
101548
101560
101572
101584
101596
101604
101605
101599
101590
101582
101573
101564
101556
101548
101540
101532
101525
101517
101511
101504
101498
101492
101487
101481
101477
101472
101468
101463
101460
101456
101453
101449
101446
101443
101441
101438
101436
101434
101432
101431
101430
101429
101428
101428
101428
101428
101429
101431
101433
101436
101440
101446
101452
101461
101471
101484
101500
101521
101546
101353
101354
101354
101354
101355
101356
101356
101357
101359
101360
101361
101363
101365
101367
101369
101372
101375
101378
101381
101384
101388
101392
101396
101401
101406
101411
101416
101422
101429
101435
101442
101450
101458
101466
101475
101484
101494
101504
101514
101525
101536
101548
101560
101572
101584
101596
101603
101604
101597
101589
101580
101572
101563
101555
101547
101539
101531
101524
101517
101510
101504
101498
101492
101487
101481
101477
101472
101468
101464
101460
101456
101453
101449
101446
101444
101441
101439
101436
101434
101433
101431
101430
101429
101428
101428
101428
101429
101430
101431
101434
101437
101441
101446
101453
101461
101471
101484
101500
101520
101544
101353
101353
101353
101354
101354
101355
101356
101357
101358
101360
101361
101363
101365
101367
101369
101371
101374
101377
101380
101384
101387
101391
101396
101400
101405
101410
101416
101422
101428
101435
101442
101449
101457
101465
101474
101483
101493
101503
101514
101525
101536
101548
101560
101572
101584
101595
101602
101602
101595
101586
101578
101570
101561
101553
101545
101537
101530
101523
101516
101509
101503
101497
101491
101486
101481
101476
101472
101467
101463
101460
101456
101453
101449
101446
101444
101441
101439
101436
101435
101433
101431
101430
101429
101428
101428
101428
101429
101430
101432
101434
101437
101441
101447
101453
101461
101472
101484
101500
101518
101541
101353
101353
101353
101353
101354
101355
101356
101357
101358
101359
101361
101362
101364
101366
101368
101371
101374
101376
101380
101383
101387
101391
101395
101399
101404
101409
101415
101421
101427
101434
101441
101448
101456
101465
101473
101483
101492
101503
101513
101524
101536
101547
101560
101572
101584
101595
101600
101599
101592
101583
101575
101567
101559
101551
101543
101535
101528
101521
101514
101508
101501
101496
101490
101485
101480
101475
101471
101467
101463
101459
101456
101452
101449
101446
101443
101441
101439
101436
101434
101433
101431
101430
101429
101429
101428
101428
101429
101430
101432
101434
101438
101442
101447
101454
101462
101472
101484
101499
101517
101537
101352
101352
101352
101353
101353
101354
101355
101356
101357
101358
101360
101362
101363
101365
101368
101370
101373
101376
101379
101382
101386
101390
101394
101398
101403
101408
101414
101420
101426
101433
101440
101447
101455
101464
101473
101482
101492
101502
101513
101524
101535
101547
101559
101572
101584
101594
101598
101596
101588
101580
101572
101564
101556
101548
101540
101532
101525
101518
101512
101506
101500
101494
101489
101484
101479
101474
101470
101466
101462
101458
101455
101452
101449
101446
101443
101441
101438
101436
101434
101433
101431
101430
101429
101429
101428
101429
101429
101430
101432
101435
101438
101442
101448
101454
101463
101472
101484
101498
101514
101533
101352
101352
101352
101352
101353
101354
101354
101355
101356
101358
101359
101361
101363
101365
101367
101369
101372
101375
101378
101381
101385
101389
101393
101397
101402
101407
101413
101419
101425
101432
101439
101446
101454
101463
101472
101481
101491
101501
101512
101523
101535
101547
101559
101572
101584
101593
101596
101592
101584
101576
101568
101560
101552
101544
101536
101529
101522
101516
101509
101503
101497
101492
101487
101482
101477
101473
101469
101465
101461
101458
101454
101451
101448
101445
101443
101440
101438
101436
101434
101432
101431
101430
101429
101428
101428
101429
101429
101431
101432
101435
101438
101443
101448
101455
101463
101472
101483
101496
101511
101530
101351
101351
101351
101352
101352
101353
101354
101355
101356
101357
101358
101360
101362
101364
101366
101368
101371
101374
101377
101380
101384
101388
101392
101396
101401
101406
101412
101417
101424
101430
101437
101445
101453
101461
101470
101480
101490
101500
101511
101522
101534
101546
101559
101572
101583
101591
101593
101587
101579
101571
101563
101555
101547
101540
101532
101525
101518
101512
101506
101500
101494
101489
101484
101479
101475
101471
101467
101463
101459
101456
101453
101450
101447
101444
101441
101439
101437
101435
101433
101432
101430
101429
101429
101428
101428
101429
101430
101431
101433
101436
101440
101444
101450
101456
101464
101474
101485
101497
101511
101529
101350
101350
101350
101351
101351
101352
101353
101354
101355
101356
101358
101359
101361
101363
101365
101367
101370
101373
101376
101379
101383
101387
101391
101395
101400
101405
101410
101416
101422
101429
101436
101444
101452
101460
101469
101479
101489
101499
101511
101522
101534
101547
101559
101572
101583
101590
101589
101582
101574
101566
101557
101549
101541
101533
101525
101518
101511
101505
101499
101493
101488
101482
101478
101473
101469
101465
101461
101457
101454
101451
101448
101445
101443
101440
101438
101436
101434
101433
101431
101430
101429
101429
101429
101429
101430
101431
101433
101435
101438
101442
101447
101453
101459
101467
101476
101486
101496
101507
101519
101526
101349
101349
101350
101350
101351
101351
101352
101353
101354
101355
101357
101358
101360
101362
101364
101366
101369
101371
101374
101378
101381
101385
101389
101393
101398
101403
101408
101414
101420
101427
101434
101441
101449
101458
101467
101476
101487
101497
101508
101520
101532
101545
101558
101570
101581
101587
101585
101577
101568
101560
101553
101545
101538
101531
101525
101518
101513
101507
101502
101497
101492
101487
101483
101479
101475
101471
101467
101464
101461
101457
101454
101451
101448
101446
101443
101441
101438
101436
101434
101433
101431
101430
101429
101428
101428
101428
101429
101430
101431
101433
101436
101440
101444
101450
101456
101463
101471
101479
101485
101478
101348
101349
101349
101349
101350
101350
101351
101352
101353
101354
101356
101357
101359
101361
101363
101365
101367
101370
101373
101376
101379
101383
101387
101391
101396
101400
101406
101411
101417
101424
101431
101438
101446
101454
101463
101472
101482
101493
101504
101515
101528
101540
101553
101567
101578
101584
101582
101573
101565
101557
101549
101542
101534
101527
101521
101514
101509
101503
101498
101493
101488
101483
101479
101475
101471
101468
101464
101461
101458
101454
101452
101449
101446
101444
101441
101439
101437
101435
101433
101432
101431
101430
101429
101428
101428
101429
101430
101431
101433
101435
101438
101442
101447
101452
101458
101465
101472
101479
101484
101473
101348
101348
101348
101348
101349
101349
101350
101351
101352
101353
101354
101356
101357
101359
101361
101363
101366
101368
101371
101374
101377
101381
101385
101389
101393
101398
101403
101408
101414
101420
101427
101434
101442
101450
101459
101468
101478
101489
101500
101511
101523
101536
101549
101563
101574
101580
101577
101569
101561
101553
101545
101538
101530
101524
101517
101511
101506
101500
101495
101490
101486
101482
101477
101474
101470
101466
101463
101460
101457
101454
101451
101448
101446
101443
101441
101439
101437
101435
101433
101432
101431
101430
101429
101428
101428
101429
101429
101431
101432
101435
101438
101441
101445
101450
101456
101461
101467
101474
101479
101470
101347
101347
101347
101347
101348
101348
101349
101350
101351
101352
101353
101355
101356
101358
101360
101362
101364
101366
101369
101372
101375
101379
101382
101386
101390
101395
101400
101405
101411
101417
101423
101430
101438
101446
101455
101464
101473
101484
101495
101506
101519
101532
101545
101559
101570
101576
101573
101564
101556
101548
101541
101533
101526
101520
101514
101508
101503
101498
101493
101488
101484
101480
101476
101473
101469
101466
101463
101460
101457
101454
101451
101448
101446
101443
101441
101439
101437
101435
101433
101432
101431
101430
101429
101428
101428
101428
101429
101430
101431
101433
101436
101439
101443
101447
101452
101457
101462
101467
101472
101465
101346
101346
101346
101346
101347
101347
101348
101349
101350
101351
101352
101353
101355
101356
101358
101360
101362
101365
101367
101370
101373
101376
101380
101383
101388
101392
101397
101402
101407
101413
101419
101426
101434
101441
101450
101459
101468
101479
101490
101501
101514
101527
101540
101554
101566
101571
101568
101559
101551
101543
101536
101528
101522
101516
101510
101505
101500
101495
101490
101486
101482
101479
101475
101472
101468
101465
101462
101459
101456
101454
101451
101448
101446
101444
101441
101439
101437
101435
101434
101432
101431
101430
101429
101428
101428
101428
101428
101429
101430
101432
101434
101437
101440
101444
101448
101452
101457
101461
101465
101459
101345
101345
101345
101345
101346
101346
101347
101347
101348
101349
101350
101352
101353
101355
101356
101358
101360
101363
101365
101368
101371
101374
101377
101381
101384
101389
101393
101398
101403
101409
101415
101422
101429
101437
101445
101454
101463
101473
101484
101496
101508
101521
101535
101549
101561
101566
101563
101554
101545
101537
101530
101523
101517
101511
101506
101501
101496
101492
101488
101484
101480
101477
101474
101470
101467
101464
101461
101459
101456
101453
101451
101448
101446
101444
101442
101439
101437
101436
101434
101432
101431
101430
101429
101428
101428
101427
101428
101428
101429
101431
101432
101435
101438
101441
101444
101448
101452
101455
101459
101453
101343
101343
101344
101344
101344
101345
101345
101346
101347
101348
101349
101350
101352
101353
101355
101356
101358
101360
101363
101365
101368
101371
101374
101378
101381
101385
101390
101394
101399
101405
101411
101417
101424
101431
101439
101448
101457
101467
101478
101489
101502
101515
101529
101543
101555
101561
101557
101548
101539
101531
101524
101518
101512
101506
101501
101497
101493
101489
101485
101481
101478
101475
101472
101469
101466
101463
101461
101458
101456
101453
101451
101448
101446
101444
101442
101440
101438
101436
101434
101432
101431
101430
101429
101428
101427
101427
101427
101427
101428
101429
101431
101433
101435
101438
101441
101444
101447
101450
101453
101448
101342
101342
101342
101343
101343
101344
101344
101345
101346
101346
101347
101349
101350
101351
101353
101354
101356
101358
101360
101363
101365
101368
101371
101374
101378
101382
101386
101390
101395
101400
101406
101412
101418
101426
101433
101442
101451
101460
101471
101482
101495
101508
101522
101537
101549
101555
101551
101541
101532
101525
101518
101512
101506
101501
101497
101493
101489
101485
101482
101479
101476
101473
101470
101468
101465
101463
101460
101458
101455
101453
101451
101448
101446
101444
101442
101440
101438
101436
101434
101433
101431
101430
101429
101428
101427
101427
101426
101427
101427
101428
101429
101431
101432
101435
101437
101440
101442
101445
101447
101443
101341
101341
101341
101342
101342
101342
101343
101343
101344
101345
101346
101347
101348
101349
101351
101352
101354
101356
101358
101360
101363
101365
101368
101371
101374
101378
101382
101386
101391
101395
101401
101407
101413
101420
101427
101435
101444
101453
101464
101475
101487
101501
101515
101530
101543
101548
101544
101534
101525
101518
101511
101505
101500
101496
101492
101488
101485
101482
101479
101476
101474
101471
101469
101466
101464
101462
101459
101457
101455
101453
101451
101448
101446
101444
101442
101440
101438
101436
101434
101433
101431
101430
101429
101428
101427
101426
101426
101426
101426
101426
101427
101428
101430
101432
101434
101436
101438
101440
101441
101438
101340
101340
101340
101340
101341
101341
101341
101342
101343
101343
101344
101345
101346
101348
101349
101350
101352
101354
101355
101358
101360
101362
101365
101368
101371
101374
101378
101382
101386
101390
101395
101401
101407
101413
101420
101428
101436
101446
101456
101467
101479
101493
101507
101522
101535
101541
101536
101526
101517
101510
101504
101499
101494
101490
101487
101484
101481
101478
101476
101474
101471
101469
101467
101465
101463
101461
101459
101457
101455
101453
101450
101448
101446
101444
101442
101440
101438
101436
101435
101433
101431
101430
101429
101427
101426
101426
101425
101425
101425
101425
101425
101426
101427
101429
101430
101432
101433
101435
101436
101433
101338
101339
101339
101339
101339
101340
101340
101341
101341
101342
101343
101344
101344
101346
101347
101348
101350
101351
101353
101355
101357
101359
101361
101364
101367
101370
101373
101377
101381
101385
101390
101395
101400
101406
101413
101420
101428
101437
101447
101458
101470
101484
101498
101514
101527
101533
101528
101518
101509
101502
101496
101491
101488
101484
101481
101479
101477
101475
101473
101471
101469
101467
101466
101464
101462
101460
101458
101456
101454
101452
101450
101448
101446
101444
101442
101441
101439
101437
101435
101433
101431
101430
101428
101427
101426
101425
101424
101424
101423
101423
101423
101424
101424
101425
101426
101428
101429
101430
101430
101428
101337
101337
101337
101338
101338
101338
101339
101339
101340
101340
101341
101342
101343
101344
101345
101346
101347
101349
101350
101352
101354
101356
101358
101360
101363
101366
101369
101372
101376
101380
101384
101389
101394
101399
101406
101412
101420
101428
101438
101448
101460
101474
101489
101505
101518
101524
101519
101508
101500
101493
101488
101484
101481
101478
101476
101474
101473
101471
101470
101468
101467
101465
101464
101462
101461
101459
101458
101456
101454
101452
101450
101449
101447
101445
101443
101441
101439
101437
101435
101433
101432
101430
101428
101427
101426
101424
101423
101423
101422
101422
101421
101421
101422
101422
101423
101423
101424
101425
101425
101422
101336
101336
101336
101336
101336
101337
101337
101337
101338
101339
101339
101340
101341
101342
101343
101344
101345
101346
101347
101349
101351
101352
101354
101356
101359
101361
101364
101367
101370
101374
101378
101382
101387
101392
101397
101404
101411
101419
101428
101438
101450
101463
101478
101494
101508
101514
101509
101498
101490
101484
101479
101476
101474
101472
101471
101470
101469
101468
101467
101466
101465
101464
101462
101461
101460
101459
101457
101455
101454
101452
101450
101449
101447
101445
101443
101441
101439
101437
101435
101434
101432
101430
101428
101427
101425
101424
101423
101422
101421
101420
101419
101419
101419
101419
101419
101419
101419
101419
101420
101417
101334
101334
101335
101335
101335
101335
101335
101336
101336
101337
101337
101338
101339
101339
101340
101341
101342
101343
101345
101346
101347
101349
101351
101353
101355
101357
101359
101362
101365
101368
101371
101375
101379
101384
101389
101395
101401
101409
101417
101427
101438
101451
101466
101482
101497
101503
101497
101486
101479
101474
101471
101468
101467
101466
101465
101465
101465
101464
101464
101463
101463
101462
101461
101460
101459
101458
101457
101455
101454
101452
101451
101449
101447
101445
101443
101442
101440
101438
101436
101434
101432
101430
101428
101427
101425
101423
101422
101421
101419
101418
101417
101417
101416
101415
101415
101415
101415
101414
101414
101412
101333
101333
101333
101333
101333
101334
101334
101334
101335
101335
101335
101336
101337
101337
101338
101339
101340
101341
101342
101343
101344
101345
101347
101348
101350
101352
101354
101356
101359
101362
101365
101368
101372
101376
101380
101385
101391
101398
101405
101414
101424
101437
101452
101469
101484
101490
101484
101474
101467
101463
101461
101460
101460
101460
101460
101461
101461
101461
101461
101461
101461
101460
101460
101459
101458
101457
101456
101455
101454
101452
101451
101449
101447
101446
101444
101442
101440
101438
101436
101434
101432
101430
101428
101426
101425
101423
101421
101419
101418
101416
101415
101414
101413
101412
101411
101410
101410
101409
101408
101406
101332
101332
101332
101332
101332
101332
101332
101333
101333
101333
101334
101334
101335
101335
101336
101336
101337
101338
101339
101340
101341
101342
101343
101344
101346
101347
101349
101351
101353
101355
101358
101361
101364
101367
101371
101375
101380
101386
101393
101400
101410
101422
101436
101453
101468
101475
101470
101460
101455
101452
101452
101452
101453
101454
101455
101456
101457
101458
101458
101458
101458
101458
101458
101458
101457
101456
101456
101454
101453
101452
101450
101449
101447
101446
101444
101442
101440
101438
101436
101434
101432
101430
101428
101426
101424
101422
101420
101418
101416
101414
101413
101411
101410
101408
101407
101406
101404
101403
101402
101400
101330
101330
101330
101330
101330
101331
101331
101331
101331
101331
101332
101332
101332
101333
101333
101334
101334
101335
101336
101336
101337
101338
101339
101340
101341
101343
101344
101345
101347
101349
101351
101353
101355
101358
101361
101365
101369
101374
101379
101386
101394
101404
101418
101435
101450
101457
101453
101444
101441
101441
101442
101444
101446
101448
101450
101451
101453
101454
101455
101456
101456
101456
101456
101456
101456
101455
101455
101454
101453
101451
101450
101449
101447
101445
101444
101442
101440
101438
101436
101434
101432
101430
101427
101425
101423
101421
101419
101416
101414
101412
101410
101408
101406
101404
101402
101401
101399
101397
101396
101394
101329
101329
101329
101329
101329
101329
101329
101329
101329
101330
101330
101330
101330
101331
101331
101331
101332
101332
101333
101333
101334
101334
101335
101336
101337
101338
101339
101340
101341
101342
101344
101345
101347
101349
101351
101354
101357
101360
101365
101370
101377
101385
101397
101413
101428
101437
101435
101430
101431
101434
101438
101441
101445
101448
101450
101453
101455
101457
101458
101459
101460
101461
101461
101461
101461
101461
101460
101459
101458
101457
101456
101455
101453
101451
101450
101448
101446
101444
101441
101439
101437
101434
101432
101430
101427
101424
101422
101419
101417
101414
101411
101409
101406
101403
101401
101398
101396
101394
101391
101389
101327
101327
101327
101327
101327
101327
101327
101328
101328
101328
101328
101328
101328
101328
101329
101329
101329
101329
101330
101330
101330
101331
101331
101332
101332
101333
101333
101334
101335
101335
101336
101337
101338
101340
101341
101343
101344
101347
101349
101353
101357
101364
101373
101386
101402
101416
101423
101426
101432
101439
101445
101451
101456
101460
101464
101468
101471
101473
101475
101477
101478
101479
101480
101480
101480
101480
101479
101478
101477
101476
101475
101473
101471
101469
101467
101465
101463
101460
101457
101455
101452
101449
101446
101443
101440
101437
101433
101430
101426
101423
101419
101416
101412
101408
101404
101401
101397
101394
101391
101387
101326
101326
101326
101326
101326
101326
101326
101326
101326
101326
101326
101326
101326
101326
101326
101326
101326
101326
101327
101327
101327
101327
101327
101327
101327
101328
101328
101328
101328
101329
101329
101329
101330
101330
101331
101331
101332
101333
101334
101335
101337
101340
101346
101355
101367
101381
101390
101394
101399
101404
101409
101413
101416
101419
101422
101425
101427
101429
101430
101431
101432
101433
101433
101433
101433
101433
101433
101432
101431
101430
101429
101428
101427
101425
101424
101422
101420
101419
101417
101415
101413
101411
101409
101406
101404
101402
101399
101397
101394
101391
101388
101386
101383
101380
101377
101374
101371
101369
101366
101364
101518
101496
101479
101465
101452
101437
101422
101405
101388
101370
101508
101484
101472
101462
101450
101437
101423
101407
101391
101373
101497
101474
101464
101455
101445
101433
101420
101406
101391
101375
101485
101465
101457
101449
101439
101428
101417
101404
101391
101376
101475
101457
101450
101443
101434
101424
101414
101402
101390
101377
101466
101451
101444
101437
101429
101420
101411
101400
101389
101377
101458
101445
101439
101432
101425
101417
101408
101398
101388
101378
101450
101439
101433
101427
101420
101413
101405
101396
101387
101377
101443
101434
101428
101423
101416
101409
101402
101394
101386
101377
101437
101428
101423
101418
101412
101406
101399
101392
101384
101377
101430
101423
101418
101413
101408
101402
101396
101390
101383
101376
101424
101418
101413
101409
101404
101399
101393
101387
101381
101375
101418
101412
101408
101404
101399
101395
101390
101385
101379
101374
101412
101407
101403
101399
101395
101391
101386
101382
101377
101372
101405
101401
101398
101394
101390
101387
101383
101379
101375
101370
101399
101395
101392
101389
101385
101382
101379
101375
101372
101368
101392
101389
101386
101383
101380
101377
101375
101372
101369
101366
101386
101384
101381
101378
101376
101374
101372
101370
101368
101366
101385
101382
101379
101377
101374
101372
101371
101369
101368
101367
101364
101362
101360
101357
101356
101354
101353
101352
101352
101352
)
;

boundaryField
{
    down
    {
        type            symmetryPlane;
    }
    right
    {
        type            fixedValue;
        value           uniform 101325;
    }
    up
    {
        type            fixedValue;
        value           uniform 101325;
    }
    left
    {
        type            zeroGradient;
    }
    cylinder
    {
        type            zeroGradient;
    }
    defaultFaces
    {
        type            empty;
    }
}


// ************************************************************************* //
