/*--------------------------------*- C++ -*----------------------------------*\
  =========                 |
  \\      /  F ield         | OpenFOAM: The Open Source CFD Toolbox
   \\    /   O peration     | Website:  https://openfoam.org
    \\  /    A nd           | Version:  8
     \\/     M anipulation  |
\*---------------------------------------------------------------------------*/
FoamFile
{
    version     2.0;
    format      ascii;
    class       volScalarField;
    location    "0.2";
    object      rho;
}
// * * * * * * * * * * * * * * * * * * * * * * * * * * * * * * * * * * * * * //

dimensions      [1 -3 0 0 0 0 0];

internalField   nonuniform List<scalar> 
200
(
0.031275936
0.030542008
0.03038861
0.030366178
0.030363663
0.030363436
0.030363419
0.030363418
0.030363418
0.030363418
0.030363418
0.030363418
0.030363418
0.030363417
0.030363417
0.030363417
0.030363417
0.030363417
0.030363417
0.030363417
0.030363417
0.030363417
0.030363417
0.030363417
0.030363417
0.030363417
0.030363417
0.030363417
0.030363417
0.030363417
0.030363416
0.030363416
0.030363416
0.030363416
0.030363416
0.030363416
0.030363416
0.030363416
0.030363416
0.030363416
0.030363416
0.030363416
0.030363416
0.030363415
0.030363415
0.030363415
0.030363415
0.030363415
0.030363415
0.030363415
0.030363415
0.030363415
0.030363415
0.030363414
0.030363414
0.030363414
0.030363414
0.030363414
0.030363414
0.030363414
0.030363414
0.030363414
0.030363413
0.030363413
0.030363413
0.030363413
0.030363413
0.030363413
0.030363413
0.030363412
0.030363412
0.030363412
0.030363412
0.030363412
0.030363412
0.030363411
0.030363411
0.030363411
0.030363411
0.030363411
0.030363411
0.03036341
0.03036341
0.03036341
0.03036341
0.03036341
0.03036341
0.030363409
0.030363409
0.030363409
0.030363409
0.030363409
0.030363408
0.030363408
0.030363408
0.030363408
0.030363407
0.030363407
0.030363407
0.030363407
0.030363406
0.030363406
0.030363406
0.030363406
0.030363405
0.030363405
0.030363405
0.030363404
0.030363404
0.030363404
0.030363403
0.030363403
0.030363403
0.030363402
0.030363402
0.030363402
0.030363401
0.030363401
0.030363401
0.0303634
0.0303634
0.030363399
0.030363399
0.030363398
0.030363398
0.030363398
0.030363397
0.030363397
0.030363396
0.030363396
0.030363395
0.030363394
0.030363394
0.030363393
0.030363393
0.030363392
0.030363392
0.030363391
0.03036339
0.03036339
0.030363389
0.030363388
0.030363387
0.030363386
0.030363386
0.030363385
0.030363384
0.030363383
0.030363383
0.030363381
0.030363381
0.030363378
0.03036338
0.030363375
0.030363378
0.030363372
0.030363377
0.030363369
0.030363376
0.030363365
0.030363374
0.030363361
0.030363373
0.030363356
0.030363372
0.03036335
0.030363371
0.030363343
0.030363371
0.030363334
0.030363373
0.030363322
0.030363377
0.030363306
0.030363385
0.030363285
0.030363399
0.030363257
0.030363419
0.03036322
0.030363446
0.030363175
0.03036348
0.03036312
0.030363523
0.030363056
0.030363573
0.030362986
0.03036363
0.030362907
0.030363679
0.030362837
0.030363751
0.030362745
0.030363795
0.030362683
0.030363822
0.03036264
0.03036383
0.030362624
)
;

boundaryField
{
    left
    {
        type            calculated;
        value           nonuniform List<scalar> 
200
(
0.031275936
0.030542008
0.03038861
0.030366178
0.030363663
0.030363436
0.030363419
0.030363418
0.030363418
0.030363418
0.030363418
0.030363418
0.030363418
0.030363417
0.030363417
0.030363417
0.030363417
0.030363417
0.030363417
0.030363417
0.030363417
0.030363417
0.030363417
0.030363417
0.030363417
0.030363417
0.030363417
0.030363417
0.030363417
0.030363417
0.030363416
0.030363416
0.030363416
0.030363416
0.030363416
0.030363416
0.030363416
0.030363416
0.030363416
0.030363416
0.030363416
0.030363416
0.030363416
0.030363415
0.030363415
0.030363415
0.030363415
0.030363415
0.030363415
0.030363415
0.030363415
0.030363415
0.030363415
0.030363414
0.030363414
0.030363414
0.030363414
0.030363414
0.030363414
0.030363414
0.030363414
0.030363414
0.030363413
0.030363413
0.030363413
0.030363413
0.030363413
0.030363413
0.030363413
0.030363412
0.030363412
0.030363412
0.030363412
0.030363412
0.030363412
0.030363411
0.030363411
0.030363411
0.030363411
0.030363411
0.030363411
0.03036341
0.03036341
0.03036341
0.03036341
0.03036341
0.03036341
0.030363409
0.030363409
0.030363409
0.030363409
0.030363409
0.030363408
0.030363408
0.030363408
0.030363408
0.030363407
0.030363407
0.030363407
0.030363407
0.030363406
0.030363406
0.030363406
0.030363406
0.030363405
0.030363405
0.030363405
0.030363404
0.030363404
0.030363404
0.030363403
0.030363403
0.030363403
0.030363402
0.030363402
0.030363402
0.030363401
0.030363401
0.030363401
0.0303634
0.0303634
0.030363399
0.030363399
0.030363398
0.030363398
0.030363398
0.030363397
0.030363397
0.030363396
0.030363396
0.030363395
0.030363394
0.030363394
0.030363393
0.030363393
0.030363392
0.030363392
0.030363391
0.03036339
0.03036339
0.030363389
0.030363388
0.030363387
0.030363386
0.030363386
0.030363385
0.030363384
0.030363383
0.030363383
0.030363381
0.030363381
0.030363378
0.03036338
0.030363375
0.030363378
0.030363372
0.030363377
0.030363369
0.030363376
0.030363365
0.030363374
0.030363361
0.030363373
0.030363356
0.030363372
0.03036335
0.030363371
0.030363343
0.030363371
0.030363334
0.030363373
0.030363322
0.030363377
0.030363306
0.030363385
0.030363285
0.030363399
0.030363257
0.030363419
0.03036322
0.030363446
0.030363175
0.03036348
0.03036312
0.030363523
0.030363056
0.030363573
0.030362986
0.03036363
0.030362907
0.030363679
0.030362837
0.030363751
0.030362745
0.030363795
0.030362683
0.030363822
0.03036264
0.03036383
0.030362624
)
;
    }
    right
    {
        type            calculated;
        value           nonuniform List<scalar> 
200
(
0.031275936
0.030542008
0.03038861
0.030366178
0.030363663
0.030363436
0.030363419
0.030363418
0.030363418
0.030363418
0.030363418
0.030363418
0.030363418
0.030363417
0.030363417
0.030363417
0.030363417
0.030363417
0.030363417
0.030363417
0.030363417
0.030363417
0.030363417
0.030363417
0.030363417
0.030363417
0.030363417
0.030363417
0.030363417
0.030363417
0.030363416
0.030363416
0.030363416
0.030363416
0.030363416
0.030363416
0.030363416
0.030363416
0.030363416
0.030363416
0.030363416
0.030363416
0.030363416
0.030363415
0.030363415
0.030363415
0.030363415
0.030363415
0.030363415
0.030363415
0.030363415
0.030363415
0.030363415
0.030363414
0.030363414
0.030363414
0.030363414
0.030363414
0.030363414
0.030363414
0.030363414
0.030363414
0.030363413
0.030363413
0.030363413
0.030363413
0.030363413
0.030363413
0.030363413
0.030363412
0.030363412
0.030363412
0.030363412
0.030363412
0.030363412
0.030363411
0.030363411
0.030363411
0.030363411
0.030363411
0.030363411
0.03036341
0.03036341
0.03036341
0.03036341
0.03036341
0.03036341
0.030363409
0.030363409
0.030363409
0.030363409
0.030363409
0.030363408
0.030363408
0.030363408
0.030363408
0.030363407
0.030363407
0.030363407
0.030363407
0.030363406
0.030363406
0.030363406
0.030363406
0.030363405
0.030363405
0.030363405
0.030363404
0.030363404
0.030363404
0.030363403
0.030363403
0.030363403
0.030363402
0.030363402
0.030363402
0.030363401
0.030363401
0.030363401
0.0303634
0.0303634
0.030363399
0.030363399
0.030363398
0.030363398
0.030363398
0.030363397
0.030363397
0.030363396
0.030363396
0.030363395
0.030363394
0.030363394
0.030363393
0.030363393
0.030363392
0.030363392
0.030363391
0.03036339
0.03036339
0.030363389
0.030363388
0.030363387
0.030363386
0.030363386
0.030363385
0.030363384
0.030363383
0.030363383
0.030363381
0.030363381
0.030363378
0.03036338
0.030363375
0.030363378
0.030363372
0.030363377
0.030363369
0.030363376
0.030363365
0.030363374
0.030363361
0.030363373
0.030363356
0.030363372
0.03036335
0.030363371
0.030363343
0.030363371
0.030363334
0.030363373
0.030363322
0.030363377
0.030363306
0.030363385
0.030363285
0.030363399
0.030363257
0.030363419
0.03036322
0.030363446
0.030363175
0.03036348
0.03036312
0.030363523
0.030363056
0.030363573
0.030362986
0.03036363
0.030362907
0.030363679
0.030362837
0.030363751
0.030362745
0.030363795
0.030362683
0.030363822
0.03036264
0.03036383
0.030362624
)
;
    }
    walls
    {
        type            calculated;
        value           uniform 0.031401452;
    }
    centreline
    {
        type            calculated;
        value           uniform 0.030363209;
    }
    frontAndBack
    {
        type            calculated;
        value           nonuniform List<scalar> 
400
(
0.031275936
0.030542008
0.03038861
0.030366178
0.030363663
0.030363436
0.030363419
0.030363418
0.030363418
0.030363418
0.030363418
0.030363418
0.030363418
0.030363417
0.030363417
0.030363417
0.030363417
0.030363417
0.030363417
0.030363417
0.030363417
0.030363417
0.030363417
0.030363417
0.030363417
0.030363417
0.030363417
0.030363417
0.030363417
0.030363417
0.030363416
0.030363416
0.030363416
0.030363416
0.030363416
0.030363416
0.030363416
0.030363416
0.030363416
0.030363416
0.030363416
0.030363416
0.030363416
0.030363415
0.030363415
0.030363415
0.030363415
0.030363415
0.030363415
0.030363415
0.030363415
0.030363415
0.030363415
0.030363414
0.030363414
0.030363414
0.030363414
0.030363414
0.030363414
0.030363414
0.030363414
0.030363414
0.030363413
0.030363413
0.030363413
0.030363413
0.030363413
0.030363413
0.030363413
0.030363412
0.030363412
0.030363412
0.030363412
0.030363412
0.030363412
0.030363411
0.030363411
0.030363411
0.030363411
0.030363411
0.030363411
0.03036341
0.03036341
0.03036341
0.03036341
0.03036341
0.03036341
0.030363409
0.030363409
0.030363409
0.030363409
0.030363409
0.030363408
0.030363408
0.030363408
0.030363408
0.030363407
0.030363407
0.030363407
0.030363407
0.030363406
0.030363406
0.030363406
0.030363406
0.030363405
0.030363405
0.030363405
0.030363404
0.030363404
0.030363404
0.030363403
0.030363403
0.030363403
0.030363402
0.030363402
0.030363402
0.030363401
0.030363401
0.030363401
0.0303634
0.0303634
0.030363399
0.030363399
0.030363398
0.030363398
0.030363398
0.030363397
0.030363397
0.030363396
0.030363396
0.030363395
0.030363394
0.030363394
0.030363393
0.030363393
0.030363392
0.030363392
0.030363391
0.03036339
0.03036339
0.030363389
0.030363388
0.030363387
0.030363386
0.030363386
0.030363385
0.030363384
0.030363383
0.030363383
0.030363381
0.030363381
0.030363378
0.03036338
0.030363375
0.030363378
0.030363372
0.030363377
0.030363369
0.030363376
0.030363365
0.030363374
0.030363361
0.030363373
0.030363356
0.030363372
0.03036335
0.030363371
0.030363343
0.030363371
0.030363334
0.030363373
0.030363322
0.030363377
0.030363306
0.030363385
0.030363285
0.030363399
0.030363257
0.030363419
0.03036322
0.030363446
0.030363175
0.03036348
0.03036312
0.030363523
0.030363056
0.030363573
0.030362986
0.03036363
0.030362907
0.030363679
0.030362837
0.030363751
0.030362745
0.030363795
0.030362683
0.030363822
0.03036264
0.03036383
0.030362624
0.031275936
0.030542008
0.03038861
0.030366178
0.030363663
0.030363436
0.030363419
0.030363418
0.030363418
0.030363418
0.030363418
0.030363418
0.030363418
0.030363417
0.030363417
0.030363417
0.030363417
0.030363417
0.030363417
0.030363417
0.030363417
0.030363417
0.030363417
0.030363417
0.030363417
0.030363417
0.030363417
0.030363417
0.030363417
0.030363417
0.030363416
0.030363416
0.030363416
0.030363416
0.030363416
0.030363416
0.030363416
0.030363416
0.030363416
0.030363416
0.030363416
0.030363416
0.030363416
0.030363415
0.030363415
0.030363415
0.030363415
0.030363415
0.030363415
0.030363415
0.030363415
0.030363415
0.030363415
0.030363414
0.030363414
0.030363414
0.030363414
0.030363414
0.030363414
0.030363414
0.030363414
0.030363414
0.030363413
0.030363413
0.030363413
0.030363413
0.030363413
0.030363413
0.030363413
0.030363412
0.030363412
0.030363412
0.030363412
0.030363412
0.030363412
0.030363411
0.030363411
0.030363411
0.030363411
0.030363411
0.030363411
0.03036341
0.03036341
0.03036341
0.03036341
0.03036341
0.03036341
0.030363409
0.030363409
0.030363409
0.030363409
0.030363409
0.030363408
0.030363408
0.030363408
0.030363408
0.030363407
0.030363407
0.030363407
0.030363407
0.030363406
0.030363406
0.030363406
0.030363406
0.030363405
0.030363405
0.030363405
0.030363404
0.030363404
0.030363404
0.030363403
0.030363403
0.030363403
0.030363402
0.030363402
0.030363402
0.030363401
0.030363401
0.030363401
0.0303634
0.0303634
0.030363399
0.030363399
0.030363398
0.030363398
0.030363398
0.030363397
0.030363397
0.030363396
0.030363396
0.030363395
0.030363394
0.030363394
0.030363393
0.030363393
0.030363392
0.030363392
0.030363391
0.03036339
0.03036339
0.030363389
0.030363388
0.030363387
0.030363386
0.030363386
0.030363385
0.030363384
0.030363383
0.030363383
0.030363381
0.030363381
0.030363378
0.03036338
0.030363375
0.030363378
0.030363372
0.030363377
0.030363369
0.030363376
0.030363365
0.030363374
0.030363361
0.030363373
0.030363356
0.030363372
0.03036335
0.030363371
0.030363343
0.030363371
0.030363334
0.030363373
0.030363322
0.030363377
0.030363306
0.030363385
0.030363285
0.030363399
0.030363257
0.030363419
0.03036322
0.030363446
0.030363175
0.03036348
0.03036312
0.030363523
0.030363056
0.030363573
0.030362986
0.03036363
0.030362907
0.030363679
0.030362837
0.030363751
0.030362745
0.030363795
0.030362683
0.030363822
0.03036264
0.03036383
0.030362624
)
;
    }
}


// ************************************************************************* //
