/*--------------------------------*- C++ -*----------------------------------*\
  =========                 |
  \\      /  F ield         | OpenFOAM: The Open Source CFD Toolbox
   \\    /   O peration     | Website:  https://openfoam.org
    \\  /    A nd           | Version:  8
     \\/     M anipulation  |
\*---------------------------------------------------------------------------*/
FoamFile
{
    version     2.0;
    format      ascii;
    class       volScalarField;
    location    "0.999971";
    object      alphat;
}
// * * * * * * * * * * * * * * * * * * * * * * * * * * * * * * * * * * * * * //

dimensions      [1 -1 -1 0 0 0 0];

internalField   nonuniform List<scalar> 
6800
(
0.0843862
0.119799
0.128957
0.117703
0.0939374
0.0482648
0.028925
0.0204712
0.0155063
0.0155733
0.0950073
0.108811
0.0990144
0.0648147
0.0367118
0.0253254
0.0205792
0.0177028
0.0157899
0.0181991
0.0900931
0.0750536
0.0573307
0.0351324
0.0273922
0.0238016
0.0201078
0.0179345
0.0181187
0.0142677
0.0642484
0.0459524
0.0350779
0.0288798
0.0256133
0.0233899
0.0194843
0.0163615
0.0122695
0.0112506
0.0181724
0.0309242
0.0300566
0.0295473
0.0259082
0.0185311
0.0141765
0.0134823
0.012248
0.0112923
0.0145714
0.0282761
0.028699
0.0290371
0.0202216
0.0163463
0.0153725
0.0137463
0.0112691
0.00973086
0.0154669
0.0291153
0.0291898
0.0252081
0.0196445
0.0163941
0.0133258
0.0109825
0.010014
0.00943288
0.015783
0.0286958
0.0290039
0.0232582
0.0168246
0.0147596
0.01264
0.0115693
0.00990126
0.00928566
0.0161841
0.031198
0.0295041
0.0198194
0.017126
0.0146911
0.0123173
0.00993834
0.00906898
0.00886419
0.0163309
0.0321166
0.0256594
0.0202541
0.0156345
0.0135264
0.011302
0.0101495
0.0092633
0.00886961
0.0899031
0.289737
0.426276
0.497805
0.536911
0.556824
0.568425
0.577789
0.58719
0.59726
0.0879768
0.283017
0.416165
0.485608
0.522879
0.540069
0.549017
0.555435
0.561543
0.568476
0.0845072
0.26947
0.395433
0.461792
0.494092
0.506615
0.510233
0.510605
0.510725
0.513077
0.0797571
0.250632
0.36676
0.426813
0.451707
0.457051
0.452942
0.44463
0.435884
0.431018
0.0742176
0.229239
0.331669
0.38109
0.396184
0.392594
0.37952
0.361696
0.34313
0.324435
0.0685613
0.207051
0.293293
0.326833
0.327209
0.311776
0.292588
0.273161
0.259013
0.223827
0.0638009
0.189625
0.251787
0.259732
0.245122
0.22633
0.214003
0.200358
0.188137
0.178931
0.0609111
0.171892
0.199267
0.192976
0.179886
0.171506
0.160576
0.166401
0.159232
0.126719
0.062475
0.147271
0.157797
0.155995
0.145142
0.1491
0.14077
0.123937
0.0964689
0.0457067
0.0670788
0.129484
0.137055
0.131674
0.131011
0.116523
0.0813621
0.0451829
0.0278602
0.0170523
0.612448
0.632666
0.651685
0.669789
0.686845
0.702863
0.71777
0.731516
0.744112
0.755647
0.766271
0.776
0.784843
0.792754
0.799697
0.805654
0.810679
0.814719
0.81777
0.819906
0.821116
0.821798
0.821547
0.820657
0.819243
0.817378
0.815103
0.812444
0.809458
0.806207
0.802741
0.799112
0.795363
0.791513
0.787558
0.783508
0.779389
0.775215
0.771
0.766754
0.762486
0.758208
0.753927
0.749656
0.745403
0.741176
0.736982
0.732827
0.728714
0.724646
0.720626
0.716656
0.712736
0.708869
0.705057
0.701301
0.697602
0.69396
0.690377
0.686855
0.683395
0.679998
0.676666
0.6734
0.6702
0.667066
0.663998
0.660995
0.658057
0.65518
0.652363
0.649604
0.6469
0.644249
0.641649
0.639098
0.636594
0.634136
0.631723
0.629355
0.627031
0.624751
0.622514
0.620322
0.618173
0.61607
0.61401
0.611999
0.610025
0.608112
0.606216
0.604412
0.602571
0.600906
0.59907
0.597594
0.595714
0.594358
0.59288
0.590902
0.581426
0.602097
0.621066
0.639186
0.656439
0.672684
0.687823
0.701756
0.714449
0.725978
0.736598
0.746273
0.755085
0.763
0.769996
0.775853
0.780741
0.784628
0.787513
0.789422
0.790842
0.791325
0.791111
0.790318
0.7891
0.787506
0.78555
0.783218
0.780592
0.777743
0.774709
0.771549
0.768258
0.764851
0.761343
0.757754
0.754098
0.750388
0.746636
0.74285
0.739041
0.735218
0.731392
0.727573
0.72377
0.719989
0.716237
0.712518
0.708833
0.705184
0.701573
0.698001
0.694471
0.690984
0.687544
0.684152
0.680808
0.677514
0.674271
0.671082
0.667948
0.664871
0.661852
0.658891
0.655988
0.653144
0.650358
0.647629
0.644956
0.642337
0.639769
0.637252
0.634782
0.632358
0.629978
0.62764
0.625345
0.62309
0.620876
0.618701
0.616566
0.614471
0.612416
0.610401
0.608426
0.606493
0.604597
0.602748
0.600931
0.599172
0.597423
0.595766
0.594062
0.592536
0.590828
0.589481
0.587727
0.586471
0.585159
0.583268
0.526313
0.550118
0.571343
0.591404
0.610423
0.628333
0.645013
0.6603
0.674126
0.686665
0.697961
0.708051
0.717099
0.725193
0.732283
0.737811
0.742237
0.745686
0.747833
0.749635
0.750315
0.750281
0.749615
0.748439
0.74701
0.745306
0.743301
0.740881
0.738261
0.73552
0.732669
0.729707
0.726641
0.723513
0.720335
0.717118
0.713869
0.710593
0.707298
0.703987
0.70067
0.697357
0.694053
0.690772
0.687521
0.684301
0.681116
0.677969
0.674854
0.671768
0.668716
0.665699
0.662718
0.659774
0.656871
0.654011
0.651193
0.648416
0.645685
0.643001
0.640368
0.637784
0.635251
0.632768
0.630335
0.627952
0.625617
0.623329
0.621086
0.618886
0.616727
0.614608
0.612526
0.610479
0.608467
0.60649
0.604547
0.602638
0.600761
0.598917
0.597107
0.59533
0.593586
0.591876
0.5902
0.58856
0.58695
0.585382
0.583836
0.582345
0.580852
0.579452
0.577986
0.576706
0.575221
0.574099
0.57257
0.571487
0.570482
0.568706
0.450787
0.481555
0.508133
0.532289
0.554711
0.57568
0.595101
0.612695
0.62832
0.642196
0.654428
0.665009
0.674181
0.682268
0.688789
0.692716
0.695705
0.697309
0.698324
0.698049
0.697013
0.695357
0.693219
0.690735
0.688413
0.685987
0.68339
0.680951
0.678588
0.676223
0.67383
0.671409
0.668978
0.666517
0.664025
0.6615
0.658949
0.656373
0.653782
0.651175
0.648565
0.645961
0.643371
0.640808
0.638277
0.63578
0.633319
0.630892
0.628506
0.626157
0.623843
0.621557
0.619298
0.617063
0.61486
0.612694
0.610557
0.60845
0.606381
0.604352
0.602365
0.60042
0.598516
0.596653
0.594829
0.593044
0.591297
0.589584
0.587904
0.586254
0.584632
0.583035
0.581464
0.579914
0.578393
0.576896
0.575423
0.573973
0.572546
0.571142
0.569763
0.568409
0.567079
0.565776
0.564497
0.563248
0.562019
0.560826
0.559641
0.558509
0.557356
0.556299
0.555152
0.554198
0.553013
0.552195
0.550959
0.550133
0.549474
0.547876
0.356506
0.396096
0.429346
0.458346
0.484277
0.50736
0.528153
0.54636
0.561702
0.574785
0.586209
0.596114
0.604949
0.613081
0.620016
0.624709
0.629691
0.633197
0.635282
0.636431
0.636727
0.63632
0.635328
0.63394
0.631592
0.628776
0.625758
0.622679
0.619574
0.616544
0.61361
0.610782
0.608049
0.605406
0.602839
0.60034
0.597908
0.595536
0.593231
0.590976
0.588782
0.586654
0.584585
0.582595
0.580682
0.578838
0.57706
0.575342
0.57368
0.572059
0.570479
0.568924
0.56739
0.565872
0.56438
0.562926
0.561495
0.560089
0.558718
0.557389
0.556099
0.554848
0.553633
0.552453
0.551306
0.55019
0.549103
0.54804
0.546999
0.545975
0.544967
0.543971
0.542985
0.54201
0.541035
0.540066
0.539106
0.538159
0.537225
0.536308
0.535407
0.534526
0.533662
0.53282
0.531993
0.531191
0.530398
0.529637
0.528869
0.528155
0.527398
0.526744
0.525971
0.525403
0.524574
0.524115
0.523226
0.522721
0.522436
0.52107
0.259071
0.299821
0.335039
0.365719
0.393138
0.417573
0.439823
0.460059
0.478259
0.494579
0.509406
0.521793
0.531815
0.539032
0.544377
0.548134
0.549518
0.54967
0.548668
0.546682
0.543935
0.540673
0.537101
0.533428
0.529871
0.526571
0.52351
0.520726
0.518183
0.515899
0.513827
0.511962
0.510258
0.508699
0.507267
0.505937
0.504725
0.503606
0.502606
0.501685
0.500852
0.50012
0.499451
0.498875
0.498394
0.497978
0.49763
0.497335
0.497085
0.496849
0.496631
0.496392
0.496129
0.495841
0.495537
0.495256
0.494984
0.494714
0.494463
0.494243
0.494048
0.493879
0.49373
0.4936
0.493488
0.493386
0.493296
0.493207
0.493116
0.493018
0.492909
0.492787
0.492649
0.492499
0.492338
0.492167
0.491987
0.491802
0.491613
0.491426
0.491238
0.491054
0.490872
0.490698
0.490521
0.490355
0.490176
0.490019
0.48983
0.48969
0.489478
0.48937
0.489109
0.489054
0.488712
0.488726
0.488298
0.48823
0.48839
0.487405
0.197381
0.222408
0.248643
0.274397
0.299034
0.321147
0.341498
0.359363
0.3743
0.387235
0.398443
0.406969
0.414095
0.419873
0.422749
0.42407
0.423875
0.422216
0.419524
0.416003
0.411909
0.407544
0.403146
0.398958
0.3951
0.391763
0.38892
0.386674
0.384899
0.383639
0.382743
0.382217
0.381951
0.381925
0.382104
0.382431
0.382961
0.383626
0.384498
0.3855
0.386619
0.387898
0.389238
0.390669
0.392224
0.393812
0.395467
0.397155
0.398846
0.400487
0.402082
0.40355
0.40492
0.406215
0.407434
0.408669
0.409925
0.41118
0.412437
0.413709
0.414992
0.416288
0.417589
0.418886
0.420178
0.421449
0.422703
0.423922
0.425097
0.426226
0.427303
0.428325
0.429291
0.430209
0.43108
0.431915
0.432715
0.43349
0.434238
0.434972
0.435685
0.436385
0.437069
0.437741
0.438383
0.439019
0.439611
0.440213
0.440751
0.441338
0.441818
0.442401
0.44279
0.443382
0.443654
0.444268
0.444414
0.444913
0.44557
0.445196
0.134275
0.14716
0.160799
0.174483
0.189334
0.20361
0.217764
0.230592
0.242142
0.251986
0.259618
0.266442
0.270999
0.273126
0.27323
0.271694
0.268765
0.264222
0.258922
0.253169
0.247268
0.241584
0.236313
0.231787
0.227934
0.225081
0.22292
0.221755
0.22116
0.221373
0.222015
0.223219
0.224736
0.226643
0.228786
0.231138
0.233809
0.236672
0.239871
0.243313
0.246871
0.25069
0.254579
0.258483
0.262587
0.266548
0.270666
0.274702
0.278549
0.28217
0.285553
0.288592
0.291607
0.294645
0.297654
0.300769
0.303943
0.307158
0.310399
0.313668
0.31693
0.320183
0.32341
0.326586
0.329721
0.332775
0.335759
0.338623
0.341369
0.344016
0.346533
0.348927
0.351214
0.353417
0.355537
0.3576
0.359597
0.361558
0.363461
0.365344
0.367172
0.368977
0.370748
0.372445
0.374087
0.375683
0.377213
0.378748
0.38018
0.381675
0.383021
0.384457
0.385654
0.387039
0.388064
0.389412
0.390241
0.391461
0.392603
0.393228
0.0483602
0.0542364
0.0611285
0.067998
0.0753839
0.0820487
0.0883989
0.0938095
0.0983317
0.102222
0.104521
0.105854
0.105738
0.104716
0.102552
0.0995988
0.0961321
0.0919812
0.0877769
0.0836411
0.0797076
0.0761872
0.0730539
0.0705474
0.068419
0.0670097
0.0658998
0.0654839
0.0652882
0.0656702
0.0662328
0.0672527
0.0683708
0.0700378
0.0714082
0.0733124
0.0754354
0.078059
0.0809342
0.0842077
0.0876524
0.0915544
0.095672
0.0997778
0.104493
0.109049
0.114246
0.119124
0.124816
0.130909
0.13738
0.144194
0.150956
0.157634
0.164093
0.170485
0.1768
0.183072
0.189187
0.195222
0.201125
0.206897
0.212547
0.217991
0.223341
0.228434
0.233269
0.237693
0.24204
0.246303
0.250125
0.253838
0.257506
0.261125
0.264667
0.268167
0.271585
0.274979
0.278273
0.28157
0.284729
0.287925
0.290969
0.293663
0.296501
0.299013
0.301792
0.304486
0.306965
0.309611
0.312003
0.314423
0.316591
0.318886
0.32079
0.322986
0.324566
0.326663
0.328218
0.330247
0.0179984
0.0189142
0.0204031
0.0216017
0.0227211
0.02405
0.0250357
0.0261726
0.0269428
0.027448
0.0275482
0.0274695
0.0269819
0.0262835
0.0253221
0.0241877
0.0229885
0.0217213
0.0204809
0.0193188
0.0182561
0.0173326
0.0165134
0.0158628
0.0152829
0.0148782
0.0145084
0.0143006
0.0141072
0.014047
0.0139992
0.0140581
0.0141276
0.0142998
0.01449
0.0147446
0.015059
0.0154502
0.0158721
0.0164574
0.0172645
0.0180839
0.0191301
0.0201666
0.0215067
0.0228527
0.0245063
0.0262265
0.0282069
0.0304148
0.0328485
0.0356529
0.0386703
0.0420973
0.0456813
0.0496776
0.0538501
0.0584829
0.0632719
0.0684384
0.0737817
0.0793536
0.0851327
0.0909586
0.0969787
0.10296
0.109233
0.115637
0.122107
0.128607
0.134923
0.141081
0.147033
0.152855
0.158483
0.164001
0.169332
0.174572
0.179626
0.184602
0.189403
0.194108
0.198567
0.202832
0.206859
0.210748
0.214491
0.218169
0.221714
0.225268
0.228606
0.231981
0.235474
0.238537
0.241567
0.244407
0.246839
0.249835
0.251851
0.255458
0.0141788
0.0136326
0.0132242
0.0131811
0.0131317
0.0130547
0.0129743
0.0128905
0.0127783
0.0126484
0.0124755
0.0122843
0.012055
0.0118109
0.0115486
0.0112829
0.0110213
0.0107714
0.0105403
0.0103303
0.0101449
0.00998306
0.00984079
0.00972401
0.0096165
0.00953395
0.00945199
0.00939125
0.00932745
0.00927799
0.00922719
0.00918244
0.00914103
0.00909851
0.00906459
0.00902375
0.00899674
0.00896018
0.00894075
0.00890573
0.00889866
0.00887056
0.00888248
0.00886438
0.00890468
0.0089101
0.00893944
0.00900352
0.00906815
0.0091859
0.00929676
0.00949436
0.00968084
0.00999662
0.0102978
0.0107751
0.0112441
0.0119422
0.0126583
0.0136357
0.0146789
0.0159885
0.0174233
0.0191207
0.0209712
0.023124
0.0253933
0.0280598
0.0308211
0.0340269
0.0373082
0.0410373
0.0447977
0.0490111
0.0532166
0.0578703
0.0624718
0.0674972
0.0724212
0.077711
0.082876
0.0883007
0.0936778
0.0993373
0.104822
0.110488
0.115827
0.121231
0.126252
0.131365
0.136017
0.140813
0.145099
0.149658
0.153447
0.157805
0.161004
0.165202
0.168327
0.172672
0.011947
0.011951
0.0119347
0.0118914
0.0118467
0.011768
0.0116615
0.0115304
0.0113748
0.0112059
0.0110229
0.0108384
0.0106536
0.0104791
0.0103145
0.0101685
0.0100387
0.00992787
0.00983102
0.00974679
0.00967308
0.00960619
0.00954588
0.00948945
0.00943359
0.00938371
0.00932904
0.00928255
0.00922917
0.00918355
0.00913256
0.00908634
0.00903865
0.00899219
0.00894746
0.00890248
0.00886043
0.00881765
0.00877794
0.00874132
0.00870337
0.00866991
0.00863603
0.00860488
0.00857492
0.00854706
0.00852053
0.00849435
0.00847245
0.00844824
0.00843084
0.00840878
0.00839625
0.0083766
0.00836956
0.00835456
0.00835408
0.00835282
0.00836057
0.00837709
0.00839846
0.00843508
0.00847499
0.00853664
0.00860512
0.0087102
0.00881937
0.00899649
0.00916539
0.00945147
0.0097045
0.0101505
0.0105179
0.0111851
0.0117028
0.0126675
0.0133582
0.0146927
0.0156698
0.0173944
0.0187279
0.0208764
0.0226063
0.0252196
0.0273867
0.0304743
0.0330681
0.0366007
0.0395491
0.0434619
0.0466594
0.0508728
0.0541781
0.058637
0.0618837
0.0665364
0.0695959
0.074152
0.0783275
0.0823997
0.0102451
0.0102944
0.0103059
0.0103129
0.0103192
0.0103049
0.0102777
0.0102399
0.010193
0.0101386
0.0100828
0.0100267
0.00997568
0.00992896
0.00988922
0.00985514
0.0098194
0.0097833
0.00974243
0.00969789
0.00964896
0.00959504
0.00953414
0.00946612
0.00939441
0.00932361
0.00924906
0.00918121
0.00910952
0.00904574
0.00898005
0.0089202
0.00886169
0.00880611
0.00875384
0.00870373
0.00865655
0.00861119
0.00856932
0.00853066
0.00849237
0.00845945
0.00842371
0.00839501
0.00836293
0.00833813
0.00830833
0.00828692
0.00825956
0.00824053
0.00821547
0.00819841
0.00817539
0.00815965
0.00813854
0.00812359
0.00810423
0.00808589
0.00806507
0.00804219
0.00802267
0.00800218
0.00798832
0.00796935
0.00796103
0.00794365
0.00794059
0.00792563
0.00792766
0.00791636
0.00792421
0.00791698
0.00793432
0.0079306
0.00796318
0.00797831
0.00799833
0.00805353
0.00808763
0.00817209
0.00822921
0.00836298
0.00845307
0.00866047
0.00879705
0.00910878
0.00931146
0.00976165
0.010051
0.0106779
0.0110719
0.0119119
0.0124211
0.0135171
0.0141256
0.0154808
0.0162464
0.0176389
0.0194643
0.0205768
0.0093365
0.00937993
0.00938853
0.00939502
0.00940457
0.00940314
0.00939417
0.00937939
0.00935859
0.00933401
0.00930613
0.00927253
0.0092364
0.00919328
0.00914822
0.00909352
0.00903815
0.00897207
0.00890776
0.00883466
0.00876551
0.00869098
0.00862741
0.00856771
0.00851614
0.00846841
0.00842517
0.00838558
0.00834815
0.00831348
0.0082804
0.00824839
0.00821854
0.00818813
0.00816068
0.00813173
0.00810591
0.00807807
0.00805405
0.00802737
0.00800513
0.00797925
0.0079572
0.00793293
0.00791338
0.00789126
0.00787293
0.00785279
0.00783636
0.0078189
0.00780418
0.00778875
0.0077752
0.0077612
0.00774846
0.00773559
0.00772363
0.00771188
0.00770094
0.00769037
0.00768057
0.0076711
0.00766228
0.00765376
0.00764569
0.00763808
0.00763058
0.00762376
0.0076167
0.0076106
0.00760376
0.00759862
0.00759146
0.00758766
0.00758004
0.00757797
0.00757019
0.00756938
0.00756275
0.00756224
0.00755878
0.00755745
0.00755894
0.00755716
0.00756378
0.00756425
0.00757539
0.00758065
0.00759822
0.00760922
0.0076368
0.0076682
0.00768893
0.0077402
0.00777101
0.00784358
0.0078838
0.00797956
0.00801419
0.00824704
0.0088461
0.00886319
0.00887141
0.00888695
0.00889485
0.00889825
0.00889814
0.00889471
0.00888644
0.00887455
0.00885789
0.00883798
0.0088138
0.00878625
0.00875551
0.00872116
0.00868553
0.00864639
0.00860817
0.00856707
0.00852866
0.00848831
0.00845263
0.00841373
0.00838033
0.00834427
0.00831225
0.00827866
0.00824736
0.00821494
0.00818436
0.00815196
0.00812261
0.00809002
0.00806217
0.00803037
0.00800319
0.00797301
0.00794651
0.00791562
0.0078909
0.00786241
0.00783831
0.00781112
0.00779091
0.00776611
0.00774757
0.00772497
0.00770875
0.00768842
0.00767429
0.00765588
0.00764326
0.00762624
0.00761464
0.00759871
0.00758796
0.00757315
0.00756337
0.00754967
0.00754095
0.00752831
0.00752059
0.00750885
0.00750194
0.00749093
0.00748463
0.00747421
0.00746846
0.00745848
0.00745319
0.00744363
0.00743878
0.0074296
0.00742516
0.00741631
0.00741225
0.00740375
0.00740008
0.00739179
0.00738856
0.00738043
0.00737753
0.00736952
0.0073668
0.00735898
0.00735625
0.0073487
0.00734589
0.00733872
0.00733521
0.00732839
0.00732518
0.00731927
0.00731666
0.00731168
0.00731027
0.00730439
0.00731469
0.00729302
0.0084305
0.00844833
0.00845446
0.00848577
0.0084967
0.00850276
0.0085056
0.00850458
0.00849916
0.00848959
0.00847598
0.00845834
0.00843731
0.00841231
0.00838466
0.00835303
0.00831981
0.00828255
0.00824558
0.00820414
0.00816579
0.00812273
0.00808448
0.00804241
0.00800575
0.00796589
0.007931
0.00789393
0.00786062
0.00782608
0.00779453
0.00776176
0.00773266
0.00770135
0.00767495
0.00764595
0.00762126
0.00759507
0.00757372
0.00755052
0.00753333
0.00751236
0.00749642
0.00747803
0.00746534
0.00744841
0.00743708
0.00742168
0.00741161
0.00739743
0.00738859
0.00737531
0.00736733
0.00735483
0.00734758
0.00733577
0.00732931
0.00731823
0.00731262
0.00730234
0.00729759
0.00728804
0.00728395
0.00727491
0.00727133
0.00726267
0.00725951
0.00725112
0.0072484
0.00724024
0.00723787
0.00722989
0.00722785
0.00722003
0.00721821
0.00721052
0.0072089
0.0072013
0.00719981
0.00719232
0.00719094
0.00718359
0.00718226
0.00717508
0.00717374
0.00716676
0.00716535
0.00715861
0.0071571
0.00715062
0.00714899
0.00714282
0.00714104
0.00713522
0.0071333
0.00712786
0.00712577
0.00712072
0.00711822
0.00711251
0.00806488
0.00808894
0.00810761
0.00812853
0.00814199
0.0081494
0.00815545
0.00815652
0.0081549
0.00814757
0.00813739
0.00812292
0.00810614
0.00808577
0.00806386
0.00803817
0.00801221
0.00798239
0.00795351
0.00792124
0.00789107
0.00785806
0.00782838
0.00779661
0.00776851
0.00773871
0.0077136
0.00768653
0.00766385
0.00763891
0.00761797
0.00759439
0.00757526
0.00755268
0.00753556
0.00751428
0.00749831
0.00747964
0.00746365
0.0074465
0.0074331
0.00741562
0.00740297
0.00738733
0.00737625
0.00736103
0.00735095
0.00733673
0.00732729
0.00731373
0.00730525
0.00729239
0.00728464
0.00727248
0.00726542
0.00725389
0.00724751
0.00723667
0.00723103
0.00722092
0.00721601
0.00720649
0.00720214
0.00719303
0.00718909
0.00718027
0.00717674
0.00716817
0.00716498
0.00715664
0.0071538
0.00714557
0.00714302
0.00713494
0.00713263
0.00712464
0.00712249
0.00711459
0.00711256
0.00710479
0.00710284
0.00709526
0.00709333
0.00708597
0.00708403
0.00707689
0.00707487
0.00706797
0.00706582
0.00705918
0.00705688
0.00705055
0.0070481
0.00704211
0.00703954
0.00703381
0.00703165
0.00702339
0.0070364
0.00699932
0.00777448
0.00779595
0.00781729
0.00783398
0.00784779
0.0078555
0.00786269
0.00786445
0.00786548
0.00786038
0.00785473
0.00784352
0.00783214
0.00781635
0.00780041
0.00778078
0.00776095
0.00773792
0.00771488
0.00768891
0.00766396
0.00763662
0.00761153
0.00758468
0.00756127
0.00753636
0.00751525
0.00749293
0.00747383
0.00745297
0.00743492
0.00741472
0.0073975
0.0073778
0.00736198
0.00734298
0.00732848
0.00731118
0.00729738
0.00728096
0.00727001
0.00725417
0.00724293
0.0072286
0.00721937
0.0072059
0.00719692
0.00718393
0.00717561
0.00716333
0.007156
0.0071444
0.0071377
0.00712676
0.00712077
0.00711053
0.00710524
0.00709566
0.00709111
0.00708222
0.00707838
0.00707006
0.00706674
0.00705883
0.00705594
0.00704833
0.00704583
0.00703849
0.00703639
0.00702924
0.00702741
0.00702039
0.00701883
0.00701191
0.00701052
0.00700363
0.00700233
0.00699548
0.00699421
0.00698745
0.00698619
0.00697956
0.00697827
0.00697182
0.00697043
0.00696417
0.00696264
0.0069566
0.00695488
0.0069491
0.00694719
0.00694171
0.00693964
0.00693451
0.00693229
0.00692754
0.00692523
0.00692078
0.00691892
0.00691205
0.00754698
0.00756811
0.0075863
0.00760187
0.0076152
0.00762301
0.00762981
0.00763248
0.00763468
0.0076325
0.00762946
0.00762236
0.00761471
0.00760363
0.00759259
0.00757802
0.00756385
0.00754598
0.00752851
0.00750763
0.00748789
0.00746561
0.0074458
0.00742373
0.00740535
0.00738498
0.00736857
0.00735011
0.00733546
0.00731795
0.00730444
0.00728729
0.00727439
0.00725784
0.0072455
0.00723012
0.00721863
0.00720498
0.007194
0.00718181
0.00717347
0.00716051
0.00715293
0.00714182
0.0071348
0.00712373
0.00711705
0.00710622
0.00709968
0.00708933
0.00708326
0.00707285
0.00706707
0.00705693
0.00705151
0.00704181
0.00703688
0.00702766
0.00702321
0.00701443
0.00701059
0.00700234
0.00699902
0.00699115
0.00698827
0.0069807
0.00697822
0.00697092
0.00696883
0.00696175
0.00696001
0.00695308
0.0069516
0.00694478
0.00694347
0.0069367
0.00693548
0.00692877
0.00692759
0.00692097
0.00691978
0.00691328
0.00691204
0.0069057
0.00690435
0.00689819
0.0068967
0.00689074
0.00688907
0.00688334
0.00688149
0.00687602
0.00687403
0.00686886
0.00686679
0.00686186
0.00686025
0.00685292
0.00686586
0.00683128
0.00737355
0.0073979
0.00741271
0.00742656
0.00743981
0.00744641
0.00745338
0.00745526
0.0074587
0.00745727
0.00745683
0.00745147
0.00744689
0.00743866
0.00743124
0.00742038
0.00741023
0.00739651
0.0073832
0.00736653
0.00735122
0.00733327
0.00731778
0.00729964
0.00728457
0.00726712
0.007253
0.00723714
0.00722448
0.00720931
0.00719721
0.00718226
0.00717099
0.00715653
0.00714636
0.00713281
0.00712369
0.00711153
0.00710312
0.00709245
0.00708577
0.00707484
0.00706815
0.00705847
0.00705302
0.0070431
0.00703759
0.00702785
0.00702255
0.00701338
0.00700845
0.00699916
0.00699454
0.00698578
0.00698153
0.00697295
0.00696888
0.00696046
0.00695658
0.00694832
0.0069447
0.00693662
0.00693329
0.00692552
0.00692259
0.00691517
0.00691265
0.00690555
0.00690341
0.00689659
0.0068948
0.00688822
0.00688671
0.00688031
0.00687901
0.00687273
0.00687155
0.00686536
0.00686422
0.00685814
0.00685702
0.00685106
0.00684992
0.00684412
0.0068429
0.00683726
0.00683592
0.00683046
0.00682895
0.00682369
0.006822
0.00681695
0.00681509
0.00681029
0.00680826
0.00680375
0.00680157
0.00679747
0.00679466
0.00679012
0.00724075
0.00726034
0.00727439
0.00728677
0.00730071
0.00730713
0.00731488
0.00731693
0.00732089
0.00732011
0.00732084
0.0073172
0.00731444
0.00730803
0.0073032
0.0072951
0.0072886
0.00727875
0.00726988
0.00725845
0.00724819
0.00723599
0.00722529
0.00721208
0.00720052
0.00718562
0.00717311
0.00715766
0.00714524
0.00713002
0.00711855
0.00710405
0.00709414
0.0070807
0.00707237
0.00706026
0.00705298
0.00704252
0.00703556
0.00702622
0.00702025
0.00701045
0.00700476
0.00699575
0.00699112
0.00698175
0.00697729
0.0069686
0.00696452
0.00695639
0.00695297
0.00694536
0.00694211
0.00693455
0.00693166
0.00692431
0.00692135
0.00691388
0.00691082
0.00690299
0.00689969
0.00689197
0.00688879
0.00688116
0.00687811
0.0068707
0.006868
0.00686095
0.00685858
0.00685188
0.00684982
0.00684343
0.00684164
0.00683549
0.00683389
0.0068279
0.00682642
0.00682051
0.0068191
0.00681327
0.00681192
0.00680619
0.0068049
0.0067993
0.00679802
0.00679256
0.00679126
0.00678598
0.0067846
0.00677951
0.006778
0.0067731
0.00677141
0.00676674
0.00676483
0.00676052
0.00675786
0.00675653
0.00673946
0.00676209
0.00714106
0.00715497
0.00716968
0.00718058
0.00719502
0.0072002
0.00720863
0.00721141
0.00721559
0.00721553
0.00721626
0.00721322
0.0072113
0.00720675
0.00720388
0.00719797
0.00719398
0.00718666
0.00718156
0.00717343
0.00716773
0.00715958
0.00715299
0.00714351
0.00713464
0.00712183
0.00711087
0.00709563
0.00708333
0.00706808
0.00705659
0.00704276
0.00703324
0.0070212
0.00701376
0.00700312
0.0069972
0.00698727
0.00698192
0.00697231
0.00696746
0.00695778
0.00695214
0.00694353
0.00693912
0.00693034
0.0069264
0.00691804
0.00691465
0.00690751
0.00690464
0.00689744
0.00689504
0.00688825
0.00688585
0.00687896
0.00687678
0.00687002
0.00686779
0.00686067
0.00685823
0.00685107
0.0068486
0.00684158
0.0068393
0.00683253
0.00683035
0.00682382
0.00682184
0.00681556
0.0068137
0.00680763
0.00680587
0.00679993
0.00679822
0.00679236
0.00679065
0.00678482
0.00678311
0.00677731
0.00677565
0.0067699
0.00676831
0.00676265
0.00676113
0.0067556
0.00675414
0.00674878
0.00674736
0.00674221
0.00674075
0.00673581
0.00673426
0.00672956
0.00672787
0.00672342
0.00672153
0.00671743
0.00671494
0.00671031
0.00706667
0.00708026
0.00708882
0.00710082
0.00711145
0.00711685
0.00712256
0.00712668
0.00713035
0.00713202
0.00713396
0.00713292
0.00713206
0.00712941
0.00712818
0.00712424
0.00712194
0.00711632
0.00711171
0.00710346
0.00709714
0.00708739
0.00708013
0.00706931
0.00706032
0.00704831
0.00703851
0.00702574
0.00701676
0.00700524
0.00699736
0.00698702
0.00698029
0.00697075
0.00696488
0.00695589
0.00695036
0.00694181
0.00693646
0.006928
0.00692344
0.00691445
0.00691042
0.0069025
0.00689815
0.00689035
0.00688653
0.00687865
0.00687571
0.00686819
0.00686546
0.00685858
0.00685604
0.00684904
0.00684694
0.00684038
0.00683839
0.00683209
0.00683052
0.00682427
0.0068229
0.00681688
0.00681573
0.00680996
0.00680897
0.00680336
0.00680231
0.00679669
0.00679548
0.0067898
0.00678846
0.0067827
0.00678119
0.00677522
0.00677343
0.00676738
0.00676536
0.00675923
0.00675711
0.00675097
0.00674883
0.00674275
0.00674067
0.00673475
0.00673275
0.00672705
0.00672519
0.00671977
0.00671802
0.00671286
0.00671117
0.00670627
0.00670457
0.00669992
0.00669819
0.00669382
0.00669202
0.00668798
0.00668585
0.00668143
0.00701491
0.00702631
0.00703458
0.00704529
0.0070537
0.00705718
0.00706441
0.00706812
0.00707029
0.00707254
0.0070741
0.00707298
0.00707328
0.00707162
0.00707173
0.00706916
0.00706822
0.00706323
0.00705844
0.00704929
0.0070413
0.00702981
0.00702049
0.00700829
0.00699911
0.00698772
0.00698047
0.00697117
0.00696549
0.00695744
0.00695225
0.00694381
0.00693834
0.00692928
0.00692372
0.00691421
0.00690883
0.00690019
0.00689471
0.006887
0.00688315
0.00687481
0.00687184
0.00686443
0.00686138
0.00685459
0.00685178
0.0068447
0.00684202
0.00683558
0.00683356
0.00682657
0.00682448
0.00681834
0.00681662
0.00681028
0.00680892
0.00680341
0.00680241
0.006797
0.00679646
0.00679118
0.00679088
0.00678575
0.00678538
0.00678024
0.00677963
0.00677427
0.00677342
0.00676778
0.00676669
0.00676103
0.00675974
0.00675392
0.00675242
0.00674659
0.00674495
0.00673899
0.00673714
0.00673124
0.00672915
0.00672343
0.00672128
0.00671564
0.00671346
0.00670801
0.00670579
0.00670062
0.00669838
0.00669338
0.00669114
0.00668636
0.00668412
0.00667963
0.00667744
0.00667321
0.00667155
0.0066651
0.00667716
0.00664497
0.0069758
0.00698788
0.00699571
0.00700788
0.00701674
0.00701476
0.0070228
0.00702335
0.00702883
0.00702999
0.00703184
0.00702886
0.00702777
0.00702402
0.00702336
0.00702015
0.00701874
0.00701316
0.00700816
0.00699899
0.00699046
0.00697889
0.00696932
0.00695758
0.00694905
0.0069388
0.00693234
0.00692416
0.00691952
0.00691245
0.0069081
0.00690098
0.00689621
0.00688884
0.00688377
0.00687639
0.00687138
0.00686376
0.00685973
0.00685218
0.0068482
0.00684143
0.00683852
0.00683232
0.00682973
0.00682377
0.00682145
0.00681499
0.00681367
0.00680784
0.00680589
0.00680053
0.00679904
0.00679276
0.00679145
0.00678555
0.00678433
0.00677882
0.00677789
0.00677249
0.00677195
0.00676643
0.00676578
0.00676002
0.0067594
0.00675352
0.0067526
0.00674661
0.00674553
0.00673948
0.00673842
0.0067326
0.00673164
0.00672611
0.00672532
0.00672014
0.00671936
0.0067144
0.00671363
0.00670879
0.00670795
0.00670315
0.00670218
0.00669751
0.00669635
0.00669164
0.00669032
0.00668562
0.00668403
0.00667933
0.00667753
0.00667278
0.00667075
0.00666603
0.00666388
0.00665934
0.00665706
0.00665268
0.00665083
0.00664483
0.00693988
0.00694678
0.00695291
0.00696678
0.00697267
0.00697372
0.0069829
0.00698012
0.00698408
0.00698547
0.00698895
0.00698625
0.00698545
0.00698064
0.00697861
0.00697307
0.00696967
0.00696319
0.00695833
0.00695038
0.00694413
0.00693531
0.00692899
0.00692035
0.00691426
0.00690596
0.00690059
0.00689273
0.00688822
0.00688089
0.00687684
0.00686986
0.00686599
0.00685923
0.00685551
0.00684867
0.00684513
0.00683826
0.00683478
0.00682848
0.00682573
0.00681992
0.00681726
0.0068114
0.00680944
0.0068039
0.00680177
0.00679579
0.00679431
0.00678847
0.00678697
0.00678093
0.0067791
0.0067732
0.0067714
0.00676522
0.00676325
0.0067571
0.00675558
0.00674936
0.00674779
0.00674142
0.00673996
0.00673359
0.00673219
0.00672598
0.00672468
0.00671855
0.00671738
0.0067114
0.00671042
0.00670478
0.00670408
0.00669878
0.00669827
0.00669336
0.00669305
0.00668837
0.00668816
0.0066837
0.00668344
0.00667914
0.00667876
0.00667446
0.00667386
0.00666951
0.00666871
0.00666427
0.00666316
0.00665863
0.00665719
0.00665262
0.0066509
0.00664635
0.00664441
0.00663987
0.00663824
0.00663133
0.00664313
0.00661084
0.00691946
0.00692354
0.00693455
0.00694107
0.00694304
0.00694801
0.00695569
0.00695262
0.00695811
0.00695986
0.00696033
0.00695796
0.00695652
0.00695168
0.00694988
0.00694543
0.00694238
0.00693614
0.00693155
0.00692404
0.00691824
0.00690992
0.00690453
0.00689675
0.00689201
0.00688419
0.00687944
0.00687136
0.00686663
0.00685868
0.00685423
0.00684637
0.00684213
0.00683473
0.00683066
0.00682394
0.00682012
0.00681393
0.00681103
0.00680475
0.0068024
0.00679655
0.00679489
0.00678914
0.00678737
0.00678225
0.00678056
0.00677486
0.00677384
0.00676815
0.00676654
0.00676093
0.00675943
0.00675338
0.00675208
0.00674581
0.0067441
0.00673819
0.00673658
0.00673035
0.00672901
0.00672265
0.00672096
0.00671465
0.0067133
0.00670698
0.00670564
0.00669954
0.00669837
0.00669232
0.00669134
0.00668557
0.00668482
0.00667928
0.00667867
0.00667333
0.0066728
0.00666769
0.00666727
0.00666234
0.00666188
0.00665706
0.00665656
0.00665185
0.00665126
0.0066466
0.00664588
0.00664131
0.00664045
0.00663594
0.00663489
0.00663047
0.00662921
0.00662494
0.00662349
0.0066194
0.00661776
0.00661389
0.00661231
0.00660706
0.00688874
0.00688798
0.00689612
0.00690708
0.00690791
0.0069128
0.00691654
0.006916
0.00692079
0.00692147
0.00692486
0.00692434
0.0069233
0.00691977
0.00691964
0.00691663
0.00691533
0.00691046
0.00690699
0.00690042
0.00689494
0.00688721
0.00688187
0.00687425
0.00686886
0.00686054
0.00685485
0.00684622
0.00684119
0.00683315
0.00682901
0.00682213
0.00681885
0.00681261
0.00680992
0.00680424
0.00680159
0.00679597
0.00679392
0.00678849
0.00678645
0.00678134
0.0067798
0.0067744
0.00677331
0.00676796
0.00676648
0.00676102
0.00675988
0.00675418
0.00675291
0.00674718
0.00674579
0.00674008
0.0067387
0.00673276
0.00673142
0.00672559
0.00672421
0.00671844
0.00671719
0.00671115
0.00671
0.00670394
0.0067028
0.00669687
0.0066958
0.00668993
0.00668895
0.00668309
0.00668229
0.00667658
0.00667584
0.00667027
0.0066696
0.00666414
0.00666362
0.00665832
0.00665788
0.00665277
0.00665235
0.00664735
0.00664685
0.00664203
0.00664149
0.00663673
0.00663609
0.00663148
0.00663074
0.00662623
0.00662536
0.00662098
0.00661993
0.00661575
0.00661454
0.00661058
0.00660917
0.00660544
0.00660398
0.00659922
0.00688432
0.00688734
0.00689661
0.00690208
0.00690476
0.0069118
0.00691492
0.00691532
0.00692325
0.00692466
0.0069261
0.00692086
0.0069174
0.00691171
0.00690956
0.00690597
0.00690334
0.00689708
0.00689261
0.00688502
0.00687898
0.0068702
0.00686433
0.00685605
0.0068507
0.00684302
0.00683842
0.00683123
0.00682749
0.00682095
0.00681789
0.0068121
0.00680949
0.00680402
0.00680188
0.00679636
0.0067943
0.00678886
0.00678694
0.00678155
0.00677957
0.00677442
0.00677286
0.00676747
0.00676616
0.00676085
0.00675944
0.00675414
0.00675307
0.00674764
0.00674644
0.00674101
0.00673982
0.00673435
0.00673326
0.0067275
0.00672636
0.0067207
0.00671955
0.00671386
0.00671288
0.00670695
0.00670593
0.00670004
0.00669906
0.00669324
0.00669232
0.0066865
0.00668563
0.00667988
0.00667913
0.00667348
0.00667279
0.00666727
0.0066666
0.00666118
0.00666064
0.00665536
0.00665485
0.00664969
0.00664927
0.00664422
0.00664374
0.00663889
0.00663836
0.00663358
0.00663299
0.00662834
0.00662766
0.00662314
0.00662234
0.00661792
0.00661694
0.00661272
0.00661157
0.00660763
0.00660581
0.00660466
0.00658922
0.00661133
0.00685759
0.00685807
0.00686904
0.00686851
0.00687465
0.00687957
0.00687801
0.00687846
0.00688071
0.00688145
0.00688211
0.00687972
0.00687872
0.00687427
0.00687384
0.00687187
0.00687128
0.00686817
0.00686703
0.00686289
0.00686032
0.00685487
0.0068517
0.00684588
0.00684259
0.00683649
0.00683309
0.0068268
0.00682365
0.00681766
0.00681486
0.00680928
0.00680689
0.00680141
0.00679938
0.00679397
0.00679189
0.00678646
0.00678449
0.00677919
0.00677737
0.00677205
0.00677055
0.00676513
0.00676401
0.00675873
0.00675737
0.00675218
0.00675119
0.00674582
0.00674478
0.00673953
0.00673839
0.00673299
0.00673198
0.00672628
0.00672526
0.00671957
0.00671854
0.00671283
0.0067119
0.00670607
0.00670507
0.00669925
0.00669828
0.00669247
0.0066916
0.00668581
0.00668496
0.00667924
0.00667848
0.00667287
0.00667218
0.00666669
0.00666605
0.00666068
0.0066601
0.00665486
0.0066543
0.00664919
0.00664868
0.00664368
0.00664312
0.00663824
0.00663763
0.00663288
0.0066322
0.00662758
0.00662679
0.00662232
0.00662138
0.00661705
0.00661595
0.0066118
0.00661051
0.00660658
0.0066051
0.00660139
0.00659992
0.00659491
0.00811297
0.00850488
0.00844672
0.00919863
0.00894968
0.0102293
0.0101684
0.0116863
0.0129586
0.0142256
0.0076825
0.00811298
0.00792638
0.00864338
0.00833568
0.0093677
0.00932375
0.0104006
0.01091
0.0118537
0.00757017
0.00783547
0.00772301
0.00816435
0.00806946
0.0086106
0.00875283
0.00945212
0.00982686
0.0101656
0.00740556
0.00756986
0.00758465
0.0077766
0.00784934
0.00812355
0.0082818
0.00875592
0.00904589
0.00929075
0.00730946
0.00739222
0.00743151
0.00755578
0.00762328
0.00781776
0.00793275
0.00826081
0.00846844
0.00879463
0.00720424
0.00726734
0.00729851
0.00739237
0.00744398
0.00758715
0.00767087
0.00790186
0.00804563
0.00840183
0.00712791
0.00717537
0.00720018
0.00727219
0.00731095
0.00741607
0.0074768
0.00764152
0.00774098
0.00805368
0.00706364
0.00709931
0.00711965
0.00717697
0.00720755
0.00728783
0.00733252
0.00745161
0.0075204
0.00776299
0.00701269
0.00703629
0.00706225
0.00710061
0.00712389
0.00718572
0.00721977
0.00730871
0.00735783
0.00753678
0.00697326
0.00699004
0.00701092
0.0070402
0.00706495
0.00710706
0.00713262
0.00719977
0.0072352
0.00735787
0.00693775
0.0069508
0.00696868
0.00698847
0.00701397
0.00704671
0.00706655
0.00711496
0.00714284
0.00721905
0.00690763
0.00692308
0.00693292
0.00695173
0.00696795
0.00699413
0.00701644
0.00705123
0.00707172
0.00712883
0.00688486
0.00689933
0.00690803
0.00692319
0.00693293
0.00695516
0.00696908
0.00699145
0.00701971
0.00705791
0.0068729
0.00687712
0.00689162
0.00689788
0.00691472
0.00692278
0.00694416
0.0069548
0.00698582
0.00700405
0.00685981
0.00685865
0.00687389
0.00687494
0.00689258
0.00689789
0.00691405
0.00692349
0.00694315
0.00697106
0.00684896
0.00684515
0.00686295
0.0068587
0.00687348
0.0068804
0.00689173
0.00689952
0.00690652
0.00692956
0.00684121
0.00683477
0.00685221
0.00685114
0.00686189
0.00686773
0.00687788
0.00688743
0.00689425
0.00690711
0.00683017
0.00682554
0.00683713
0.00683856
0.00684148
0.00685062
0.0068552
0.00686495
0.00686937
0.00687788
0.00682873
0.00682536
0.00683588
0.006839
0.0068407
0.0068487
0.00685556
0.00685828
0.00686583
0.00687374
0.00681632
0.00681607
0.00682063
0.00682712
0.00682688
0.0068316
0.00683871
0.00684174
0.00684645
0.00684997
0.00786134
0.00833651
0.00870701
0.00950799
0.0109922
0.0123447
0.0154032
0.0190775
0.0324576
0.0183069
0.00783575
0.0082564
0.0088391
0.00947235
0.0110006
0.012562
0.0158631
0.0199214
0.0331001
0.0181208
0.00794056
0.00821231
0.00885464
0.00958012
0.0112529
0.0124541
0.015717
0.0192092
0.033095
0.0182822
0.0079295
0.00823994
0.0088652
0.0095115
0.0114489
0.0128631
0.0161615
0.0215009
0.0336591
0.0175314
0.00813136
0.00828652
0.00896078
0.00969801
0.0115117
0.0133405
0.0170342
0.0189192
0.0342315
0.0179925
0.00809661
0.0083252
0.00910781
0.00984356
0.011894
0.0134141
0.0173033
0.0234634
0.0339907
0.0171629
0.00831744
0.00851305
0.00909663
0.00987505
0.0117231
0.0137752
0.0170976
0.0212038
0.0349979
0.0174526
0.00822973
0.00839287
0.00903124
0.0103415
0.012949
0.0147007
0.0188363
0.0243513
0.0348378
0.0171371
0.00857183
0.00888249
0.00958823
0.0103278
0.0125308
0.0146773
0.0189515
0.022674
0.0346009
0.0167834
0.00848306
0.00867773
0.009498
0.0110627
0.0136424
0.015507
0.019181
0.0262145
0.0337331
0.0166387
0.00792337
0.0083438
0.00878048
0.00923764
0.0104052
0.0117526
0.0156646
0.0182847
0.0284814
0.0186265
0.00801707
0.00821614
0.00879771
0.00924216
0.0103401
0.011415
0.0149697
0.0174608
0.0283722
0.017984
0.00798292
0.0083817
0.00873851
0.00959413
0.01045
0.0117507
0.0141888
0.0181238
0.0292784
0.0181282
0.00792437
0.00831025
0.00883612
0.00944888
0.010892
0.0120871
0.0143205
0.0184098
0.0299509
0.0181959
0.00795804
0.00823228
0.00890193
0.00937739
0.0106751
0.0126269
0.0149475
0.0179145
0.0303288
0.01825
0.0078876
0.00825439
0.00871922
0.00959973
0.0104116
0.0123493
0.0153018
0.019025
0.0305869
0.0183534
0.00795243
0.00824404
0.00878962
0.00940103
0.0108303
0.0122935
0.0151431
0.0191161
0.0307778
0.0183397
0.00793762
0.00818268
0.0088039
0.00949215
0.0106438
0.0123057
0.0151813
0.0193693
0.0315156
0.0183735
0.00796073
0.00818009
0.0087763
0.00957919
0.0106372
0.0123113
0.0151722
0.0189674
0.0316604
0.0183707
0.00792137
0.00834711
0.00874501
0.0095793
0.0105562
0.0124493
0.0155433
0.0195161
0.0323436
0.0183272
0.00889325
0.00873986
0.00861389
0.00850833
0.0084169
0.00833754
0.00826621
0.00820305
0.00814464
0.00809244
0.00804295
0.00799865
0.00795563
0.00791731
0.00787917
0.00784555
0.0078112
0.0077814
0.00775004
0.00772343
0.00769447
0.00767059
0.00764357
0.00762205
0.00759662
0.00757719
0.00755307
0.00753552
0.00751247
0.00749662
0.00747444
0.00746017
0.0074387
0.00742588
0.00740498
0.00739353
0.00737307
0.00736293
0.00734281
0.0073339
0.00731402
0.00730632
0.00728658
0.00728004
0.00726038
0.00725497
0.00723532
0.00723102
0.00721132
0.00720809
0.00718831
0.00718611
0.00716621
0.00716503
0.00714499
0.00714479
0.00712459
0.00712536
0.00710497
0.00710668
0.00708611
0.00708875
0.00706799
0.00707152
0.00705059
0.00705499
0.00703393
0.00703917
0.00701803
0.00702407
0.0070029
0.00700972
0.00698861
0.00699617
0.00697525
0.00698351
0.006963
0.00697182
0.00695207
0.00696127
0.00694281
0.0069522
0.0069356
0.00694518
0.00693104
0.00694112
0.00693015
0.00694134
0.00693486
0.006948
0.00694863
0.00696539
0.00697776
0.00700219
0.00703541
0.00708588
0.00716771
0.00726413
0.00738525
0.00771213
0.00889321
0.00873968
0.00861362
0.00850799
0.00841652
0.00833711
0.00826576
0.00820257
0.00814415
0.00809192
0.00804243
0.0079981
0.00795509
0.00791674
0.00787861
0.00784498
0.00781063
0.00778082
0.00774946
0.00772284
0.00769388
0.00766999
0.00764297
0.00762145
0.00759601
0.0075766
0.00755245
0.00753493
0.00751183
0.00749603
0.00747379
0.00745959
0.00743803
0.00742532
0.00740429
0.00739299
0.00737236
0.00736241
0.00734206
0.00733341
0.00731324
0.00730586
0.00728577
0.00727962
0.00725953
0.00725459
0.00723442
0.00723068
0.00721037
0.0072078
0.00718731
0.00718588
0.00716517
0.00716484
0.0071439
0.00714465
0.00712346
0.00712524
0.00710382
0.00710659
0.00708495
0.00708866
0.00706684
0.00707141
0.00704949
0.00705485
0.00703288
0.00703897
0.00701706
0.00702378
0.00700204
0.0070093
0.00698792
0.00699556
0.00697479
0.00698263
0.00696284
0.00697059
0.00695232
0.00695963
0.00694355
0.00695002
0.00693705
0.00694217
0.00693363
0.00693686
0.00693362
0.00693637
0.00693727
0.0069449
0.00694907
0.00696403
0.0069764
0.00699988
0.00703591
0.00708503
0.00717153
0.00724751
0.00743539
0.00757364
0.00889315
0.0087393
0.00861312
0.00850728
0.0084158
0.00833621
0.00826492
0.00820154
0.00814325
0.0080908
0.0080415
0.0079969
0.00795414
0.00791548
0.00787766
0.00784365
0.00780969
0.00777943
0.00774854
0.0077214
0.00769299
0.00766848
0.00764212
0.00761988
0.00759521
0.00757496
0.0075517
0.00753322
0.00751114
0.00749425
0.00747318
0.00745771
0.0074375
0.00742334
0.00740386
0.00739089
0.00737205
0.00736018
0.00734188
0.00733104
0.0073132
0.00730334
0.00728588
0.00727694
0.0072598
0.00725174
0.00723487
0.00722765
0.007211
0.00720457
0.00718815
0.00718242
0.00716625
0.00716114
0.00714525
0.00714065
0.00712512
0.00712094
0.0071058
0.00710195
0.00708728
0.00708366
0.00706954
0.00706605
0.00705257
0.00704912
0.00703635
0.00703289
0.00702086
0.00701743
0.00700609
0.0070028
0.00699208
0.00698907
0.00697893
0.00697629
0.00696683
0.00696456
0.00695604
0.00695397
0.00694698
0.00694478
0.00694012
0.00693751
0.00693605
0.00693321
0.00693571
0.00693343
0.00694046
0.00694116
0.0069533
0.00696091
0.00698118
0.00700036
0.00703692
0.00709238
0.0071727
0.00722938
0.00741127
0.00761542
0.00889303
0.00873878
0.00861232
0.00850628
0.00841466
0.00833494
0.00826357
0.00820011
0.00814177
0.00808928
0.00803993
0.00799531
0.0079525
0.00791384
0.00787597
0.00784198
0.00780795
0.00777775
0.00774676
0.00771971
0.00769117
0.00766679
0.00764025
0.0076182
0.0075933
0.00757329
0.00754976
0.00753157
0.00750916
0.00749262
0.00747115
0.00745611
0.00743542
0.00742178
0.00740173
0.00738939
0.00736985
0.00735874
0.0073396
0.00732967
0.00731084
0.00730205
0.00728343
0.00727574
0.00725725
0.00725064
0.0072322
0.00722667
0.0072082
0.00720374
0.00718517
0.00718179
0.00716305
0.00716074
0.0071418
0.00714053
0.00712138
0.00712112
0.00710175
0.00710245
0.00708291
0.00708451
0.00706481
0.00706727
0.00704747
0.00705071
0.00703089
0.00703484
0.00701508
0.00701968
0.00700008
0.00700527
0.00698596
0.00699165
0.00697283
0.00697888
0.00696088
0.00696705
0.00695029
0.00695636
0.00694132
0.00694714
0.00693454
0.00693974
0.00693096
0.00693457
0.00693171
0.00693287
0.00693692
0.00693853
0.00695132
0.00695452
0.0069813
0.00699226
0.00704722
0.00708756
0.00716092
0.00723873
0.00740854
0.00765417
0.0088929
0.00873803
0.00861132
0.00850488
0.00841323
0.00833317
0.00826191
0.00819809
0.00813997
0.00808708
0.00803805
0.00799298
0.00795059
0.00791139
0.00787405
0.00783942
0.00780604
0.00777509
0.00774487
0.00771696
0.00768931
0.00766395
0.00763845
0.00761527
0.00759156
0.00757026
0.00754808
0.00752843
0.00750757
0.00748936
0.00746966
0.00745273
0.00743406
0.00741825
0.00740049
0.0073857
0.00736876
0.00735488
0.00733869
0.00732563
0.00731011
0.00729781
0.0072829
0.00727128
0.00725695
0.00724593
0.00723217
0.00722168
0.00720847
0.00719844
0.00718576
0.00717616
0.00716397
0.0071548
0.00714302
0.00713432
0.00712284
0.00711472
0.00710338
0.00709596
0.00708461
0.007078
0.00706653
0.00706081
0.00704918
0.00704431
0.0070326
0.00702849
0.00701683
0.00701337
0.00700189
0.00699901
0.00698784
0.00698546
0.00697481
0.00697277
0.00696302
0.00696105
0.00695274
0.00695054
0.00694428
0.00694165
0.006938
0.00693492
0.00693459
0.00693133
0.0069349
0.00693272
0.00694047
0.00694148
0.00695512
0.00696292
0.00698516
0.00700643
0.00704294
0.00710661
0.00716798
0.00722031
0.00740292
0.00762844
0.00889273
0.00873712
0.00861007
0.00850316
0.00841143
0.00833099
0.00825982
0.00819562
0.00813772
0.00808438
0.00803571
0.0079901
0.00794821
0.00790837
0.00787166
0.00783627
0.00780368
0.0077718
0.00774255
0.00771354
0.00768706
0.0076604
0.00763628
0.00761158
0.00758948
0.00756643
0.00754611
0.00752445
0.00750572
0.00748524
0.00746793
0.00744846
0.00743245
0.00741383
0.00739903
0.00738112
0.00736745
0.00735013
0.00733754
0.0073207
0.00730914
0.00729268
0.00728212
0.00726595
0.00725637
0.00724041
0.00723177
0.00721596
0.00720827
0.00719251
0.00718579
0.00716997
0.00716428
0.00714829
0.00714369
0.00712741
0.00712396
0.00710731
0.00710503
0.00708798
0.00708686
0.0070694
0.00706943
0.00705152
0.00705277
0.00703432
0.00703689
0.0070178
0.0070218
0.00700199
0.00700751
0.00698698
0.00699403
0.00697287
0.0069814
0.0069598
0.00696972
0.00694802
0.00695908
0.00693783
0.00694975
0.0069295
0.00694237
0.00692342
0.00693788
0.00692024
0.00693708
0.00692194
0.00694119
0.00693184
0.00695299
0.00695327
0.00697991
0.00699301
0.00703487
0.00708928
0.00715541
0.00723864
0.00739105
0.00762951
0.00889249
0.0087361
0.0086085
0.00850122
0.00840918
0.00832855
0.00825718
0.00819289
0.00813483
0.00808146
0.00803264
0.00798705
0.00794502
0.00790522
0.00786837
0.00783306
0.00780031
0.00776855
0.00773912
0.00771026
0.00768357
0.00765711
0.00763273
0.00760828
0.00758588
0.00756314
0.00754247
0.00752118
0.00750203
0.00748198
0.0074642
0.00744522
0.00742867
0.00741062
0.0073952
0.00737795
0.00736356
0.00734701
0.00733358
0.00731763
0.00730511
0.00728968
0.00727802
0.00726302
0.00725219
0.00723755
0.00722752
0.00721318
0.00720394
0.00718981
0.00718136
0.00716739
0.00715973
0.00714586
0.00713898
0.00712517
0.00711907
0.00710528
0.00709995
0.00708616
0.00708159
0.00706781
0.00706397
0.0070502
0.00704708
0.00703333
0.00703093
0.00701719
0.00701556
0.00700184
0.00700098
0.00698731
0.00698728
0.00697369
0.00697459
0.00696104
0.00696309
0.00694958
0.00695295
0.0069397
0.00694435
0.00693198
0.00693766
0.00692704
0.00693362
0.00692587
0.00693284
0.00692985
0.00693813
0.00694023
0.00695394
0.00696147
0.00698673
0.00700218
0.00705404
0.00710423
0.0071606
0.00726424
0.00739374
0.00776464
0.0088922
0.00873493
0.00860669
0.008499
0.00840659
0.00832575
0.00825414
0.00818974
0.0081315
0.00807809
0.00802912
0.00798353
0.00794135
0.0079016
0.0078646
0.00782936
0.00779645
0.00776481
0.0077352
0.00770648
0.00767959
0.00765331
0.00762869
0.00760448
0.00758179
0.00755935
0.00753832
0.00751741
0.00749782
0.00747825
0.00745993
0.00744152
0.00742435
0.00740696
0.00739083
0.00737432
0.00735914
0.00734341
0.00732912
0.00731407
0.00730061
0.00728616
0.00727347
0.00725954
0.0072476
0.00723412
0.00722289
0.00720978
0.00719928
0.00718644
0.00717669
0.00716403
0.00715506
0.00714249
0.00713433
0.00712177
0.00711445
0.00710185
0.00709536
0.0070827
0.00707702
0.00706434
0.00705938
0.00704673
0.00704245
0.00702986
0.00702626
0.00701371
0.00701082
0.00699833
0.00699612
0.00698382
0.00698214
0.00697033
0.00696892
0.00695793
0.00695671
0.00694658
0.00694592
0.00693625
0.00693708
0.00692712
0.00693068
0.00691974
0.00692708
0.00691558
0.00692829
0.0069156
0.00693609
0.00692191
0.00695557
0.00693966
0.00699352
0.00697967
0.00706116
0.00709628
0.00714918
0.00725157
0.00739303
0.00770747
0.00889189
0.0087336
0.00860466
0.00849646
0.0084037
0.00832257
0.00825075
0.00818616
0.00812781
0.00807425
0.00802523
0.00797951
0.00793732
0.00789745
0.00786047
0.00782511
0.00779226
0.00776047
0.00773096
0.00770207
0.00767533
0.00764884
0.00762442
0.00759995
0.00757753
0.00755477
0.00753407
0.00751278
0.0074936
0.00747356
0.00745574
0.00743679
0.00742018
0.00740219
0.00738668
0.00736952
0.00735503
0.00733858
0.00732505
0.00730922
0.00729657
0.00728127
0.00726948
0.00725462
0.00724365
0.00722916
0.007219
0.00720479
0.00719544
0.00718142
0.0071729
0.00715899
0.00715133
0.00713742
0.00713068
0.00711667
0.0071109
0.00709669
0.00709196
0.00707749
0.00707379
0.00705906
0.00705636
0.00704143
0.00703966
0.00702457
0.00702374
0.00700849
0.00700866
0.0069932
0.0069945
0.00697877
0.00698131
0.00696535
0.00696923
0.00695309
0.00695855
0.00694208
0.00694976
0.00693248
0.00694336
0.00692494
0.00693905
0.00691969
0.0069375
0.00691792
0.00694026
0.00692082
0.00695029
0.00693042
0.00696996
0.00695338
0.00700153
0.00700146
0.00705539
0.00711142
0.00716727
0.00730986
0.00741847
0.00773607
0.00889155
0.0087321
0.00860243
0.00849366
0.00840055
0.00831906
0.00824708
0.00818224
0.00812381
0.00807006
0.00802103
0.00797514
0.007933
0.00789295
0.00785608
0.00782053
0.00778781
0.00775582
0.00772649
0.00769736
0.00767085
0.00764408
0.00761996
0.00759515
0.00757309
0.00754991
0.00752966
0.00750787
0.00748923
0.00746861
0.00745142
0.0074318
0.00741593
0.00739714
0.00738249
0.00736442
0.00735091
0.00733344
0.00732098
0.00730402
0.00729257
0.00727602
0.00726555
0.00724932
0.0072398
0.00722379
0.00721522
0.00719935
0.00719174
0.00717591
0.00716927
0.00715342
0.00714776
0.00713179
0.00712718
0.00711096
0.00710748
0.00709088
0.00708864
0.00707153
0.00707063
0.0070529
0.0070534
0.007035
0.00703694
0.00701782
0.00702126
0.00700137
0.00700644
0.00698562
0.00699252
0.00697061
0.00697936
0.00695645
0.00696719
0.00694321
0.00695626
0.00693113
0.00694687
0.00692053
0.00693951
0.00691209
0.00693504
0.00690796
0.00693384
0.00690884
0.00693737
0.00691681
0.00694637
0.00693635
0.00696487
0.00696932
0.00699908
0.00702509
0.00707746
0.00712991
0.0071849
0.00726998
0.00741681
0.00767182
0.00889139
0.00873147
0.00860145
0.00849248
0.00839919
0.00831761
0.00824551
0.00818063
0.00812212
0.00806837
0.00801925
0.0079734
0.00793116
0.00789117
0.00785419
0.00781872
0.00778589
0.007754
0.00772453
0.00769554
0.00766886
0.00764225
0.00761793
0.00759332
0.00757103
0.00754809
0.00752758
0.00750605
0.00748713
0.0074668
0.00744929
0.00743
0.00741377
0.00739537
0.0073803
0.00736268
0.00734867
0.00733174
0.00731869
0.00730238
0.00729022
0.00727443
0.00726314
0.00724779
0.00723733
0.00722232
0.00721268
0.00719796
0.0071891
0.00717464
0.00716651
0.00715229
0.00714484
0.00713085
0.00712404
0.00711024
0.0071041
0.00709041
0.00708498
0.00707131
0.00706665
0.00705294
0.00704903
0.00703535
0.00703209
0.00701859
0.00701578
0.00700266
0.00700012
0.0069876
0.00698518
0.00697346
0.00697122
0.00696031
0.00695821
0.00694819
0.00694634
0.00693719
0.00693585
0.00692751
0.00692646
0.00691975
0.00691838
0.00691495
0.00691241
0.00691391
0.00691115
0.0069181
0.00691648
0.00692837
0.00693334
0.00694995
0.00696663
0.00699497
0.00704204
0.0070867
0.00714998
0.0072566
0.00731671
0.00767113
0.00889139
0.00873147
0.00860144
0.00849247
0.00839917
0.00831761
0.00824548
0.00818064
0.00812207
0.00806837
0.00801919
0.0079734
0.00793108
0.00789118
0.00785408
0.00781874
0.00778575
0.00775404
0.00772436
0.00769559
0.00766866
0.00764233
0.0076177
0.00759342
0.00757076
0.00754822
0.00752727
0.00750622
0.00748676
0.00746701
0.00744887
0.00743026
0.00741328
0.00739569
0.00737973
0.00736308
0.007348
0.00733222
0.00731792
0.00730295
0.00728934
0.0072751
0.00726213
0.00724855
0.00723619
0.0072232
0.00721141
0.00719895
0.00718769
0.00717575
0.00716495
0.00715353
0.00714312
0.00713221
0.00712218
0.00711172
0.00710212
0.00709199
0.00708291
0.00707299
0.0070645
0.00705478
0.00704677
0.00703741
0.00702968
0.00702093
0.00701322
0.00700535
0.0069975
0.00699062
0.00698263
0.00697676
0.00696877
0.00696381
0.00695609
0.00695204
0.00694477
0.00694136
0.00693509
0.00693226
0.00692763
0.00692523
0.00692251
0.00692108
0.00692001
0.00692076
0.0069202
0.00692543
0.0069255
0.00693653
0.00693985
0.00695616
0.00696919
0.00699382
0.00701998
0.00708166
0.00712496
0.00714661
0.00728219
0.00749555
0.00889139
0.00873145
0.00860146
0.00849245
0.00839919
0.00831757
0.00824551
0.00818059
0.00812212
0.00806831
0.00801924
0.00797333
0.00793114
0.0078911
0.00785416
0.00781864
0.00778584
0.00775391
0.00772447
0.00769546
0.00766879
0.00764217
0.00761785
0.00759324
0.00757093
0.00754802
0.00752745
0.00750599
0.00748697
0.00746675
0.0074491
0.00742997
0.00741354
0.00739536
0.00738002
0.00736272
0.00734832
0.00733182
0.00731827
0.00730251
0.00728971
0.00727462
0.00726254
0.00724803
0.00723664
0.00722261
0.0072119
0.00719831
0.00718823
0.00717505
0.00716552
0.00715277
0.00714373
0.00713139
0.00712282
0.00711081
0.00710282
0.00709095
0.0070837
0.00707178
0.00706542
0.00705333
0.00704787
0.00703567
0.00703099
0.00701887
0.0070147
0.00700294
0.00699906
0.00698786
0.00698419
0.00697361
0.00697018
0.00696027
0.00695719
0.00694774
0.00694564
0.00693612
0.00693607
0.00692526
0.00692881
0.006916
0.00692327
0.0069106
0.00691812
0.00691116
0.00691436
0.00691702
0.00691629
0.00692643
0.00692919
0.00694211
0.0069533
0.00697484
0.00700211
0.00704575
0.00708967
0.00713095
0.00719586
0.0073807
0.00889141
0.00873141
0.00860149
0.00849239
0.00839924
0.0083175
0.00824558
0.00818049
0.00812221
0.00806819
0.00801938
0.00797317
0.00793131
0.0078909
0.00785437
0.0078184
0.0077861
0.00775362
0.00772478
0.00769511
0.00766915
0.00764177
0.00761827
0.00759277
0.00757142
0.00754747
0.00752802
0.00750536
0.00748763
0.00746602
0.00744987
0.00742913
0.00741441
0.0073944
0.00738101
0.00736162
0.00734943
0.00733059
0.00731951
0.00730113
0.00729111
0.00727309
0.00726409
0.00724632
0.00723836
0.00722073
0.0072138
0.00719622
0.00719032
0.00717275
0.00716782
0.00715024
0.00714625
0.0071286
0.0071256
0.00710774
0.00710588
0.00708757
0.00708706
0.00706808
0.00706906
0.00704934
0.00705172
0.00703151
0.0070349
0.00701463
0.00701863
0.0069987
0.00700299
0.00698366
0.00698809
0.00696948
0.00697411
0.00695616
0.00696121
0.00694367
0.00694979
0.00693195
0.00694015
0.00692147
0.00693189
0.00691371
0.00692443
0.00690981
0.0069177
0.00691018
0.00691407
0.00691444
0.00691566
0.00692269
0.0069242
0.0069358
0.00694737
0.0069654
0.00698346
0.00700612
0.00704314
0.00709578
0.00714678
0.00723581
0.00889141
0.00873139
0.0086015
0.00849238
0.00839925
0.00831747
0.00824559
0.00818046
0.00812223
0.00806815
0.0080194
0.00797313
0.00793134
0.00789085
0.00785441
0.00781835
0.00778614
0.00775356
0.00772483
0.00769504
0.0076692
0.00764169
0.00761833
0.00759268
0.00757149
0.00754738
0.00752811
0.00750525
0.00748773
0.0074659
0.00744997
0.00742899
0.00741453
0.00739425
0.00738114
0.00736145
0.00734958
0.0073304
0.00731968
0.00730091
0.00729129
0.00727285
0.00726428
0.00724606
0.00723856
0.00722045
0.007214
0.00719595
0.00719051
0.00717247
0.00716799
0.00714997
0.00714638
0.00712836
0.00712569
0.00710752
0.00710591
0.00708738
0.00708702
0.00706793
0.00706891
0.00704926
0.00705144
0.00703149
0.00703447
0.0070147
0.00701799
0.00699887
0.00700207
0.00698394
0.00698684
0.00696992
0.00697244
0.00695679
0.00695916
0.0069444
0.00694738
0.00693269
0.0069374
0.00692206
0.00692892
0.00691362
0.00692143
0.0069086
0.00691504
0.00690793
0.00691027
0.00691212
0.00690949
0.00691891
0.00691933
0.00692597
0.00693404
0.00694872
0.0069693
0.00698905
0.00700954
0.00704533
0.00710746
0.00716894
0.00889139
0.00873141
0.00860146
0.00849241
0.0083992
0.00831752
0.00824553
0.00818053
0.00812215
0.00806824
0.0080193
0.00797324
0.00793122
0.00789098
0.00785425
0.0078185
0.00778595
0.00775375
0.0077246
0.00769526
0.00766894
0.00764196
0.00761803
0.007593
0.00757114
0.00754774
0.00752771
0.00750566
0.00748727
0.00746637
0.00744945
0.00742951
0.00741394
0.00739483
0.00738048
0.00736209
0.00734885
0.0073311
0.00731888
0.00730169
0.00729041
0.00727369
0.00726332
0.00724699
0.00723748
0.0072215
0.00721278
0.00719713
0.0071891
0.00717385
0.00716636
0.00715156
0.0071445
0.00713019
0.00712352
0.00710961
0.00710346
0.0070897
0.00708432
0.00707045
0.00706603
0.0070519
0.00704843
0.00703421
0.00703137
0.00701751
0.00701472
0.0070019
0.00699847
0.00698741
0.00698271
0.00697392
0.00696777
0.00696111
0.00695417
0.00694872
0.00694227
0.0069369
0.00693206
0.00692613
0.00692343
0.00691721
0.00691631
0.00691099
0.0069103
0.00690859
0.00690569
0.00690975
0.00690582
0.0069127
0.00691593
0.00691583
0.00693839
0.00693511
0.00695688
0.00696489
0.00698232
0.00700234
0.00705588
0.00710132
0.00889136
0.00873145
0.00860142
0.00849246
0.00839914
0.00831759
0.00824544
0.00818062
0.00812204
0.00806836
0.00801915
0.00797339
0.00793103
0.00789118
0.00785404
0.00781874
0.0077857
0.00775403
0.0077243
0.00769558
0.00766859
0.00764232
0.00761763
0.00759342
0.00757068
0.00754821
0.00752718
0.00750621
0.00748666
0.00746699
0.00744875
0.00743023
0.00741313
0.00739566
0.00737956
0.00736304
0.0073478
0.00733218
0.00731769
0.00730289
0.00728908
0.00727504
0.00726184
0.00724849
0.00723584
0.00722316
0.00721095
0.00719898
0.00718707
0.00717589
0.00716412
0.00715379
0.00714206
0.00713259
0.00712093
0.00711212
0.00710076
0.00709227
0.00708155
0.00707304
0.00706319
0.00705453
0.0070455
0.0070369
0.0070283
0.0070203
0.00701151
0.00700474
0.00699521
0.00699009
0.00697968
0.00697613
0.00696528
0.00696264
0.00695228
0.00694959
0.00694094
0.00693705
0.0069313
0.00692558
0.00692318
0.00691572
0.00691632
0.00690867
0.00690979
0.00690646
0.00690384
0.00690764
0.00690282
0.00690809
0.00691038
0.00690864
0.0069301
0.0069222
0.00693985
0.0069472
0.00696337
0.00697635
0.00701742
0.00704773
0.00889134
0.00873145
0.0086014
0.00849247
0.00839912
0.00831761
0.00824542
0.00818064
0.008122
0.00806839
0.00801911
0.00797343
0.00793099
0.00789122
0.00785398
0.00781878
0.00778563
0.00775408
0.00772423
0.00769565
0.00766851
0.00764239
0.00761754
0.00759349
0.00757058
0.0075483
0.00752706
0.00750631
0.00748653
0.00746711
0.0074486
0.00743036
0.00741297
0.00739581
0.00737938
0.00736319
0.00734761
0.00733233
0.00731751
0.00730303
0.00728891
0.00727515
0.00726169
0.00724857
0.00723572
0.00722318
0.00721089
0.00719893
0.00718709
0.00717573
0.00716422
0.00715353
0.00714225
0.00713221
0.00712119
0.00711165
0.00710106
0.00709174
0.00708185
0.00707247
0.00706347
0.00705391
0.00704577
0.00703621
0.00702859
0.00701945
0.0070119
0.00700361
0.00699579
0.00698859
0.00698047
0.00697423
0.00696621
0.0069604
0.00695331
0.00694705
0.00694201
0.0069342
0.00693236
0.00692227
0.0069243
0.00691207
0.0069173
0.00690474
0.00691063
0.00690213
0.00690433
0.00690295
0.00690199
0.00690329
0.00690636
0.00690329
0.00692464
0.0069163
0.00692603
0.00693315
0.00694189
0.00695177
0.00697274
0.0070011
0.00889135
0.00873143
0.00860141
0.00849244
0.00839913
0.00831758
0.00824544
0.0081806
0.00812204
0.00806833
0.00801916
0.00797336
0.00793105
0.00789113
0.00785405
0.00781868
0.00778572
0.00775396
0.00772434
0.00769551
0.00766864
0.00764224
0.00761768
0.00759332
0.00757074
0.00754811
0.00752724
0.00750609
0.00748673
0.00746686
0.00744883
0.00743008
0.00741324
0.00739547
0.0073797
0.00736279
0.007348
0.00733185
0.00731797
0.00730245
0.00728947
0.00727446
0.00726236
0.00724775
0.00723651
0.00722222
0.00721182
0.0071978
0.00718815
0.00717445
0.00716543
0.00715209
0.0071436
0.00713061
0.00712267
0.00710991
0.00710267
0.00708985
0.0070836
0.00707043
0.00706537
0.00705171
0.00704781
0.00703384
0.00703076
0.00701695
0.00701417
0.00700102
0.00699814
0.00698594
0.00698287
0.00697161
0.00696858
0.00695783
0.00695563
0.00694443
0.00694438
0.00693145
0.00693491
0.00691944
0.00692675
0.00690933
0.00691931
0.0069023
0.00691188
0.00689931
0.00690379
0.00689927
0.00690025
0.0068978
0.00690658
0.00689924
0.00691434
0.0069094
0.00691652
0.00692155
0.00692904
0.00693582
0.00694287
0.00696456
0.00889135
0.00873142
0.00860141
0.00849242
0.00839915
0.00831755
0.00824546
0.00818057
0.00812206
0.00806829
0.00801919
0.00797331
0.00793109
0.00789107
0.0078541
0.00781861
0.00778578
0.00775388
0.00772441
0.00769542
0.00766872
0.00764213
0.00761778
0.0075932
0.00757085
0.00754796
0.00752737
0.00750592
0.00748689
0.00746666
0.00744902
0.00742983
0.00741347
0.00739517
0.00737999
0.00736244
0.00734834
0.00733144
0.00731836
0.007302
0.00728989
0.00727398
0.00726278
0.00724727
0.00723692
0.00722176
0.00721219
0.00719737
0.00718848
0.00717405
0.00716572
0.00715172
0.00714384
0.00713027
0.00712288
0.00710957
0.00710286
0.00708949
0.0070838
0.00707001
0.00706558
0.00705124
0.00704802
0.00703333
0.00703095
0.00701641
0.00701433
0.00700045
0.00699823
0.00698536
0.00698283
0.00697105
0.00696835
0.00695731
0.00695506
0.00694402
0.00694328
0.0069311
0.00693332
0.00691875
0.00692496
0.00690809
0.00691729
0.00690063
0.00690898
0.00689771
0.00690072
0.00689722
0.00689825
0.00689372
0.00690034
0.00689867
0.00690695
0.00690296
0.00690686
0.00690915
0.00691501
0.00691868
0.00691658
0.00694264
0.00889134
0.00873142
0.0086014
0.00849243
0.00839913
0.00831756
0.00824543
0.00818058
0.00812203
0.00806832
0.00801915
0.00797334
0.00793104
0.00789111
0.00785404
0.00781866
0.00778571
0.00775395
0.00772432
0.0076955
0.00766862
0.00764223
0.00761766
0.00759331
0.00757071
0.00754809
0.00752722
0.00750606
0.00748671
0.0074668
0.00744883
0.00742998
0.00741328
0.00739533
0.00737978
0.0073626
0.00734811
0.00733162
0.0073181
0.00730221
0.00728957
0.00727423
0.0072624
0.00724757
0.00723646
0.00722212
0.00721163
0.00719782
0.0071878
0.00717459
0.00716489
0.00715236
0.00714288
0.00713101
0.00712177
0.0071104
0.00710162
0.0070904
0.00708242
0.00707101
0.00706405
0.00705233
0.00704631
0.00703454
0.00702903
0.00701773
0.00701219
0.00700186
0.0069959
0.00698684
0.0069803
0.0069726
0.00696557
0.00695898
0.00695212
0.00694571
0.00694042
0.00693278
0.00693039
0.00692073
0.00692165
0.00691041
0.00691333
0.00690307
0.00690519
0.006899
0.0068976
0.0068968
0.00689376
0.00689411
0.00689536
0.00689659
0.00689561
0.00689851
0.00689352
0.00690179
0.00689457
0.00690908
0.00689879
0.006915
0.00889132
0.00873144
0.00860137
0.00849246
0.00839908
0.0083176
0.00824537
0.00818064
0.00812196
0.00806839
0.00801906
0.00797344
0.00793092
0.00789123
0.0078539
0.00781881
0.00778554
0.00775412
0.00772412
0.00769569
0.00766839
0.00764245
0.00761739
0.00759357
0.0075704
0.0075484
0.00752686
0.00750642
0.0074863
0.00746722
0.00744836
0.00743047
0.00741273
0.00739589
0.00737915
0.00736324
0.0073474
0.00733234
0.0073173
0.00730301
0.00728868
0.00727513
0.00726141
0.00724857
0.00723535
0.00722323
0.00721042
0.00719902
0.0071865
0.00717587
0.00716352
0.00715368
0.00714146
0.00713236
0.0071203
0.00711179
0.00710007
0.00709187
0.00708073
0.00707259
0.0070622
0.00705403
0.00704433
0.00703627
0.00702703
0.00701938
0.00701027
0.00700338
0.00699406
0.00698829
0.00697843
0.00697414
0.00696358
0.00696067
0.00694995
0.0069475
0.00693805
0.00693461
0.00692775
0.00692273
0.00691849
0.00691274
0.00690989
0.00690495
0.00690229
0.00689934
0.00689553
0.00689595
0.00689039
0.00689378
0.00688958
0.0068966
0.00688877
0.00689686
0.00688466
0.00689818
0.00688539
0.00689998
0.00688888
0.0068995
0.00889129
0.00873145
0.00860134
0.00849248
0.00839904
0.00831764
0.00824532
0.00818069
0.00812189
0.00806846
0.00801898
0.00797352
0.00793083
0.00789133
0.00785378
0.00781892
0.0077854
0.00775425
0.00772396
0.00769585
0.0076682
0.00764263
0.00761717
0.00759377
0.00757016
0.00754863
0.00752658
0.0075067
0.00748598
0.00746755
0.00744799
0.00743085
0.00741229
0.00739632
0.00737865
0.00736372
0.00734684
0.00733287
0.00731668
0.00730359
0.00728801
0.00727574
0.00726069
0.0072492
0.00723461
0.00722388
0.00720965
0.00719968
0.0071857
0.00717655
0.00716267
0.00715442
0.00714053
0.00713318
0.00711926
0.0071127
0.00709892
0.00709287
0.00707949
0.00707365
0.0070609
0.0070551
0.00704302
0.00703731
0.00702574
0.00702034
0.00700903
0.00700418
0.00699287
0.00698896
0.00697717
0.00697475
0.0069621
0.00696133
0.00694814
0.00694819
0.00693595
0.00693529
0.0069252
0.00692364
0.00691515
0.00691396
0.00690606
0.00690608
0.0068984
0.00690025
0.00689109
0.00689702
0.00688565
0.00689338
0.00688567
0.00689564
0.00688162
0.00689525
0.00687769
0.00689492
0.00687714
0.00689187
0.00687805
0.00688778
0.00889128
0.00873146
0.00860132
0.00849249
0.00839902
0.00831765
0.00824529
0.00818071
0.00812185
0.00806848
0.00801893
0.00797355
0.00793077
0.00789137
0.00785372
0.00781897
0.00778533
0.00775431
0.00772388
0.00769592
0.00766811
0.00764271
0.00761707
0.00759387
0.00757004
0.00754874
0.00752644
0.00750681
0.00748582
0.00746768
0.00744781
0.00743101
0.00741209
0.00739651
0.00737841
0.00736394
0.00734656
0.00733311
0.00731637
0.00730385
0.00728768
0.007276
0.00726035
0.00724945
0.00723427
0.00722411
0.00720931
0.0071999
0.00718534
0.00717678
0.00716226
0.00715469
0.00714002
0.00713353
0.00711862
0.00711314
0.00709814
0.00709338
0.00707859
0.00707419
0.00705994
0.00705557
0.00704208
0.00703763
0.00702487
0.0070205
0.00700815
0.00700435
0.00699181
0.00698931
0.00697582
0.00697529
0.00696055
0.0069619
0.0069466
0.00694854
0.00693452
0.00693553
0.00692356
0.00692413
0.00691288
0.00691487
0.00690289
0.00690721
0.00689427
0.00690145
0.00688727
0.00689701
0.00688203
0.00689327
0.0068806
0.00689266
0.00687732
0.00689072
0.00687324
0.0068862
0.0068718
0.00688157
0.00687078
0.00687491
0.00889127
0.00873145
0.00860131
0.00849248
0.00839901
0.00831765
0.00824529
0.00818071
0.00812184
0.00806848
0.00801892
0.00797355
0.00793075
0.00789137
0.0078537
0.00781898
0.00778531
0.00775432
0.00772385
0.00769593
0.00766807
0.00764273
0.00761703
0.00759388
0.00756999
0.00754876
0.00752639
0.00750684
0.00748577
0.00746771
0.00744774
0.00743105
0.00741201
0.00739655
0.00737831
0.00736399
0.00734646
0.00733316
0.00731627
0.00730387
0.00728759
0.00727598
0.00726031
0.00724938
0.00723428
0.00722397
0.00720935
0.00719972
0.0071854
0.00717659
0.0071623
0.00715451
0.00714001
0.00713338
0.00711857
0.00711301
0.00709805
0.00709323
0.0070785
0.007074
0.00705984
0.00705539
0.00704184
0.00703762
0.00702432
0.00702079
0.00700723
0.00700488
0.00699068
0.00698983
0.00697473
0.00697559
0.00695964
0.00696187
0.0069458
0.00694846
0.00693349
0.00693556
0.00692226
0.00692416
0.00691155
0.0069146
0.00690157
0.00690663
0.00689351
0.00689901
0.00688718
0.00689407
0.00688032
0.00689202
0.00687904
0.00688787
0.00687722
0.0068845
0.00687142
0.00687838
0.00686843
0.00686934
0.00686534
0.00686002
0.00889127
0.00873144
0.00860131
0.00849247
0.00839901
0.00831763
0.00824529
0.00818069
0.00812185
0.00806846
0.00801892
0.00797353
0.00793076
0.00789136
0.0078537
0.00781896
0.00778531
0.0077543
0.00772386
0.00769591
0.00766808
0.0076427
0.00761703
0.00759385
0.00757
0.00754872
0.00752641
0.00750679
0.00748578
0.00746766
0.00744775
0.007431
0.00741201
0.0073965
0.00737832
0.00736394
0.00734646
0.0073331
0.00731626
0.00730381
0.00728759
0.00727592
0.0072603
0.00724931
0.00723425
0.00722391
0.00720931
0.00719965
0.00718535
0.00717651
0.00716225
0.00715438
0.00714001
0.00713315
0.00711865
0.00711267
0.0070982
0.00709283
0.00707862
0.00707367
0.00705977
0.00705526
0.00704149
0.00703769
0.00702374
0.00702096
0.00700659
0.00700492
0.00699014
0.00698971
0.00697423
0.00697528
0.00695928
0.00696139
0.00694542
0.00694772
0.00693335
0.00693448
0.00692207
0.0069232
0.00691077
0.00691391
0.00690088
0.00690529
0.00689346
0.00689718
0.0068883
0.00689086
0.00688106
0.00688903
0.00687879
0.00688358
0.00687506
0.0068791
0.00687154
0.00687156
0.00686758
0.00686047
0.00686014
0.00685014
0.00889127
0.00873143
0.00860131
0.00849246
0.00839901
0.00831762
0.0082453
0.00818067
0.00812186
0.00806844
0.00801894
0.0079735
0.00793078
0.00789132
0.00785373
0.00781892
0.00778535
0.00775425
0.00772389
0.00769585
0.00766812
0.00764263
0.00761709
0.00759376
0.00757007
0.00754862
0.00752648
0.00750668
0.00748586
0.00746753
0.00744784
0.00743085
0.00741212
0.00739633
0.00737845
0.00736373
0.00734662
0.00733286
0.00731645
0.00730355
0.00728779
0.00727562
0.00726051
0.00724901
0.00723446
0.0072236
0.00720952
0.00719932
0.00718556
0.00717612
0.00716252
0.00715387
0.00714039
0.00713253
0.00711912
0.00711195
0.00709871
0.00709204
0.0070791
0.00707289
0.0070602
0.00705446
0.00704186
0.00703689
0.00702407
0.00702014
0.00700689
0.00700396
0.00699052
0.0069884
0.00697507
0.00697343
0.00696032
0.00695928
0.0069466
0.00694562
0.00693408
0.00693291
0.00692225
0.00692167
0.00691117
0.0069115
0.00690178
0.00690234
0.00689491
0.00689232
0.00688802
0.0068856
0.0068835
0.00688253
0.00687862
0.00687947
0.00687525
0.00687271
0.00687067
0.00686607
0.00686529
0.00685649
0.00685834
0.00684547
0.00889127
0.00873141
0.00860131
0.00849244
0.00839902
0.00831759
0.00824531
0.00818064
0.00812188
0.00806841
0.00801896
0.00797346
0.00793081
0.00789127
0.00785377
0.00781886
0.00778539
0.00775418
0.00772394
0.00769577
0.00766819
0.00764253
0.00761716
0.00759366
0.00757015
0.0075485
0.00752658
0.00750654
0.00748598
0.00746738
0.00744797
0.00743067
0.00741227
0.00739611
0.00737863
0.00736349
0.00734682
0.00733259
0.00731667
0.00730326
0.007288
0.00727534
0.0072607
0.00724874
0.00723463
0.00722333
0.00720968
0.00719902
0.00718578
0.00717573
0.00716281
0.00715338
0.00714072
0.00713191
0.00711953
0.00711124
0.00709915
0.00709124
0.00707951
0.00707208
0.0070606
0.00705366
0.00704215
0.00703606
0.00702436
0.00701916
0.00700732
0.00700267
0.00699114
0.00698684
0.00697559
0.00697204
0.00696065
0.00695779
0.00694665
0.00694412
0.00693385
0.00693085
0.00692202
0.00691941
0.00691071
0.00690884
0.00690129
0.00689848
0.0068935
0.0068895
0.00688673
0.0068819
0.00688091
0.006877
0.00687653
0.00687545
0.00687211
0.00686877
0.0068664
0.00686199
0.00685985
0.00685317
0.00685241
0.00684336
0.00889127
0.0087314
0.00860132
0.00849242
0.00839903
0.00831757
0.00824532
0.00818062
0.00812189
0.00806837
0.00801898
0.00797342
0.00793084
0.00789122
0.0078538
0.0078188
0.00778543
0.00775411
0.00772401
0.00769568
0.00766826
0.00764243
0.00761725
0.00759354
0.00757026
0.00754837
0.0075267
0.00750639
0.00748611
0.0074672
0.00744812
0.00743046
0.00741245
0.00739588
0.00737882
0.00736323
0.00734703
0.00733231
0.0073169
0.00730296
0.00728825
0.00727501
0.00726095
0.00724838
0.00723489
0.00722291
0.00721
0.00719853
0.00718617
0.00717516
0.00716327
0.00715272
0.00714121
0.00713122
0.00712001
0.00711048
0.00709968
0.00709046
0.00708004
0.00707121
0.00706115
0.00705269
0.00704277
0.00703496
0.00702507
0.0070178
0.00700817
0.00700126
0.00699205
0.00698544
0.00697635
0.00697033
0.00696157
0.00695601
0.00694777
0.00694212
0.00693512
0.00692859
0.006923
0.00691707
0.00691153
0.00690688
0.0069019
0.00689666
0.00689357
0.00688893
0.00688727
0.00688241
0.0068826
0.0068781
0.00687754
0.00687506
0.00687154
0.00686813
0.00686628
0.00686133
0.006858
0.00685127
0.00684887
0.00684097
0.00889127
0.00873139
0.00860132
0.00849241
0.00839903
0.00831755
0.00824532
0.0081806
0.0081219
0.00806835
0.00801899
0.00797339
0.00793085
0.00789119
0.00785382
0.00781876
0.00778546
0.00775406
0.00772404
0.00769563
0.0076683
0.00764237
0.0076173
0.00759347
0.00757032
0.00754828
0.00752676
0.00750629
0.00748618
0.00746709
0.00744821
0.00743033
0.00741254
0.00739574
0.00737892
0.00736308
0.00734713
0.00733215
0.00731699
0.00730278
0.00728835
0.00727482
0.00726106
0.00724816
0.00723502
0.00722264
0.00721014
0.00719821
0.00718631
0.00717479
0.00716342
0.00715231
0.00714139
0.00713075
0.00712019
0.00710995
0.00709977
0.00708994
0.00708005
0.00707065
0.00706102
0.00705206
0.0070426
0.00703418
0.00702485
0.0070168
0.00700779
0.00700005
0.0069914
0.00698392
0.00697543
0.00696862
0.00696025
0.00695372
0.00694604
0.00693944
0.00693291
0.00692557
0.0069203
0.00691356
0.00690799
0.00690274
0.00689749
0.00689263
0.00688856
0.00688402
0.00688247
0.00687623
0.00687603
0.00687202
0.00687072
0.00687008
0.00686534
0.00686331
0.00686034
0.00685679
0.00685205
0.00684717
0.00684408
0.00683672
0.0076318
0.00766092
0.00771012
0.00772645
0.00772163
0.00770775
0.00778885
0.00779969
0.00792858
0.00803967
0.00750447
0.00749626
0.00748862
0.00747924
0.00746638
0.00751569
0.00750333
0.00763162
0.00757664
0.00778562
0.00736306
0.00735039
0.0073589
0.00736295
0.00736987
0.00741658
0.00741098
0.00750075
0.00746993
0.00762704
0.00724966
0.00725172
0.00725635
0.00724665
0.00725375
0.00724698
0.00724702
0.00729657
0.00729215
0.00741982
0.00717379
0.00717058
0.00716145
0.00716701
0.0071663
0.00717993
0.00718758
0.00721893
0.00723154
0.00728805
0.00709572
0.00709695
0.00709281
0.00709156
0.00709187
0.00709936
0.00710854
0.00712832
0.00714442
0.00718269
0.00704541
0.00704528
0.00704156
0.00704089
0.00704013
0.00704472
0.00705082
0.00706261
0.00707831
0.00710482
0.00700519
0.00700142
0.00699888
0.00699412
0.00699529
0.00699655
0.00700322
0.00701111
0.00702415
0.00704194
0.00696833
0.00696248
0.00695983
0.00695635
0.00695713
0.00695978
0.00696408
0.00697297
0.00698224
0.00699774
0.00693745
0.00693069
0.00692936
0.00692539
0.00692573
0.0069264
0.00693013
0.00693587
0.00694602
0.00695723
0.00691406
0.00690728
0.00690899
0.00690221
0.00690424
0.00690157
0.00690592
0.00690811
0.0069168
0.00692373
0.0068967
0.00689048
0.00688966
0.00688282
0.00688382
0.0068803
0.00688371
0.00688564
0.00689169
0.00690056
0.00688141
0.00687863
0.00687304
0.00687182
0.0068657
0.00686997
0.00686328
0.00687442
0.00686872
0.00688437
0.00687008
0.00686562
0.00686034
0.00686055
0.00685314
0.00685948
0.0068515
0.00686133
0.0068582
0.00686582
0.00686013
0.00685173
0.00685135
0.00684664
0.00684517
0.00684419
0.00684426
0.00684424
0.00684973
0.00684815
0.0068514
0.00684277
0.00684433
0.00683689
0.00683946
0.00683343
0.00683837
0.00683337
0.00684126
0.00683829
0.00684869
0.00683724
0.00684093
0.00683068
0.0068344
0.00682687
0.00683105
0.00682711
0.00683242
0.00682962
0.00684277
0.00683344
0.00683513
0.00682557
0.00682839
0.00682159
0.00682408
0.0068203
0.00682423
0.00682241
0.00684042
0.00683191
0.00683315
0.00682437
0.00682555
0.00682069
0.00682203
0.00681947
0.00682334
0.00682132
0.00683461
0.0068284
0.00682652
0.00682188
0.00681917
0.00681612
0.0068149
0.00681164
0.00681394
0.00681153
)
;

boundaryField
{
    down
    {
        type            symmetryPlane;
    }
    right
    {
        type            calculated;
        value           nonuniform List<scalar> 
30
(
0.590891
0.583259
0.568697
0.547868
0.521063
0.4874
0.445192
0.393225
0.330244
0.255456
0.172671
0.0823994
0.0205767
0.00824699
0.00729298
0.00711247
0.00699929
0.00691202
0.00683125
0.0067901
0.00676207
0.00671029
0.00668142
0.00664495
0.00664482
0.00661083
0.00660705
0.00659922
0.00661133
0.00659491
)
;
    }
    up
    {
        type            calculated;
        value           nonuniform List<scalar> 
220
(
0.00681698
0.0068167
0.00682131
0.00682777
0.00682757
0.00683238
0.00683957
0.00684243
0.00684716
0.00685089
0.00685857
0.00685902
0.00686983
0.00686934
0.00687554
0.00688037
0.00687902
0.00687915
0.00688151
0.0068822
0.00688282
0.00688034
0.00687918
0.00687468
0.00687431
0.00687227
0.00687165
0.00686852
0.00686731
0.00686315
0.00686054
0.00685505
0.00685187
0.00684604
0.00684271
0.00683655
0.00683311
0.00682679
0.00682361
0.00681759
0.00681478
0.00680917
0.00680677
0.00680126
0.00679925
0.00679378
0.0067917
0.0067863
0.00678428
0.00677898
0.00677717
0.00677183
0.00677034
0.00676492
0.00676378
0.00675853
0.00675718
0.00675201
0.00675098
0.00674565
0.00674462
0.00673936
0.00673825
0.00673285
0.00673184
0.00672615
0.0067251
0.00671943
0.00671842
0.00671272
0.00671174
0.00670597
0.00670495
0.00669916
0.00669819
0.00669238
0.0066915
0.00668573
0.00668489
0.00667918
0.0066784
0.00667281
0.00667211
0.00666662
0.00666599
0.00666062
0.00666004
0.0066548
0.00665426
0.00664915
0.00664863
0.00664364
0.00664308
0.0066382
0.0066376
0.00663285
0.00663216
0.00662755
0.00662676
0.00662229
0.00662137
0.00661703
0.00661594
0.00661179
0.0066105
0.00660657
0.00660509
0.00660139
0.00659992
0.00659491
0.00683464
0.00682852
0.00682668
0.00682215
0.00681942
0.00681646
0.0068153
0.00681216
0.00681448
0.00681209
0.00889126
0.00873138
0.00860132
0.0084924
0.00839903
0.00831755
0.00824532
0.00818059
0.0081219
0.00806834
0.00801899
0.00797339
0.00793085
0.00789118
0.00785382
0.00781875
0.00778545
0.00775406
0.00772403
0.00769562
0.0076683
0.00764237
0.0076173
0.00759347
0.00757031
0.00754827
0.00752675
0.00750628
0.00748617
0.00746707
0.0074482
0.00743031
0.00741252
0.00739572
0.0073789
0.00736306
0.00734711
0.00733212
0.00731697
0.00730275
0.00728832
0.0072748
0.00726103
0.00724812
0.00723499
0.00722261
0.0072101
0.00719817
0.00718626
0.00717474
0.00716336
0.00715226
0.00714132
0.00713066
0.00712013
0.00710987
0.00709968
0.00708985
0.00707997
0.00707055
0.0070609
0.00705196
0.00704249
0.00703404
0.00702473
0.00701667
0.00700764
0.00699989
0.00699122
0.00698371
0.00697521
0.00696843
0.00696002
0.00695346
0.00694572
0.0069391
0.00693257
0.00692527
0.00691997
0.00691315
0.00690753
0.00690228
0.00689705
0.00689217
0.00688804
0.0068835
0.00688196
0.0068756
0.00687533
0.00687143
0.00687002
0.00686956
0.00686483
0.00686283
0.00685993
0.00685632
0.00685167
0.00684688
0.0068439
0.00683664
)
;
    }
    left
    {
        type            calculated;
        value           nonuniform List<scalar> 
30
(
0.00893851
0.00893851
0.00893851
0.00893851
0.00893851
0.00893851
0.0089385
0.0089385
0.0089385
0.0089385
0.00893849
0.00893849
0.00893848
0.00893848
0.00893847
0.00893847
0.00893846
0.00893846
0.00893845
0.00893845
0.00893844
0.00893843
0.00893843
0.00893842
0.00893842
0.00893841
0.0089384
0.0089384
0.00893839
0.00893838
)
;
    }
    cylinder
    {
        type            compressible::alphatWallFunction;
        Prt             0.85;
        value           uniform 0;
    }
    defaultFaces
    {
        type            empty;
    }
}


// ************************************************************************* //
