/*--------------------------------*- C++ -*----------------------------------*\
  =========                 |
  \\      /  F ield         | OpenFOAM: The Open Source CFD Toolbox
   \\    /   O peration     | Website:  https://openfoam.org
    \\  /    A nd           | Version:  8
     \\/     M anipulation  |
\*---------------------------------------------------------------------------*/
FoamFile
{
    version     2.0;
    format      ascii;
    class       volScalarField;
    location    "0.999971";
    object      I;
}
// * * * * * * * * * * * * * * * * * * * * * * * * * * * * * * * * * * * * * //

dimensions      [0 -3 -1 0 0 0 0];

internalField   nonuniform List<scalar> 
6800
(
701758
709316
759097
937597
1.4709e+06
3.64076e+06
1.55343e+07
2.85291e+07
3.55813e+07
3.73224e+07
651965
698223
874005
1.55949e+06
5.59819e+06
2.18151e+07
3.41795e+07
3.92282e+07
3.95158e+07
3.86878e+07
676446
864766
1.47853e+06
6.02489e+06
2.35031e+07
3.78898e+07
4.19096e+07
4.13045e+07
3.87663e+07
3.43851e+07
679265
1.72557e+06
3.71342e+06
2.10666e+07
3.81494e+07
4.39808e+07
4.35485e+07
3.95907e+07
3.57353e+07
3.29122e+07
575525
3.89832e+06
1.29028e+07
3.5286e+07
4.55175e+07
4.66111e+07
4.3382e+07
3.75749e+07
3.46708e+07
3.23816e+07
668694
1.30418e+07
2.1398e+07
4.55474e+07
4.88255e+07
4.72726e+07
4.13887e+07
3.72774e+07
3.494e+07
3.46267e+07
864134
1.98777e+07
3.9987e+07
6.09633e+07
5.25452e+07
4.74225e+07
4.20893e+07
3.80559e+07
3.59732e+07
3.50127e+07
1.96612e+06
6.67284e+07
6.13198e+07
6.80585e+07
5.30452e+07
4.72155e+07
4.18886e+07
3.85019e+07
3.74464e+07
3.84094e+07
5.88636e+06
9.46015e+07
6.80418e+07
7.73675e+07
5.45761e+07
4.84436e+07
4.16386e+07
3.96568e+07
3.88692e+07
3.88016e+07
1.33293e+07
1.79382e+08
8.28549e+07
8.61063e+07
6.69271e+07
4.98457e+07
4.17533e+07
3.92696e+07
4.02879e+07
3.97781e+07
746305
727246
715862
713172
714432
718141
723929
730634
737848
745097
743899
726887
715828
712896
714294
718001
723864
730973
739153
747871
742504
725348
715774
713220
714656
718472
724575
732590
742497
754499
740604
724394
716018
713971
715556
719718
725828
733790
744385
760816
736726
722682
716366
715300
717881
723169
730033
737664
747545
765560
730695
720154
716246
717898
724571
735286
748088
758000
760752
774797
724311
717103
716553
725485
740900
766450
795876
828528
841278
913507
717514
713452
721026
737007
766416
824371
884205
990487
1.11496e+06
1.814e+06
709305
710235
726682
752975
808760
949864
1.12136e+06
1.65354e+06
2.51566e+06
8.50963e+06
717984
711571
727154
789110
939270
1.34027e+06
2.23827e+06
6.15251e+06
1.71026e+07
3.01777e+07
753991
764804
774226
781539
786563
789807
791440
791721
790967
789261
787028
784628
782390
780844
779867
779805
780952
783371
787390
793047
800333
809581
820656
833622
848579
864803
883133
903587
925833
949839
975575
1.00302e+06
1.03216e+06
1.06298e+06
1.09546e+06
1.12996e+06
1.16594e+06
1.20269e+06
1.24153e+06
1.28182e+06
1.32355e+06
1.36669e+06
1.41118e+06
1.45693e+06
1.50384e+06
1.55179e+06
1.60066e+06
1.65034e+06
1.70069e+06
1.75163e+06
1.80305e+06
1.85489e+06
1.90707e+06
1.95953e+06
2.0122e+06
2.06496e+06
2.11768e+06
2.17026e+06
2.22254e+06
2.27435e+06
2.32553e+06
2.37593e+06
2.42546e+06
2.47404e+06
2.52164e+06
2.56825e+06
2.61392e+06
2.65869e+06
2.70263e+06
2.74583e+06
2.78836e+06
2.83033e+06
2.87181e+06
2.91286e+06
2.95355e+06
2.99389e+06
3.03389e+06
3.07353e+06
3.11279e+06
3.15162e+06
3.18995e+06
3.22773e+06
3.2649e+06
3.30138e+06
3.33716e+06
3.37217e+06
3.40647e+06
3.43992e+06
3.47279e+06
3.5047e+06
3.53646e+06
3.5668e+06
3.59812e+06
3.62663e+06
3.65875e+06
3.6846e+06
3.7192e+06
3.74244e+06
3.77638e+06
3.81288e+06
758535
771799
783276
791958
798137
802119
804077
804344
803343
800965
797744
794173
790682
787665
785283
783305
782751
783647
785739
789446
794790
801948
810949
821847
834718
849308
865578
884180
904669
926995
951122
977034
1.00473e+06
1.0342e+06
1.06544e+06
1.09872e+06
1.13377e+06
1.16952e+06
1.2075e+06
1.24704e+06
1.2881e+06
1.33062e+06
1.37452e+06
1.41971e+06
1.46606e+06
1.51344e+06
1.56175e+06
1.61085e+06
1.66063e+06
1.711e+06
1.76185e+06
1.81314e+06
1.86477e+06
1.9167e+06
1.96887e+06
2.02111e+06
2.0733e+06
2.12532e+06
2.17703e+06
2.22825e+06
2.27881e+06
2.32861e+06
2.37753e+06
2.42553e+06
2.47259e+06
2.51873e+06
2.564e+06
2.60844e+06
2.65214e+06
2.69518e+06
2.73763e+06
2.77958e+06
2.8211e+06
2.86224e+06
2.90304e+06
2.9435e+06
2.98363e+06
3.02339e+06
3.06274e+06
3.10163e+06
3.14001e+06
3.17781e+06
3.21498e+06
3.25147e+06
3.28726e+06
3.32228e+06
3.35662e+06
3.39014e+06
3.42313e+06
3.45518e+06
3.48717e+06
3.51777e+06
3.5494e+06
3.57832e+06
3.61079e+06
3.63729e+06
3.67204e+06
3.69654e+06
3.73039e+06
3.768e+06
766984
785420
799856
811318
819720
825078
827406
827208
825142
821553
816704
811255
805502
799820
794774
790501
786957
784621
783511
783843
785715
789353
794854
802279
811768
823356
836723
851986
869631
889252
910795
934260
959664
987011
1.01628e+06
1.04761e+06
1.08128e+06
1.11543e+06
1.15208e+06
1.19038e+06
1.23029e+06
1.2717e+06
1.31454e+06
1.35867e+06
1.40397e+06
1.45031e+06
1.49758e+06
1.54564e+06
1.59438e+06
1.64372e+06
1.69354e+06
1.74382e+06
1.79446e+06
1.84543e+06
1.89667e+06
1.94794e+06
1.99909e+06
2.05006e+06
2.10071e+06
2.15083e+06
2.20029e+06
2.24897e+06
2.2968e+06
2.34375e+06
2.38983e+06
2.4351e+06
2.47962e+06
2.52344e+06
2.56665e+06
2.60931e+06
2.65152e+06
2.69332e+06
2.73478e+06
2.77591e+06
2.81674e+06
2.85724e+06
2.8974e+06
2.93717e+06
2.97652e+06
3.01537e+06
3.05368e+06
3.09139e+06
3.12848e+06
3.16488e+06
3.20061e+06
3.23561e+06
3.26998e+06
3.3036e+06
3.33678e+06
3.36909e+06
3.40144e+06
3.43248e+06
3.46465e+06
3.49426e+06
3.52727e+06
3.55492e+06
3.58983e+06
3.61651e+06
3.6496e+06
3.69002e+06
776274
802772
822283
837347
848477
855684
858719
858273
854792
849496
842999
835188
826507
817571
808843
800896
793845
787918
783209
779850
778187
778341
780409
784456
790456
798661
809693
821871
836352
853373
872489
893739
917162
942755
970532
1.0003e+06
1.03313e+06
1.06606e+06
1.10167e+06
1.13891e+06
1.17777e+06
1.2181e+06
1.25985e+06
1.30289e+06
1.34704e+06
1.3922e+06
1.43826e+06
1.48508e+06
1.53256e+06
1.5806e+06
1.62911e+06
1.67808e+06
1.72736e+06
1.777e+06
1.82693e+06
1.87674e+06
1.92629e+06
1.97561e+06
2.02461e+06
2.07302e+06
2.12072e+06
2.16759e+06
2.21364e+06
2.2589e+06
2.30339e+06
2.34722e+06
2.39046e+06
2.43316e+06
2.47541e+06
2.51727e+06
2.55881e+06
2.60006e+06
2.64106e+06
2.6818e+06
2.72225e+06
2.76239e+06
2.80217e+06
2.84153e+06
2.88043e+06
2.91881e+06
2.95663e+06
2.99385e+06
3.03046e+06
3.0664e+06
3.10173e+06
3.13639e+06
3.17052e+06
3.20399e+06
3.23714e+06
3.26954e+06
3.30211e+06
3.33349e+06
3.36608e+06
3.39643e+06
3.42982e+06
3.45885e+06
3.49358e+06
3.52306e+06
3.55468e+06
3.59866e+06
788154
826525
853035
872182
886188
895223
898380
897291
892650
885202
876032
865737
854397
842664
830884
819950
810226
801638
794214
788122
783577
780899
780209
781592
785318
791654
801662
812974
825704
841602
859930
880618
903690
929111
956906
986586
1.01972e+06
1.05287e+06
1.08852e+06
1.12569e+06
1.1644e+06
1.20447e+06
1.24593e+06
1.28862e+06
1.33227e+06
1.37684e+06
1.42222e+06
1.46826e+06
1.51485e+06
1.56192e+06
1.60933e+06
1.65712e+06
1.70507e+06
1.75338e+06
1.80203e+06
1.85013e+06
1.89771e+06
1.94504e+06
1.99202e+06
2.03827e+06
2.08363e+06
2.12805e+06
2.17158e+06
2.21434e+06
2.25641e+06
2.29797e+06
2.3391e+06
2.37987e+06
2.42037e+06
2.46063e+06
2.50071e+06
2.54061e+06
2.58034e+06
2.61985e+06
2.65909e+06
2.698e+06
2.73652e+06
2.7746e+06
2.81218e+06
2.84922e+06
2.88568e+06
2.92152e+06
2.95677e+06
2.9914e+06
3.02552e+06
3.05908e+06
3.09224e+06
3.12489e+06
3.15737e+06
3.18928e+06
3.22148e+06
3.25271e+06
3.2852e+06
3.31596e+06
3.34909e+06
3.37934e+06
3.41313e+06
3.44554e+06
3.47489e+06
3.5223e+06
822329
870747
907244
929999
945188
954505
956504
953537
946987
937159
925924
914745
902627
890281
877484
865979
856254
847603
839890
833412
828419
825515
824779
826432
831100
838911
851115
863601
878150
896040
916751
940027
965900
994330
1.02515e+06
1.05799e+06
1.09357e+06
1.13037e+06
1.16802e+06
1.2071e+06
1.24748e+06
1.28886e+06
1.33151e+06
1.37523e+06
1.41955e+06
1.46453e+06
1.51004e+06
1.55599e+06
1.60218e+06
1.64856e+06
1.69492e+06
1.74141e+06
1.78765e+06
1.83428e+06
1.88136e+06
1.92677e+06
1.97132e+06
2.0158e+06
2.05989e+06
2.10278e+06
2.1444e+06
2.1848e+06
2.22421e+06
2.26292e+06
2.30101e+06
2.33884e+06
2.37646e+06
2.41391e+06
2.45127e+06
2.48857e+06
2.52581e+06
2.56299e+06
2.60006e+06
2.63693e+06
2.67354e+06
2.70978e+06
2.74561e+06
2.78095e+06
2.81577e+06
2.85005e+06
2.88378e+06
2.91694e+06
2.94962e+06
2.98179e+06
3.01359e+06
3.04497e+06
3.07613e+06
3.10698e+06
3.13777e+06
3.16828e+06
3.19912e+06
3.22934e+06
3.26077e+06
3.29126e+06
3.32297e+06
3.35391e+06
3.38572e+06
3.42049e+06
3.44681e+06
3.49665e+06
984242
1.00722e+06
1.04883e+06
1.06195e+06
1.07237e+06
1.07471e+06
1.07332e+06
1.06802e+06
1.0598e+06
1.04944e+06
1.03695e+06
1.02759e+06
1.0185e+06
1.01119e+06
1.00261e+06
996848
994105
991930
989967
989044
989940
993852
999805
1.00858e+06
1.02236e+06
1.03965e+06
1.05797e+06
1.07724e+06
1.10148e+06
1.12793e+06
1.15766e+06
1.1898e+06
1.22449e+06
1.26197e+06
1.30104e+06
1.34269e+06
1.38441e+06
1.4299e+06
1.47231e+06
1.51567e+06
1.5596e+06
1.60351e+06
1.64852e+06
1.6943e+06
1.73958e+06
1.78503e+06
1.83026e+06
1.87551e+06
1.92001e+06
1.9641e+06
2.00729e+06
2.04993e+06
2.09167e+06
2.13399e+06
2.17717e+06
2.21617e+06
2.25419e+06
2.29271e+06
2.33077e+06
2.36666e+06
2.40054e+06
2.43286e+06
2.4642e+06
2.49522e+06
2.52575e+06
2.55656e+06
2.58752e+06
2.61855e+06
2.64971e+06
2.68103e+06
2.71243e+06
2.7439e+06
2.77533e+06
2.8066e+06
2.83762e+06
2.86824e+06
2.89848e+06
2.92819e+06
2.95746e+06
2.98626e+06
3.01457e+06
3.04248e+06
3.07015e+06
3.09749e+06
3.12472e+06
3.1518e+06
3.17888e+06
3.20595e+06
3.23307e+06
3.26039e+06
3.2879e+06
3.31553e+06
3.34405e+06
3.37282e+06
3.40117e+06
3.43161e+06
3.45985e+06
3.49548e+06
3.51805e+06
3.56792e+06
1.76611e+06
1.67966e+06
1.60122e+06
1.55268e+06
1.50407e+06
1.47464e+06
1.4489e+06
1.43414e+06
1.41925e+06
1.41344e+06
1.40373e+06
1.40652e+06
1.41207e+06
1.42207e+06
1.43298e+06
1.45439e+06
1.48056e+06
1.50566e+06
1.52991e+06
1.55547e+06
1.5881e+06
1.62621e+06
1.66059e+06
1.70779e+06
1.74575e+06
1.79105e+06
1.84233e+06
1.89211e+06
1.94706e+06
1.99894e+06
2.05457e+06
2.10944e+06
2.16481e+06
2.22219e+06
2.27605e+06
2.33329e+06
2.38168e+06
2.43795e+06
2.48139e+06
2.52276e+06
2.56187e+06
2.59737e+06
2.63504e+06
2.67324e+06
2.70721e+06
2.74051e+06
2.77139e+06
2.80211e+06
2.82879e+06
2.85489e+06
2.87881e+06
2.8999e+06
2.92198e+06
2.94512e+06
2.96764e+06
2.98763e+06
3.0073e+06
3.02484e+06
3.04116e+06
3.05461e+06
3.06734e+06
3.07905e+06
3.09058e+06
3.10329e+06
3.11588e+06
3.13009e+06
3.14524e+06
3.16081e+06
3.17689e+06
3.19354e+06
3.21057e+06
3.22806e+06
3.24579e+06
3.26363e+06
3.28142e+06
3.29894e+06
3.31645e+06
3.33351e+06
3.35066e+06
3.36761e+06
3.3845e+06
3.4017e+06
3.41927e+06
3.43675e+06
3.45488e+06
3.47317e+06
3.49176e+06
3.51087e+06
3.53015e+06
3.55046e+06
3.57068e+06
3.59252e+06
3.61405e+06
3.63802e+06
3.66047e+06
3.68744e+06
3.70933e+06
3.74198e+06
3.76109e+06
3.80386e+06
7.8265e+06
6.53864e+06
5.58998e+06
4.95553e+06
4.42552e+06
4.06792e+06
3.81191e+06
3.6206e+06
3.50437e+06
3.43751e+06
3.40596e+06
3.46026e+06
3.55526e+06
3.66581e+06
3.80242e+06
3.96256e+06
4.16271e+06
4.36053e+06
4.5814e+06
4.84067e+06
5.06813e+06
5.32035e+06
5.55888e+06
5.79152e+06
6.02442e+06
6.22159e+06
6.42605e+06
6.5694e+06
6.72797e+06
6.8276e+06
6.93354e+06
7.0039e+06
7.06522e+06
7.1053e+06
7.12034e+06
7.12486e+06
7.09537e+06
7.0625e+06
6.99954e+06
6.90987e+06
6.80228e+06
6.6779e+06
6.56454e+06
6.45494e+06
6.32738e+06
6.20581e+06
6.07486e+06
5.9615e+06
5.83576e+06
5.72012e+06
5.6079e+06
5.48952e+06
5.38675e+06
5.29513e+06
5.2075e+06
5.12683e+06
5.05448e+06
4.97868e+06
4.90851e+06
4.84049e+06
4.78051e+06
4.72422e+06
4.67252e+06
4.62817e+06
4.58488e+06
4.54736e+06
4.51246e+06
4.4791e+06
4.4477e+06
4.41861e+06
4.39153e+06
4.36693e+06
4.34413e+06
4.32315e+06
4.3035e+06
4.28504e+06
4.26855e+06
4.25276e+06
4.23963e+06
4.22696e+06
4.21897e+06
4.21236e+06
4.20653e+06
4.2002e+06
4.19964e+06
4.19579e+06
4.19462e+06
4.19465e+06
4.19569e+06
4.19959e+06
4.20342e+06
4.21127e+06
4.21776e+06
4.229e+06
4.23914e+06
4.25541e+06
4.26627e+06
4.28693e+06
4.29839e+06
4.3237e+06
2.74648e+07
2.60281e+07
2.35298e+07
2.1925e+07
2.04898e+07
1.93883e+07
1.85198e+07
1.7894e+07
1.74091e+07
1.70428e+07
1.68514e+07
1.66852e+07
1.66177e+07
1.64115e+07
1.63465e+07
1.61158e+07
1.59388e+07
1.56873e+07
1.53683e+07
1.51262e+07
1.48145e+07
1.46026e+07
1.43697e+07
1.42056e+07
1.40772e+07
1.39653e+07
1.39147e+07
1.38279e+07
1.38275e+07
1.37673e+07
1.37751e+07
1.37502e+07
1.37488e+07
1.37352e+07
1.37246e+07
1.37342e+07
1.36824e+07
1.36803e+07
1.36637e+07
1.36168e+07
1.34883e+07
1.3468e+07
1.34064e+07
1.33405e+07
1.32735e+07
1.31546e+07
1.30299e+07
1.2927e+07
1.28098e+07
1.26963e+07
1.2539e+07
1.23577e+07
1.21657e+07
1.19456e+07
1.17192e+07
1.1457e+07
1.11902e+07
1.09157e+07
1.0639e+07
1.03377e+07
1.00376e+07
9.73607e+06
9.43062e+06
9.15055e+06
8.85537e+06
8.58196e+06
8.31808e+06
8.06229e+06
7.8195e+06
7.59559e+06
7.38858e+06
7.19991e+06
7.02553e+06
6.86578e+06
6.71767e+06
6.58312e+06
6.46049e+06
6.34891e+06
6.24737e+06
6.15484e+06
6.06953e+06
5.99279e+06
5.92144e+06
5.85696e+06
5.79701e+06
5.74332e+06
5.69274e+06
5.64801e+06
5.60451e+06
5.5677e+06
5.53104e+06
5.50227e+06
5.47294e+06
5.45083e+06
5.43106e+06
5.4153e+06
5.40355e+06
5.39115e+06
5.3798e+06
5.36628e+06
3.55673e+07
3.49387e+07
3.34654e+07
3.24343e+07
3.1526e+07
3.07578e+07
2.99943e+07
2.93605e+07
2.86845e+07
2.79574e+07
2.72861e+07
2.64194e+07
2.55917e+07
2.44821e+07
2.3562e+07
2.24531e+07
2.14996e+07
2.05336e+07
1.96005e+07
1.88224e+07
1.80583e+07
1.74964e+07
1.69594e+07
1.65757e+07
1.62449e+07
1.59789e+07
1.57843e+07
1.55934e+07
1.54969e+07
1.53619e+07
1.53051e+07
1.52438e+07
1.51907e+07
1.51653e+07
1.51492e+07
1.51452e+07
1.50991e+07
1.51453e+07
1.51662e+07
1.51515e+07
1.51575e+07
1.52335e+07
1.52609e+07
1.53536e+07
1.53946e+07
1.54283e+07
1.54597e+07
1.55073e+07
1.55543e+07
1.56628e+07
1.57341e+07
1.58466e+07
1.59295e+07
1.59858e+07
1.59961e+07
1.59867e+07
1.5968e+07
1.59564e+07
1.59294e+07
1.58629e+07
1.58088e+07
1.57355e+07
1.56615e+07
1.55702e+07
1.54413e+07
1.52738e+07
1.50522e+07
1.47969e+07
1.45128e+07
1.42019e+07
1.38727e+07
1.35235e+07
1.31709e+07
1.2808e+07
1.2454e+07
1.20995e+07
1.17559e+07
1.14174e+07
1.10933e+07
1.07773e+07
1.04745e+07
1.0187e+07
9.91243e+06
9.65294e+06
9.411e+06
9.18558e+06
8.97698e+06
8.78496e+06
8.60658e+06
8.44427e+06
8.29259e+06
8.15607e+06
8.0296e+06
7.91686e+06
7.81654e+06
7.72182e+06
7.6452e+06
7.55966e+06
7.5167e+06
7.37432e+06
3.40196e+07
3.39735e+07
3.33381e+07
3.28047e+07
3.22179e+07
3.15884e+07
3.08527e+07
3.0218e+07
2.94603e+07
2.87199e+07
2.79168e+07
2.69337e+07
2.5944e+07
2.47491e+07
2.37165e+07
2.25046e+07
2.15006e+07
2.04649e+07
1.96147e+07
1.887e+07
1.81726e+07
1.76818e+07
1.72034e+07
1.68746e+07
1.65599e+07
1.63076e+07
1.61008e+07
1.59182e+07
1.57996e+07
1.56604e+07
1.55889e+07
1.55199e+07
1.54457e+07
1.54173e+07
1.54183e+07
1.53539e+07
1.53711e+07
1.53856e+07
1.53895e+07
1.54323e+07
1.54901e+07
1.55156e+07
1.56187e+07
1.5657e+07
1.56603e+07
1.5722e+07
1.57641e+07
1.58116e+07
1.58691e+07
1.59599e+07
1.60619e+07
1.61704e+07
1.62951e+07
1.63699e+07
1.64703e+07
1.65103e+07
1.66001e+07
1.66634e+07
1.67432e+07
1.68267e+07
1.69022e+07
1.70156e+07
1.71016e+07
1.71903e+07
1.72742e+07
1.73499e+07
1.73923e+07
1.74131e+07
1.74625e+07
1.74486e+07
1.74233e+07
1.73303e+07
1.72157e+07
1.70571e+07
1.69164e+07
1.67449e+07
1.6608e+07
1.64365e+07
1.6301e+07
1.61198e+07
1.59747e+07
1.57773e+07
1.56057e+07
1.53855e+07
1.51912e+07
1.49451e+07
1.47286e+07
1.44583e+07
1.42227e+07
1.3935e+07
1.3691e+07
1.33984e+07
1.31603e+07
1.28659e+07
1.26433e+07
1.235e+07
1.21547e+07
1.18673e+07
1.16673e+07
1.13813e+07
3.20264e+07
3.21909e+07
3.1697e+07
3.12821e+07
3.07838e+07
3.01422e+07
2.95225e+07
2.88824e+07
2.82199e+07
2.74648e+07
2.66442e+07
2.57229e+07
2.47933e+07
2.38013e+07
2.28831e+07
2.19689e+07
2.11719e+07
2.03892e+07
1.96787e+07
1.90412e+07
1.84875e+07
1.80794e+07
1.76491e+07
1.73555e+07
1.70721e+07
1.68467e+07
1.66644e+07
1.64725e+07
1.63418e+07
1.61781e+07
1.60963e+07
1.59972e+07
1.58994e+07
1.58826e+07
1.5826e+07
1.57686e+07
1.57754e+07
1.57443e+07
1.57384e+07
1.57528e+07
1.57759e+07
1.58199e+07
1.58691e+07
1.58628e+07
1.58461e+07
1.58538e+07
1.58862e+07
1.59186e+07
1.59833e+07
1.603e+07
1.61216e+07
1.61902e+07
1.63061e+07
1.63784e+07
1.6486e+07
1.65457e+07
1.66434e+07
1.67055e+07
1.67965e+07
1.68722e+07
1.69423e+07
1.70553e+07
1.71225e+07
1.72376e+07
1.73168e+07
1.742e+07
1.74951e+07
1.75354e+07
1.76433e+07
1.76854e+07
1.77262e+07
1.77571e+07
1.77422e+07
1.78101e+07
1.77527e+07
1.78321e+07
1.78007e+07
1.77694e+07
1.76093e+07
1.74243e+07
1.74496e+07
1.73706e+07
1.73224e+07
1.73237e+07
1.73143e+07
1.73321e+07
1.73357e+07
1.73141e+07
1.73036e+07
1.72379e+07
1.72004e+07
1.71848e+07
1.71512e+07
1.7079e+07
1.70203e+07
1.69078e+07
1.68236e+07
1.66766e+07
1.65509e+07
1.63675e+07
3.12909e+07
3.14405e+07
3.096e+07
3.07274e+07
3.02766e+07
2.9537e+07
2.87925e+07
2.81087e+07
2.75064e+07
2.68989e+07
2.62407e+07
2.54897e+07
2.46737e+07
2.38241e+07
2.29847e+07
2.21983e+07
2.14472e+07
2.07736e+07
2.01927e+07
1.96442e+07
1.9228e+07
1.87979e+07
1.84321e+07
1.81502e+07
1.78196e+07
1.76015e+07
1.72802e+07
1.70591e+07
1.67996e+07
1.65614e+07
1.63984e+07
1.62048e+07
1.60754e+07
1.60121e+07
1.59185e+07
1.58552e+07
1.58506e+07
1.57773e+07
1.57623e+07
1.56587e+07
1.5713e+07
1.57404e+07
1.58353e+07
1.58448e+07
1.58654e+07
1.58655e+07
1.58384e+07
1.58562e+07
1.59077e+07
1.59587e+07
1.60218e+07
1.6107e+07
1.61931e+07
1.63025e+07
1.63782e+07
1.64918e+07
1.65482e+07
1.66641e+07
1.67179e+07
1.68246e+07
1.68757e+07
1.69787e+07
1.70345e+07
1.7131e+07
1.7174e+07
1.7263e+07
1.72998e+07
1.73787e+07
1.74423e+07
1.7491e+07
1.75921e+07
1.76374e+07
1.76748e+07
1.77076e+07
1.76941e+07
1.77557e+07
1.771e+07
1.7726e+07
1.76325e+07
1.76542e+07
1.763e+07
1.74905e+07
1.75117e+07
1.74386e+07
1.74053e+07
1.74267e+07
1.74481e+07
1.749e+07
1.75268e+07
1.75619e+07
1.76035e+07
1.7633e+07
1.76715e+07
1.76946e+07
1.77186e+07
1.77368e+07
1.77518e+07
1.77616e+07
1.77721e+07
1.77669e+07
3.08112e+07
3.07459e+07
3.01119e+07
3.01774e+07
3.00536e+07
2.95555e+07
2.88104e+07
2.8002e+07
2.72841e+07
2.66856e+07
2.60913e+07
2.54774e+07
2.47381e+07
2.39821e+07
2.31764e+07
2.24221e+07
2.17277e+07
2.10525e+07
2.0493e+07
1.99365e+07
1.95132e+07
1.90694e+07
1.87262e+07
1.84185e+07
1.80678e+07
1.78124e+07
1.74513e+07
1.72048e+07
1.68827e+07
1.662e+07
1.64097e+07
1.61787e+07
1.60491e+07
1.59429e+07
1.58614e+07
1.57914e+07
1.57592e+07
1.56976e+07
1.56788e+07
1.56366e+07
1.56378e+07
1.56495e+07
1.57187e+07
1.57344e+07
1.57605e+07
1.57747e+07
1.57474e+07
1.57567e+07
1.5791e+07
1.58575e+07
1.59235e+07
1.60088e+07
1.61087e+07
1.61918e+07
1.629e+07
1.6371e+07
1.64358e+07
1.65225e+07
1.65738e+07
1.66557e+07
1.67051e+07
1.67648e+07
1.68292e+07
1.68719e+07
1.69505e+07
1.69931e+07
1.70422e+07
1.70894e+07
1.71526e+07
1.71938e+07
1.72022e+07
1.72879e+07
1.73054e+07
1.73287e+07
1.72791e+07
1.73279e+07
1.72692e+07
1.72369e+07
1.72401e+07
1.72436e+07
1.72607e+07
1.7277e+07
1.72906e+07
1.73189e+07
1.73317e+07
1.73655e+07
1.73866e+07
1.74162e+07
1.74476e+07
1.74719e+07
1.75059e+07
1.75303e+07
1.75603e+07
1.75905e+07
1.76147e+07
1.76417e+07
1.76602e+07
1.77004e+07
1.77083e+07
1.7788e+07
2.99328e+07
2.98848e+07
2.80143e+07
2.7817e+07
2.82247e+07
2.85267e+07
2.82178e+07
2.76092e+07
2.68743e+07
2.61774e+07
2.55057e+07
2.48839e+07
2.42163e+07
2.35379e+07
2.28379e+07
2.21174e+07
2.14696e+07
2.08179e+07
2.03013e+07
1.98274e+07
1.94428e+07
1.91003e+07
1.8791e+07
1.84758e+07
1.81421e+07
1.78594e+07
1.75209e+07
1.72288e+07
1.68744e+07
1.65809e+07
1.63157e+07
1.60546e+07
1.59398e+07
1.58002e+07
1.56981e+07
1.5665e+07
1.56332e+07
1.55757e+07
1.55871e+07
1.55889e+07
1.55462e+07
1.55992e+07
1.55817e+07
1.55651e+07
1.56323e+07
1.5642e+07
1.5664e+07
1.56656e+07
1.56976e+07
1.57633e+07
1.58392e+07
1.5926e+07
1.59934e+07
1.60626e+07
1.6105e+07
1.61574e+07
1.61928e+07
1.62409e+07
1.62923e+07
1.63348e+07
1.63804e+07
1.64509e+07
1.64758e+07
1.65701e+07
1.66174e+07
1.67169e+07
1.67623e+07
1.68314e+07
1.69292e+07
1.68657e+07
1.69114e+07
1.6852e+07
1.68315e+07
1.68621e+07
1.68986e+07
1.69523e+07
1.70013e+07
1.70523e+07
1.7104e+07
1.71481e+07
1.7196e+07
1.72365e+07
1.72747e+07
1.73156e+07
1.73432e+07
1.73809e+07
1.74046e+07
1.74347e+07
1.74591e+07
1.74827e+07
1.75083e+07
1.75283e+07
1.75527e+07
1.75772e+07
1.75914e+07
1.76274e+07
1.76424e+07
1.76765e+07
1.76959e+07
1.77158e+07
2.89759e+07
2.88148e+07
2.75524e+07
2.69021e+07
2.5863e+07
2.5733e+07
2.63668e+07
2.64964e+07
2.60858e+07
2.5367e+07
2.45753e+07
2.38379e+07
2.32123e+07
2.26181e+07
2.20616e+07
2.14757e+07
2.08996e+07
2.03273e+07
1.9824e+07
1.93797e+07
1.90058e+07
1.87056e+07
1.84544e+07
1.82219e+07
1.80431e+07
1.78131e+07
1.75701e+07
1.72527e+07
1.69043e+07
1.65641e+07
1.62251e+07
1.59412e+07
1.57502e+07
1.55829e+07
1.54943e+07
1.5481e+07
1.54318e+07
1.54312e+07
1.54547e+07
1.54093e+07
1.54004e+07
1.54869e+07
1.54392e+07
1.55104e+07
1.5535e+07
1.5584e+07
1.56067e+07
1.56159e+07
1.56132e+07
1.56246e+07
1.56933e+07
1.57956e+07
1.58687e+07
1.59218e+07
1.59614e+07
1.59681e+07
1.59995e+07
1.60233e+07
1.60717e+07
1.61217e+07
1.6177e+07
1.62106e+07
1.62421e+07
1.62633e+07
1.62785e+07
1.63064e+07
1.63883e+07
1.64116e+07
1.64395e+07
1.6455e+07
1.64246e+07
1.64243e+07
1.64635e+07
1.65228e+07
1.65961e+07
1.66696e+07
1.67474e+07
1.68146e+07
1.68882e+07
1.69429e+07
1.70028e+07
1.70464e+07
1.70921e+07
1.71281e+07
1.71677e+07
1.71956e+07
1.7235e+07
1.72583e+07
1.72887e+07
1.73144e+07
1.73318e+07
1.73592e+07
1.7371e+07
1.7399e+07
1.74115e+07
1.74412e+07
1.7452e+07
1.74897e+07
1.74998e+07
1.75589e+07
2.78277e+07
2.78658e+07
2.71576e+07
2.63756e+07
2.61134e+07
2.60247e+07
2.59985e+07
2.58554e+07
2.53813e+07
2.46935e+07
2.3912e+07
2.32274e+07
2.26738e+07
2.21467e+07
2.16772e+07
2.10891e+07
2.05375e+07
1.98844e+07
1.9388e+07
1.89165e+07
1.85949e+07
1.83636e+07
1.82284e+07
1.80963e+07
1.80057e+07
1.78291e+07
1.76685e+07
1.73409e+07
1.70038e+07
1.66151e+07
1.61859e+07
1.59117e+07
1.56575e+07
1.54884e+07
1.54363e+07
1.53656e+07
1.53665e+07
1.53693e+07
1.53588e+07
1.528e+07
1.52839e+07
1.53678e+07
1.54226e+07
1.55109e+07
1.54606e+07
1.54801e+07
1.54783e+07
1.54749e+07
1.5482e+07
1.54327e+07
1.54363e+07
1.5502e+07
1.55638e+07
1.56228e+07
1.56799e+07
1.57006e+07
1.57066e+07
1.57338e+07
1.57791e+07
1.58234e+07
1.58687e+07
1.58824e+07
1.59111e+07
1.59177e+07
1.59385e+07
1.59514e+07
1.59674e+07
1.60385e+07
1.605e+07
1.60231e+07
1.60126e+07
1.60422e+07
1.6107e+07
1.6181e+07
1.62708e+07
1.63563e+07
1.64398e+07
1.6517e+07
1.65839e+07
1.66415e+07
1.66904e+07
1.67255e+07
1.67622e+07
1.67905e+07
1.68074e+07
1.68333e+07
1.68532e+07
1.68747e+07
1.69004e+07
1.6929e+07
1.69563e+07
1.69942e+07
1.70257e+07
1.70387e+07
1.70556e+07
1.70713e+07
1.7091e+07
1.71253e+07
1.71458e+07
1.71936e+07
2.64793e+07
2.66769e+07
2.63246e+07
2.54632e+07
2.50778e+07
2.48162e+07
2.45559e+07
2.46577e+07
2.43416e+07
2.39585e+07
2.33617e+07
2.27876e+07
2.2326e+07
2.17544e+07
2.13626e+07
2.07358e+07
2.01364e+07
1.95023e+07
1.89919e+07
1.85112e+07
1.81313e+07
1.78657e+07
1.77281e+07
1.76202e+07
1.75048e+07
1.74123e+07
1.73571e+07
1.71697e+07
1.68662e+07
1.6489e+07
1.6106e+07
1.58232e+07
1.55562e+07
1.53944e+07
1.53306e+07
1.52649e+07
1.52546e+07
1.52527e+07
1.52364e+07
1.51751e+07
1.52185e+07
1.52742e+07
1.53757e+07
1.53322e+07
1.52924e+07
1.53393e+07
1.53384e+07
1.53371e+07
1.53089e+07
1.53078e+07
1.52671e+07
1.52322e+07
1.53062e+07
1.53274e+07
1.54077e+07
1.54354e+07
1.54451e+07
1.54333e+07
1.53855e+07
1.54054e+07
1.54422e+07
1.54682e+07
1.54905e+07
1.54912e+07
1.55025e+07
1.55007e+07
1.55166e+07
1.55264e+07
1.55582e+07
1.55932e+07
1.56549e+07
1.5721e+07
1.58099e+07
1.58995e+07
1.60015e+07
1.60982e+07
1.61923e+07
1.62796e+07
1.63582e+07
1.64244e+07
1.6484e+07
1.6525e+07
1.65654e+07
1.65905e+07
1.66159e+07
1.6633e+07
1.66527e+07
1.66686e+07
1.66865e+07
1.67063e+07
1.67226e+07
1.67462e+07
1.67635e+07
1.67926e+07
1.68078e+07
1.68399e+07
1.68584e+07
1.69027e+07
1.69323e+07
1.69666e+07
2.5011e+07
2.52055e+07
2.53725e+07
2.47174e+07
2.43787e+07
2.38623e+07
2.29813e+07
2.27392e+07
2.29852e+07
2.30207e+07
2.26472e+07
2.21829e+07
2.17309e+07
2.10339e+07
2.06735e+07
2.00706e+07
1.95905e+07
1.91369e+07
1.87631e+07
1.84064e+07
1.80343e+07
1.78172e+07
1.76394e+07
1.7408e+07
1.69901e+07
1.65612e+07
1.64813e+07
1.66606e+07
1.65757e+07
1.63234e+07
1.60787e+07
1.57755e+07
1.55512e+07
1.54333e+07
1.5366e+07
1.53347e+07
1.53239e+07
1.53368e+07
1.5313e+07
1.52822e+07
1.53138e+07
1.53463e+07
1.53375e+07
1.51382e+07
1.52067e+07
1.52215e+07
1.52755e+07
1.52792e+07
1.52176e+07
1.52936e+07
1.52306e+07
1.51597e+07
1.51429e+07
1.52352e+07
1.52168e+07
1.52893e+07
1.5266e+07
1.52156e+07
1.51611e+07
1.51975e+07
1.52368e+07
1.52602e+07
1.52806e+07
1.52852e+07
1.53121e+07
1.53303e+07
1.53643e+07
1.53852e+07
1.54178e+07
1.54474e+07
1.5494e+07
1.55458e+07
1.56187e+07
1.57071e+07
1.58119e+07
1.59284e+07
1.60403e+07
1.6154e+07
1.62523e+07
1.63438e+07
1.64185e+07
1.64804e+07
1.6532e+07
1.65693e+07
1.66042e+07
1.66268e+07
1.6652e+07
1.66712e+07
1.66873e+07
1.67072e+07
1.67157e+07
1.67359e+07
1.67426e+07
1.67654e+07
1.67728e+07
1.67974e+07
1.68064e+07
1.6834e+07
1.68516e+07
1.68693e+07
2.38698e+07
2.38043e+07
2.40358e+07
2.40809e+07
2.35662e+07
2.32186e+07
2.26404e+07
2.18325e+07
2.16562e+07
2.19195e+07
2.19961e+07
2.16806e+07
2.11563e+07
2.04703e+07
1.98399e+07
1.9183e+07
1.86847e+07
1.8391e+07
1.81128e+07
1.80858e+07
1.78744e+07
1.776e+07
1.7482e+07
1.73628e+07
1.70445e+07
1.69353e+07
1.6649e+07
1.64645e+07
1.61227e+07
1.59047e+07
1.56882e+07
1.55571e+07
1.54825e+07
1.54749e+07
1.54686e+07
1.55101e+07
1.55235e+07
1.55588e+07
1.54568e+07
1.54604e+07
1.54216e+07
1.54122e+07
1.53148e+07
1.5183e+07
1.53265e+07
1.52471e+07
1.52755e+07
1.52543e+07
1.52792e+07
1.52053e+07
1.52684e+07
1.52014e+07
1.51532e+07
1.51007e+07
1.52054e+07
1.52343e+07
1.53233e+07
1.53696e+07
1.53216e+07
1.53129e+07
1.52547e+07
1.52548e+07
1.52152e+07
1.51762e+07
1.51801e+07
1.52035e+07
1.52377e+07
1.52769e+07
1.5307e+07
1.53549e+07
1.53933e+07
1.54567e+07
1.55201e+07
1.5623e+07
1.57314e+07
1.58691e+07
1.59958e+07
1.61356e+07
1.62601e+07
1.63816e+07
1.64857e+07
1.65759e+07
1.66568e+07
1.6716e+07
1.67754e+07
1.68118e+07
1.68523e+07
1.68791e+07
1.69067e+07
1.69265e+07
1.69466e+07
1.69619e+07
1.69749e+07
1.69964e+07
1.70039e+07
1.70214e+07
1.70297e+07
1.70487e+07
1.70492e+07
1.71079e+07
2.32032e+07
2.25677e+07
2.27906e+07
2.28716e+07
2.27933e+07
2.24509e+07
2.19938e+07
2.16907e+07
2.1507e+07
2.13002e+07
2.11762e+07
2.09921e+07
2.06488e+07
2.01365e+07
1.95729e+07
1.89389e+07
1.8309e+07
1.78851e+07
1.73919e+07
1.72066e+07
1.67032e+07
1.64908e+07
1.59974e+07
1.56105e+07
1.51876e+07
1.48817e+07
1.45858e+07
1.45419e+07
1.43772e+07
1.4412e+07
1.44614e+07
1.47116e+07
1.47263e+07
1.48362e+07
1.49381e+07
1.52969e+07
1.53322e+07
1.55028e+07
1.55619e+07
1.5597e+07
1.54798e+07
1.54744e+07
1.53163e+07
1.53187e+07
1.53689e+07
1.5347e+07
1.53325e+07
1.54241e+07
1.54207e+07
1.54603e+07
1.54491e+07
1.54107e+07
1.53956e+07
1.5379e+07
1.53186e+07
1.53298e+07
1.54109e+07
1.55054e+07
1.56549e+07
1.56003e+07
1.54828e+07
1.5457e+07
1.53482e+07
1.537e+07
1.53364e+07
1.53237e+07
1.53548e+07
1.54004e+07
1.5455e+07
1.55146e+07
1.55731e+07
1.56304e+07
1.57022e+07
1.57974e+07
1.59175e+07
1.60555e+07
1.61903e+07
1.63378e+07
1.64741e+07
1.66073e+07
1.67228e+07
1.68254e+07
1.69076e+07
1.69735e+07
1.70249e+07
1.70629e+07
1.7106e+07
1.71319e+07
1.71739e+07
1.71963e+07
1.72261e+07
1.72457e+07
1.72641e+07
1.72857e+07
1.72991e+07
1.73211e+07
1.73341e+07
1.7355e+07
1.73713e+07
1.73851e+07
2.24852e+07
2.20577e+07
2.17507e+07
2.18307e+07
2.18407e+07
2.18491e+07
2.14769e+07
2.11874e+07
2.08405e+07
2.06562e+07
2.03973e+07
2.02489e+07
1.9911e+07
1.95997e+07
1.91743e+07
1.87336e+07
1.81638e+07
1.76985e+07
1.72122e+07
1.68334e+07
1.63642e+07
1.61025e+07
1.57135e+07
1.51554e+07
1.48943e+07
1.43923e+07
1.42368e+07
1.40567e+07
1.41447e+07
1.41541e+07
1.41453e+07
1.46411e+07
1.46421e+07
1.51816e+07
1.51031e+07
1.52722e+07
1.53745e+07
1.55039e+07
1.55425e+07
1.55468e+07
1.55299e+07
1.55449e+07
1.53544e+07
1.54665e+07
1.54293e+07
1.54218e+07
1.54647e+07
1.55231e+07
1.55196e+07
1.55702e+07
1.55728e+07
1.56198e+07
1.56211e+07
1.55805e+07
1.55479e+07
1.55696e+07
1.57292e+07
1.59535e+07
1.60774e+07
1.61306e+07
1.61235e+07
1.61624e+07
1.61105e+07
1.61772e+07
1.61595e+07
1.60499e+07
1.6093e+07
1.60651e+07
1.60898e+07
1.61679e+07
1.62393e+07
1.63206e+07
1.63879e+07
1.63962e+07
1.64483e+07
1.65315e+07
1.66169e+07
1.67207e+07
1.68352e+07
1.69381e+07
1.70473e+07
1.71258e+07
1.71946e+07
1.72354e+07
1.72648e+07
1.72805e+07
1.73077e+07
1.73255e+07
1.73612e+07
1.73904e+07
1.74192e+07
1.7448e+07
1.74754e+07
1.7508e+07
1.75309e+07
1.75673e+07
1.75878e+07
1.76186e+07
1.76312e+07
1.76539e+07
2.17592e+07
2.17088e+07
2.11762e+07
2.08322e+07
2.08444e+07
2.04959e+07
2.05605e+07
2.05562e+07
2.02841e+07
2.00371e+07
1.97646e+07
1.95244e+07
1.92802e+07
1.90116e+07
1.86883e+07
1.82325e+07
1.77461e+07
1.73261e+07
1.6934e+07
1.65053e+07
1.63146e+07
1.59597e+07
1.57839e+07
1.55698e+07
1.53965e+07
1.52973e+07
1.5142e+07
1.49715e+07
1.48e+07
1.47195e+07
1.47488e+07
1.47644e+07
1.48412e+07
1.47901e+07
1.49398e+07
1.5062e+07
1.51829e+07
1.52519e+07
1.53017e+07
1.53972e+07
1.55405e+07
1.55375e+07
1.55958e+07
1.58216e+07
1.58299e+07
1.58327e+07
1.59137e+07
1.59079e+07
1.59724e+07
1.60613e+07
1.61889e+07
1.61506e+07
1.61498e+07
1.61009e+07
1.60847e+07
1.61003e+07
1.62328e+07
1.6333e+07
1.6379e+07
1.64911e+07
1.65165e+07
1.65371e+07
1.65527e+07
1.65217e+07
1.65317e+07
1.65703e+07
1.66496e+07
1.67344e+07
1.68844e+07
1.70114e+07
1.71369e+07
1.72701e+07
1.73429e+07
1.74519e+07
1.75361e+07
1.75691e+07
1.76627e+07
1.7672e+07
1.75949e+07
1.76163e+07
1.75558e+07
1.74921e+07
1.74985e+07
1.74737e+07
1.74667e+07
1.75259e+07
1.75659e+07
1.76197e+07
1.76644e+07
1.76869e+07
1.77358e+07
1.77117e+07
1.77338e+07
1.77111e+07
1.77003e+07
1.77165e+07
1.77298e+07
1.77566e+07
1.77693e+07
1.77905e+07
2.1179e+07
2.11395e+07
2.08403e+07
2.07112e+07
2.03181e+07
1.9994e+07
1.97906e+07
1.96623e+07
1.96857e+07
1.96633e+07
1.95728e+07
1.93124e+07
1.90646e+07
1.8818e+07
1.84237e+07
1.81034e+07
1.76173e+07
1.72362e+07
1.69069e+07
1.6606e+07
1.63617e+07
1.62064e+07
1.61625e+07
1.61298e+07
1.60839e+07
1.60792e+07
1.60137e+07
1.59706e+07
1.58493e+07
1.571e+07
1.55738e+07
1.54618e+07
1.54731e+07
1.5484e+07
1.55346e+07
1.56776e+07
1.58297e+07
1.60153e+07
1.60658e+07
1.61076e+07
1.6268e+07
1.61913e+07
1.62701e+07
1.64376e+07
1.64522e+07
1.64958e+07
1.64928e+07
1.65456e+07
1.66776e+07
1.68645e+07
1.68735e+07
1.69098e+07
1.69155e+07
1.68522e+07
1.67773e+07
1.67916e+07
1.67898e+07
1.6823e+07
1.6954e+07
1.70135e+07
1.70988e+07
1.71081e+07
1.70807e+07
1.70741e+07
1.71532e+07
1.72139e+07
1.72606e+07
1.73694e+07
1.747e+07
1.75967e+07
1.77178e+07
1.7827e+07
1.7935e+07
1.80472e+07
1.81123e+07
1.81646e+07
1.81829e+07
1.82442e+07
1.82075e+07
1.82355e+07
1.82274e+07
1.81951e+07
1.81735e+07
1.81493e+07
1.80985e+07
1.80881e+07
1.81174e+07
1.81442e+07
1.81763e+07
1.8219e+07
1.82178e+07
1.81888e+07
1.81523e+07
1.81275e+07
1.80992e+07
1.81015e+07
1.80794e+07
1.80707e+07
1.80598e+07
1.80941e+07
2.04904e+07
2.02689e+07
2.03362e+07
2.04959e+07
2.0067e+07
1.96325e+07
1.93966e+07
1.86712e+07
1.88293e+07
1.91696e+07
1.91705e+07
1.92643e+07
1.90993e+07
1.88522e+07
1.84679e+07
1.82167e+07
1.78319e+07
1.74194e+07
1.70846e+07
1.68392e+07
1.66336e+07
1.64985e+07
1.64234e+07
1.63242e+07
1.61396e+07
1.61227e+07
1.60528e+07
1.60941e+07
1.62012e+07
1.62667e+07
1.62765e+07
1.62636e+07
1.63143e+07
1.64025e+07
1.64818e+07
1.65707e+07
1.66104e+07
1.67105e+07
1.67192e+07
1.67835e+07
1.68586e+07
1.6818e+07
1.68729e+07
1.69461e+07
1.6993e+07
1.70736e+07
1.70898e+07
1.7068e+07
1.71557e+07
1.73036e+07
1.74274e+07
1.74357e+07
1.75983e+07
1.75913e+07
1.75617e+07
1.75572e+07
1.75115e+07
1.74242e+07
1.74831e+07
1.75777e+07
1.76249e+07
1.76367e+07
1.76195e+07
1.76154e+07
1.76379e+07
1.76931e+07
1.77226e+07
1.77199e+07
1.77281e+07
1.77743e+07
1.78448e+07
1.7873e+07
1.79802e+07
1.8079e+07
1.81251e+07
1.81895e+07
1.82386e+07
1.82666e+07
1.8323e+07
1.83338e+07
1.83637e+07
1.83354e+07
1.83029e+07
1.82859e+07
1.82762e+07
1.82999e+07
1.83267e+07
1.83527e+07
1.8387e+07
1.84011e+07
1.84116e+07
1.84104e+07
1.83875e+07
1.83821e+07
1.83458e+07
1.83098e+07
1.83147e+07
1.82878e+07
1.82808e+07
1.82764e+07
1.96937e+07
1.92253e+07
1.94454e+07
1.97101e+07
1.96601e+07
1.9508e+07
1.97223e+07
1.92201e+07
1.89064e+07
1.86651e+07
1.85489e+07
1.8571e+07
1.86983e+07
1.87398e+07
1.84658e+07
1.8286e+07
1.80733e+07
1.78551e+07
1.7524e+07
1.72395e+07
1.70694e+07
1.6913e+07
1.67723e+07
1.67014e+07
1.66936e+07
1.67111e+07
1.67465e+07
1.67751e+07
1.68118e+07
1.68322e+07
1.68778e+07
1.68975e+07
1.69852e+07
1.7058e+07
1.71135e+07
1.71867e+07
1.72659e+07
1.73027e+07
1.72976e+07
1.7386e+07
1.73903e+07
1.74852e+07
1.75046e+07
1.75261e+07
1.75294e+07
1.7616e+07
1.76591e+07
1.75811e+07
1.76125e+07
1.77304e+07
1.7797e+07
1.78826e+07
1.79434e+07
1.7979e+07
1.7996e+07
1.79796e+07
1.78779e+07
1.7826e+07
1.78407e+07
1.78222e+07
1.78295e+07
1.78321e+07
1.78005e+07
1.77999e+07
1.78052e+07
1.78012e+07
1.78055e+07
1.78083e+07
1.78416e+07
1.78168e+07
1.78e+07
1.77914e+07
1.78379e+07
1.79365e+07
1.79671e+07
1.79906e+07
1.80342e+07
1.80882e+07
1.8163e+07
1.82047e+07
1.82283e+07
1.82285e+07
1.82047e+07
1.82114e+07
1.82013e+07
1.82007e+07
1.82067e+07
1.82443e+07
1.82876e+07
1.83123e+07
1.83377e+07
1.83447e+07
1.83465e+07
1.83489e+07
1.83393e+07
1.83456e+07
1.83202e+07
1.83235e+07
1.83066e+07
1.83118e+07
1.90614e+07
1.89644e+07
1.89886e+07
1.8805e+07
1.88138e+07
1.89724e+07
1.92423e+07
1.89117e+07
1.86582e+07
1.83884e+07
1.82902e+07
1.83444e+07
1.84367e+07
1.84118e+07
1.83826e+07
1.8422e+07
1.83389e+07
1.82267e+07
1.79747e+07
1.78175e+07
1.76897e+07
1.75039e+07
1.7385e+07
1.73569e+07
1.73069e+07
1.73159e+07
1.73247e+07
1.73759e+07
1.74424e+07
1.75332e+07
1.76133e+07
1.76317e+07
1.76852e+07
1.77488e+07
1.77492e+07
1.77889e+07
1.7825e+07
1.78183e+07
1.78443e+07
1.78742e+07
1.79252e+07
1.79598e+07
1.80076e+07
1.8001e+07
1.79167e+07
1.80332e+07
1.79774e+07
1.78325e+07
1.78586e+07
1.78297e+07
1.78665e+07
1.79734e+07
1.80135e+07
1.80407e+07
1.80154e+07
1.80229e+07
1.79731e+07
1.79714e+07
1.79388e+07
1.78833e+07
1.78954e+07
1.78825e+07
1.78538e+07
1.78069e+07
1.78126e+07
1.78086e+07
1.77748e+07
1.78798e+07
1.78314e+07
1.78003e+07
1.77953e+07
1.77952e+07
1.77529e+07
1.77675e+07
1.7746e+07
1.77535e+07
1.77597e+07
1.77517e+07
1.7805e+07
1.78906e+07
1.79439e+07
1.79531e+07
1.79558e+07
1.79716e+07
1.79865e+07
1.79817e+07
1.79976e+07
1.80347e+07
1.80808e+07
1.81121e+07
1.81327e+07
1.81411e+07
1.81405e+07
1.81389e+07
1.81428e+07
1.81475e+07
1.81407e+07
1.81455e+07
1.81434e+07
1.81404e+07
1.85366e+07
1.8767e+07
1.89087e+07
1.86421e+07
1.83189e+07
1.88962e+07
1.84219e+07
1.85787e+07
1.83518e+07
1.82607e+07
1.80823e+07
1.80631e+07
1.80011e+07
1.80243e+07
1.80742e+07
1.82118e+07
1.819e+07
1.81756e+07
1.81341e+07
1.8165e+07
1.8142e+07
1.80469e+07
1.79778e+07
1.79314e+07
1.78402e+07
1.77903e+07
1.78092e+07
1.78471e+07
1.78891e+07
1.79484e+07
1.79598e+07
1.79714e+07
1.80014e+07
1.80194e+07
1.8001e+07
1.80468e+07
1.80622e+07
1.80263e+07
1.804e+07
1.80618e+07
1.80674e+07
1.80655e+07
1.80943e+07
1.80828e+07
1.80789e+07
1.8016e+07
1.79604e+07
1.78985e+07
1.79505e+07
1.78797e+07
1.78783e+07
1.78787e+07
1.78866e+07
1.79126e+07
1.79221e+07
1.79525e+07
1.79022e+07
1.79262e+07
1.7868e+07
1.78435e+07
1.78551e+07
1.77805e+07
1.77728e+07
1.77557e+07
1.77421e+07
1.77271e+07
1.7719e+07
1.77203e+07
1.77167e+07
1.76938e+07
1.76883e+07
1.76606e+07
1.76586e+07
1.76554e+07
1.7622e+07
1.76141e+07
1.7621e+07
1.76159e+07
1.76226e+07
1.76721e+07
1.77144e+07
1.77131e+07
1.77355e+07
1.77593e+07
1.77798e+07
1.77808e+07
1.77919e+07
1.7818e+07
1.78623e+07
1.79073e+07
1.79405e+07
1.79507e+07
1.79563e+07
1.79611e+07
1.79628e+07
1.79645e+07
1.79763e+07
1.79793e+07
1.79874e+07
1.79878e+07
1.78431e+07
1.80274e+07
1.7836e+07
1.79305e+07
1.77278e+07
1.8147e+07
1.78397e+07
1.80134e+07
1.78992e+07
1.78998e+07
1.78475e+07
1.78434e+07
1.78415e+07
1.78546e+07
1.80677e+07
1.82099e+07
1.82441e+07
1.82561e+07
1.82928e+07
1.83555e+07
1.83104e+07
1.82449e+07
1.81927e+07
1.81456e+07
1.80478e+07
1.79956e+07
1.79503e+07
1.79677e+07
1.80136e+07
1.80485e+07
1.80681e+07
1.81022e+07
1.80784e+07
1.81044e+07
1.81078e+07
1.81061e+07
1.81173e+07
1.80797e+07
1.81035e+07
1.81035e+07
1.80907e+07
1.8049e+07
1.80375e+07
1.80102e+07
1.79839e+07
1.79363e+07
1.79095e+07
1.78851e+07
1.78932e+07
1.78834e+07
1.78855e+07
1.78217e+07
1.78027e+07
1.78089e+07
1.7812e+07
1.78023e+07
1.77358e+07
1.77489e+07
1.76949e+07
1.76851e+07
1.76945e+07
1.76516e+07
1.76464e+07
1.76405e+07
1.7614e+07
1.75932e+07
1.75949e+07
1.75782e+07
1.75899e+07
1.7578e+07
1.75654e+07
1.75548e+07
1.75562e+07
1.75492e+07
1.75357e+07
1.75259e+07
1.75325e+07
1.75571e+07
1.7579e+07
1.76171e+07
1.76624e+07
1.76621e+07
1.76761e+07
1.76815e+07
1.76998e+07
1.77086e+07
1.77122e+07
1.77257e+07
1.77549e+07
1.77892e+07
1.78167e+07
1.78272e+07
1.78431e+07
1.78533e+07
1.78545e+07
1.78605e+07
1.78673e+07
1.78743e+07
1.78787e+07
1.78844e+07
3.46552e+07
3.61925e+07
3.6354e+07
3.51554e+07
3.52182e+07
3.31143e+07
3.24761e+07
3.23121e+07
3.43604e+07
3.71235e+07
3.17082e+07
3.26245e+07
3.21009e+07
3.36301e+07
3.46019e+07
3.38511e+07
3.29465e+07
3.18119e+07
3.16958e+07
3.47719e+07
3.06364e+07
3.09988e+07
3.06263e+07
3.26535e+07
3.2657e+07
3.36545e+07
3.29536e+07
3.2425e+07
3.14838e+07
3.25777e+07
2.92056e+07
2.9032e+07
2.9824e+07
3.08613e+07
3.06677e+07
3.17182e+07
3.23009e+07
3.25526e+07
3.19572e+07
3.20926e+07
2.76815e+07
2.76334e+07
2.86774e+07
2.91627e+07
2.89871e+07
2.97816e+07
2.99478e+07
3.13535e+07
3.13976e+07
3.21949e+07
2.64744e+07
2.67969e+07
2.74841e+07
2.79197e+07
2.77875e+07
2.84667e+07
2.84948e+07
2.95102e+07
2.97309e+07
3.11937e+07
2.54186e+07
2.596e+07
2.64011e+07
2.68355e+07
2.67294e+07
2.73925e+07
2.74359e+07
2.81182e+07
2.82526e+07
2.97823e+07
2.43527e+07
2.49436e+07
2.53209e+07
2.57975e+07
2.57428e+07
2.62841e+07
2.63839e+07
2.68787e+07
2.69275e+07
2.81858e+07
2.36085e+07
2.41074e+07
2.43722e+07
2.48359e+07
2.48349e+07
2.53013e+07
2.53861e+07
2.57993e+07
2.57926e+07
2.66835e+07
2.29226e+07
2.3422e+07
2.36196e+07
2.40645e+07
2.40611e+07
2.44178e+07
2.45611e+07
2.48867e+07
2.48921e+07
2.54308e+07
2.21547e+07
2.26664e+07
2.28187e+07
2.32388e+07
2.33375e+07
2.35877e+07
2.36651e+07
2.40372e+07
2.40743e+07
2.45796e+07
2.14784e+07
2.19083e+07
2.21232e+07
2.23597e+07
2.25647e+07
2.27772e+07
2.28189e+07
2.31382e+07
2.31854e+07
2.36952e+07
2.09919e+07
2.11436e+07
2.15487e+07
2.17151e+07
2.1776e+07
2.21146e+07
2.21534e+07
2.23652e+07
2.2415e+07
2.28203e+07
2.06224e+07
2.0607e+07
2.08694e+07
2.10519e+07
2.10825e+07
2.14334e+07
2.14332e+07
2.15244e+07
2.15716e+07
2.2216e+07
2.01631e+07
2.02041e+07
2.02657e+07
2.05555e+07
2.04945e+07
2.05989e+07
2.09702e+07
2.08138e+07
2.07424e+07
2.13694e+07
1.96728e+07
1.98466e+07
1.98313e+07
2.01e+07
2.00673e+07
2.00422e+07
2.02123e+07
2.0364e+07
2.02366e+07
2.04292e+07
1.92223e+07
1.93706e+07
1.93752e+07
1.93688e+07
1.94335e+07
1.95062e+07
1.94925e+07
1.99224e+07
1.96691e+07
1.96607e+07
1.87431e+07
1.88246e+07
1.89641e+07
1.88309e+07
1.89875e+07
1.90573e+07
1.91223e+07
1.92658e+07
1.90549e+07
1.91464e+07
1.84037e+07
1.85182e+07
1.85517e+07
1.86468e+07
1.89031e+07
1.87446e+07
1.88643e+07
1.87762e+07
1.866e+07
1.85837e+07
1.77419e+07
1.79031e+07
1.77934e+07
1.79351e+07
1.79911e+07
1.79989e+07
1.79897e+07
1.80381e+07
1.80311e+07
1.7873e+07
1.39263e+07
1.38646e+07
1.35311e+07
1.46374e+07
1.62155e+07
1.86772e+07
2.40661e+07
2.44188e+07
3.89993e+07
3.61894e+07
1.64649e+07
1.67288e+07
1.73601e+07
1.90067e+07
2.11134e+07
2.29904e+07
3.54314e+07
4.18438e+07
7.88119e+07
6.1769e+07
1.98018e+07
1.94151e+07
2.06879e+07
2.29929e+07
2.8309e+07
3.0396e+07
4.13486e+07
5.24116e+07
1.01043e+08
6.80638e+07
2.46771e+07
2.38055e+07
2.39515e+07
2.64346e+07
3.45636e+07
4.38208e+07
5.65988e+07
6.71938e+07
1.82392e+08
1.14996e+08
2.88798e+07
2.87717e+07
3.01409e+07
3.08543e+07
3.7224e+07
5.07632e+07
7.77974e+07
8.66284e+07
1.91058e+08
1.31368e+08
2.9764e+07
3.19377e+07
3.6065e+07
3.99029e+07
4.53909e+07
4.89019e+07
7.9412e+07
1.05039e+08
3.57155e+08
1.04732e+08
3.39077e+07
3.36002e+07
3.72132e+07
4.30264e+07
6.29971e+07
7.00914e+07
8.59032e+07
1.03808e+08
2.85063e+08
1.14775e+08
3.82953e+07
3.82567e+07
3.98961e+07
4.31403e+07
5.60005e+07
7.83333e+07
9.97698e+07
1.14017e+08
2.82938e+08
7.75851e+07
3.90853e+07
4.10341e+07
4.25097e+07
4.46695e+07
5.48322e+07
7.03575e+07
9.30906e+07
1.13596e+08
2.72063e+08
4.21005e+07
4.00924e+07
3.99876e+07
4.18773e+07
4.51487e+07
5.59237e+07
7.17062e+07
8.01458e+07
9.16121e+07
2.11363e+08
3.00518e+07
3.94556e+06
3.54696e+06
3.17502e+06
2.79364e+06
2.444e+06
2.1027e+06
1.80268e+06
1.54355e+06
1.33499e+06
1.30155e+06
4.05827e+06
3.67314e+06
3.33775e+06
2.97016e+06
2.64661e+06
2.31714e+06
2.03444e+06
1.79485e+06
1.59229e+06
1.58716e+06
4.20436e+06
3.78685e+06
3.39672e+06
3.05286e+06
2.7002e+06
2.40032e+06
2.08917e+06
1.87786e+06
1.69419e+06
1.83966e+06
4.59117e+06
4.26801e+06
3.74436e+06
3.43378e+06
2.97086e+06
2.737e+06
2.45603e+06
2.25756e+06
2.10519e+06
2.32261e+06
5.21472e+06
4.6802e+06
4.38063e+06
3.93971e+06
3.61068e+06
3.23598e+06
2.94803e+06
2.8196e+06
2.8589e+06
2.89151e+06
5.85854e+06
5.69858e+06
5.25228e+06
4.86201e+06
4.45032e+06
4.15743e+06
4.0203e+06
3.89514e+06
4.27986e+06
4.79154e+06
6.31601e+06
6.39933e+06
6.23983e+06
5.82576e+06
5.83706e+06
5.18266e+06
5.35098e+06
5.69477e+06
6.08876e+06
6.13184e+06
7.65396e+06
7.73711e+06
7.6464e+06
7.44169e+06
7.36566e+06
7.40424e+06
7.03159e+06
8.20354e+06
1.07944e+07
1.15651e+07
8.67552e+06
9.00448e+06
9.30161e+06
9.79035e+06
9.80258e+06
1.03548e+07
1.08497e+07
1.14745e+07
1.55307e+07
1.52509e+07
1.10377e+07
1.06952e+07
1.08334e+07
1.23043e+07
1.27506e+07
1.34702e+07
1.53308e+07
1.84045e+07
3.08067e+07
2.83013e+07
1.7694e+07
1.76924e+07
1.7693e+07
1.7691e+07
1.76915e+07
1.76899e+07
1.76898e+07
1.76877e+07
1.76869e+07
1.76847e+07
1.76839e+07
1.76811e+07
1.768e+07
1.76766e+07
1.76753e+07
1.76709e+07
1.76693e+07
1.76641e+07
1.76622e+07
1.76561e+07
1.7654e+07
1.76469e+07
1.76444e+07
1.76359e+07
1.76331e+07
1.76231e+07
1.762e+07
1.76083e+07
1.76047e+07
1.75913e+07
1.75869e+07
1.75716e+07
1.75663e+07
1.75489e+07
1.75427e+07
1.75227e+07
1.75157e+07
1.74921e+07
1.74842e+07
1.74571e+07
1.74477e+07
1.74167e+07
1.74057e+07
1.737e+07
1.73575e+07
1.73162e+07
1.73021e+07
1.72543e+07
1.72384e+07
1.71832e+07
1.71648e+07
1.71017e+07
1.70798e+07
1.70083e+07
1.69825e+07
1.69013e+07
1.68714e+07
1.67786e+07
1.67442e+07
1.6638e+07
1.65985e+07
1.64773e+07
1.64318e+07
1.6294e+07
1.62418e+07
1.60854e+07
1.60257e+07
1.58473e+07
1.57856e+07
1.55727e+07
1.55084e+07
1.52701e+07
1.51881e+07
1.49336e+07
1.4823e+07
1.45557e+07
1.44101e+07
1.41306e+07
1.39478e+07
1.3652e+07
1.34322e+07
1.31112e+07
1.2859e+07
1.25009e+07
1.22222e+07
1.18166e+07
1.15119e+07
1.10571e+07
1.0716e+07
1.02166e+07
9.82265e+06
9.28308e+06
8.82842e+06
8.24131e+06
7.72962e+06
7.08617e+06
6.51651e+06
5.82006e+06
5.19309e+06
4.47671e+06
1.7694e+07
1.76923e+07
1.76929e+07
1.76913e+07
1.76919e+07
1.769e+07
1.76901e+07
1.76878e+07
1.76874e+07
1.76849e+07
1.76842e+07
1.76811e+07
1.76801e+07
1.76768e+07
1.76755e+07
1.7671e+07
1.76695e+07
1.7664e+07
1.76627e+07
1.76561e+07
1.76547e+07
1.76467e+07
1.76449e+07
1.76358e+07
1.76336e+07
1.7623e+07
1.76205e+07
1.76083e+07
1.76053e+07
1.75913e+07
1.75878e+07
1.75716e+07
1.75674e+07
1.75488e+07
1.75438e+07
1.75224e+07
1.75167e+07
1.74919e+07
1.74854e+07
1.74568e+07
1.74491e+07
1.74163e+07
1.74071e+07
1.73695e+07
1.73589e+07
1.73155e+07
1.73036e+07
1.72536e+07
1.724e+07
1.71824e+07
1.71667e+07
1.71008e+07
1.70822e+07
1.70073e+07
1.69852e+07
1.69e+07
1.68742e+07
1.67771e+07
1.67472e+07
1.66366e+07
1.66012e+07
1.64759e+07
1.64348e+07
1.62923e+07
1.62459e+07
1.60831e+07
1.6031e+07
1.5845e+07
1.57865e+07
1.55745e+07
1.55088e+07
1.52668e+07
1.51968e+07
1.49177e+07
1.48468e+07
1.45267e+07
1.44405e+07
1.40905e+07
1.39879e+07
1.36046e+07
1.34759e+07
1.30706e+07
1.28927e+07
1.24706e+07
1.2252e+07
1.17923e+07
1.15448e+07
1.10319e+07
1.0756e+07
1.01936e+07
9.86443e+06
9.27673e+06
8.86672e+06
8.25033e+06
7.77672e+06
7.11466e+06
6.58767e+06
5.8666e+06
5.2983e+06
4.54763e+06
1.76939e+07
1.76925e+07
1.76929e+07
1.76915e+07
1.76923e+07
1.76899e+07
1.76904e+07
1.76876e+07
1.76876e+07
1.76849e+07
1.76844e+07
1.76814e+07
1.76806e+07
1.7677e+07
1.76759e+07
1.76711e+07
1.767e+07
1.76645e+07
1.7663e+07
1.76563e+07
1.76546e+07
1.76469e+07
1.76449e+07
1.7636e+07
1.76336e+07
1.76233e+07
1.76206e+07
1.76086e+07
1.76054e+07
1.75916e+07
1.75874e+07
1.75722e+07
1.75671e+07
1.75495e+07
1.75436e+07
1.75233e+07
1.75165e+07
1.7493e+07
1.74852e+07
1.7458e+07
1.74491e+07
1.74175e+07
1.74074e+07
1.7371e+07
1.73591e+07
1.73175e+07
1.73037e+07
1.72564e+07
1.72387e+07
1.7188e+07
1.71616e+07
1.71111e+07
1.70726e+07
1.70222e+07
1.6971e+07
1.69208e+07
1.68546e+07
1.68034e+07
1.67221e+07
1.66678e+07
1.65718e+07
1.65117e+07
1.64017e+07
1.63317e+07
1.621e+07
1.61241e+07
1.59945e+07
1.58849e+07
1.57526e+07
1.561e+07
1.54812e+07
1.52968e+07
1.51748e+07
1.49434e+07
1.48266e+07
1.4549e+07
1.44283e+07
1.41127e+07
1.39724e+07
1.36334e+07
1.34518e+07
1.31049e+07
1.28647e+07
1.25155e+07
1.22145e+07
1.18501e+07
1.14985e+07
1.11085e+07
1.0706e+07
1.02771e+07
9.83081e+06
9.3568e+06
8.86296e+06
8.35234e+06
7.78555e+06
7.2441e+06
6.61766e+06
6.03903e+06
5.3726e+06
4.77426e+06
1.76938e+07
1.76923e+07
1.76928e+07
1.76914e+07
1.76924e+07
1.76901e+07
1.76902e+07
1.76877e+07
1.76878e+07
1.76851e+07
1.7685e+07
1.76816e+07
1.7681e+07
1.76769e+07
1.76761e+07
1.76712e+07
1.76701e+07
1.76646e+07
1.76632e+07
1.76565e+07
1.76549e+07
1.76472e+07
1.76452e+07
1.76364e+07
1.76341e+07
1.76237e+07
1.7621e+07
1.7609e+07
1.76058e+07
1.75922e+07
1.75883e+07
1.75726e+07
1.7568e+07
1.755e+07
1.75444e+07
1.75239e+07
1.75173e+07
1.74938e+07
1.7486e+07
1.74587e+07
1.74497e+07
1.74184e+07
1.74079e+07
1.7372e+07
1.73601e+07
1.73182e+07
1.73048e+07
1.72564e+07
1.72411e+07
1.71856e+07
1.71678e+07
1.71042e+07
1.7083e+07
1.7011e+07
1.69856e+07
1.69044e+07
1.6875e+07
1.67812e+07
1.6748e+07
1.6641e+07
1.66031e+07
1.64834e+07
1.6429e+07
1.63099e+07
1.62319e+07
1.61077e+07
1.60085e+07
1.58784e+07
1.57539e+07
1.5619e+07
1.54645e+07
1.53254e+07
1.51376e+07
1.49918e+07
1.47718e+07
1.4611e+07
1.43655e+07
1.41776e+07
1.39146e+07
1.36877e+07
1.34161e+07
1.31295e+07
1.28642e+07
1.2518e+07
1.22296e+07
1.18636e+07
1.15014e+07
1.11511e+07
1.06956e+07
1.03545e+07
9.83275e+06
9.45038e+06
8.90447e+06
8.46171e+06
7.87059e+06
7.4072e+06
6.75407e+06
6.32146e+06
5.59211e+06
5.20344e+06
1.76935e+07
1.76931e+07
1.76924e+07
1.76917e+07
1.76917e+07
1.76903e+07
1.76899e+07
1.76878e+07
1.76875e+07
1.7685e+07
1.76844e+07
1.76812e+07
1.76804e+07
1.76767e+07
1.76756e+07
1.76713e+07
1.767e+07
1.76645e+07
1.7663e+07
1.76567e+07
1.76548e+07
1.76475e+07
1.76453e+07
1.76369e+07
1.76342e+07
1.76244e+07
1.76212e+07
1.76098e+07
1.76061e+07
1.75929e+07
1.75886e+07
1.75733e+07
1.75684e+07
1.75507e+07
1.75449e+07
1.75247e+07
1.75181e+07
1.74944e+07
1.74868e+07
1.74595e+07
1.74506e+07
1.74193e+07
1.74096e+07
1.73726e+07
1.73621e+07
1.73191e+07
1.73066e+07
1.72577e+07
1.72431e+07
1.71868e+07
1.71703e+07
1.71053e+07
1.70866e+07
1.70116e+07
1.69902e+07
1.6904e+07
1.68795e+07
1.67809e+07
1.67528e+07
1.664e+07
1.66078e+07
1.64787e+07
1.64423e+07
1.62946e+07
1.6253e+07
1.60851e+07
1.60367e+07
1.5848e+07
1.57885e+07
1.55828e+07
1.55009e+07
1.52981e+07
1.51648e+07
1.49701e+07
1.47952e+07
1.45932e+07
1.43879e+07
1.41581e+07
1.39442e+07
1.36591e+07
1.34562e+07
1.30989e+07
1.29084e+07
1.24931e+07
1.22735e+07
1.18483e+07
1.1553e+07
1.11433e+07
1.0764e+07
1.03554e+07
9.92481e+06
9.46095e+06
9.04287e+06
8.47332e+06
8.118e+06
7.42905e+06
7.13955e+06
6.41734e+06
6.14772e+06
5.49827e+06
1.7693e+07
1.76935e+07
1.7692e+07
1.76919e+07
1.7691e+07
1.76899e+07
1.76894e+07
1.76882e+07
1.76876e+07
1.76851e+07
1.76841e+07
1.76808e+07
1.76799e+07
1.76763e+07
1.76752e+07
1.76712e+07
1.76698e+07
1.76648e+07
1.76631e+07
1.7657e+07
1.76549e+07
1.76477e+07
1.76453e+07
1.76371e+07
1.76342e+07
1.76246e+07
1.76214e+07
1.76102e+07
1.76064e+07
1.75935e+07
1.75892e+07
1.75741e+07
1.75689e+07
1.75519e+07
1.75456e+07
1.75259e+07
1.75188e+07
1.74958e+07
1.74875e+07
1.74612e+07
1.74514e+07
1.74212e+07
1.74098e+07
1.73752e+07
1.7362e+07
1.73221e+07
1.73068e+07
1.7261e+07
1.72433e+07
1.71906e+07
1.71705e+07
1.71093e+07
1.70865e+07
1.70161e+07
1.69901e+07
1.69088e+07
1.688e+07
1.6786e+07
1.67535e+07
1.66448e+07
1.66082e+07
1.6484e+07
1.6442e+07
1.63004e+07
1.62522e+07
1.60915e+07
1.60345e+07
1.58564e+07
1.57827e+07
1.55969e+07
1.54872e+07
1.53126e+07
1.515e+07
1.49871e+07
1.47812e+07
1.46043e+07
1.43864e+07
1.41549e+07
1.39615e+07
1.36405e+07
1.34909e+07
1.30782e+07
1.29402e+07
1.24803e+07
1.23214e+07
1.18225e+07
1.16418e+07
1.11139e+07
1.08892e+07
1.03302e+07
1.00935e+07
9.47314e+06
9.25347e+06
8.58754e+06
8.36371e+06
7.70969e+06
7.40259e+06
6.89172e+06
6.52292e+06
6.2894e+06
1.76928e+07
1.76935e+07
1.76914e+07
1.76915e+07
1.76909e+07
1.76893e+07
1.76891e+07
1.76875e+07
1.76863e+07
1.76841e+07
1.76833e+07
1.76804e+07
1.76794e+07
1.76762e+07
1.76751e+07
1.76708e+07
1.76696e+07
1.76645e+07
1.76627e+07
1.76566e+07
1.76547e+07
1.76475e+07
1.76452e+07
1.76371e+07
1.76343e+07
1.7625e+07
1.76217e+07
1.76107e+07
1.7607e+07
1.75944e+07
1.75899e+07
1.75752e+07
1.757e+07
1.75529e+07
1.75469e+07
1.75271e+07
1.75197e+07
1.74974e+07
1.74887e+07
1.74628e+07
1.74527e+07
1.74229e+07
1.74112e+07
1.73769e+07
1.73634e+07
1.73241e+07
1.73085e+07
1.72631e+07
1.72452e+07
1.71929e+07
1.71722e+07
1.71121e+07
1.70883e+07
1.70192e+07
1.69921e+07
1.69123e+07
1.68816e+07
1.67897e+07
1.67543e+07
1.66493e+07
1.66081e+07
1.64889e+07
1.64415e+07
1.63056e+07
1.62515e+07
1.60965e+07
1.60343e+07
1.58593e+07
1.57883e+07
1.55927e+07
1.55027e+07
1.52987e+07
1.51696e+07
1.49722e+07
1.47969e+07
1.45971e+07
1.43916e+07
1.41587e+07
1.39551e+07
1.36551e+07
1.34779e+07
1.30958e+07
1.29421e+07
1.24939e+07
1.23279e+07
1.18435e+07
1.16611e+07
1.11445e+07
1.09264e+07
1.0396e+07
1.0125e+07
9.61148e+06
9.27332e+06
8.8042e+06
8.41356e+06
8.06344e+06
7.62942e+06
7.48308e+06
6.91955e+06
7.25861e+06
1.76923e+07
1.76924e+07
1.76915e+07
1.76897e+07
1.76896e+07
1.76889e+07
1.76884e+07
1.76878e+07
1.76866e+07
1.76842e+07
1.76827e+07
1.76809e+07
1.76773e+07
1.7676e+07
1.76726e+07
1.76708e+07
1.76665e+07
1.7665e+07
1.76599e+07
1.76579e+07
1.76521e+07
1.76495e+07
1.76426e+07
1.76396e+07
1.76315e+07
1.76281e+07
1.76186e+07
1.76143e+07
1.76042e+07
1.7598e+07
1.75871e+07
1.75798e+07
1.75663e+07
1.75593e+07
1.75415e+07
1.75352e+07
1.75134e+07
1.75061e+07
1.74816e+07
1.74726e+07
1.74444e+07
1.74345e+07
1.74023e+07
1.73884e+07
1.73556e+07
1.73344e+07
1.73035e+07
1.72701e+07
1.72439e+07
1.71967e+07
1.7174e+07
1.71138e+07
1.70912e+07
1.70212e+07
1.69931e+07
1.69154e+07
1.68839e+07
1.67918e+07
1.67554e+07
1.66525e+07
1.66105e+07
1.64921e+07
1.64413e+07
1.63113e+07
1.62499e+07
1.61011e+07
1.60356e+07
1.58601e+07
1.57922e+07
1.5589e+07
1.55098e+07
1.52911e+07
1.51803e+07
1.49658e+07
1.48002e+07
1.46055e+07
1.43736e+07
1.41974e+07
1.3907e+07
1.37301e+07
1.34033e+07
1.31978e+07
1.28654e+07
1.26038e+07
1.22807e+07
1.19618e+07
1.16396e+07
1.12695e+07
1.0952e+07
1.05733e+07
1.01985e+07
9.85383e+06
9.44187e+06
9.10907e+06
8.753e+06
8.40508e+06
8.14062e+06
8.03318e+06
7.95313e+06
8.62168e+06
1.76914e+07
1.76914e+07
1.76913e+07
1.76898e+07
1.76887e+07
1.76881e+07
1.76874e+07
1.76859e+07
1.76852e+07
1.76835e+07
1.76819e+07
1.76807e+07
1.76779e+07
1.76764e+07
1.76733e+07
1.76718e+07
1.76673e+07
1.76657e+07
1.76607e+07
1.76586e+07
1.76525e+07
1.76499e+07
1.76428e+07
1.76397e+07
1.76317e+07
1.76282e+07
1.76188e+07
1.76149e+07
1.76038e+07
1.75997e+07
1.75865e+07
1.75817e+07
1.75662e+07
1.75607e+07
1.75424e+07
1.75358e+07
1.75148e+07
1.75074e+07
1.74829e+07
1.74744e+07
1.74462e+07
1.74357e+07
1.74036e+07
1.73924e+07
1.73549e+07
1.73411e+07
1.72989e+07
1.72818e+07
1.72363e+07
1.72109e+07
1.71665e+07
1.71268e+07
1.70868e+07
1.70301e+07
1.69937e+07
1.6921e+07
1.68849e+07
1.67978e+07
1.67571e+07
1.6659e+07
1.66082e+07
1.65017e+07
1.64374e+07
1.63206e+07
1.62446e+07
1.61101e+07
1.60289e+07
1.58669e+07
1.57861e+07
1.55911e+07
1.55076e+07
1.52849e+07
1.51841e+07
1.49496e+07
1.48096e+07
1.45817e+07
1.43828e+07
1.41747e+07
1.3907e+07
1.37186e+07
1.33889e+07
1.32014e+07
1.28354e+07
1.26112e+07
1.22617e+07
1.1958e+07
1.16371e+07
1.12808e+07
1.09596e+07
1.0588e+07
1.02599e+07
9.91105e+06
9.56404e+06
9.27227e+06
8.96884e+06
8.83547e+06
8.46414e+06
8.58707e+06
8.7214e+06
9.96621e+06
1.76908e+07
1.76896e+07
1.76916e+07
1.76897e+07
1.76891e+07
1.76891e+07
1.76884e+07
1.76866e+07
1.76856e+07
1.76832e+07
1.76815e+07
1.76799e+07
1.76778e+07
1.7676e+07
1.76732e+07
1.76721e+07
1.76679e+07
1.76662e+07
1.7661e+07
1.7659e+07
1.76526e+07
1.76501e+07
1.76428e+07
1.76399e+07
1.76314e+07
1.76282e+07
1.76189e+07
1.76153e+07
1.76041e+07
1.75999e+07
1.75869e+07
1.75818e+07
1.75669e+07
1.7561e+07
1.75431e+07
1.75366e+07
1.75152e+07
1.75082e+07
1.74834e+07
1.7475e+07
1.74465e+07
1.74375e+07
1.74044e+07
1.73931e+07
1.73556e+07
1.73427e+07
1.72995e+07
1.72841e+07
1.72362e+07
1.72133e+07
1.71657e+07
1.71306e+07
1.70843e+07
1.70346e+07
1.69905e+07
1.69249e+07
1.68818e+07
1.68001e+07
1.67546e+07
1.66591e+07
1.66067e+07
1.64992e+07
1.64363e+07
1.63163e+07
1.62429e+07
1.61054e+07
1.60249e+07
1.58631e+07
1.57789e+07
1.55879e+07
1.54988e+07
1.52796e+07
1.51783e+07
1.49378e+07
1.48125e+07
1.45593e+07
1.44004e+07
1.41381e+07
1.39445e+07
1.36665e+07
1.3447e+07
1.31395e+07
1.29152e+07
1.25536e+07
1.2353e+07
1.19249e+07
1.17369e+07
1.12801e+07
1.10808e+07
1.06293e+07
1.04394e+07
1.00291e+07
9.84328e+06
9.50004e+06
9.35585e+06
9.26648e+06
9.13309e+06
9.41518e+06
9.88237e+06
1.28014e+07
1.76905e+07
1.76897e+07
1.76908e+07
1.76896e+07
1.76898e+07
1.76888e+07
1.76864e+07
1.76856e+07
1.76838e+07
1.7683e+07
1.76809e+07
1.768e+07
1.76774e+07
1.76762e+07
1.76729e+07
1.76716e+07
1.76681e+07
1.76664e+07
1.76613e+07
1.76592e+07
1.76531e+07
1.76505e+07
1.76434e+07
1.76406e+07
1.76323e+07
1.76293e+07
1.76196e+07
1.76162e+07
1.76051e+07
1.76011e+07
1.75882e+07
1.75834e+07
1.75687e+07
1.7563e+07
1.75457e+07
1.7539e+07
1.75193e+07
1.75113e+07
1.74882e+07
1.74795e+07
1.74522e+07
1.74427e+07
1.74106e+07
1.73993e+07
1.73626e+07
1.73501e+07
1.73069e+07
1.72928e+07
1.72427e+07
1.72262e+07
1.71687e+07
1.71495e+07
1.70831e+07
1.70612e+07
1.69845e+07
1.69591e+07
1.68714e+07
1.68416e+07
1.67415e+07
1.67068e+07
1.65945e+07
1.65495e+07
1.64274e+07
1.637e+07
1.62354e+07
1.61647e+07
1.60184e+07
1.59293e+07
1.57739e+07
1.56603e+07
1.54977e+07
1.53571e+07
1.51833e+07
1.50206e+07
1.4824e+07
1.46521e+07
1.44148e+07
1.42502e+07
1.39541e+07
1.38089e+07
1.34592e+07
1.33117e+07
1.29378e+07
1.27634e+07
1.2381e+07
1.21879e+07
1.1802e+07
1.15917e+07
1.11968e+07
1.10205e+07
1.05861e+07
1.05079e+07
1.00329e+07
1.01154e+07
9.66169e+06
9.69044e+06
1.04606e+07
1.03572e+07
1.10103e+07
1.27183e+07
1.76899e+07
1.76901e+07
1.76891e+07
1.7689e+07
1.7689e+07
1.76879e+07
1.76863e+07
1.76856e+07
1.76839e+07
1.7683e+07
1.76811e+07
1.76801e+07
1.76778e+07
1.76767e+07
1.76731e+07
1.76716e+07
1.76676e+07
1.76661e+07
1.76613e+07
1.76594e+07
1.76531e+07
1.76509e+07
1.7644e+07
1.76417e+07
1.76336e+07
1.7631e+07
1.76215e+07
1.76185e+07
1.76073e+07
1.76038e+07
1.75909e+07
1.75868e+07
1.75718e+07
1.75672e+07
1.75499e+07
1.75441e+07
1.75243e+07
1.75178e+07
1.74949e+07
1.74871e+07
1.74605e+07
1.74516e+07
1.74206e+07
1.74105e+07
1.73745e+07
1.73626e+07
1.73214e+07
1.73066e+07
1.7261e+07
1.72407e+07
1.71919e+07
1.71654e+07
1.71095e+07
1.70818e+07
1.70118e+07
1.69864e+07
1.69011e+07
1.68733e+07
1.6775e+07
1.67439e+07
1.66308e+07
1.65942e+07
1.64663e+07
1.64231e+07
1.62788e+07
1.62284e+07
1.60641e+07
1.60062e+07
1.5821e+07
1.57552e+07
1.55454e+07
1.54706e+07
1.52347e+07
1.51496e+07
1.48845e+07
1.4795e+07
1.44912e+07
1.43982e+07
1.40601e+07
1.39609e+07
1.35883e+07
1.34833e+07
1.30852e+07
1.29712e+07
1.25542e+07
1.24375e+07
1.20058e+07
1.18961e+07
1.14564e+07
1.13781e+07
1.09346e+07
1.09343e+07
1.04251e+07
1.0584e+07
1.03134e+07
1.04922e+07
1.10325e+07
1.11727e+07
1.17892e+07
1.30413e+07
1.76891e+07
1.76897e+07
1.76888e+07
1.76889e+07
1.76874e+07
1.76872e+07
1.76861e+07
1.76857e+07
1.76836e+07
1.76827e+07
1.76804e+07
1.76795e+07
1.76768e+07
1.76759e+07
1.76728e+07
1.76716e+07
1.76677e+07
1.7666e+07
1.76612e+07
1.76592e+07
1.76531e+07
1.76509e+07
1.76442e+07
1.76418e+07
1.76341e+07
1.76316e+07
1.76226e+07
1.76198e+07
1.76093e+07
1.7606e+07
1.75937e+07
1.759e+07
1.75757e+07
1.75708e+07
1.75547e+07
1.75486e+07
1.75303e+07
1.75229e+07
1.75017e+07
1.74934e+07
1.74686e+07
1.7459e+07
1.74308e+07
1.74189e+07
1.73871e+07
1.73725e+07
1.73357e+07
1.73202e+07
1.72754e+07
1.72596e+07
1.72068e+07
1.71869e+07
1.71285e+07
1.71058e+07
1.70367e+07
1.70101e+07
1.69323e+07
1.69015e+07
1.68113e+07
1.67769e+07
1.6674e+07
1.6631e+07
1.65171e+07
1.64662e+07
1.63365e+07
1.62778e+07
1.61328e+07
1.60598e+07
1.59052e+07
1.58101e+07
1.56471e+07
1.55323e+07
1.53476e+07
1.52324e+07
1.50001e+07
1.49037e+07
1.46182e+07
1.45207e+07
1.42128e+07
1.41064e+07
1.37593e+07
1.36508e+07
1.32896e+07
1.31335e+07
1.2855e+07
1.25345e+07
1.24264e+07
1.20078e+07
1.1895e+07
1.15904e+07
1.13657e+07
1.12973e+07
1.10425e+07
1.08607e+07
1.09109e+07
1.10205e+07
1.13374e+07
1.18971e+07
1.25663e+07
1.36595e+07
1.76884e+07
1.76889e+07
1.76878e+07
1.7688e+07
1.76865e+07
1.76864e+07
1.76852e+07
1.76838e+07
1.76835e+07
1.76823e+07
1.76815e+07
1.7679e+07
1.76776e+07
1.76751e+07
1.76734e+07
1.76712e+07
1.76681e+07
1.76666e+07
1.7662e+07
1.76604e+07
1.76546e+07
1.76523e+07
1.7646e+07
1.76426e+07
1.76365e+07
1.76314e+07
1.76266e+07
1.76188e+07
1.76152e+07
1.7605e+07
1.76012e+07
1.75898e+07
1.75839e+07
1.75726e+07
1.75627e+07
1.75528e+07
1.75378e+07
1.7529e+07
1.75101e+07
1.74997e+07
1.74801e+07
1.74639e+07
1.74473e+07
1.74215e+07
1.74091e+07
1.73741e+07
1.73617e+07
1.73225e+07
1.73062e+07
1.72616e+07
1.7242e+07
1.71957e+07
1.7161e+07
1.71246e+07
1.70653e+07
1.70407e+07
1.69616e+07
1.69347e+07
1.68475e+07
1.68182e+07
1.67096e+07
1.66771e+07
1.6561e+07
1.65202e+07
1.63945e+07
1.63249e+07
1.6222e+07
1.60931e+07
1.60229e+07
1.58409e+07
1.57799e+07
1.55745e+07
1.55003e+07
1.52751e+07
1.51758e+07
1.49775e+07
1.47699e+07
1.46703e+07
1.43459e+07
1.42574e+07
1.39459e+07
1.38215e+07
1.35395e+07
1.32755e+07
1.31604e+07
1.27769e+07
1.26899e+07
1.2307e+07
1.22296e+07
1.19237e+07
1.1806e+07
1.16017e+07
1.16564e+07
1.11007e+07
1.17115e+07
1.16006e+07
1.19381e+07
1.26775e+07
1.3235e+07
1.45111e+07
1.76881e+07
1.76882e+07
1.76866e+07
1.76872e+07
1.76851e+07
1.76852e+07
1.76845e+07
1.76844e+07
1.7683e+07
1.76822e+07
1.76796e+07
1.76787e+07
1.76761e+07
1.76753e+07
1.76727e+07
1.76717e+07
1.76683e+07
1.76671e+07
1.76623e+07
1.76607e+07
1.76549e+07
1.76531e+07
1.76464e+07
1.76443e+07
1.76372e+07
1.76343e+07
1.76278e+07
1.76228e+07
1.76171e+07
1.76102e+07
1.76034e+07
1.75963e+07
1.75862e+07
1.75803e+07
1.75657e+07
1.75609e+07
1.75427e+07
1.75365e+07
1.75172e+07
1.75082e+07
1.74891e+07
1.74732e+07
1.74578e+07
1.7433e+07
1.74207e+07
1.73884e+07
1.73757e+07
1.73391e+07
1.73221e+07
1.72827e+07
1.72593e+07
1.72195e+07
1.71839e+07
1.71488e+07
1.70964e+07
1.70655e+07
1.69992e+07
1.69639e+07
1.68947e+07
1.68397e+07
1.6781e+07
1.66945e+07
1.6648e+07
1.65351e+07
1.64901e+07
1.63571e+07
1.63078e+07
1.61561e+07
1.61004e+07
1.59275e+07
1.58655e+07
1.56688e+07
1.56031e+07
1.53817e+07
1.53007e+07
1.50774e+07
1.4944e+07
1.47589e+07
1.45618e+07
1.43701e+07
1.41977e+07
1.39196e+07
1.38134e+07
1.34788e+07
1.33773e+07
1.30388e+07
1.29523e+07
1.26374e+07
1.25187e+07
1.23087e+07
1.21916e+07
1.1906e+07
1.19516e+07
1.18358e+07
1.24032e+07
1.2271e+07
1.24154e+07
1.31216e+07
1.381e+07
1.50194e+07
1.76875e+07
1.76875e+07
1.76857e+07
1.76863e+07
1.76844e+07
1.76844e+07
1.76835e+07
1.76838e+07
1.76824e+07
1.76811e+07
1.76785e+07
1.76777e+07
1.76758e+07
1.76749e+07
1.76725e+07
1.76716e+07
1.76679e+07
1.76667e+07
1.76618e+07
1.76604e+07
1.76552e+07
1.76533e+07
1.76483e+07
1.76447e+07
1.76408e+07
1.7635e+07
1.76319e+07
1.76245e+07
1.76209e+07
1.76124e+07
1.76084e+07
1.75979e+07
1.75933e+07
1.7581e+07
1.75756e+07
1.75612e+07
1.75549e+07
1.75379e+07
1.75308e+07
1.75109e+07
1.75028e+07
1.748e+07
1.74704e+07
1.74448e+07
1.74323e+07
1.74055e+07
1.73866e+07
1.73622e+07
1.7332e+07
1.73131e+07
1.72691e+07
1.72544e+07
1.72e+07
1.71811e+07
1.71242e+07
1.70966e+07
1.70388e+07
1.6992e+07
1.69465e+07
1.68701e+07
1.68377e+07
1.67379e+07
1.67029e+07
1.65932e+07
1.6551e+07
1.6424e+07
1.63749e+07
1.62373e+07
1.6178e+07
1.60211e+07
1.59497e+07
1.57929e+07
1.56721e+07
1.55567e+07
1.53475e+07
1.52898e+07
1.50261e+07
1.49431e+07
1.47034e+07
1.45436e+07
1.44013e+07
1.41099e+07
1.40132e+07
1.3714e+07
1.36284e+07
1.33014e+07
1.323e+07
1.29731e+07
1.28052e+07
1.27274e+07
1.25761e+07
1.23142e+07
1.23402e+07
1.24417e+07
1.2873e+07
1.29414e+07
1.29804e+07
1.37651e+07
1.43719e+07
1.55889e+07
1.76861e+07
1.76865e+07
1.76849e+07
1.76846e+07
1.76843e+07
1.76835e+07
1.7683e+07
1.76828e+07
1.76807e+07
1.768e+07
1.76783e+07
1.76778e+07
1.76762e+07
1.76757e+07
1.76729e+07
1.7672e+07
1.76682e+07
1.7667e+07
1.76624e+07
1.76611e+07
1.76564e+07
1.7655e+07
1.76496e+07
1.76479e+07
1.7642e+07
1.76391e+07
1.76331e+07
1.76295e+07
1.76218e+07
1.76187e+07
1.76085e+07
1.76056e+07
1.75937e+07
1.75898e+07
1.75762e+07
1.7572e+07
1.75566e+07
1.75497e+07
1.75352e+07
1.75226e+07
1.75112e+07
1.74913e+07
1.74824e+07
1.74569e+07
1.74475e+07
1.74185e+07
1.74072e+07
1.73737e+07
1.7361e+07
1.73216e+07
1.73074e+07
1.72621e+07
1.7242e+07
1.72e+07
1.71583e+07
1.71338e+07
1.70645e+07
1.70422e+07
1.69677e+07
1.69429e+07
1.68513e+07
1.6823e+07
1.67262e+07
1.66791e+07
1.66026e+07
1.64948e+07
1.64543e+07
1.63088e+07
1.62673e+07
1.61027e+07
1.60581e+07
1.58769e+07
1.5804e+07
1.56494e+07
1.54944e+07
1.54223e+07
1.51679e+07
1.51078e+07
1.48441e+07
1.47825e+07
1.44986e+07
1.441e+07
1.41604e+07
1.40038e+07
1.38371e+07
1.36082e+07
1.34889e+07
1.33126e+07
1.31221e+07
1.30898e+07
1.29216e+07
1.29078e+07
1.27123e+07
1.29018e+07
1.30494e+07
1.33748e+07
1.37167e+07
1.42044e+07
1.49633e+07
1.57756e+07
1.76849e+07
1.7685e+07
1.76845e+07
1.76844e+07
1.76843e+07
1.76846e+07
1.76834e+07
1.76813e+07
1.76789e+07
1.76785e+07
1.76781e+07
1.76775e+07
1.76761e+07
1.76757e+07
1.76725e+07
1.76715e+07
1.76679e+07
1.76668e+07
1.76631e+07
1.76621e+07
1.76582e+07
1.76568e+07
1.76519e+07
1.76497e+07
1.76445e+07
1.7641e+07
1.76363e+07
1.76306e+07
1.76275e+07
1.76191e+07
1.76159e+07
1.76064e+07
1.76028e+07
1.75918e+07
1.75858e+07
1.75768e+07
1.75653e+07
1.75575e+07
1.75445e+07
1.75325e+07
1.75217e+07
1.75028e+07
1.74949e+07
1.74707e+07
1.7461e+07
1.74347e+07
1.74242e+07
1.73927e+07
1.73792e+07
1.73485e+07
1.73224e+07
1.72998e+07
1.72565e+07
1.7241e+07
1.71853e+07
1.71663e+07
1.71059e+07
1.70846e+07
1.70121e+07
1.69854e+07
1.69122e+07
1.68623e+07
1.68081e+07
1.67163e+07
1.66852e+07
1.65639e+07
1.65266e+07
1.6398e+07
1.63468e+07
1.62262e+07
1.61185e+07
1.60452e+07
1.58721e+07
1.58163e+07
1.56178e+07
1.55543e+07
1.53364e+07
1.52685e+07
1.50333e+07
1.49523e+07
1.47371e+07
1.45765e+07
1.44315e+07
1.42367e+07
1.40611e+07
1.39587e+07
1.36996e+07
1.36616e+07
1.34629e+07
1.33916e+07
1.33813e+07
1.31695e+07
1.31781e+07
1.33505e+07
1.34619e+07
1.38593e+07
1.41183e+07
1.46305e+07
1.53011e+07
1.61411e+07
1.76843e+07
1.76846e+07
1.76831e+07
1.76836e+07
1.76828e+07
1.76834e+07
1.76817e+07
1.76807e+07
1.7678e+07
1.76775e+07
1.76769e+07
1.76764e+07
1.76758e+07
1.76749e+07
1.76722e+07
1.76711e+07
1.76681e+07
1.76671e+07
1.76636e+07
1.76624e+07
1.76591e+07
1.76569e+07
1.76541e+07
1.765e+07
1.76477e+07
1.76423e+07
1.76396e+07
1.76336e+07
1.76306e+07
1.76236e+07
1.76192e+07
1.76133e+07
1.76048e+07
1.76012e+07
1.75889e+07
1.75854e+07
1.75714e+07
1.75672e+07
1.75508e+07
1.75454e+07
1.75281e+07
1.75193e+07
1.75024e+07
1.74886e+07
1.74745e+07
1.74515e+07
1.74429e+07
1.74117e+07
1.74007e+07
1.73663e+07
1.73547e+07
1.73161e+07
1.72947e+07
1.72653e+07
1.72208e+07
1.72043e+07
1.71427e+07
1.7124e+07
1.70603e+07
1.70282e+07
1.69725e+07
1.69079e+07
1.68766e+07
1.67786e+07
1.67477e+07
1.66419e+07
1.66089e+07
1.64819e+07
1.64441e+07
1.63091e+07
1.62482e+07
1.61379e+07
1.60017e+07
1.59505e+07
1.57548e+07
1.57e+07
1.55036e+07
1.54222e+07
1.52531e+07
1.50995e+07
1.49761e+07
1.47964e+07
1.46431e+07
1.45101e+07
1.4315e+07
1.42296e+07
1.40102e+07
1.40091e+07
1.37619e+07
1.3765e+07
1.37991e+07
1.34133e+07
1.37381e+07
1.36801e+07
1.38801e+07
1.43855e+07
1.45539e+07
1.52104e+07
1.5616e+07
1.65147e+07
1.76833e+07
1.76839e+07
1.76828e+07
1.76834e+07
1.76821e+07
1.7683e+07
1.76806e+07
1.76811e+07
1.76769e+07
1.76773e+07
1.76773e+07
1.76765e+07
1.7676e+07
1.76741e+07
1.7673e+07
1.76705e+07
1.76686e+07
1.76675e+07
1.76643e+07
1.76635e+07
1.76599e+07
1.7659e+07
1.76541e+07
1.76531e+07
1.7648e+07
1.76462e+07
1.76414e+07
1.76366e+07
1.76343e+07
1.76266e+07
1.76239e+07
1.76155e+07
1.7612e+07
1.76048e+07
1.75954e+07
1.75926e+07
1.7579e+07
1.75747e+07
1.75594e+07
1.75559e+07
1.75375e+07
1.7533e+07
1.7512e+07
1.75065e+07
1.74845e+07
1.7474e+07
1.74566e+07
1.74331e+07
1.74218e+07
1.73933e+07
1.73753e+07
1.73478e+07
1.73231e+07
1.72938e+07
1.72629e+07
1.72301e+07
1.7197e+07
1.71524e+07
1.71238e+07
1.70623e+07
1.70382e+07
1.69626e+07
1.69355e+07
1.68486e+07
1.68222e+07
1.67203e+07
1.6689e+07
1.65773e+07
1.65334e+07
1.64302e+07
1.63377e+07
1.62751e+07
1.61231e+07
1.60729e+07
1.59267e+07
1.58146e+07
1.57305e+07
1.55384e+07
1.54796e+07
1.52761e+07
1.52027e+07
1.50231e+07
1.4859e+07
1.47982e+07
1.45676e+07
1.4496e+07
1.43512e+07
1.42507e+07
1.42023e+07
1.40225e+07
1.41314e+07
1.40152e+07
1.42246e+07
1.40941e+07
1.42327e+07
1.4698e+07
1.49604e+07
1.55354e+07
1.60613e+07
1.67469e+07
1.76821e+07
1.7683e+07
1.76822e+07
1.76831e+07
1.76815e+07
1.76823e+07
1.76801e+07
1.76799e+07
1.76783e+07
1.76785e+07
1.76782e+07
1.76773e+07
1.76747e+07
1.7674e+07
1.76716e+07
1.76711e+07
1.76685e+07
1.76679e+07
1.7665e+07
1.76643e+07
1.76611e+07
1.766e+07
1.76565e+07
1.76543e+07
1.76514e+07
1.76477e+07
1.76452e+07
1.764e+07
1.76375e+07
1.76313e+07
1.76283e+07
1.76211e+07
1.76171e+07
1.7611e+07
1.76023e+07
1.75995e+07
1.75868e+07
1.7584e+07
1.75694e+07
1.7566e+07
1.7551e+07
1.75424e+07
1.75323e+07
1.75156e+07
1.75066e+07
1.74891e+07
1.7475e+07
1.74595e+07
1.74371e+07
1.74253e+07
1.73946e+07
1.73827e+07
1.73488e+07
1.73291e+07
1.72999e+07
1.72648e+07
1.72435e+07
1.71932e+07
1.71737e+07
1.71145e+07
1.70929e+07
1.70232e+07
1.69998e+07
1.692e+07
1.68943e+07
1.68042e+07
1.67694e+07
1.6687e+07
1.66083e+07
1.65654e+07
1.64346e+07
1.63948e+07
1.62613e+07
1.62118e+07
1.60765e+07
1.59722e+07
1.59066e+07
1.57194e+07
1.5668e+07
1.54846e+07
1.54268e+07
1.52492e+07
1.51118e+07
1.50513e+07
1.48433e+07
1.47742e+07
1.46538e+07
1.45977e+07
1.45105e+07
1.44176e+07
1.44317e+07
1.4439e+07
1.46276e+07
1.45626e+07
1.45673e+07
1.49441e+07
1.52674e+07
1.56958e+07
1.63339e+07
1.69123e+07
1.76817e+07
1.76825e+07
1.76808e+07
1.76817e+07
1.76803e+07
1.76807e+07
1.76791e+07
1.76786e+07
1.76782e+07
1.76776e+07
1.76768e+07
1.76769e+07
1.7675e+07
1.76744e+07
1.76723e+07
1.76719e+07
1.76695e+07
1.7669e+07
1.76659e+07
1.76648e+07
1.76621e+07
1.76599e+07
1.76579e+07
1.76549e+07
1.76531e+07
1.76499e+07
1.76474e+07
1.76437e+07
1.76403e+07
1.76367e+07
1.76308e+07
1.76287e+07
1.76205e+07
1.76181e+07
1.76088e+07
1.76063e+07
1.75961e+07
1.75907e+07
1.7583e+07
1.75727e+07
1.75658e+07
1.75539e+07
1.75446e+07
1.75341e+07
1.75187e+07
1.75117e+07
1.74901e+07
1.74832e+07
1.74594e+07
1.74498e+07
1.74234e+07
1.74082e+07
1.73859e+07
1.73577e+07
1.73418e+07
1.7302e+07
1.72861e+07
1.72413e+07
1.72227e+07
1.71686e+07
1.71498e+07
1.70852e+07
1.70646e+07
1.69928e+07
1.69668e+07
1.68978e+07
1.68443e+07
1.68032e+07
1.67e+07
1.66698e+07
1.65604e+07
1.65265e+07
1.63918e+07
1.63558e+07
1.62228e+07
1.61548e+07
1.60676e+07
1.59129e+07
1.58763e+07
1.56973e+07
1.56465e+07
1.54782e+07
1.53849e+07
1.52941e+07
1.51307e+07
1.50329e+07
1.49754e+07
1.49658e+07
1.469e+07
1.47952e+07
1.45795e+07
1.46772e+07
1.47893e+07
1.49055e+07
1.49341e+07
1.52421e+07
1.55213e+07
1.59666e+07
1.66204e+07
1.70554e+07
1.76808e+07
1.76813e+07
1.76799e+07
1.76808e+07
1.76794e+07
1.76789e+07
1.76786e+07
1.76778e+07
1.76772e+07
1.7677e+07
1.76762e+07
1.76762e+07
1.7675e+07
1.76742e+07
1.76719e+07
1.76718e+07
1.76694e+07
1.76693e+07
1.76662e+07
1.76659e+07
1.76625e+07
1.76618e+07
1.7659e+07
1.76567e+07
1.76555e+07
1.7652e+07
1.76506e+07
1.76461e+07
1.76447e+07
1.76392e+07
1.7637e+07
1.76319e+07
1.76269e+07
1.76244e+07
1.76153e+07
1.76135e+07
1.76033e+07
1.76012e+07
1.75905e+07
1.7584e+07
1.75783e+07
1.75645e+07
1.756e+07
1.75451e+07
1.75396e+07
1.75251e+07
1.75117e+07
1.75052e+07
1.74816e+07
1.74754e+07
1.74484e+07
1.74419e+07
1.74114e+07
1.74001e+07
1.73726e+07
1.73458e+07
1.73318e+07
1.72878e+07
1.7273e+07
1.72233e+07
1.72095e+07
1.71492e+07
1.71322e+07
1.70668e+07
1.70414e+07
1.69941e+07
1.69243e+07
1.69054e+07
1.68091e+07
1.6784e+07
1.66791e+07
1.66494e+07
1.65341e+07
1.65029e+07
1.63822e+07
1.63202e+07
1.62487e+07
1.6108e+07
1.60758e+07
1.59186e+07
1.58783e+07
1.57201e+07
1.56578e+07
1.55585e+07
1.53966e+07
1.53811e+07
1.52293e+07
1.52526e+07
1.5036e+07
1.52306e+07
1.47234e+07
1.51177e+07
1.50709e+07
1.52325e+07
1.54553e+07
1.56811e+07
1.60047e+07
1.62227e+07
1.69242e+07
1.72392e+07
1.76799e+07
1.768e+07
1.76793e+07
1.76794e+07
1.76797e+07
1.76791e+07
1.76788e+07
1.76788e+07
1.76782e+07
1.76778e+07
1.76761e+07
1.76757e+07
1.76742e+07
1.76741e+07
1.76718e+07
1.76717e+07
1.76698e+07
1.76696e+07
1.76671e+07
1.7667e+07
1.76635e+07
1.7663e+07
1.76601e+07
1.76588e+07
1.76573e+07
1.76544e+07
1.76532e+07
1.76496e+07
1.76481e+07
1.76436e+07
1.76416e+07
1.76376e+07
1.76328e+07
1.76312e+07
1.76233e+07
1.76215e+07
1.76126e+07
1.76104e+07
1.76018e+07
1.75948e+07
1.75904e+07
1.75781e+07
1.75745e+07
1.75599e+07
1.75566e+07
1.75432e+07
1.7533e+07
1.75268e+07
1.75059e+07
1.75008e+07
1.74772e+07
1.74716e+07
1.74446e+07
1.74364e+07
1.74081e+07
1.73933e+07
1.73718e+07
1.73361e+07
1.73273e+07
1.72816e+07
1.72683e+07
1.72147e+07
1.71959e+07
1.71505e+07
1.71124e+07
1.70917e+07
1.70173e+07
1.7002e+07
1.69159e+07
1.68996e+07
1.68168e+07
1.6764e+07
1.67108e+07
1.66121e+07
1.65825e+07
1.64734e+07
1.64379e+07
1.63138e+07
1.62841e+07
1.61545e+07
1.6097e+07
1.60061e+07
1.58786e+07
1.58457e+07
1.56743e+07
1.56486e+07
1.55605e+07
1.53236e+07
1.54556e+07
1.52811e+07
1.52951e+07
1.5511e+07
1.54208e+07
1.58475e+07
1.59282e+07
1.60588e+07
1.63142e+07
1.64776e+07
1.70252e+07
1.72771e+07
1.76791e+07
1.76793e+07
1.76787e+07
1.76785e+07
1.76786e+07
1.76788e+07
1.76778e+07
1.76777e+07
1.76772e+07
1.76768e+07
1.7676e+07
1.76758e+07
1.76738e+07
1.76737e+07
1.76717e+07
1.7672e+07
1.767e+07
1.76704e+07
1.76676e+07
1.76679e+07
1.76645e+07
1.7664e+07
1.76613e+07
1.766e+07
1.76594e+07
1.76572e+07
1.76567e+07
1.76533e+07
1.76519e+07
1.76488e+07
1.76467e+07
1.76435e+07
1.76392e+07
1.76376e+07
1.76309e+07
1.76293e+07
1.76217e+07
1.76197e+07
1.76133e+07
1.76056e+07
1.76015e+07
1.75919e+07
1.75891e+07
1.75765e+07
1.75721e+07
1.75646e+07
1.75522e+07
1.75481e+07
1.75317e+07
1.75279e+07
1.75069e+07
1.7501e+07
1.74816e+07
1.74712e+07
1.74529e+07
1.74286e+07
1.74212e+07
1.73866e+07
1.73784e+07
1.73412e+07
1.73274e+07
1.72913e+07
1.72555e+07
1.7241e+07
1.71893e+07
1.71766e+07
1.71183e+07
1.71068e+07
1.70346e+07
1.70096e+07
1.69624e+07
1.68892e+07
1.6858e+07
1.67691e+07
1.67436e+07
1.66633e+07
1.6617e+07
1.65208e+07
1.65036e+07
1.63866e+07
1.63244e+07
1.62835e+07
1.6138e+07
1.61294e+07
1.59754e+07
1.59445e+07
1.58904e+07
1.56785e+07
1.58017e+07
1.56776e+07
1.59436e+07
1.5812e+07
1.5712e+07
1.61366e+07
1.6224e+07
1.63888e+07
1.66622e+07
1.68017e+07
1.72333e+07
1.73831e+07
1.76782e+07
1.76778e+07
1.76786e+07
1.76775e+07
1.76772e+07
1.76774e+07
1.76768e+07
1.76768e+07
1.76763e+07
1.7676e+07
1.76753e+07
1.76756e+07
1.76736e+07
1.76732e+07
1.76712e+07
1.76719e+07
1.76702e+07
1.76704e+07
1.76682e+07
1.76685e+07
1.7665e+07
1.76645e+07
1.7662e+07
1.76611e+07
1.76605e+07
1.76598e+07
1.76592e+07
1.76558e+07
1.76547e+07
1.76532e+07
1.76495e+07
1.76491e+07
1.76435e+07
1.76421e+07
1.76391e+07
1.76367e+07
1.76308e+07
1.76293e+07
1.76229e+07
1.76175e+07
1.76142e+07
1.76041e+07
1.76017e+07
1.75928e+07
1.75895e+07
1.75844e+07
1.75737e+07
1.75701e+07
1.75562e+07
1.75538e+07
1.75378e+07
1.75274e+07
1.75227e+07
1.75038e+07
1.74974e+07
1.74714e+07
1.74617e+07
1.74433e+07
1.74263e+07
1.74119e+07
1.73797e+07
1.73636e+07
1.7327e+07
1.73096e+07
1.72843e+07
1.72713e+07
1.72169e+07
1.72043e+07
1.71533e+07
1.71366e+07
1.71006e+07
1.7017e+07
1.69961e+07
1.69335e+07
1.69188e+07
1.684e+07
1.68197e+07
1.67373e+07
1.67153e+07
1.66608e+07
1.65519e+07
1.65287e+07
1.64257e+07
1.63953e+07
1.62834e+07
1.62061e+07
1.60526e+07
1.60361e+07
1.58198e+07
1.59795e+07
1.6335e+07
1.62203e+07
1.63024e+07
1.63166e+07
1.64353e+07
1.65734e+07
1.68046e+07
1.69145e+07
1.72636e+07
1.74186e+07
1.76768e+07
1.76767e+07
1.76774e+07
1.76768e+07
1.76763e+07
1.76763e+07
1.76765e+07
1.76764e+07
1.76758e+07
1.76762e+07
1.76746e+07
1.76753e+07
1.76733e+07
1.76734e+07
1.76707e+07
1.76714e+07
1.76703e+07
1.76704e+07
1.76679e+07
1.76686e+07
1.76655e+07
1.76639e+07
1.76629e+07
1.76605e+07
1.76604e+07
1.76596e+07
1.76603e+07
1.76586e+07
1.76571e+07
1.76563e+07
1.76525e+07
1.76538e+07
1.76468e+07
1.76471e+07
1.76445e+07
1.76426e+07
1.76388e+07
1.76384e+07
1.76325e+07
1.76296e+07
1.76228e+07
1.76163e+07
1.76134e+07
1.76078e+07
1.76053e+07
1.76039e+07
1.75919e+07
1.75912e+07
1.75749e+07
1.75776e+07
1.75584e+07
1.75599e+07
1.75467e+07
1.7541e+07
1.75296e+07
1.75138e+07
1.75037e+07
1.74885e+07
1.74884e+07
1.74633e+07
1.74444e+07
1.74201e+07
1.73896e+07
1.73789e+07
1.73768e+07
1.73594e+07
1.73195e+07
1.73064e+07
1.72702e+07
1.72543e+07
1.72333e+07
1.71728e+07
1.71262e+07
1.70782e+07
1.70724e+07
1.70405e+07
1.69995e+07
1.69404e+07
1.6911e+07
1.68706e+07
1.68314e+07
1.68124e+07
1.67269e+07
1.67837e+07
1.66609e+07
1.64184e+07
1.62306e+07
1.63444e+07
1.62523e+07
1.6339e+07
1.6543e+07
1.66251e+07
1.67278e+07
1.66715e+07
1.67525e+07
1.68196e+07
1.70364e+07
1.7116e+07
1.73914e+07
1.74607e+07
1.76761e+07
1.76761e+07
1.7676e+07
1.76762e+07
1.76757e+07
1.76758e+07
1.76757e+07
1.76758e+07
1.76743e+07
1.76747e+07
1.76735e+07
1.76752e+07
1.76734e+07
1.76745e+07
1.76721e+07
1.76717e+07
1.76704e+07
1.76702e+07
1.76695e+07
1.76694e+07
1.76674e+07
1.76637e+07
1.76619e+07
1.76615e+07
1.76625e+07
1.76626e+07
1.7663e+07
1.76621e+07
1.76592e+07
1.76588e+07
1.76551e+07
1.76588e+07
1.76546e+07
1.76516e+07
1.76509e+07
1.76476e+07
1.76447e+07
1.76449e+07
1.7642e+07
1.76391e+07
1.76329e+07
1.76323e+07
1.76213e+07
1.76254e+07
1.76225e+07
1.76237e+07
1.76086e+07
1.76137e+07
1.75931e+07
1.76009e+07
1.75884e+07
1.75844e+07
1.75694e+07
1.75779e+07
1.75639e+07
1.75219e+07
1.75029e+07
1.74783e+07
1.74919e+07
1.74858e+07
1.7462e+07
1.74388e+07
1.74028e+07
1.73905e+07
1.74e+07
1.74079e+07
1.73799e+07
1.73542e+07
1.73733e+07
1.73445e+07
1.73255e+07
1.72783e+07
1.71808e+07
1.7195e+07
1.71426e+07
1.71059e+07
1.71326e+07
1.70039e+07
1.7007e+07
1.69764e+07
1.70377e+07
1.6984e+07
1.70263e+07
1.66646e+07
1.66506e+07
1.62009e+07
1.61926e+07
1.62934e+07
1.64648e+07
1.64884e+07
1.64526e+07
1.67799e+07
1.70487e+07
1.7074e+07
1.70448e+07
1.71027e+07
1.71939e+07
1.73415e+07
1.75559e+07
1.76465e+07
1.76761e+07
1.76748e+07
1.76747e+07
1.76753e+07
1.76749e+07
1.76748e+07
1.76744e+07
1.7675e+07
1.76738e+07
1.76741e+07
1.76739e+07
1.76751e+07
1.76736e+07
1.76749e+07
1.76739e+07
1.7673e+07
1.76721e+07
1.76721e+07
1.76722e+07
1.76687e+07
1.7668e+07
1.76637e+07
1.7665e+07
1.76649e+07
1.76651e+07
1.7666e+07
1.76669e+07
1.76661e+07
1.7664e+07
1.76645e+07
1.76622e+07
1.76628e+07
1.76637e+07
1.76584e+07
1.76588e+07
1.76573e+07
1.76541e+07
1.7654e+07
1.76521e+07
1.76509e+07
1.76475e+07
1.76432e+07
1.76346e+07
1.76388e+07
1.76323e+07
1.76404e+07
1.76348e+07
1.76348e+07
1.76207e+07
1.76215e+07
1.76171e+07
1.76038e+07
1.75912e+07
1.76112e+07
1.75915e+07
1.75782e+07
1.75663e+07
1.75385e+07
1.75553e+07
1.7547e+07
1.75297e+07
1.7513e+07
1.74941e+07
1.75006e+07
1.7478e+07
1.74828e+07
1.7504e+07
1.74082e+07
1.74564e+07
1.74297e+07
1.74337e+07
1.74034e+07
1.73677e+07
1.73592e+07
1.73263e+07
1.72374e+07
1.72195e+07
1.71572e+07
1.71364e+07
1.71348e+07
1.71949e+07
1.71034e+07
1.70824e+07
1.67419e+07
1.6663e+07
1.65139e+07
1.65576e+07
1.669e+07
1.69407e+07
1.68126e+07
1.68331e+07
1.68915e+07
1.70621e+07
1.70993e+07
1.7096e+07
1.72411e+07
1.72618e+07
1.74302e+07
1.75833e+07
1.76874e+07
1.76751e+07
1.76739e+07
1.76741e+07
1.76744e+07
1.7674e+07
1.76742e+07
1.7674e+07
1.7674e+07
1.76732e+07
1.7674e+07
1.76741e+07
1.7674e+07
1.76735e+07
1.76738e+07
1.76733e+07
1.76728e+07
1.7673e+07
1.7673e+07
1.76729e+07
1.76699e+07
1.76694e+07
1.76685e+07
1.76696e+07
1.76701e+07
1.76702e+07
1.76707e+07
1.76705e+07
1.76697e+07
1.76685e+07
1.76684e+07
1.76686e+07
1.76679e+07
1.76689e+07
1.76663e+07
1.76659e+07
1.76656e+07
1.7664e+07
1.76641e+07
1.76622e+07
1.76627e+07
1.7663e+07
1.76577e+07
1.7657e+07
1.766e+07
1.7657e+07
1.76517e+07
1.76578e+07
1.76524e+07
1.76514e+07
1.76482e+07
1.76404e+07
1.76343e+07
1.76385e+07
1.76582e+07
1.76376e+07
1.76373e+07
1.76249e+07
1.76069e+07
1.76129e+07
1.76152e+07
1.7603e+07
1.76112e+07
1.76005e+07
1.76062e+07
1.75914e+07
1.75841e+07
1.75872e+07
1.75571e+07
1.7582e+07
1.75578e+07
1.7546e+07
1.75361e+07
1.75526e+07
1.75445e+07
1.75738e+07
1.75461e+07
1.75032e+07
1.75109e+07
1.7465e+07
1.74925e+07
1.74841e+07
1.74492e+07
1.74066e+07
1.7376e+07
1.72499e+07
1.74225e+07
1.7272e+07
1.73739e+07
1.75153e+07
1.74642e+07
1.76234e+07
1.75381e+07
1.75194e+07
1.75748e+07
1.75363e+07
1.77373e+07
1.7771e+07
1.77935e+07
1.78259e+07
1.78703e+07
1.43079e+07
1.61846e+07
1.89149e+07
2.16431e+07
2.38643e+07
2.52625e+07
2.9088e+07
3.11667e+07
3.14114e+07
3.48731e+07
1.47213e+07
1.71062e+07
1.90877e+07
2.16961e+07
2.30778e+07
2.53417e+07
2.84207e+07
2.87938e+07
3.06956e+07
3.15995e+07
1.55307e+07
1.73653e+07
1.92472e+07
2.12535e+07
2.23181e+07
2.50797e+07
2.66279e+07
2.74057e+07
2.97047e+07
2.96021e+07
1.59195e+07
1.75058e+07
1.92297e+07
2.09931e+07
2.20647e+07
2.43601e+07
2.52221e+07
2.6302e+07
2.79137e+07
2.78306e+07
1.62887e+07
1.7839e+07
1.94183e+07
2.07649e+07
2.19867e+07
2.35933e+07
2.43807e+07
2.53847e+07
2.65045e+07
2.66776e+07
1.68295e+07
1.81401e+07
1.95451e+07
2.049e+07
2.17943e+07
2.27841e+07
2.37717e+07
2.45843e+07
2.54573e+07
2.59724e+07
1.69864e+07
1.81761e+07
1.93761e+07
2.01565e+07
2.13269e+07
2.20985e+07
2.29883e+07
2.37162e+07
2.43425e+07
2.50607e+07
1.73517e+07
1.82888e+07
1.92744e+07
1.99348e+07
2.08501e+07
2.15841e+07
2.22854e+07
2.29981e+07
2.34311e+07
2.40846e+07
1.75178e+07
1.8213e+07
1.90935e+07
1.9682e+07
2.04705e+07
2.11459e+07
2.17054e+07
2.24277e+07
2.27574e+07
2.34365e+07
1.75676e+07
1.81611e+07
1.89348e+07
1.95033e+07
2.01835e+07
2.07603e+07
2.11935e+07
2.17921e+07
2.20695e+07
2.26641e+07
1.76903e+07
1.82445e+07
1.89252e+07
1.93455e+07
1.99055e+07
2.03373e+07
2.07556e+07
2.12402e+07
2.14952e+07
2.19967e+07
1.78536e+07
1.82592e+07
1.88253e+07
1.91852e+07
1.96253e+07
2.00201e+07
2.0291e+07
2.07339e+07
2.08716e+07
2.13746e+07
1.79164e+07
1.82398e+07
1.87023e+07
1.90368e+07
1.93567e+07
1.97575e+07
1.99136e+07
2.03472e+07
2.04267e+07
2.07739e+07
1.78522e+07
1.81467e+07
1.84886e+07
1.88973e+07
1.90908e+07
1.95602e+07
1.96511e+07
2.00408e+07
2.01654e+07
2.03033e+07
1.77595e+07
1.80161e+07
1.82151e+07
1.86329e+07
1.87335e+07
1.91581e+07
1.9289e+07
1.95559e+07
1.98092e+07
1.98133e+07
1.75933e+07
1.79406e+07
1.80144e+07
1.8426e+07
1.85392e+07
1.88555e+07
1.90822e+07
1.9182e+07
1.95109e+07
1.95288e+07
1.76368e+07
1.79015e+07
1.80114e+07
1.82863e+07
1.84201e+07
1.85666e+07
1.88157e+07
1.88765e+07
1.90337e+07
1.91543e+07
1.76963e+07
1.78856e+07
1.794e+07
1.81104e+07
1.8269e+07
1.83115e+07
1.85644e+07
1.87077e+07
1.87321e+07
1.87989e+07
1.76956e+07
1.77559e+07
1.77739e+07
1.77599e+07
1.79498e+07
1.79396e+07
1.8159e+07
1.82181e+07
1.83337e+07
1.85117e+07
1.78383e+07
1.78469e+07
1.78285e+07
1.77805e+07
1.77805e+07
1.77387e+07
1.78087e+07
1.77468e+07
1.77757e+07
1.78132e+07
)
;

boundaryField
{
    down
    {
        type            symmetryPlane;
    }
    right
    {
        type            calculated;
        value           nonuniform List<scalar> 
30
(
3.80731e+06
3.76298e+06
3.68543e+06
3.59454e+06
3.51868e+06
3.49352e+06
3.56521e+06
3.80145e+06
4.32142e+06
5.36383e+06
7.37141e+06
1.13772e+07
1.63613e+07
1.77593e+07
1.77809e+07
1.77088e+07
1.75526e+07
1.71878e+07
1.69614e+07
1.68648e+07
1.71039e+07
1.73814e+07
1.76506e+07
1.77879e+07
1.80922e+07
1.82746e+07
1.83103e+07
1.81394e+07
1.79871e+07
1.78842e+07
)
;
    }
    up
    {
        type            calculated;
        value           nonuniform List<scalar> 
220
(
1.78763e+07
1.80329e+07
1.79335e+07
1.80687e+07
1.8132e+07
1.81584e+07
1.81665e+07
1.81793e+07
1.81791e+07
1.80598e+07
1.80412e+07
1.82213e+07
1.79957e+07
1.80983e+07
1.79069e+07
1.83102e+07
1.8044e+07
1.81547e+07
1.80603e+07
1.80517e+07
1.79917e+07
1.79687e+07
1.79358e+07
1.79384e+07
1.81638e+07
1.82936e+07
1.83207e+07
1.83284e+07
1.83499e+07
1.84104e+07
1.83563e+07
1.82816e+07
1.82287e+07
1.81786e+07
1.80709e+07
1.80074e+07
1.79541e+07
1.79652e+07
1.80049e+07
1.80347e+07
1.80502e+07
1.80795e+07
1.8055e+07
1.80738e+07
1.808e+07
1.80673e+07
1.80786e+07
1.80457e+07
1.80601e+07
1.80604e+07
1.80491e+07
1.80039e+07
1.79937e+07
1.79668e+07
1.79365e+07
1.78941e+07
1.78698e+07
1.78489e+07
1.78509e+07
1.78471e+07
1.78518e+07
1.77881e+07
1.77734e+07
1.77795e+07
1.77832e+07
1.77759e+07
1.77042e+07
1.77193e+07
1.76713e+07
1.76609e+07
1.76621e+07
1.76311e+07
1.76225e+07
1.76216e+07
1.75945e+07
1.75748e+07
1.75734e+07
1.75616e+07
1.75749e+07
1.75649e+07
1.75498e+07
1.75426e+07
1.75424e+07
1.7535e+07
1.7524e+07
1.75143e+07
1.75204e+07
1.75445e+07
1.75698e+07
1.76087e+07
1.7653e+07
1.76542e+07
1.76671e+07
1.76737e+07
1.76925e+07
1.77022e+07
1.77056e+07
1.77206e+07
1.77499e+07
1.77849e+07
1.78129e+07
1.78237e+07
1.784e+07
1.78508e+07
1.78526e+07
1.7859e+07
1.7866e+07
1.78734e+07
1.78781e+07
1.78842e+07
1.78452e+07
1.78708e+07
1.7862e+07
1.78347e+07
1.78315e+07
1.78076e+07
1.7891e+07
1.7853e+07
1.78859e+07
1.79283e+07
1.76745e+07
1.76735e+07
1.76736e+07
1.76738e+07
1.76735e+07
1.76735e+07
1.76735e+07
1.76733e+07
1.76728e+07
1.76734e+07
1.76735e+07
1.76733e+07
1.76728e+07
1.76728e+07
1.76724e+07
1.7672e+07
1.76722e+07
1.76721e+07
1.76717e+07
1.76689e+07
1.76682e+07
1.76675e+07
1.76684e+07
1.76687e+07
1.76686e+07
1.76689e+07
1.76686e+07
1.76677e+07
1.76664e+07
1.76662e+07
1.76665e+07
1.76652e+07
1.76657e+07
1.76634e+07
1.76626e+07
1.7662e+07
1.76602e+07
1.76599e+07
1.7658e+07
1.7658e+07
1.76574e+07
1.76531e+07
1.76513e+07
1.76533e+07
1.76509e+07
1.76455e+07
1.76508e+07
1.76446e+07
1.7642e+07
1.76382e+07
1.76286e+07
1.76245e+07
1.76261e+07
1.76413e+07
1.76257e+07
1.76218e+07
1.76085e+07
1.75902e+07
1.75962e+07
1.75964e+07
1.75807e+07
1.75913e+07
1.75788e+07
1.75801e+07
1.75687e+07
1.75589e+07
1.75576e+07
1.75245e+07
1.75463e+07
1.75167e+07
1.75034e+07
1.74973e+07
1.75066e+07
1.74957e+07
1.75103e+07
1.74793e+07
1.74368e+07
1.74519e+07
1.74007e+07
1.7413e+07
1.73954e+07
1.73573e+07
1.73192e+07
1.72856e+07
1.71476e+07
1.73201e+07
1.71728e+07
1.72501e+07
1.73772e+07
1.73486e+07
1.74847e+07
1.74365e+07
1.74177e+07
1.74793e+07
1.74537e+07
1.76411e+07
1.76947e+07
1.77348e+07
1.77893e+07
1.78536e+07
)
;
    }
    left
    {
        type            calculated;
        value           nonuniform List<scalar> 
30
(
1.7694e+07
1.76939e+07
1.76938e+07
1.76938e+07
1.76934e+07
1.7693e+07
1.76927e+07
1.76922e+07
1.76917e+07
1.76914e+07
1.76909e+07
1.76902e+07
1.76895e+07
1.76887e+07
1.7688e+07
1.76871e+07
1.76861e+07
1.76854e+07
1.76847e+07
1.76838e+07
1.76829e+07
1.76819e+07
1.76809e+07
1.76801e+07
1.76792e+07
1.76782e+07
1.76772e+07
1.76762e+07
1.76753e+07
1.76743e+07
)
;
    }
    cylinder
    {
        type            calculated;
        value           nonuniform List<scalar> 
40
(
701758
651965
676446
679265
575525
668694
864134
1.96612e+06
5.88636e+06
1.33293e+07
746305
743899
742504
740604
736726
730695
724311
717514
709305
717984
3.61894e+07
6.1769e+07
6.80638e+07
1.14996e+08
1.31368e+08
1.04732e+08
1.14775e+08
7.75851e+07
4.21005e+07
3.00518e+07
1.30155e+06
1.58716e+06
1.83966e+06
2.32261e+06
2.89151e+06
4.79154e+06
6.13184e+06
1.15651e+07
1.52509e+07
2.83013e+07
)
;
    }
    defaultFaces
    {
        type            empty;
    }
}


// ************************************************************************* //
