/*--------------------------------*- C++ -*----------------------------------*\
  =========                 |
  \\      /  F ield         | OpenFOAM: The Open Source CFD Toolbox
   \\    /   O peration     | Website:  https://openfoam.org
    \\  /    A nd           | Version:  8
     \\/     M anipulation  |
\*---------------------------------------------------------------------------*/
FoamFile
{
    version     2.0;
    format      ascii;
    class       volScalarField;
    location    "0.999971";
    object      rho;
}
// * * * * * * * * * * * * * * * * * * * * * * * * * * * * * * * * * * * * * //

dimensions      [1 -3 0 0 0 0 0];

internalField   nonuniform List<scalar> 
6800
(
0.585079
0.585521
0.585743
0.585989
0.5863
0.587076
0.588272
0.588723
0.589003
0.58917
0.584583
0.585216
0.585791
0.586292
0.587181
0.588296
0.588774
0.589014
0.589173
0.589233
0.58444
0.584833
0.585854
0.58716
0.58814
0.588645
0.588911
0.589057
0.589153
0.589194
0.584486
0.585178
0.585924
0.587895
0.58837
0.588669
0.588864
0.589
0.589126
0.589232
0.584465
0.58661
0.586665
0.588141
0.588411
0.588635
0.58879
0.588912
0.589028
0.589161
0.584574
0.588128
0.586813
0.588107
0.588296
0.588468
0.588589
0.588802
0.58901
0.589283
0.583622
0.587742
0.586709
0.587868
0.588012
0.588292
0.58846
0.588747
0.588955
0.589255
0.581759
0.587533
0.586282
0.587395
0.58758
0.588061
0.588284
0.588636
0.588965
0.589333
0.579939
0.586297
0.585569
0.586871
0.587107
0.587738
0.588116
0.588619
0.588999
0.589355
0.577977
0.585232
0.584545
0.586406
0.586998
0.587626
0.58806
0.588556
0.58898
0.589325
0.586217
0.586053
0.585951
0.58591
0.585894
0.585891
0.585897
0.585912
0.585935
0.585965
0.586168
0.586025
0.58593
0.585891
0.585876
0.585872
0.585878
0.585891
0.585915
0.585948
0.586088
0.585967
0.585891
0.585858
0.585844
0.585838
0.585841
0.585855
0.585882
0.585927
0.585991
0.585901
0.585845
0.585821
0.585809
0.585803
0.585804
0.585814
0.585846
0.585915
0.58589
0.585836
0.585805
0.585792
0.585782
0.585776
0.585774
0.585783
0.585829
0.585954
0.585795
0.585781
0.585773
0.585778
0.585783
0.585786
0.585787
0.585781
0.585818
0.586043
0.585709
0.585734
0.58576
0.585798
0.585825
0.585842
0.585851
0.585871
0.585894
0.586282
0.585622
0.585692
0.585775
0.585844
0.585892
0.585932
0.58596
0.586084
0.586128
0.586829
0.585526
0.585659
0.585792
0.585885
0.585961
0.586073
0.586179
0.586489
0.586721
0.587846
0.585367
0.585616
0.585762
0.585914
0.586074
0.586346
0.586679
0.587592
0.588429
0.588848
0.586014
0.586103
0.586208
0.586338
0.586485
0.58665
0.586831
0.587026
0.587234
0.587451
0.587675
0.587906
0.58814
0.588378
0.588614
0.588848
0.589077
0.589297
0.589509
0.58971
0.589898
0.590075
0.590237
0.590385
0.590519
0.590638
0.590743
0.590836
0.590917
0.590987
0.591047
0.591098
0.591141
0.591177
0.591206
0.59123
0.591249
0.591263
0.591274
0.591282
0.591288
0.591291
0.591292
0.591292
0.59129
0.591288
0.591284
0.59128
0.591276
0.591271
0.591265
0.59126
0.591255
0.591249
0.591244
0.591238
0.591233
0.591228
0.591223
0.591218
0.591214
0.591209
0.591205
0.5912
0.591196
0.591192
0.591188
0.591184
0.59118
0.591176
0.591173
0.59117
0.591167
0.591164
0.591162
0.59116
0.591158
0.591156
0.591154
0.591153
0.591151
0.59115
0.591149
0.591148
0.591147
0.591146
0.591145
0.591144
0.591143
0.591142
0.591141
0.59114
0.591139
0.591138
0.591137
0.591135
0.591134
0.591133
0.591131
0.591135
0.585991
0.586086
0.586197
0.586327
0.586475
0.586641
0.586822
0.587018
0.587226
0.587442
0.587665
0.587895
0.588129
0.588368
0.588605
0.588835
0.589063
0.589285
0.589496
0.589696
0.589885
0.59006
0.590222
0.590369
0.590502
0.59062
0.590725
0.590817
0.590898
0.590967
0.591027
0.591077
0.59112
0.591156
0.591185
0.591209
0.591228
0.591243
0.591254
0.591262
0.591268
0.591271
0.591273
0.591273
0.591272
0.59127
0.591266
0.591263
0.591258
0.591254
0.591249
0.591244
0.591239
0.591233
0.591228
0.591223
0.591218
0.591213
0.591209
0.591204
0.591199
0.591195
0.591191
0.591186
0.591182
0.591178
0.591174
0.59117
0.591167
0.591163
0.59116
0.591157
0.591154
0.591152
0.59115
0.591148
0.591146
0.591144
0.591143
0.591141
0.59114
0.591139
0.591138
0.591138
0.591137
0.591136
0.591135
0.591134
0.591133
0.591132
0.591132
0.591131
0.59113
0.591128
0.591128
0.591126
0.591125
0.591124
0.591122
0.591126
0.585959
0.586068
0.586181
0.586311
0.586461
0.586628
0.58681
0.587006
0.587214
0.587429
0.587649
0.587877
0.588108
0.588341
0.588577
0.588811
0.589038
0.589259
0.589469
0.589669
0.589856
0.590031
0.590191
0.590337
0.590468
0.590586
0.59069
0.590781
0.590861
0.59093
0.590989
0.591039
0.591082
0.591117
0.591147
0.591171
0.591191
0.591205
0.591217
0.591226
0.591233
0.591237
0.591239
0.59124
0.591239
0.591238
0.591235
0.591232
0.591228
0.591224
0.59122
0.591215
0.591211
0.591206
0.591201
0.591196
0.591192
0.591187
0.591183
0.591179
0.591174
0.59117
0.591166
0.591162
0.591158
0.591154
0.59115
0.591147
0.591143
0.59114
0.591137
0.591135
0.591132
0.59113
0.591128
0.591126
0.591125
0.591124
0.591123
0.591122
0.591121
0.59112
0.591119
0.591119
0.591118
0.591117
0.591117
0.591116
0.591115
0.591115
0.591114
0.591113
0.591113
0.591112
0.591111
0.59111
0.591109
0.591109
0.591107
0.591111
0.585935
0.586054
0.58617
0.586302
0.586452
0.586618
0.586798
0.58699
0.58719
0.587402
0.587625
0.587853
0.588083
0.588315
0.588547
0.588778
0.589003
0.589222
0.589431
0.58963
0.589816
0.58999
0.590149
0.590294
0.590425
0.590542
0.590646
0.590737
0.590816
0.590885
0.590944
0.590995
0.591038
0.591074
0.591104
0.591128
0.591149
0.591165
0.591178
0.591188
0.591195
0.5912
0.591204
0.591205
0.591205
0.591205
0.591203
0.5912
0.591197
0.591194
0.59119
0.591186
0.591181
0.591177
0.591173
0.591168
0.591164
0.59116
0.591155
0.591151
0.591147
0.591143
0.591139
0.591135
0.591131
0.591127
0.591124
0.59112
0.591117
0.591114
0.591112
0.591109
0.591107
0.591105
0.591104
0.591102
0.591101
0.5911
0.591099
0.591098
0.591098
0.591097
0.591097
0.591096
0.591096
0.591095
0.591095
0.591094
0.591094
0.591094
0.591093
0.591093
0.591092
0.591092
0.591092
0.591091
0.59109
0.59109
0.591088
0.591093
0.58595
0.58606
0.586179
0.58631
0.586457
0.58662
0.586795
0.586984
0.587181
0.587388
0.587605
0.587829
0.588058
0.588288
0.588517
0.588745
0.588969
0.589187
0.589395
0.589593
0.589778
0.589951
0.59011
0.590255
0.590385
0.590502
0.590608
0.5907
0.590779
0.590849
0.59091
0.590962
0.591006
0.591043
0.591075
0.591101
0.591124
0.591141
0.591155
0.591167
0.591175
0.591181
0.591185
0.591188
0.591189
0.591188
0.591187
0.591185
0.591182
0.591179
0.591175
0.591171
0.591167
0.591163
0.591158
0.591154
0.59115
0.591145
0.591141
0.591136
0.591132
0.591127
0.591123
0.591119
0.591114
0.59111
0.591106
0.591103
0.5911
0.591097
0.591094
0.591091
0.591089
0.591087
0.591086
0.591084
0.591083
0.591082
0.591081
0.59108
0.59108
0.591079
0.591079
0.591078
0.591078
0.591077
0.591077
0.591077
0.591076
0.591076
0.591076
0.591075
0.591075
0.591075
0.591075
0.591074
0.591074
0.591074
0.591072
0.591077
0.586042
0.586123
0.586236
0.586361
0.5865
0.586655
0.586821
0.587002
0.587193
0.587395
0.587606
0.587825
0.588051
0.588278
0.588506
0.588732
0.588955
0.589173
0.589382
0.58958
0.589767
0.58994
0.5901
0.590247
0.590379
0.590499
0.590607
0.590701
0.590784
0.590856
0.590919
0.590974
0.591021
0.591061
0.591095
0.591124
0.591148
0.591168
0.591183
0.591195
0.591205
0.591211
0.591216
0.591218
0.591219
0.591218
0.591217
0.591214
0.59121
0.591206
0.591202
0.591197
0.591192
0.591186
0.591181
0.591175
0.59117
0.591164
0.591158
0.591153
0.591147
0.591141
0.591135
0.59113
0.591124
0.591119
0.591114
0.591109
0.591105
0.591101
0.591098
0.591095
0.591092
0.591089
0.591087
0.591085
0.591083
0.591082
0.59108
0.591079
0.591078
0.591077
0.591076
0.591075
0.591074
0.591073
0.591072
0.591072
0.591071
0.59107
0.59107
0.591069
0.591069
0.591069
0.591068
0.591068
0.591068
0.591069
0.591066
0.591071
0.58629
0.586305
0.586389
0.58649
0.58661
0.586754
0.586905
0.587077
0.58726
0.587458
0.587658
0.587872
0.588096
0.588324
0.588552
0.588778
0.589003
0.589224
0.589436
0.589638
0.589829
0.590008
0.590174
0.590325
0.590463
0.59059
0.590702
0.590801
0.59089
0.590967
0.591035
0.591093
0.591144
0.591187
0.591223
0.591253
0.591277
0.591299
0.591313
0.591326
0.591334
0.591338
0.591342
0.591342
0.59134
0.591337
0.591333
0.591327
0.591321
0.591314
0.591306
0.591298
0.591289
0.59128
0.591272
0.591262
0.591253
0.591244
0.591236
0.591228
0.591219
0.591209
0.5912
0.591192
0.591183
0.591175
0.591168
0.591161
0.591155
0.591149
0.591143
0.591138
0.591133
0.591129
0.591125
0.591121
0.591118
0.591115
0.591112
0.591109
0.591106
0.591104
0.591101
0.591099
0.591097
0.591095
0.591093
0.591092
0.59109
0.591089
0.591088
0.591087
0.591086
0.591085
0.591084
0.591083
0.591082
0.591083
0.59108
0.591084
0.586814
0.586782
0.586791
0.586832
0.586909
0.587009
0.587129
0.5873
0.587472
0.587668
0.587856
0.588065
0.588291
0.588521
0.588753
0.588987
0.589218
0.589448
0.589665
0.589875
0.590076
0.590266
0.590446
0.590607
0.590758
0.590889
0.591011
0.591118
0.591215
0.591297
0.591369
0.59143
0.591482
0.591526
0.59156
0.591589
0.591608
0.591627
0.591633
0.591643
0.591645
0.591642
0.591639
0.591632
0.591622
0.591611
0.591599
0.591585
0.59157
0.591554
0.591537
0.591521
0.591506
0.591489
0.591473
0.591458
0.591442
0.591425
0.59141
0.591394
0.591379
0.591364
0.591349
0.591335
0.591321
0.591309
0.591297
0.591286
0.591275
0.591265
0.591255
0.591246
0.591238
0.591229
0.591222
0.591215
0.591208
0.591201
0.591195
0.591189
0.591184
0.591178
0.591173
0.591169
0.591164
0.59116
0.591156
0.591153
0.591149
0.591146
0.591143
0.591141
0.591138
0.591136
0.591134
0.591132
0.59113
0.591129
0.591126
0.591127
0.587826
0.587803
0.587771
0.587746
0.587751
0.58778
0.587871
0.587998
0.588146
0.588302
0.588477
0.588689
0.588917
0.589151
0.589391
0.589638
0.589887
0.590125
0.590362
0.590594
0.590808
0.591012
0.5912
0.591373
0.591532
0.591671
0.591799
0.591905
0.592002
0.592079
0.592147
0.5922
0.592243
0.592277
0.592299
0.592314
0.59232
0.592322
0.592307
0.592304
0.592286
0.592261
0.592242
0.592215
0.592184
0.592155
0.59212
0.592089
0.592053
0.592019
0.591982
0.591948
0.591915
0.591882
0.591851
0.591822
0.591791
0.59176
0.591732
0.591704
0.591677
0.591652
0.591627
0.591604
0.591581
0.59156
0.591539
0.59152
0.591501
0.591483
0.591466
0.591449
0.591434
0.591419
0.591405
0.591391
0.591378
0.591366
0.591354
0.591343
0.591333
0.591323
0.591314
0.591305
0.591297
0.591289
0.591281
0.591274
0.591267
0.591261
0.591255
0.591249
0.591244
0.591239
0.591234
0.59123
0.591226
0.591222
0.591218
0.591215
0.588768
0.588838
0.5889
0.588928
0.588958
0.589008
0.58909
0.589194
0.58933
0.58946
0.589632
0.589815
0.590004
0.590191
0.590386
0.590578
0.590769
0.590953
0.59113
0.591302
0.591462
0.591616
0.591759
0.591893
0.592017
0.592129
0.592233
0.592323
0.592407
0.592475
0.592538
0.592588
0.592631
0.592665
0.59269
0.592712
0.592721
0.592731
0.592729
0.592733
0.592719
0.592716
0.592709
0.592689
0.592671
0.592653
0.59263
0.592606
0.592581
0.592555
0.592528
0.5925
0.592469
0.592436
0.592403
0.59237
0.592334
0.592298
0.592262
0.592224
0.592186
0.592148
0.592109
0.592072
0.592033
0.591998
0.59196
0.591925
0.591891
0.591858
0.591825
0.591795
0.591766
0.591738
0.591712
0.591687
0.591664
0.591642
0.591621
0.591601
0.591583
0.591566
0.591549
0.591533
0.591518
0.591504
0.591491
0.591478
0.591466
0.591455
0.591443
0.591433
0.591423
0.591414
0.591405
0.591397
0.591389
0.591381
0.591374
0.591365
0.589127
0.589193
0.589308
0.589375
0.589434
0.589504
0.589592
0.589696
0.589819
0.589947
0.590089
0.590237
0.590394
0.590546
0.590705
0.590859
0.591015
0.591167
0.591312
0.591455
0.591589
0.591721
0.591845
0.591965
0.592078
0.592181
0.592277
0.59236
0.592438
0.592503
0.592562
0.592612
0.592653
0.592687
0.592714
0.592736
0.592747
0.592759
0.592767
0.592762
0.592766
0.592774
0.592761
0.592752
0.592744
0.592734
0.592721
0.592707
0.592693
0.592678
0.592667
0.592653
0.592636
0.59262
0.592603
0.592585
0.592567
0.592549
0.592529
0.59251
0.592491
0.592472
0.592452
0.592433
0.592412
0.592391
0.592368
0.592343
0.592317
0.59229
0.592261
0.592232
0.592202
0.592171
0.592141
0.59211
0.59208
0.592049
0.59202
0.59199
0.591962
0.591935
0.591907
0.591881
0.591855
0.591831
0.591807
0.591785
0.591764
0.591744
0.591725
0.591707
0.59169
0.591673
0.591658
0.591644
0.59163
0.591617
0.591605
0.591589
0.589343
0.589412
0.589536
0.58961
0.589675
0.589748
0.589836
0.589933
0.590045
0.59016
0.590287
0.590419
0.590556
0.590691
0.59083
0.590964
0.591102
0.591236
0.59137
0.591504
0.591629
0.591752
0.591869
0.591978
0.592081
0.592176
0.592264
0.592342
0.592414
0.592476
0.59253
0.592577
0.592616
0.592647
0.592677
0.592693
0.592709
0.59272
0.592723
0.592729
0.592737
0.592735
0.592728
0.592724
0.592716
0.592707
0.592696
0.592684
0.592671
0.592659
0.592648
0.592634
0.592622
0.592609
0.592597
0.592583
0.59257
0.592556
0.592543
0.592531
0.592518
0.592508
0.592497
0.592486
0.592476
0.592465
0.592457
0.592443
0.592433
0.592421
0.592411
0.592397
0.592383
0.592367
0.592351
0.592334
0.592319
0.592302
0.592287
0.59227
0.592255
0.592239
0.592223
0.592205
0.592189
0.592171
0.592154
0.592134
0.592116
0.592095
0.592077
0.592055
0.592037
0.592015
0.591996
0.591974
0.591957
0.591934
0.591921
0.591884
0.589523
0.589578
0.589699
0.589768
0.58983
0.5899
0.589982
0.590071
0.590172
0.590279
0.590393
0.590512
0.590635
0.59076
0.590888
0.591015
0.591146
0.591275
0.591403
0.591529
0.591649
0.591768
0.591878
0.591982
0.592079
0.592171
0.592255
0.59233
0.592399
0.592457
0.592509
0.592555
0.59259
0.592622
0.592649
0.592666
0.592683
0.592691
0.592692
0.592702
0.592704
0.592706
0.592702
0.592698
0.592691
0.59268
0.592669
0.592657
0.592646
0.592633
0.592622
0.592609
0.592598
0.592586
0.592574
0.592561
0.59255
0.592538
0.592526
0.592515
0.592503
0.592493
0.592482
0.592473
0.592464
0.592455
0.592447
0.592436
0.592428
0.59242
0.592411
0.592402
0.592393
0.592385
0.592376
0.592367
0.592357
0.592352
0.592338
0.592332
0.592321
0.592306
0.592299
0.592288
0.59228
0.592272
0.592265
0.592258
0.592251
0.592244
0.592237
0.592228
0.592221
0.592214
0.592206
0.592196
0.592187
0.592175
0.592167
0.592147
0.589694
0.589756
0.589877
0.589949
0.590013
0.590081
0.590156
0.590237
0.590329
0.590429
0.590536
0.590649
0.590763
0.59088
0.590998
0.591117
0.591236
0.591355
0.591472
0.591586
0.591699
0.591808
0.59191
0.592011
0.592101
0.592189
0.592263
0.592332
0.592392
0.592443
0.592489
0.592527
0.592558
0.592588
0.59261
0.592626
0.592644
0.592646
0.592657
0.592655
0.592662
0.592652
0.59266
0.592657
0.59265
0.592645
0.592635
0.592621
0.592609
0.592597
0.592586
0.592575
0.592564
0.592554
0.592543
0.592534
0.592522
0.592512
0.592501
0.592492
0.59248
0.592472
0.592461
0.592453
0.592443
0.592434
0.592425
0.592416
0.592408
0.592399
0.592393
0.592386
0.592378
0.59237
0.592363
0.592356
0.592348
0.592341
0.592333
0.592325
0.592317
0.592309
0.592302
0.592289
0.592284
0.592275
0.592267
0.592262
0.592258
0.592253
0.592249
0.592245
0.592241
0.592237
0.592233
0.592229
0.592224
0.592219
0.592214
0.59221
0.589891
0.58995
0.590051
0.59012
0.590187
0.590258
0.590331
0.590404
0.590484
0.590573
0.590668
0.590772
0.590876
0.590984
0.591091
0.591198
0.591307
0.591414
0.591522
0.591626
0.591731
0.59183
0.591926
0.592018
0.5921
0.59218
0.592247
0.592311
0.592364
0.59241
0.592452
0.592486
0.592516
0.592542
0.592564
0.59258
0.592598
0.592603
0.592616
0.592617
0.59261
0.59261
0.592615
0.592611
0.592607
0.592604
0.592596
0.592584
0.592573
0.592561
0.592552
0.592543
0.592534
0.592525
0.592515
0.592506
0.592495
0.592486
0.592475
0.592465
0.592456
0.592446
0.592437
0.592427
0.592419
0.59241
0.592401
0.592392
0.592384
0.592377
0.592368
0.592361
0.592353
0.592348
0.592339
0.592332
0.592322
0.592316
0.592306
0.592298
0.592292
0.592286
0.59228
0.592275
0.592269
0.592265
0.59226
0.592255
0.592251
0.592247
0.592243
0.592239
0.592235
0.592231
0.592227
0.592223
0.592219
0.592215
0.592211
0.592207
0.590091
0.590146
0.590217
0.59025
0.590323
0.59037
0.590466
0.590549
0.590628
0.590709
0.590794
0.590885
0.59098
0.591077
0.591176
0.591274
0.591374
0.59147
0.591569
0.591665
0.59176
0.591853
0.591941
0.592026
0.592101
0.592173
0.592236
0.592294
0.592342
0.592384
0.59242
0.592449
0.592477
0.592501
0.592519
0.592537
0.592554
0.592561
0.592576
0.592572
0.592566
0.592576
0.592571
0.592566
0.592567
0.592562
0.592556
0.592548
0.592537
0.592525
0.592517
0.59251
0.592502
0.592493
0.592483
0.592473
0.592462
0.592452
0.592442
0.592432
0.592422
0.592414
0.592405
0.592397
0.592388
0.592382
0.592374
0.592366
0.592361
0.592352
0.592345
0.592334
0.592328
0.592318
0.59231
0.592304
0.592299
0.592294
0.592289
0.592285
0.59228
0.592276
0.592272
0.592268
0.592264
0.59226
0.592256
0.592252
0.592248
0.592244
0.59224
0.592236
0.592232
0.592229
0.592225
0.592221
0.592217
0.592214
0.592209
0.592208
0.59027
0.590325
0.590389
0.59043
0.590464
0.590496
0.590562
0.59065
0.590745
0.590826
0.590903
0.590981
0.591063
0.59115
0.591239
0.59133
0.59142
0.591509
0.591597
0.591684
0.591769
0.591854
0.591936
0.592015
0.59209
0.592158
0.59222
0.592274
0.592318
0.592357
0.592387
0.592413
0.592435
0.592455
0.592471
0.59249
0.592504
0.592515
0.592533
0.592532
0.592528
0.592533
0.592526
0.592526
0.592529
0.592521
0.592517
0.592512
0.592501
0.592488
0.592479
0.592475
0.592469
0.592461
0.592453
0.592442
0.592432
0.592421
0.592411
0.592402
0.592394
0.592386
0.592378
0.592369
0.59236
0.592351
0.592344
0.592337
0.592328
0.592323
0.592315
0.592306
0.592297
0.592291
0.592286
0.592282
0.592279
0.592275
0.592272
0.592268
0.592265
0.592262
0.592258
0.592255
0.592252
0.592248
0.592244
0.592241
0.592237
0.592234
0.59223
0.592227
0.592223
0.592219
0.592215
0.592212
0.592208
0.592205
0.592202
0.592198
0.590438
0.590492
0.590561
0.590594
0.590629
0.59068
0.590743
0.590813
0.590882
0.59095
0.591016
0.591084
0.591158
0.591236
0.591319
0.591399
0.591482
0.591558
0.591636
0.591711
0.591789
0.591864
0.591942
0.592015
0.592089
0.592153
0.592212
0.592262
0.592303
0.592338
0.592362
0.592384
0.592403
0.592418
0.592436
0.59245
0.592465
0.592478
0.592489
0.592489
0.59249
0.592491
0.592492
0.592491
0.592487
0.592486
0.592486
0.592475
0.592465
0.592449
0.59244
0.592435
0.592429
0.592422
0.592414
0.592406
0.592396
0.592385
0.592376
0.592368
0.592362
0.592354
0.592346
0.592338
0.592329
0.592321
0.592312
0.592305
0.5923
0.592293
0.592285
0.592276
0.59227
0.592265
0.592262
0.592259
0.592256
0.592254
0.592251
0.592248
0.592246
0.592242
0.592239
0.592236
0.592232
0.592228
0.592225
0.592221
0.592217
0.592214
0.592211
0.592208
0.592205
0.592202
0.592199
0.592196
0.592192
0.592189
0.592186
0.592184
0.590588
0.59064
0.590715
0.590746
0.590775
0.590816
0.590866
0.590919
0.590989
0.591056
0.591121
0.591184
0.591254
0.591322
0.591396
0.591467
0.591537
0.591604
0.591672
0.591738
0.591805
0.591871
0.591939
0.592006
0.592069
0.592129
0.592184
0.592235
0.592276
0.592308
0.59233
0.592351
0.592367
0.592381
0.592396
0.59241
0.592423
0.592436
0.592443
0.592445
0.592454
0.592446
0.59245
0.592453
0.592444
0.592452
0.592449
0.592439
0.592427
0.592416
0.592405
0.592397
0.59239
0.592383
0.592376
0.592369
0.59236
0.592352
0.592342
0.592331
0.592324
0.592317
0.59231
0.592302
0.592295
0.592286
0.592279
0.592271
0.592264
0.592258
0.592253
0.592248
0.592245
0.592242
0.59224
0.592238
0.592237
0.592235
0.592233
0.592231
0.59223
0.592227
0.592225
0.592222
0.592219
0.592215
0.592212
0.592208
0.592205
0.592202
0.592198
0.592195
0.592192
0.59219
0.592186
0.592184
0.592181
0.592179
0.592176
0.592175
0.590717
0.59077
0.590843
0.590888
0.59092
0.590957
0.590989
0.591017
0.59107
0.591141
0.591213
0.591276
0.591342
0.591398
0.591462
0.591523
0.591584
0.591647
0.59171
0.591774
0.591834
0.591896
0.591957
0.592017
0.592066
0.592109
0.592144
0.59219
0.592241
0.592277
0.592305
0.592325
0.592339
0.592353
0.592366
0.592381
0.592393
0.592407
0.592412
0.592421
0.592425
0.592417
0.59242
0.59242
0.592416
0.59242
0.592407
0.592405
0.592394
0.59239
0.592382
0.592368
0.59236
0.592352
0.592346
0.592338
0.59233
0.592317
0.592306
0.592299
0.592294
0.592289
0.592284
0.592277
0.59227
0.592262
0.592256
0.59225
0.592245
0.592239
0.592234
0.59223
0.592226
0.592224
0.592222
0.592221
0.592221
0.592221
0.59222
0.59222
0.592219
0.592218
0.592217
0.592215
0.592213
0.59221
0.592207
0.592205
0.592201
0.592199
0.592195
0.592193
0.592189
0.592187
0.592183
0.592181
0.592178
0.592175
0.592172
0.592172
0.590894
0.590894
0.590964
0.591013
0.591053
0.591088
0.591122
0.591152
0.59118
0.591231
0.591298
0.591367
0.591426
0.591477
0.591526
0.591574
0.591621
0.591677
0.591731
0.591795
0.591854
0.591914
0.591965
0.592019
0.592061
0.592109
0.592145
0.592185
0.592212
0.592239
0.59226
0.59228
0.592298
0.592321
0.592326
0.592342
0.592355
0.592369
0.592382
0.592398
0.592397
0.5924
0.592395
0.592381
0.592393
0.592387
0.592377
0.592374
0.59237
0.592364
0.59236
0.592349
0.592336
0.592325
0.592317
0.592311
0.592306
0.592302
0.592297
0.592292
0.592281
0.592274
0.592264
0.592261
0.59225
0.592242
0.592236
0.592231
0.592226
0.592222
0.592217
0.592214
0.592211
0.59221
0.592208
0.592209
0.592209
0.592211
0.592212
0.592213
0.592214
0.592215
0.592215
0.592215
0.592215
0.592213
0.592211
0.592209
0.592207
0.592204
0.592202
0.592199
0.592196
0.592194
0.592191
0.592189
0.592186
0.592184
0.592181
0.592179
0.591066
0.59105
0.591102
0.591143
0.591182
0.591217
0.591241
0.591274
0.591313
0.591357
0.591405
0.591458
0.591509
0.591556
0.5916
0.591643
0.59168
0.591724
0.591762
0.591813
0.591851
0.591898
0.591935
0.591968
0.591999
0.592029
0.592056
0.592092
0.592121
0.592156
0.592174
0.592203
0.592227
0.592258
0.592272
0.592304
0.592319
0.592339
0.592355
0.592363
0.592367
0.592375
0.592365
0.592357
0.59237
0.59236
0.59235
0.592352
0.592346
0.592343
0.59234
0.592335
0.592322
0.592317
0.592308
0.592297
0.592291
0.592288
0.592291
0.592286
0.592274
0.59227
0.592263
0.592253
0.592245
0.592238
0.592229
0.592223
0.592219
0.592216
0.592213
0.592211
0.592209
0.592208
0.592208
0.592209
0.59221
0.592212
0.592213
0.592215
0.592217
0.592219
0.59222
0.592221
0.59222
0.592219
0.592218
0.592215
0.592214
0.592212
0.59221
0.592208
0.592206
0.592204
0.592202
0.5922
0.592198
0.592196
0.592193
0.592193
0.591225
0.591225
0.591254
0.59127
0.591309
0.591328
0.591363
0.591395
0.591422
0.59146
0.591498
0.591543
0.591584
0.591626
0.591665
0.591706
0.59174
0.591776
0.591808
0.591843
0.591875
0.591908
0.591946
0.591966
0.591997
0.592014
0.59204
0.592063
0.592096
0.592129
0.592144
0.592169
0.592187
0.592212
0.592237
0.592268
0.59229
0.592311
0.592323
0.59233
0.592333
0.592339
0.592331
0.592335
0.592332
0.592326
0.592325
0.592328
0.59232
0.59232
0.592317
0.592313
0.592308
0.592297
0.592288
0.592281
0.592278
0.592282
0.592287
0.592286
0.592285
0.59228
0.592272
0.592267
0.592262
0.592256
0.592251
0.592246
0.592238
0.592233
0.592231
0.592229
0.592229
0.592227
0.592224
0.592222
0.592221
0.592221
0.592221
0.592222
0.592224
0.592225
0.592226
0.592227
0.592226
0.592224
0.592222
0.59222
0.592218
0.592217
0.592215
0.592214
0.592212
0.592211
0.592209
0.592208
0.592206
0.592205
0.592204
0.592203
0.591353
0.591385
0.591409
0.591409
0.591442
0.591433
0.591472
0.591499
0.591526
0.591558
0.591591
0.591627
0.591662
0.591696
0.59173
0.591763
0.591791
0.591819
0.59185
0.591876
0.591909
0.591935
0.591964
0.591994
0.592021
0.592053
0.592081
0.592106
0.592129
0.592147
0.592169
0.592183
0.592203
0.592212
0.592231
0.592241
0.592257
0.592271
0.592279
0.592288
0.592303
0.592302
0.592306
0.59232
0.592318
0.592314
0.592319
0.592319
0.592311
0.592311
0.592314
0.592311
0.5923
0.59229
0.592289
0.592282
0.59228
0.592281
0.59228
0.59228
0.592278
0.592274
0.592272
0.592267
0.592261
0.592256
0.592253
0.592251
0.592251
0.592253
0.592254
0.592256
0.592257
0.592257
0.592259
0.592257
0.592256
0.592257
0.592254
0.592251
0.592245
0.592242
0.59224
0.592235
0.592234
0.592229
0.592226
0.592226
0.592226
0.592225
0.592224
0.592223
0.592221
0.592218
0.592216
0.592214
0.592211
0.59221
0.592208
0.592208
0.591486
0.59154
0.59157
0.59157
0.591578
0.591561
0.591594
0.5916
0.591619
0.591654
0.59169
0.591724
0.591753
0.59178
0.591804
0.591832
0.591853
0.591875
0.591899
0.591923
0.591948
0.591973
0.592002
0.592033
0.592061
0.592091
0.592116
0.592142
0.592164
0.592183
0.592197
0.592202
0.592214
0.592224
0.592237
0.592247
0.592257
0.592276
0.592287
0.592291
0.592309
0.592306
0.592312
0.592324
0.592317
0.592317
0.592317
0.592312
0.592308
0.592314
0.592317
0.59231
0.592311
0.592301
0.592297
0.592286
0.592286
0.592283
0.592282
0.592282
0.592281
0.59228
0.592277
0.592272
0.592268
0.592267
0.592263
0.592263
0.592262
0.592264
0.592266
0.592267
0.592268
0.592271
0.592271
0.592272
0.59227
0.59227
0.592268
0.592266
0.592264
0.59226
0.592256
0.592255
0.592251
0.592247
0.592245
0.592244
0.592242
0.592242
0.592242
0.592239
0.592236
0.592232
0.592232
0.59223
0.592226
0.592223
0.592221
0.592219
0.591626
0.591655
0.591691
0.591715
0.591696
0.591693
0.591727
0.591702
0.591718
0.591744
0.591773
0.591811
0.591847
0.591869
0.591886
0.591909
0.591927
0.591943
0.591957
0.591976
0.591995
0.592016
0.592038
0.592062
0.59208
0.592101
0.592122
0.592139
0.592164
0.592183
0.592203
0.592214
0.592228
0.59224
0.592252
0.592264
0.592272
0.592286
0.592286
0.592293
0.592302
0.592308
0.592309
0.592303
0.592304
0.592309
0.592313
0.59231
0.592304
0.592307
0.59231
0.592308
0.592311
0.592309
0.592302
0.592298
0.592296
0.592288
0.592288
0.592284
0.592283
0.592282
0.592279
0.592276
0.592271
0.59227
0.592267
0.592265
0.592261
0.59226
0.592261
0.592259
0.592259
0.592262
0.592261
0.592262
0.592262
0.592262
0.592263
0.592262
0.59226
0.592258
0.592256
0.592254
0.592251
0.592249
0.592248
0.592247
0.592247
0.592246
0.592245
0.592245
0.592242
0.592241
0.592238
0.592237
0.592235
0.592232
0.592229
0.592228
0.591768
0.591755
0.59178
0.591805
0.591804
0.591822
0.591841
0.591835
0.591845
0.591856
0.591872
0.591902
0.591921
0.591944
0.591965
0.591985
0.592
0.592017
0.592029
0.592041
0.592054
0.592067
0.592081
0.592096
0.592113
0.592133
0.592152
0.592169
0.592186
0.592201
0.592215
0.592225
0.592237
0.592247
0.592257
0.592262
0.592276
0.592286
0.592286
0.592286
0.592293
0.592301
0.592299
0.5923
0.592297
0.592301
0.592305
0.592303
0.592295
0.5923
0.592297
0.592298
0.592299
0.592298
0.592291
0.592294
0.592289
0.592281
0.592283
0.592276
0.592272
0.592273
0.592267
0.592265
0.592262
0.59226
0.592255
0.592256
0.592252
0.59225
0.592248
0.592246
0.592245
0.592245
0.592246
0.592246
0.592245
0.592246
0.592248
0.592249
0.592248
0.592249
0.592247
0.592246
0.592243
0.592241
0.592239
0.592238
0.592239
0.592238
0.592239
0.592238
0.592237
0.592236
0.592235
0.592234
0.592233
0.592232
0.59223
0.592229
0.59191
0.591907
0.591905
0.591924
0.591918
0.591943
0.591917
0.591929
0.59195
0.591955
0.591969
0.591989
0.592005
0.592026
0.592033
0.592054
0.592071
0.592084
0.592095
0.592104
0.592117
0.592123
0.59213
0.592141
0.592153
0.592167
0.592179
0.592193
0.592206
0.592218
0.592232
0.592239
0.592248
0.592255
0.592259
0.592265
0.592272
0.592277
0.592282
0.592278
0.592283
0.592287
0.592291
0.592297
0.592289
0.592293
0.59229
0.592282
0.592281
0.592283
0.592269
0.592274
0.592274
0.592272
0.592269
0.592278
0.592266
0.592266
0.592262
0.59226
0.592258
0.592255
0.592252
0.592249
0.592247
0.592246
0.592242
0.592244
0.59224
0.592238
0.592237
0.592237
0.592234
0.592234
0.592231
0.592227
0.592227
0.592226
0.592227
0.592227
0.59223
0.59223
0.592229
0.592229
0.592229
0.592228
0.592226
0.592226
0.592226
0.592227
0.592228
0.592227
0.592227
0.592226
0.592225
0.592225
0.592224
0.592223
0.592222
0.592222
0.592013
0.592037
0.59206
0.592052
0.592033
0.59206
0.592002
0.592042
0.592051
0.592061
0.592066
0.592075
0.592097
0.592102
0.592098
0.592117
0.59213
0.592138
0.592153
0.592159
0.592171
0.592176
0.592177
0.592182
0.592188
0.592195
0.592201
0.592209
0.592218
0.592224
0.592231
0.592236
0.592241
0.592248
0.592245
0.592256
0.592259
0.592254
0.592263
0.592262
0.592261
0.592261
0.592266
0.592267
0.592267
0.592266
0.592261
0.592252
0.592257
0.592253
0.592246
0.592249
0.592244
0.592245
0.592244
0.592245
0.592243
0.592245
0.592238
0.592239
0.592242
0.592233
0.592235
0.592229
0.592227
0.592227
0.592227
0.592225
0.592223
0.592221
0.592222
0.59222
0.592218
0.59222
0.592215
0.592213
0.592213
0.592214
0.592212
0.59221
0.592214
0.592212
0.592213
0.592214
0.592215
0.592214
0.592214
0.592213
0.592214
0.592215
0.592217
0.592217
0.592217
0.592217
0.592216
0.592216
0.592216
0.592215
0.592215
0.592215
0.59213
0.592133
0.592148
0.592144
0.592134
0.592151
0.592126
0.592157
0.592149
0.592154
0.592156
0.592162
0.592175
0.592178
0.592176
0.592188
0.592195
0.592199
0.592205
0.592208
0.592212
0.592214
0.592211
0.592211
0.592211
0.592212
0.592212
0.592214
0.592217
0.59222
0.592223
0.592226
0.592225
0.59223
0.592228
0.592233
0.592233
0.59223
0.592235
0.592235
0.592234
0.592235
0.592234
0.592232
0.592234
0.59223
0.592228
0.592224
0.592227
0.592224
0.592223
0.592223
0.592219
0.592219
0.592218
0.592217
0.592219
0.592218
0.592214
0.592213
0.592217
0.592211
0.592211
0.592208
0.592209
0.592206
0.592208
0.592206
0.592205
0.592204
0.592205
0.592202
0.592203
0.592203
0.592202
0.592201
0.592201
0.592202
0.592201
0.592201
0.592205
0.592204
0.592205
0.592205
0.592206
0.592206
0.592206
0.592206
0.592207
0.592207
0.592209
0.592209
0.59221
0.59221
0.59221
0.59221
0.59221
0.59221
0.592211
0.592211
0.589518
0.589589
0.58957
0.589535
0.589572
0.589415
0.589412
0.589357
0.589295
0.5893
0.589768
0.58976
0.589695
0.589681
0.589705
0.589658
0.589601
0.589555
0.589462
0.589457
0.590036
0.589953
0.589918
0.589931
0.589859
0.589883
0.589783
0.589761
0.589647
0.589598
0.59023
0.590122
0.59009
0.590117
0.590044
0.590033
0.589971
0.589951
0.58985
0.589775
0.590431
0.590334
0.590291
0.590284
0.59022
0.590193
0.590118
0.590118
0.590051
0.590002
0.590601
0.59052
0.590468
0.590442
0.590381
0.590355
0.590274
0.590261
0.590204
0.590185
0.590762
0.590696
0.590637
0.590606
0.59054
0.590517
0.590443
0.59041
0.59036
0.59034
0.590905
0.590848
0.59079
0.590757
0.590694
0.590665
0.590607
0.590558
0.59051
0.590479
0.591047
0.590992
0.590937
0.5909
0.590846
0.590811
0.590762
0.590711
0.590662
0.590617
0.591177
0.591129
0.591078
0.591042
0.590993
0.590953
0.590917
0.590864
0.590823
0.590778
0.591296
0.591254
0.591209
0.591172
0.591135
0.591091
0.59106
0.591017
0.590979
0.590958
0.591409
0.591368
0.591336
0.591293
0.591269
0.591223
0.591193
0.591159
0.591126
0.591115
0.591521
0.591476
0.591456
0.591416
0.591394
0.591358
0.591322
0.591296
0.591269
0.591245
0.591631
0.591587
0.591571
0.591533
0.591506
0.591494
0.591453
0.591418
0.591403
0.591386
0.59173
0.591695
0.591681
0.591655
0.591615
0.591609
0.591592
0.591544
0.59152
0.59152
0.591824
0.591803
0.591782
0.591777
0.591736
0.591715
0.591725
0.591687
0.591648
0.591625
0.591917
0.591903
0.591893
0.591886
0.591849
0.591826
0.591834
0.591834
0.591796
0.59178
0.592008
0.591983
0.59201
0.591982
0.591956
0.591937
0.591937
0.591944
0.591916
0.591916
0.592084
0.592078
0.59209
0.592076
0.592072
0.592053
0.592055
0.592067
0.592051
0.592025
0.592154
0.59216
0.592154
0.592157
0.592159
0.592156
0.592146
0.592163
0.592165
0.592144
0.593194
0.593154
0.592955
0.592778
0.592516
0.592022
0.591522
0.590243
0.589513
0.585749
0.592608
0.59239
0.592151
0.591847
0.59148
0.590894
0.590366
0.588922
0.587993
0.583441
0.592026
0.591642
0.591374
0.591
0.590546
0.589697
0.589048
0.587367
0.586387
0.581569
0.591456
0.591004
0.590637
0.590165
0.589728
0.5889
0.58802
0.586273
0.585089
0.579809
0.590949
0.590435
0.590038
0.589469
0.588915
0.588058
0.587218
0.585193
0.584252
0.57901
0.590434
0.589995
0.589575
0.58891
0.588225
0.587325
0.586513
0.58482
0.58398
0.576624
0.589994
0.589498
0.589134
0.588608
0.588009
0.586892
0.585761
0.583958
0.583088
0.577098
0.589794
0.589269
0.588781
0.588071
0.587502
0.586696
0.585761
0.58393
0.58369
0.57591
0.589443
0.589024
0.588654
0.588031
0.587454
0.586535
0.585571
0.583999
0.58393
0.57571
0.589365
0.588874
0.588551
0.588134
0.587737
0.586768
0.585715
0.583847
0.584164
0.576956
0.59815
0.598557
0.599016
0.599509
0.600064
0.60065
0.601291
0.60193
0.602518
0.602966
0.598094
0.598514
0.598972
0.599467
0.600004
0.600601
0.601211
0.601857
0.602402
0.602897
0.597806
0.598203
0.598603
0.59907
0.59953
0.600073
0.60059
0.60115
0.601611
0.601944
0.597469
0.597828
0.598186
0.598564
0.598992
0.599402
0.599899
0.600285
0.600588
0.600761
0.597036
0.597335
0.597673
0.598
0.598322
0.598709
0.598965
0.599296
0.599439
0.599114
0.596492
0.596798
0.597042
0.597308
0.59753
0.597741
0.59807
0.598032
0.598065
0.597401
0.595876
0.596146
0.596412
0.596472
0.596693
0.596675
0.596807
0.596795
0.59643
0.59525
0.595209
0.595401
0.595651
0.595661
0.595628
0.595621
0.595432
0.595247
0.594913
0.593048
0.594548
0.594667
0.594803
0.594792
0.594624
0.594467
0.59419
0.593517
0.593035
0.590601
0.593854
0.593828
0.593804
0.593833
0.593599
0.593264
0.592865
0.592024
0.591426
0.58816
0.592211
0.592211
0.592211
0.592211
0.592211
0.592211
0.592212
0.592212
0.592212
0.592213
0.592213
0.592213
0.592214
0.592214
0.592215
0.592216
0.592217
0.592217
0.592218
0.592219
0.59222
0.592221
0.592222
0.592223
0.592225
0.592226
0.592228
0.592229
0.592231
0.592233
0.592236
0.592237
0.59224
0.592242
0.592246
0.592248
0.592252
0.592255
0.592259
0.592262
0.592268
0.592271
0.592278
0.592282
0.592289
0.592294
0.592302
0.592307
0.592317
0.592323
0.592334
0.592342
0.592355
0.592363
0.592378
0.592388
0.592405
0.592416
0.592435
0.592449
0.592471
0.592486
0.592512
0.59253
0.592559
0.59258
0.592614
0.592638
0.592677
0.592705
0.59275
0.592782
0.592833
0.592871
0.592929
0.592974
0.59304
0.593094
0.593168
0.593232
0.593318
0.593393
0.593492
0.59358
0.593696
0.5938
0.593937
0.594061
0.594223
0.594374
0.594567
0.594754
0.594988
0.595222
0.595516
0.595816
0.596194
0.59659
0.597089
0.597626
0.592211
0.592211
0.592211
0.592211
0.592211
0.592211
0.592212
0.592212
0.592212
0.592213
0.592213
0.592213
0.592214
0.592214
0.592215
0.592216
0.592217
0.592217
0.592218
0.592219
0.59222
0.592221
0.592222
0.592223
0.592225
0.592226
0.592228
0.592229
0.592231
0.592233
0.592235
0.592237
0.59224
0.592242
0.592246
0.592248
0.592252
0.592254
0.592259
0.592262
0.592268
0.592271
0.592278
0.592281
0.592289
0.592293
0.592302
0.592307
0.592317
0.592323
0.592334
0.592342
0.592355
0.592363
0.592378
0.592387
0.592404
0.592416
0.592435
0.592448
0.592471
0.592486
0.592512
0.59253
0.592559
0.59258
0.592614
0.592638
0.592677
0.592704
0.59275
0.592781
0.592833
0.59287
0.59293
0.592973
0.593042
0.593091
0.593171
0.593229
0.593321
0.59339
0.593494
0.593577
0.593698
0.593796
0.593939
0.594056
0.594225
0.594367
0.594567
0.594745
0.594985
0.595209
0.595507
0.595795
0.596175
0.596552
0.597051
0.59756
0.592211
0.592211
0.592211
0.592211
0.592211
0.592211
0.592212
0.592212
0.592212
0.592212
0.592213
0.592213
0.592214
0.592214
0.592215
0.592215
0.592216
0.592217
0.592218
0.592219
0.59222
0.592221
0.592222
0.592223
0.592225
0.592226
0.592228
0.592229
0.592231
0.592233
0.592235
0.592237
0.59224
0.592242
0.592245
0.592248
0.592252
0.592254
0.592259
0.592262
0.592268
0.592271
0.592277
0.592281
0.592289
0.592293
0.592302
0.592307
0.592317
0.592323
0.592334
0.592342
0.592354
0.592363
0.592376
0.592388
0.592403
0.592417
0.592434
0.59245
0.592469
0.592488
0.59251
0.592531
0.592557
0.592582
0.592612
0.592639
0.592675
0.592706
0.592747
0.592783
0.592831
0.592871
0.592928
0.592974
0.593039
0.593093
0.593168
0.593231
0.593316
0.593392
0.593488
0.59358
0.59369
0.5938
0.593927
0.594059
0.594209
0.594367
0.594546
0.594738
0.594956
0.595194
0.59546
0.595758
0.596093
0.596472
0.596899
0.597385
0.592211
0.592211
0.592211
0.592211
0.592211
0.592211
0.592212
0.592212
0.592212
0.592212
0.592213
0.592213
0.592214
0.592214
0.592215
0.592215
0.592216
0.592217
0.592218
0.592219
0.59222
0.592221
0.592222
0.592223
0.592225
0.592226
0.592228
0.592229
0.592231
0.592232
0.592235
0.592237
0.59224
0.592242
0.592245
0.592247
0.592252
0.592254
0.592259
0.592262
0.592267
0.592271
0.592277
0.592281
0.592288
0.592293
0.592301
0.592307
0.592316
0.592323
0.592334
0.592341
0.592354
0.592362
0.592377
0.592387
0.592403
0.592415
0.592434
0.592448
0.59247
0.592486
0.59251
0.59253
0.592557
0.592581
0.592611
0.592639
0.592674
0.592707
0.592746
0.592784
0.592829
0.592874
0.592925
0.592977
0.593036
0.593096
0.593165
0.593233
0.593315
0.593391
0.593489
0.593577
0.59369
0.593795
0.593925
0.594051
0.594203
0.594353
0.594536
0.594713
0.594935
0.595151
0.595417
0.595685
0.596002
0.596342
0.596718
0.597133
0.592211
0.592211
0.592211
0.592211
0.592211
0.592211
0.592212
0.592212
0.592212
0.592212
0.592213
0.592213
0.592214
0.592214
0.592215
0.592215
0.592216
0.592217
0.592218
0.592218
0.59222
0.59222
0.592222
0.592223
0.592224
0.592225
0.592227
0.592229
0.592231
0.592232
0.592235
0.592237
0.592239
0.592242
0.592245
0.592247
0.592251
0.592254
0.592258
0.592262
0.592267
0.59227
0.592276
0.592281
0.592288
0.592293
0.592301
0.592307
0.592315
0.592322
0.592333
0.592341
0.592353
0.592362
0.592376
0.592387
0.592402
0.592415
0.592433
0.592448
0.592469
0.592486
0.59251
0.592529
0.592557
0.592579
0.592611
0.592637
0.592674
0.592705
0.592746
0.592783
0.592829
0.592872
0.592925
0.592975
0.593036
0.593094
0.593165
0.59323
0.593314
0.593387
0.593487
0.593571
0.593686
0.593787
0.593917
0.594039
0.594189
0.594333
0.59451
0.59468
0.594892
0.595087
0.595347
0.595572
0.595881
0.596135
0.596473
0.596737
0.592211
0.592211
0.592211
0.592211
0.592211
0.592211
0.592211
0.592212
0.592212
0.592212
0.592213
0.592213
0.592214
0.592214
0.592215
0.592215
0.592216
0.592217
0.592218
0.592218
0.592219
0.59222
0.592222
0.592223
0.592224
0.592225
0.592227
0.592228
0.59223
0.592232
0.592234
0.592236
0.592239
0.592241
0.592244
0.592247
0.592251
0.592254
0.592258
0.592261
0.592266
0.59227
0.592276
0.59228
0.592287
0.592292
0.5923
0.592306
0.592315
0.592322
0.592332
0.592341
0.592352
0.592362
0.592375
0.592386
0.592402
0.592415
0.592432
0.592448
0.592468
0.592486
0.592509
0.592529
0.592556
0.59258
0.59261
0.592638
0.592673
0.592706
0.592744
0.592785
0.592827
0.592875
0.592923
0.592977
0.593035
0.593095
0.593165
0.59323
0.593314
0.593388
0.593485
0.59357
0.593683
0.593782
0.593912
0.59403
0.59418
0.594317
0.594493
0.59465
0.594858
0.595034
0.595274
0.595476
0.595732
0.595961
0.596189
0.596388
0.59221
0.592211
0.592211
0.592211
0.592211
0.592211
0.592211
0.592211
0.592212
0.592212
0.592212
0.592213
0.592213
0.592214
0.592214
0.592215
0.592216
0.592216
0.592217
0.592218
0.592219
0.59222
0.592221
0.592222
0.592224
0.592225
0.592227
0.592228
0.59223
0.592232
0.592234
0.592236
0.592239
0.592241
0.592244
0.592247
0.59225
0.592253
0.592257
0.592261
0.592266
0.59227
0.592275
0.59228
0.592286
0.592292
0.592299
0.592305
0.592314
0.592321
0.592331
0.59234
0.592351
0.592361
0.592374
0.592385
0.5924
0.592414
0.592431
0.592447
0.592466
0.592484
0.592507
0.592528
0.592555
0.592578
0.592609
0.592637
0.592672
0.592704
0.592744
0.592782
0.592826
0.592872
0.592922
0.592975
0.593032
0.593092
0.593161
0.593227
0.593308
0.593383
0.593479
0.593564
0.593673
0.593771
0.593898
0.59401
0.594156
0.594284
0.594449
0.594595
0.59478
0.594941
0.595143
0.595314
0.595502
0.595679
0.59575
0.595955
0.59221
0.59221
0.59221
0.59221
0.592211
0.592211
0.592211
0.592211
0.592212
0.592212
0.592212
0.592213
0.592213
0.592214
0.592214
0.592215
0.592215
0.592216
0.592217
0.592218
0.592219
0.59222
0.592221
0.592222
0.592223
0.592225
0.592226
0.592228
0.59223
0.592231
0.592233
0.592236
0.592238
0.592241
0.592243
0.592246
0.592249
0.592253
0.592256
0.592261
0.592265
0.59227
0.592274
0.59228
0.592285
0.592291
0.592298
0.592305
0.592313
0.592321
0.59233
0.592339
0.59235
0.59236
0.592373
0.592385
0.5924
0.592414
0.592431
0.592447
0.592466
0.592485
0.592507
0.592529
0.592555
0.592579
0.592609
0.592638
0.592672
0.592705
0.592745
0.592784
0.592828
0.592875
0.592923
0.592979
0.593033
0.593099
0.59316
0.593235
0.593306
0.593391
0.593476
0.59357
0.593669
0.593774
0.59389
0.594009
0.59414
0.594275
0.594419
0.594567
0.594725
0.594874
0.595047
0.595174
0.595339
0.595435
0.59544
0.595419
0.59221
0.59221
0.59221
0.59221
0.59221
0.59221
0.592211
0.592211
0.592211
0.592212
0.592212
0.592212
0.592213
0.592213
0.592214
0.592214
0.592215
0.592216
0.592217
0.592217
0.592218
0.592219
0.59222
0.592222
0.592223
0.592224
0.592226
0.592227
0.592229
0.592231
0.592233
0.592235
0.592237
0.59224
0.592243
0.592246
0.592249
0.592252
0.592256
0.59226
0.592264
0.592269
0.592273
0.592279
0.592284
0.592291
0.592297
0.592304
0.592311
0.59232
0.592329
0.592338
0.592348
0.592359
0.592371
0.592383
0.592398
0.592412
0.592428
0.592444
0.592463
0.592482
0.592504
0.592526
0.592551
0.592577
0.592606
0.592635
0.592669
0.592702
0.592741
0.592779
0.592824
0.592869
0.592919
0.592973
0.593028
0.593091
0.593153
0.593227
0.593296
0.593382
0.593461
0.593556
0.59365
0.593753
0.59386
0.593972
0.594093
0.594217
0.594347
0.59448
0.594613
0.594742
0.594869
0.594959
0.595045
0.595142
0.595112
0.594928
0.59221
0.59221
0.59221
0.59221
0.59221
0.59221
0.592211
0.592211
0.592211
0.592211
0.592212
0.592212
0.592213
0.592213
0.592214
0.592214
0.592215
0.592216
0.592216
0.592217
0.592218
0.592219
0.59222
0.592221
0.592222
0.592224
0.592225
0.592227
0.592229
0.592231
0.592232
0.592235
0.592237
0.59224
0.592242
0.592245
0.592248
0.592252
0.592255
0.592259
0.592263
0.592268
0.592273
0.592278
0.592283
0.59229
0.592296
0.592304
0.592311
0.59232
0.592328
0.592338
0.592348
0.592359
0.592372
0.592384
0.592398
0.592413
0.592429
0.592446
0.592465
0.592484
0.592506
0.592529
0.592554
0.59258
0.59261
0.592639
0.592674
0.592707
0.592747
0.592786
0.592832
0.592877
0.592928
0.592981
0.593039
0.593101
0.593166
0.593238
0.593311
0.593393
0.593476
0.593567
0.593663
0.593762
0.593869
0.593975
0.59409
0.594206
0.594321
0.594444
0.594545
0.594661
0.594723
0.594813
0.594806
0.594795
0.59462
0.594385
0.59221
0.59221
0.59221
0.59221
0.59221
0.59221
0.59221
0.59221
0.592211
0.592211
0.592211
0.592212
0.592212
0.592213
0.592213
0.592214
0.592214
0.592215
0.592216
0.592217
0.592218
0.592219
0.59222
0.592221
0.592222
0.592223
0.592225
0.592226
0.592228
0.59223
0.592232
0.592234
0.592236
0.592239
0.592241
0.592244
0.592247
0.592251
0.592254
0.592258
0.592262
0.592267
0.592271
0.592277
0.592282
0.592288
0.592294
0.592302
0.592309
0.592317
0.592325
0.592336
0.592345
0.592357
0.592367
0.592381
0.592393
0.592409
0.592424
0.592442
0.592459
0.59248
0.592499
0.592524
0.592546
0.592574
0.592601
0.592632
0.592664
0.5927
0.592736
0.592777
0.592819
0.592866
0.592914
0.592969
0.593022
0.593087
0.593145
0.59322
0.593285
0.59337
0.593444
0.593537
0.59362
0.593722
0.593814
0.593925
0.594018
0.594137
0.594218
0.594346
0.594387
0.59453
0.594476
0.594588
0.594631
0.594358
0.594173
0.593672
0.592209
0.592209
0.592209
0.592209
0.59221
0.59221
0.59221
0.59221
0.59221
0.592211
0.592211
0.592211
0.592212
0.592212
0.592213
0.592213
0.592214
0.592215
0.592215
0.592216
0.592217
0.592218
0.592219
0.59222
0.592221
0.592223
0.592224
0.592225
0.592227
0.592229
0.59223
0.592233
0.592235
0.592237
0.59224
0.592243
0.592245
0.592249
0.592252
0.592256
0.592259
0.592264
0.592268
0.592274
0.592278
0.592285
0.59229
0.592298
0.592304
0.592313
0.59232
0.59233
0.592339
0.59235
0.59236
0.592374
0.592385
0.592401
0.592414
0.592432
0.592447
0.592469
0.592486
0.59251
0.592531
0.592559
0.592582
0.592615
0.592642
0.592679
0.59271
0.592753
0.592789
0.592838
0.592878
0.592935
0.59298
0.593046
0.593096
0.593171
0.593227
0.593311
0.593373
0.593466
0.593535
0.593635
0.593711
0.593817
0.59389
0.594002
0.594057
0.594175
0.594181
0.594308
0.594285
0.594336
0.594295
0.594051
0.593827
0.593488
0.592209
0.592209
0.592209
0.592209
0.592209
0.592209
0.59221
0.59221
0.59221
0.59221
0.592211
0.592211
0.592211
0.592212
0.592212
0.592213
0.592213
0.592214
0.592215
0.592216
0.592216
0.592217
0.592218
0.592219
0.59222
0.592222
0.592223
0.592225
0.592226
0.592228
0.592229
0.592232
0.592233
0.592236
0.592238
0.592241
0.592244
0.592247
0.59225
0.592254
0.592257
0.592262
0.592266
0.592271
0.592276
0.592282
0.592287
0.592294
0.5923
0.592309
0.592316
0.592326
0.592334
0.592345
0.592355
0.592368
0.592379
0.592394
0.592407
0.592424
0.592439
0.592459
0.592476
0.592499
0.59252
0.592546
0.59257
0.5926
0.592627
0.592661
0.592693
0.592733
0.592769
0.592815
0.592854
0.592908
0.592952
0.593013
0.593063
0.593132
0.593187
0.593264
0.593327
0.593406
0.593483
0.593558
0.593645
0.593723
0.593804
0.593888
0.593943
0.594027
0.59405
0.594079
0.594151
0.594111
0.594004
0.593825
0.593564
0.593264
0.592209
0.592209
0.592209
0.592209
0.592209
0.592209
0.592209
0.592209
0.59221
0.59221
0.59221
0.592211
0.592211
0.592212
0.592212
0.592213
0.592213
0.592214
0.592214
0.592215
0.592216
0.592217
0.592218
0.592219
0.59222
0.592221
0.592222
0.592223
0.592225
0.592227
0.592228
0.59223
0.592232
0.592234
0.592237
0.592239
0.592242
0.592245
0.592248
0.592252
0.592255
0.592259
0.592263
0.592268
0.592273
0.592278
0.592284
0.59229
0.592297
0.592304
0.592311
0.59232
0.592328
0.592339
0.592348
0.592361
0.592371
0.592385
0.592397
0.592415
0.592428
0.592448
0.592464
0.592486
0.592505
0.59253
0.592554
0.59258
0.59261
0.592638
0.592672
0.592706
0.592745
0.592783
0.592825
0.592874
0.592915
0.592975
0.593019
0.593086
0.593136
0.593207
0.593269
0.593336
0.593412
0.593477
0.593558
0.59362
0.593701
0.59376
0.593822
0.593867
0.593907
0.59388
0.594013
0.593867
0.593747
0.593605
0.593344
0.59304
0.592208
0.592208
0.592208
0.592209
0.592209
0.592209
0.592209
0.592209
0.592209
0.59221
0.59221
0.59221
0.592211
0.592211
0.592211
0.592212
0.592212
0.592213
0.592214
0.592215
0.592215
0.592216
0.592217
0.592218
0.592219
0.59222
0.592221
0.592223
0.592224
0.592226
0.592227
0.592229
0.592231
0.592233
0.592235
0.592238
0.59224
0.592243
0.592246
0.592249
0.592252
0.592256
0.59226
0.592265
0.592269
0.592274
0.59228
0.592286
0.592292
0.592299
0.592306
0.592314
0.592322
0.592332
0.592341
0.592353
0.592363
0.592377
0.592389
0.592404
0.592419
0.592435
0.592453
0.592471
0.592492
0.592513
0.592538
0.592562
0.59259
0.592618
0.59265
0.592682
0.592719
0.592755
0.592796
0.592839
0.592882
0.592934
0.592981
0.593037
0.593092
0.593149
0.593213
0.593272
0.593342
0.593399
0.593474
0.59353
0.593595
0.593651
0.5937
0.593735
0.593754
0.593765
0.59384
0.593654
0.593539
0.593408
0.593152
0.592882
0.592208
0.592208
0.592208
0.592208
0.592208
0.592208
0.592208
0.592209
0.592209
0.592209
0.592209
0.59221
0.59221
0.592211
0.592211
0.592212
0.592212
0.592213
0.592213
0.592214
0.592214
0.592215
0.592216
0.592217
0.592218
0.592219
0.59222
0.592221
0.592223
0.592224
0.592226
0.592228
0.592229
0.592231
0.592233
0.592236
0.592238
0.592241
0.592244
0.592247
0.59225
0.592253
0.592257
0.592261
0.592266
0.592271
0.592276
0.592282
0.592287
0.592294
0.5923
0.592309
0.592316
0.592326
0.592334
0.592345
0.592355
0.592367
0.592379
0.592393
0.592407
0.592422
0.59244
0.592457
0.592477
0.592497
0.59252
0.592542
0.592569
0.592596
0.592625
0.592657
0.592688
0.592728
0.59276
0.592806
0.592843
0.592893
0.592937
0.592987
0.593041
0.593091
0.593152
0.593202
0.59327
0.593319
0.593385
0.593437
0.593488
0.593538
0.59358
0.593605
0.59361
0.59363
0.593632
0.593503
0.593376
0.593247
0.592995
0.592753
0.592208
0.592208
0.592208
0.592208
0.592208
0.592208
0.592208
0.592208
0.592209
0.592209
0.592209
0.592209
0.59221
0.59221
0.59221
0.592211
0.592211
0.592212
0.592212
0.592213
0.592214
0.592215
0.592215
0.592216
0.592217
0.592218
0.592219
0.59222
0.592221
0.592223
0.592224
0.592226
0.592228
0.59223
0.592231
0.592234
0.592236
0.592239
0.592241
0.592244
0.592247
0.59225
0.592254
0.592258
0.592262
0.592267
0.592272
0.592277
0.592283
0.592288
0.592295
0.592302
0.59231
0.592318
0.592326
0.592337
0.592345
0.592358
0.592368
0.592383
0.592394
0.592411
0.592425
0.592442
0.592461
0.592479
0.592502
0.592522
0.592548
0.592572
0.592601
0.592629
0.592661
0.592696
0.592727
0.592771
0.592803
0.592852
0.592889
0.592942
0.592984
0.593038
0.593087
0.593138
0.593194
0.593242
0.593297
0.593346
0.593386
0.593431
0.59345
0.593485
0.593499
0.5935
0.593441
0.593352
0.59323
0.593102
0.59288
0.592633
0.592207
0.592207
0.592207
0.592208
0.592208
0.592208
0.592208
0.592208
0.592208
0.592208
0.592209
0.592209
0.592209
0.59221
0.59221
0.59221
0.592211
0.592211
0.592212
0.592212
0.592213
0.592214
0.592214
0.592215
0.592216
0.592217
0.592218
0.592219
0.59222
0.592222
0.592223
0.592225
0.592226
0.592228
0.59223
0.592232
0.592234
0.592236
0.592239
0.592241
0.592244
0.592247
0.592251
0.592254
0.592258
0.592262
0.592267
0.592272
0.592277
0.592283
0.592289
0.592296
0.592302
0.592311
0.592318
0.592328
0.592336
0.592348
0.592357
0.592371
0.592382
0.592396
0.592412
0.592426
0.592444
0.592461
0.592482
0.592502
0.592525
0.592549
0.592573
0.592604
0.592629
0.592664
0.592693
0.592732
0.592764
0.592808
0.592843
0.592889
0.592931
0.592976
0.593024
0.593071
0.593116
0.593168
0.593205
0.593257
0.593285
0.593326
0.593333
0.593347
0.593398
0.593368
0.593289
0.593216
0.593094
0.592972
0.592768
0.592548
0.592207
0.592207
0.592207
0.592207
0.592207
0.592207
0.592207
0.592208
0.592208
0.592208
0.592208
0.592208
0.592209
0.592209
0.592209
0.59221
0.59221
0.592211
0.592211
0.592212
0.592212
0.592213
0.592214
0.592214
0.592215
0.592216
0.592217
0.592218
0.592219
0.59222
0.592221
0.592223
0.592224
0.592226
0.592228
0.59223
0.592231
0.592234
0.592236
0.592239
0.592241
0.592244
0.592247
0.592251
0.592254
0.592258
0.592262
0.592267
0.592272
0.592277
0.592283
0.592289
0.592295
0.592303
0.59231
0.592319
0.592327
0.592338
0.592347
0.592358
0.59237
0.592382
0.592397
0.59241
0.592427
0.592443
0.592462
0.59248
0.592502
0.592524
0.592547
0.592575
0.592598
0.592631
0.592657
0.592694
0.592723
0.592762
0.592797
0.592836
0.592876
0.592917
0.592958
0.593003
0.593041
0.593089
0.593119
0.593168
0.593187
0.593221
0.593249
0.593222
0.593291
0.593234
0.593154
0.593102
0.592976
0.592872
0.592674
0.592486
0.592207
0.592207
0.592207
0.592207
0.592207
0.592207
0.592207
0.592207
0.592207
0.592208
0.592208
0.592208
0.592208
0.592209
0.592209
0.592209
0.592209
0.59221
0.59221
0.592211
0.592211
0.592212
0.592213
0.592213
0.592214
0.592215
0.592216
0.592217
0.592218
0.592219
0.59222
0.592221
0.592223
0.592224
0.592226
0.592228
0.592229
0.592231
0.592233
0.592236
0.592238
0.592241
0.592243
0.592247
0.59225
0.592254
0.592258
0.592262
0.592266
0.592271
0.592276
0.592282
0.592288
0.592295
0.592302
0.59231
0.592317
0.592326
0.592336
0.592346
0.592357
0.592368
0.592381
0.592393
0.592409
0.592423
0.592441
0.592458
0.592478
0.592499
0.592519
0.592545
0.592567
0.592596
0.592622
0.592651
0.592684
0.592713
0.59275
0.592782
0.59282
0.592857
0.592891
0.592934
0.592966
0.593008
0.593037
0.593073
0.593101
0.593112
0.593143
0.593136
0.593167
0.593101
0.59303
0.592986
0.592873
0.592773
0.592603
0.592431
0.592206
0.592206
0.592206
0.592206
0.592206
0.592207
0.592207
0.592207
0.592207
0.592207
0.592207
0.592207
0.592208
0.592208
0.592208
0.592209
0.592209
0.592209
0.59221
0.59221
0.592211
0.592211
0.592212
0.592212
0.592213
0.592214
0.592215
0.592216
0.592216
0.592217
0.592218
0.59222
0.592221
0.592222
0.592223
0.592225
0.592227
0.592229
0.59223
0.592233
0.592235
0.592237
0.59224
0.592243
0.592246
0.592249
0.592253
0.592257
0.59226
0.592265
0.59227
0.592275
0.59228
0.592287
0.592293
0.5923
0.592307
0.592315
0.592324
0.592333
0.592343
0.592353
0.592365
0.592376
0.59239
0.592404
0.592419
0.592436
0.592452
0.592473
0.59249
0.592514
0.592534
0.592561
0.592585
0.59261
0.592641
0.592667
0.5927
0.592728
0.592763
0.592796
0.592826
0.592864
0.592891
0.592928
0.592953
0.592985
0.593011
0.593019
0.593042
0.59304
0.593047
0.592986
0.592927
0.592877
0.592777
0.592679
0.592536
0.592384
0.592206
0.592206
0.592206
0.592206
0.592206
0.592206
0.592206
0.592206
0.592206
0.592207
0.592207
0.592207
0.592207
0.592207
0.592208
0.592208
0.592208
0.592209
0.592209
0.592209
0.59221
0.59221
0.592211
0.592211
0.592212
0.592213
0.592213
0.592214
0.592215
0.592216
0.592217
0.592218
0.592219
0.59222
0.592221
0.592223
0.592224
0.592226
0.592228
0.59223
0.592232
0.592234
0.592236
0.592239
0.592241
0.592245
0.592247
0.592251
0.592255
0.592259
0.592263
0.592268
0.592273
0.592278
0.592284
0.59229
0.592297
0.592304
0.592312
0.592319
0.592329
0.592338
0.592349
0.592359
0.592371
0.592384
0.592397
0.592413
0.592426
0.592446
0.592461
0.592483
0.592501
0.592525
0.592546
0.592569
0.592596
0.592619
0.592649
0.592674
0.592706
0.592732
0.592761
0.592793
0.592817
0.592848
0.592866
0.592903
0.592908
0.592931
0.592945
0.59294
0.592932
0.592877
0.592827
0.592782
0.59269
0.592602
0.592482
0.592346
0.592205
0.592205
0.592205
0.592206
0.592206
0.592206
0.592206
0.592206
0.592206
0.592206
0.592206
0.592206
0.592206
0.592207
0.592207
0.592207
0.592207
0.592208
0.592208
0.592209
0.592209
0.592209
0.59221
0.59221
0.592211
0.592211
0.592212
0.592213
0.592214
0.592214
0.592215
0.592216
0.592217
0.592218
0.592219
0.592221
0.592222
0.592223
0.592225
0.592227
0.592228
0.59223
0.592232
0.592234
0.592237
0.59224
0.592242
0.592246
0.592249
0.592253
0.592256
0.59226
0.592264
0.59227
0.592275
0.59228
0.592286
0.592292
0.592299
0.592306
0.592315
0.592322
0.592332
0.592341
0.592351
0.592363
0.592374
0.592389
0.592401
0.592418
0.592431
0.592452
0.592466
0.592488
0.592507
0.592527
0.592552
0.592571
0.592598
0.592619
0.592648
0.59267
0.592696
0.592722
0.592742
0.592771
0.592781
0.592815
0.592811
0.59284
0.592827
0.592861
0.592824
0.592779
0.592741
0.592699
0.592623
0.592539
0.592436
0.592318
0.592205
0.592205
0.592205
0.592205
0.592205
0.592205
0.592205
0.592205
0.592205
0.592206
0.592206
0.592206
0.592206
0.592206
0.592206
0.592207
0.592207
0.592207
0.592207
0.592208
0.592208
0.592208
0.592209
0.592209
0.59221
0.59221
0.592211
0.592211
0.592212
0.592213
0.592213
0.592214
0.592215
0.592216
0.592217
0.592218
0.592219
0.592221
0.592222
0.592223
0.592225
0.592226
0.592228
0.59223
0.592232
0.592235
0.592237
0.59224
0.592242
0.592246
0.592249
0.592253
0.592256
0.592261
0.592265
0.59227
0.592275
0.59228
0.592287
0.592292
0.5923
0.592306
0.592314
0.592323
0.592331
0.592342
0.592351
0.592364
0.592374
0.592389
0.592402
0.592418
0.592434
0.592449
0.592468
0.592484
0.592506
0.592522
0.592545
0.592564
0.592587
0.592609
0.592628
0.592651
0.592667
0.59269
0.592706
0.59271
0.592739
0.592727
0.592749
0.592774
0.592708
0.592696
0.592667
0.592625
0.592561
0.592484
0.592395
0.592292
0.592205
0.592205
0.592205
0.592205
0.592205
0.592205
0.592205
0.592205
0.592205
0.592205
0.592205
0.592205
0.592205
0.592206
0.592206
0.592206
0.592206
0.592206
0.592206
0.592207
0.592207
0.592208
0.592208
0.592208
0.592209
0.592209
0.59221
0.59221
0.592211
0.592211
0.592212
0.592213
0.592213
0.592214
0.592215
0.592216
0.592217
0.592218
0.592219
0.59222
0.592221
0.592223
0.592224
0.592226
0.592228
0.59223
0.592232
0.592234
0.592236
0.59224
0.592241
0.592245
0.592248
0.592252
0.592256
0.592259
0.592264
0.592268
0.592274
0.592279
0.592285
0.592291
0.592296
0.592304
0.592311
0.592321
0.592327
0.592339
0.592347
0.59236
0.592372
0.592384
0.592398
0.592412
0.592428
0.592442
0.59246
0.592473
0.592492
0.592509
0.592527
0.592546
0.592561
0.592582
0.592594
0.592607
0.592629
0.592612
0.592647
0.592639
0.592667
0.592652
0.592627
0.592622
0.59259
0.592552
0.592501
0.592436
0.592362
0.592275
0.592204
0.592204
0.592204
0.592204
0.592204
0.592204
0.592204
0.592204
0.592204
0.592205
0.592205
0.592205
0.592205
0.592205
0.592205
0.592205
0.592205
0.592206
0.592206
0.592206
0.592206
0.592207
0.592207
0.592207
0.592207
0.592208
0.592208
0.592209
0.592209
0.59221
0.59221
0.592211
0.592211
0.592212
0.592213
0.592213
0.592214
0.592215
0.592216
0.592217
0.592218
0.592219
0.59222
0.592221
0.592223
0.592225
0.592226
0.592228
0.59223
0.592233
0.592234
0.592237
0.592239
0.592242
0.592246
0.592249
0.592253
0.592256
0.59226
0.592265
0.592269
0.592274
0.592279
0.592285
0.59229
0.592299
0.592304
0.592313
0.59232
0.592331
0.592341
0.592351
0.592362
0.592373
0.592388
0.592398
0.592413
0.592423
0.592438
0.592454
0.592467
0.592483
0.592492
0.592511
0.592522
0.59253
0.592536
0.592545
0.592529
0.592564
0.592577
0.592554
0.59256
0.592546
0.592508
0.592477
0.59244
0.592384
0.592325
0.592258
0.592204
0.592204
0.592204
0.592204
0.592204
0.592204
0.592204
0.592204
0.592204
0.592204
0.592204
0.592204
0.592204
0.592204
0.592204
0.592205
0.592205
0.592205
0.592205
0.592205
0.592205
0.592205
0.592206
0.592206
0.592206
0.592206
0.592207
0.592207
0.592207
0.592208
0.592208
0.592209
0.592209
0.59221
0.59221
0.592211
0.592211
0.592212
0.592213
0.592214
0.592214
0.592215
0.592216
0.592217
0.592218
0.592219
0.59222
0.592222
0.592223
0.592226
0.592226
0.592229
0.59223
0.592233
0.592236
0.592239
0.592242
0.592243
0.592246
0.592251
0.592254
0.592257
0.59226
0.592265
0.59227
0.592276
0.59228
0.592286
0.592292
0.5923
0.59231
0.592318
0.592325
0.592335
0.592347
0.592355
0.592366
0.592372
0.592382
0.592398
0.592407
0.592421
0.592418
0.592442
0.592455
0.592455
0.59244
0.592458
0.59245
0.592482
0.592483
0.592474
0.592492
0.59247
0.592436
0.592412
0.592384
0.592341
0.592295
0.592242
0.592203
0.592203
0.592203
0.592203
0.592203
0.592203
0.592203
0.592203
0.592203
0.592203
0.592203
0.592204
0.592204
0.592204
0.592204
0.592204
0.592204
0.592204
0.592204
0.592204
0.592204
0.592204
0.592204
0.592204
0.592205
0.592205
0.592206
0.592206
0.592206
0.592206
0.592206
0.592207
0.592207
0.592207
0.592208
0.592208
0.592209
0.592209
0.592209
0.59221
0.59221
0.592211
0.592211
0.592212
0.592213
0.592214
0.592214
0.592216
0.592217
0.59222
0.592219
0.592221
0.59222
0.592223
0.592225
0.592228
0.59223
0.592228
0.59223
0.592235
0.592237
0.592238
0.592239
0.592243
0.592245
0.592251
0.592256
0.592253
0.592262
0.592266
0.592278
0.592283
0.592283
0.592295
0.592304
0.592308
0.592314
0.592314
0.592322
0.592334
0.592349
0.592351
0.592352
0.592356
0.592381
0.592357
0.59235
0.592352
0.592386
0.592374
0.592365
0.592387
0.59241
0.592395
0.592364
0.592357
0.59233
0.5923
0.592269
0.592235
0.592203
0.592203
0.592203
0.592203
0.592203
0.592203
0.592203
0.592203
0.592203
0.592203
0.592203
0.592203
0.592203
0.592203
0.592203
0.592203
0.592203
0.592203
0.592203
0.592203
0.592204
0.592203
0.592203
0.592203
0.592203
0.592204
0.592204
0.592204
0.592204
0.592205
0.592204
0.592205
0.592205
0.592205
0.592206
0.592206
0.592206
0.592206
0.592206
0.592207
0.592207
0.592207
0.592207
0.592208
0.592207
0.592208
0.592209
0.59221
0.592211
0.592212
0.592213
0.592211
0.592212
0.592215
0.592213
0.592218
0.592218
0.592217
0.592217
0.59222
0.592223
0.592221
0.592222
0.592226
0.592224
0.592228
0.592232
0.592229
0.592235
0.592238
0.592244
0.592243
0.592247
0.592255
0.592264
0.592264
0.592266
0.592255
0.592265
0.592271
0.592285
0.592284
0.592284
0.592275
0.592294
0.592268
0.592282
0.592289
0.592323
0.592297
0.592303
0.592299
0.592309
0.592302
0.59228
0.592293
0.592273
0.592256
0.592239
0.592223
0.592203
0.592202
0.592202
0.592202
0.592202
0.592202
0.592202
0.592203
0.592202
0.592202
0.592202
0.592202
0.592202
0.592203
0.592203
0.592203
0.592202
0.592203
0.592203
0.592203
0.592203
0.592202
0.592203
0.592203
0.592203
0.592203
0.592203
0.592203
0.592203
0.592203
0.592203
0.592203
0.592203
0.592203
0.592203
0.592203
0.592203
0.592203
0.592203
0.592204
0.592204
0.592203
0.592204
0.592204
0.592204
0.592204
0.592204
0.592204
0.592205
0.592205
0.592206
0.592204
0.592205
0.592208
0.592205
0.592207
0.592207
0.592207
0.592206
0.592207
0.592208
0.592207
0.592208
0.59221
0.592208
0.592209
0.59221
0.59221
0.592211
0.592214
0.592215
0.592211
0.592215
0.592216
0.592222
0.592224
0.592223
0.592219
0.592221
0.592226
0.592229
0.592231
0.592226
0.592228
0.59223
0.592229
0.592226
0.592236
0.592251
0.592239
0.592254
0.592237
0.592237
0.592234
0.592227
0.592238
0.592233
0.592231
0.592222
0.592219
0.593161
0.592592
0.59201
0.591462
0.590982
0.590533
0.590208
0.589968
0.589693
0.589649
0.592989
0.592411
0.591844
0.591432
0.591031
0.590688
0.590434
0.590175
0.589999
0.589858
0.592777
0.592279
0.591831
0.591515
0.591168
0.590888
0.590646
0.590406
0.59027
0.590111
0.59264
0.592208
0.591855
0.591561
0.591246
0.591005
0.59078
0.590578
0.590451
0.590301
0.592521
0.592156
0.59187
0.5916
0.591342
0.591133
0.590935
0.590763
0.590639
0.590503
0.592434
0.592131
0.591879
0.591641
0.591428
0.591235
0.591064
0.590915
0.590793
0.590683
0.592364
0.592091
0.591881
0.591679
0.591496
0.591327
0.591177
0.591049
0.590934
0.590844
0.592312
0.592084
0.591899
0.591725
0.591562
0.591416
0.591282
0.591172
0.591065
0.590985
0.592273
0.592085
0.591922
0.591767
0.591626
0.591499
0.59138
0.591285
0.591189
0.59112
0.592245
0.592079
0.591938
0.591806
0.591685
0.591576
0.591471
0.591387
0.591302
0.591239
0.592224
0.592084
0.591967
0.59185
0.591746
0.591648
0.591558
0.591483
0.59141
0.591354
0.592213
0.592093
0.591991
0.591891
0.5918
0.591717
0.591637
0.591573
0.591507
0.591459
0.592205
0.592103
0.592016
0.591932
0.591852
0.591783
0.591714
0.591659
0.591604
0.591557
0.592194
0.592111
0.592036
0.59197
0.591902
0.591848
0.59179
0.591744
0.591702
0.591655
0.59219
0.592122
0.592055
0.592003
0.591947
0.591902
0.591858
0.591817
0.59179
0.591748
0.592185
0.592135
0.592081
0.592039
0.591996
0.591958
0.59193
0.591891
0.591875
0.591843
0.592187
0.592149
0.592109
0.592078
0.592048
0.592016
0.591996
0.591967
0.591952
0.59193
0.592194
0.592166
0.592139
0.592114
0.592098
0.592072
0.592059
0.592044
0.592035
0.59202
0.592198
0.592181
0.592167
0.592146
0.592145
0.592124
0.592119
0.592105
0.592102
0.592102
0.592209
0.592202
0.592197
0.592185
0.592188
0.592179
0.592175
0.592164
0.592162
0.592164
)
;

boundaryField
{
    down
    {
        type            symmetryPlane;
    }
    right
    {
        type            calculated;
        value           nonuniform List<scalar> 
30
(
0.591124
0.591116
0.591102
0.591084
0.59107
0.591064
0.591078
0.591122
0.591211
0.591362
0.591586
0.591881
0.592144
0.592207
0.592204
0.592205
0.592196
0.592181
0.592172
0.59217
0.592177
0.592191
0.592201
0.592207
0.592219
0.592227
0.592229
0.592221
0.592215
0.592211
)
;
    }
    up
    {
        type            calculated;
        value           nonuniform List<scalar> 
220
(
0.592211
0.592215
0.592214
0.592214
0.592219
0.592223
0.592221
0.592222
0.592227
0.592223
0.592214
0.592215
0.592216
0.592215
0.592211
0.592219
0.592213
0.592217
0.592217
0.592218
0.592217
0.592216
0.592215
0.592214
0.592216
0.592223
0.592227
0.592229
0.592229
0.592231
0.592231
0.592229
0.592227
0.592225
0.592221
0.592217
0.592214
0.592213
0.592213
0.592215
0.592216
0.592216
0.592216
0.592217
0.592216
0.592216
0.592217
0.592216
0.592216
0.592217
0.592217
0.592216
0.592215
0.592214
0.592214
0.592212
0.592211
0.592209
0.592209
0.592209
0.592209
0.592208
0.592206
0.592206
0.592206
0.592206
0.592206
0.592206
0.592204
0.592202
0.592203
0.592202
0.592201
0.5922
0.5922
0.592198
0.592199
0.592198
0.592198
0.592198
0.592198
0.592197
0.592197
0.592197
0.592197
0.592196
0.592196
0.592196
0.592197
0.592198
0.592201
0.592201
0.592201
0.592202
0.592203
0.592203
0.592203
0.592204
0.592204
0.592205
0.592207
0.592208
0.592208
0.592209
0.592209
0.592209
0.59221
0.59221
0.59221
0.592211
0.592212
0.592212
0.592212
0.592209
0.59221
0.592209
0.59221
0.59221
0.592209
0.592214
0.592202
0.592202
0.592202
0.592202
0.592202
0.592202
0.592202
0.592202
0.592202
0.592202
0.592202
0.592202
0.592202
0.592202
0.592202
0.592202
0.592202
0.592202
0.592202
0.592202
0.592202
0.592202
0.592202
0.592202
0.592202
0.592202
0.592202
0.592202
0.592202
0.592202
0.592202
0.592202
0.592202
0.592202
0.592202
0.592202
0.592202
0.592202
0.592202
0.592202
0.592202
0.592201
0.592201
0.592201
0.592201
0.592201
0.592201
0.592201
0.592201
0.592201
0.592201
0.5922
0.5922
0.5922
0.5922
0.5922
0.5922
0.592199
0.592199
0.592199
0.592199
0.592198
0.592199
0.592198
0.592198
0.592198
0.592197
0.592196
0.592196
0.592196
0.592196
0.592194
0.592195
0.592194
0.592194
0.592194
0.592194
0.592194
0.592193
0.592191
0.59219
0.592191
0.592188
0.592188
0.592185
0.592184
0.592182
0.592182
0.59219
0.592188
0.592194
0.592193
0.592193
0.592193
0.592191
0.592197
0.5922
0.592206
0.592207
0.592212
)
;
    }
    left
    {
        type            calculated;
        value           nonuniform List<scalar> 
30
(
0.592211
0.592211
0.592211
0.592211
0.592211
0.592211
0.59221
0.59221
0.59221
0.59221
0.59221
0.592209
0.592209
0.592209
0.592208
0.592208
0.592208
0.592207
0.592207
0.592207
0.592206
0.592206
0.592205
0.592205
0.592205
0.592204
0.592204
0.592203
0.592203
0.592202
)
;
    }
    cylinder
    {
        type            calculated;
        value           nonuniform List<scalar> 
40
(
0.585079
0.584583
0.58444
0.584486
0.584465
0.584574
0.583622
0.581759
0.579939
0.577977
0.586217
0.586168
0.586088
0.585991
0.58589
0.585795
0.585709
0.585622
0.585526
0.585367
0.585749
0.583441
0.581569
0.579809
0.57901
0.576624
0.577098
0.57591
0.57571
0.576956
0.602966
0.602897
0.601944
0.600761
0.599114
0.597401
0.59525
0.593048
0.590601
0.58816
)
;
    }
    defaultFaces
    {
        type            empty;
    }
}


// ************************************************************************* //
