/*--------------------------------*- C++ -*----------------------------------*\
  =========                 |
  \\      /  F ield         | OpenFOAM: The Open Source CFD Toolbox
   \\    /   O peration     | Website:  https://openfoam.org
    \\  /    A nd           | Version:  8
     \\/     M anipulation  |
\*---------------------------------------------------------------------------*/
FoamFile
{
    version     2.0;
    format      ascii;
    class       volScalarField;
    location    "4.9999766073";
    object      epsilon;
}
// * * * * * * * * * * * * * * * * * * * * * * * * * * * * * * * * * * * * * //

dimensions      [0 2 -3 0 0 0 0];

internalField   nonuniform List<scalar> 
6800
(
416.03
790.407
761.21
663.452
537.881
384.419
241.42
123.142
63.3905
34.934
281.135
691.797
654.618
570.162
398.603
235.477
117.047
58.4805
29.9196
17.2548
344.819
627.372
589.125
457.443
270.648
134.561
65.7293
31.7673
16.4928
9.84366
384.97
545.263
494.843
347.192
174.878
79.414
33.8007
17.0963
9.95388
6.77538
413.704
496.046
449.271
269.351
113.036
44.6088
21.2375
11.9374
7.58722
5.56871
441.33
478.5
402.581
179.962
66.4097
28.7556
14.3845
8.56775
5.8178
4.55079
461.979
472.238
351.561
128.543
49.4473
21.171
11.4756
7.3309
5.20164
4.21746
487.866
482.637
291.531
95.5611
31.9565
15.0674
8.79417
5.9104
4.43604
3.7742
507.762
503.047
246.464
71.4546
27.0316
13.3153
8.00194
5.5016
4.21947
3.6461
536.793
525.139
202.87
53.9136
19.4425
10.4496
6.64806
4.79511
3.83935
3.3985
2595.72
1272.43
994.419
915.745
910.629
964.254
1039.77
1115.5
1164.84
1187.69
2491.76
1220.87
979.809
929.463
971.125
1084.12
1234.39
1395.29
1538.22
1619.53
2304.58
1150.1
959.353
959.563
1087.97
1303.09
1560.21
1799.65
1995.75
2088.86
2082.24
1075.89
946.814
1041.43
1299.63
1645
1949.59
2116.98
2195.44
2175.77
1848.46
1033.73
1009.49
1273.17
1730.72
2109.25
2225.64
2203.83
2059.88
1799.68
1645.89
1076.83
1282.33
1842.31
2291.38
2311.75
2188.43
1838.95
1572.81
1035.6
1472.15
1313.56
1956.22
2478.21
2349.31
2002.04
1481
985.23
774.846
507.929
1386.99
1854.04
2494.91
2244.8
1548.46
1031.99
767.58
559.693
466.393
307.909
1191.23
2046.67
1725
1153.36
860.583
665.967
524.522
398.268
328.422
187.978
860.976
1240.55
1030.54
814.085
649.473
522.358
393.298
279.37
162.851
77.1721
1187.46
1108.59
1029.13
958.577
898.31
847.161
802.148
762.729
728.459
698.161
671.041
646.498
624.016
603.21
583.786
565.536
548.289
531.933
516.376
501.551
487.401
473.888
460.975
448.632
436.827
425.527
414.697
404.301
394.306
384.675
375.378
366.383
357.666
349.201
340.972
332.96
325.152
317.537
310.108
302.863
295.799
288.921
282.231
275.735
269.436
263.339
257.444
251.75
246.256
240.96
235.854
230.931
226.184
221.602
217.176
212.898
208.757
204.745
200.853
197.075
193.404
189.833
186.358
182.974
179.679
176.468
173.341
170.294
167.325
164.432
161.614
158.867
156.19
153.581
151.037
148.555
146.134
143.77
141.462
139.207
137.004
134.85
132.745
130.685
128.672
126.701
124.776
122.89
121.053
119.247
117.499
115.767
114.116
112.441
110.907
109.254
107.896
106.161
105.165
102.856
1637.69
1520.01
1398.14
1290.68
1198.74
1121.18
1054.78
997.997
948.388
904.544
865.316
829.968
797.662
767.822
740.031
714.001
689.506
666.38
644.481
623.707
603.966
585.193
567.323
550.303
534.076
518.586
503.779
489.6
476.001
462.932
450.341
438.19
426.452
415.097
404.104
393.45
383.121
373.102
363.384
353.962
344.83
335.99
327.441
319.184
311.216
303.538
296.144
289.029
282.186
275.605
269.277
263.19
257.331
251.687
246.246
240.997
235.928
231.027
226.284
221.69
217.236
212.914
208.719
204.645
200.686
196.839
193.101
189.466
185.933
182.497
179.156
175.906
172.743
169.666
166.671
163.753
160.912
158.143
155.443
152.81
150.242
147.736
145.29
142.903
140.573
138.296
136.077
133.906
131.795
129.723
127.722
125.74
123.856
121.945
120.199
118.317
116.775
114.804
113.678
111.049
2102.02
1991.43
1839.1
1702.78
1585.02
1484.37
1397.61
1322.34
1255.89
1196.49
1142.82
1093.68
1048.4
1006.44
967.35
930.763
896.374
863.955
833.313
804.309
776.82
750.753
726.013
702.512
680.16
658.866
638.544
619.111
600.496
582.621
565.368
548.74
532.716
517.257
502.334
487.916
473.978
460.499
447.465
434.868
422.703
410.97
399.664
388.787
378.33
368.29
358.653
349.408
340.54
332.032
323.867
316.027
308.492
301.243
294.268
287.552
281.076
274.822
268.778
262.93
257.268
251.783
246.467
241.313
236.316
231.468
226.765
222.201
217.772
213.47
209.293
205.236
201.294
197.462
193.738
190.115
186.59
183.16
179.82
176.566
173.397
170.309
167.3
164.366
161.508
158.72
156.007
153.356
150.784
148.263
145.833
143.428
141.148
138.835
136.731
134.458
132.607
130.234
128.888
125.718
2186.3
2119.92
1981.97
1852
1737.85
1637.64
1549.54
1471.77
1402.37
1339.64
1282.38
1229.66
1180.78
1135.21
1092.53
1052.41
1014.6
978.891
945.106
913.117
882.8
854.062
826.784
800.858
776.176
752.624
730.101
708.518
687.776
667.869
648.814
630.466
612.747
595.596
578.975
562.855
547.213
532.038
517.324
503.074
489.291
475.983
463.15
450.793
438.905
427.478
416.495
405.944
395.804
386.057
376.682
367.659
358.965
350.583
342.489
334.663
327.092
319.764
312.668
305.793
299.13
292.67
286.406
280.329
274.433
268.711
263.16
257.766
252.524
247.429
242.48
237.671
232.998
228.454
224.036
219.738
215.555
211.484
207.519
203.658
199.898
196.234
192.665
189.187
185.8
182.497
179.286
176.15
173.11
170.129
167.261
164.418
161.732
158.998
156.526
153.841
151.668
148.87
147.297
143.527
1727.35
1637.54
1548.22
1471.65
1407.31
1351.55
1301.87
1256.21
1213.92
1174.21
1136.69
1101.08
1067.12
1034.76
1003.82
974.281
945.986
918.87
892.903
868.1
844.453
821.92
800.35
779.661
759.77
740.581
722.028
704.041
686.588
669.583
653.001
636.823
621.043
605.645
590.617
575.935
561.586
547.568
533.896
520.582
507.655
495.123
483.012
471.322
460.048
449.182
438.709
428.614
418.881
409.489
400.419
391.653
383.17
374.953
366.986
359.253
351.74
344.437
337.334
330.425
323.701
317.158
310.789
304.591
298.558
292.687
286.968
281.409
276.006
270.748
265.629
260.641
255.778
251.036
246.408
241.892
237.482
233.176
228.972
224.865
220.855
216.937
213.113
209.377
205.735
202.174
198.709
195.316
192.029
188.793
185.686
182.591
179.68
176.693
174.009
171.063
168.707
165.631
163.925
159.748
939.965
854.054
789.612
745.127
713.808
690.754
674.059
661.099
651.851
644.459
638.485
633.366
628.528
623.866
619.104
614.317
609.355
604.049
598.562
592.975
587.501
581.902
575.858
569.638
563.288
556.799
550.175
543.438
536.557
529.588
522.507
515.266
507.863
500.366
492.79
485.088
477.279
469.389
461.479
453.573
445.772
438.038
430.503
423.104
415.849
408.732
401.758
394.93
388.247
381.703
375.292
369.006
362.838
356.78
350.827
344.974
339.218
333.556
327.988
322.512
317.131
311.842
306.648
301.547
296.538
291.619
286.793
282.053
277.398
272.827
268.339
263.934
259.609
255.363
251.194
247.1
243.08
239.134
235.26
231.457
227.728
224.067
220.481
216.963
213.521
210.143
206.848
203.607
200.464
197.352
194.369
191.372
188.567
185.655
183.063
180.174
177.891
174.867
173.214
169.04
475.016
437.568
405.283
378.854
357.19
338.922
323.761
310.596
299.578
289.915
281.816
274.76
268.325
263.051
258.309
254.252
251.07
248.577
246.439
244.974
244.785
245.112
246.004
248.289
251.273
254.723
258.442
262.298
266.199
270.097
273.88
277.435
280.698
283.658
286.297
288.558
290.449
291.943
293.146
293.983
294.664
294.886
295.25
295.026
294.505
293.696
292.724
291.608
290.364
288.996
287.51
285.907
284.192
282.367
280.44
278.413
276.3
274.1
271.828
269.489
267.095
264.648
262.157
259.614
257.032
254.416
251.769
249.092
246.394
243.67
240.933
238.192
235.44
232.682
229.919
227.157
224.396
221.642
218.898
216.167
213.453
210.757
208.087
205.438
202.826
200.233
197.688
195.157
192.694
190.225
187.859
185.446
183.199
180.821
178.726
176.339
174.476
171.958
170.606
167.021
288.397
265.038
243.833
225.034
208.214
193.038
179.194
166.731
155.226
144.821
135.108
126.221
118.504
111.452
105.179
99.6392
94.8998
90.6383
87.0229
83.9305
81.3963
79.4655
77.9914
77.1804
76.8766
77.0047
77.4089
78.2513
79.5511
81.2381
83.2178
85.4412
87.8513
90.4366
93.1348
95.9091
98.7495
101.603
104.512
107.462
110.515
113.623
116.91
120.376
123.992
127.735
131.564
135.433
139.297
143.108
146.824
150.411
153.837
157.083
160.126
162.959
165.57
167.959
170.131
172.071
173.802
175.298
176.552
177.572
178.389
179.016
179.469
179.773
179.915
179.891
179.803
179.614
179.28
178.847
178.314
177.696
176.993
176.22
175.376
174.474
173.515
172.507
171.456
170.361
169.237
168.073
166.893
165.677
164.462
163.205
161.979
160.685
159.471
158.136
156.961
155.561
154.477
152.951
152.143
149.844
174.388
158.485
143.381
129.586
117.016
105.599
95.2585
85.9511
77.5724
70.0856
63.3214
57.3635
51.8851
47.1918
43.1367
39.6115
36.5495
33.8608
31.5396
29.5164
27.7767
26.2882
25.0119
23.9411
23.03
22.2874
21.6754
21.1992
20.8404
20.6007
20.4865
20.4216
20.4931
20.6407
20.9254
21.272
21.7245
22.2559
22.8252
23.5396
24.2894
25.2073
26.1363
27.1496
28.2967
29.6274
31.129
32.8058
34.6139
36.5709
38.6544
40.8791
43.2103
45.6614
48.1927
50.8213
53.5021
56.2581
59.0373
61.8715
64.7049
67.574
70.4686
73.3922
76.295
79.1833
82.0094
84.7842
87.4626
90.0587
92.5289
94.9009
97.1283
99.2434
101.204
103.048
104.736
106.312
107.736
109.052
110.226
111.3
112.225
113.056
113.758
114.386
114.898
115.361
115.717
116.045
116.276
116.492
116.615
116.754
116.743
116.737
116.702
116.515
116.485
116.14
70.5879
63.4233
56.695
50.6921
45.3982
40.7596
36.6991
33.1524
30.0375
27.299
24.8691
22.711
20.7813
19.0534
17.5046
16.1158
14.8723
13.7603
12.7701
11.891
11.1144
10.431
9.8311
9.30516
8.84392
8.43996
8.08519
7.77315
7.49767
7.25702
7.04363
6.84777
6.67794
6.52297
6.38717
6.27745
6.17198
6.10297
6.04116
5.98384
5.96296
5.97261
6.0015
6.05232
6.14139
6.23714
6.37214
6.5002
6.6926
6.81683
7.03153
7.32312
7.64735
8.04968
8.47668
8.98749
9.51792
10.1427
10.7855
11.5348
12.3049
13.1934
14.1045
15.1447
16.2051
17.4002
18.6072
19.9493
21.2894
22.7609
24.2132
25.79
27.3294
28.9859
30.5874
32.2994
33.9396
35.6855
37.3426
39.1046
40.7589
42.5218
44.1719
45.9457
47.5759
49.3394
50.9232
52.6591
54.1736
55.8684
57.29
58.9383
60.2402
61.8401
62.9991
64.5371
65.5227
67.0129
67.8338
69.3536
20.4455
19.8381
19.0071
18.038
16.9961
15.9341
14.8896
13.8874
12.9411
12.0569
11.2357
10.476
9.77463
9.12845
8.53406
7.98872
7.48963
7.03426
6.61987
6.24383
5.90308
5.59488
5.31585
5.06342
4.83419
4.6262
4.43612
4.26277
4.10314
3.95663
3.82059
3.69473
3.57692
3.46713
3.36387
3.2678
3.17667
3.09307
3.01335
2.94069
2.87234
2.81069
2.75225
2.70045
2.65121
2.60928
2.56964
2.53726
2.50625
2.48259
2.46133
2.44894
2.44015
2.44016
2.44648
2.45757
2.47428
2.50538
2.53348
2.58692
2.6285
2.70923
2.76661
2.88107
2.95834
3.11109
3.2162
3.41179
3.54771
3.78892
3.95879
4.25065
4.45974
4.80837
5.06277
5.47543
5.78166
6.26592
6.62926
7.1927
7.61787
8.26905
8.75969
9.50777
10.0664
10.9199
11.5476
12.5113
13.2052
14.2791
15.03
16.2107
17.0035
18.286
19.1012
20.4731
21.2996
22.7455
23.4189
25.4273
11.4304
10.8612
10.2733
9.68583
9.11534
8.572
8.06208
7.58755
7.14856
6.74286
6.36777
6.0201
5.69703
5.39613
5.11556
4.85395
4.61031
4.38384
4.1739
3.97978
3.8008
3.63609
3.48479
3.34589
3.21842
3.10133
2.9936
2.89428
2.80238
2.71713
2.63754
2.5631
2.49281
2.42657
2.36337
2.30352
2.24606
2.19152
2.139
2.08944
2.04158
1.99658
1.95284
1.91195
1.87198
1.83502
1.79867
1.76521
1.73192
1.70172
1.67144
1.6446
1.61743
1.5935
1.56901
1.54764
1.52587
1.50668
1.4875
1.47078
1.4539
1.4406
1.42689
1.41719
1.4082
1.40256
1.39994
1.39661
1.39618
1.40129
1.40827
1.4248
1.43697
1.46301
1.47956
1.51394
1.53431
1.57597
1.59979
1.64807
1.67546
1.73124
1.76424
1.83115
1.87327
1.95679
2.00871
2.12114
2.18987
2.33846
2.4271
2.62174
2.73545
2.98582
3.13806
3.4353
3.61573
3.97055
4.25392
4.73497
6.98557
6.72106
6.44295
6.15824
5.87468
5.59747
5.33007
5.07426
4.83138
4.60181
4.38607
4.18391
3.99537
3.81976
3.65674
3.50527
3.36474
3.23398
3.11234
2.9987
2.89254
2.7929
2.69941
2.61128
2.5283
2.44984
2.37579
2.30564
2.23936
2.17653
2.11715
2.06088
2.00773
1.95738
1.90981
1.86473
1.82208
1.78161
1.74319
1.70662
1.67175
1.63845
1.60653
1.57592
1.54644
1.51808
1.49065
1.46422
1.43855
1.41385
1.38976
1.36664
1.344
1.32235
1.30109
1.28081
1.26082
1.24182
1.22301
1.2052
1.18743
1.17075
1.15394
1.13842
1.12269
1.10838
1.0937
1.0806
1.06693
1.05494
1.04228
1.03151
1.01995
1.01038
0.999906
0.991443
0.982042
0.9745
0.966128
0.959362
0.951996
0.945998
0.939713
0.934548
0.929839
0.924753
0.923868
0.923473
0.92279
0.92716
0.927794
0.931718
0.936605
0.947211
0.954116
0.971813
0.98286
1.00605
1.03157
1.07096
4.72266
4.58824
4.44393
4.29241
4.13789
3.98361
3.83228
3.68533
3.544
3.40852
3.2793
3.15602
3.03892
2.92763
2.82245
2.72308
2.6298
2.54218
2.46034
2.38364
2.312
2.24465
2.18143
2.12155
2.06492
2.01085
1.95939
1.91
1.86286
1.81756
1.77436
1.7329
1.6935
1.65577
1.62003
1.58585
1.55353
1.52259
1.4933
1.46517
1.43846
1.41265
1.38804
1.36411
1.34118
1.31877
1.2972
1.27605
1.25565
1.23562
1.21628
1.19729
1.17898
1.16099
1.14367
1.12667
1.11028
1.09422
1.0787
1.06351
1.04877
1.03436
1.0203
1.00657
0.993119
0.980005
0.967148
0.954641
0.942388
0.930483
0.91887
0.907548
0.896651
0.885889
0.875762
0.865549
0.856158
0.846459
0.837695
0.828395
0.820074
0.811134
0.803063
0.794297
0.786407
0.777705
0.769624
0.761468
0.753645
0.745701
0.738203
0.730847
0.723648
0.716492
0.709751
0.702505
0.697871
0.690409
0.686743
0.681081
3.53331
3.45623
3.37243
3.28318
3.19092
3.09741
3.00431
2.91243
2.82277
2.73564
2.65166
2.57081
2.49348
2.41942
2.34885
2.28139
2.21722
2.15586
2.09751
2.04169
1.98864
1.93787
1.88966
1.84352
1.79976
1.75785
1.71811
1.67997
1.64379
1.60895
1.57584
1.54383
1.51335
1.48376
1.45554
1.42804
1.40179
1.37612
1.35163
1.32763
1.30474
1.28225
1.26085
1.23977
1.21973
1.19994
1.18117
1.16255
1.14492
1.12736
1.11076
1.09414
1.07845
1.06266
1.04779
1.03273
1.01859
1.0042
0.990743
0.976957
0.964131
0.950912
0.938686
0.925999
0.914348
0.902163
0.891066
0.879352
0.86879
0.857516
0.84747
0.836604
0.827056
0.816568
0.807499
0.797364
0.788755
0.778949
0.770778
0.761277
0.75352
0.744304
0.736936
0.727976
0.720978
0.712246
0.705595
0.697075
0.690756
0.682438
0.67643
0.668303
0.662605
0.654604
0.649242
0.641345
0.636237
0.628471
0.624986
0.613249
2.87444
2.82299
2.76705
2.7071
2.64466
2.58078
2.51657
2.45254
2.38947
2.32751
2.26723
2.20856
2.1519
2.09705
2.04434
1.99348
1.94476
1.89782
1.85293
1.80968
1.76834
1.72847
1.69038
1.65361
1.6185
1.58458
1.55225
1.52099
1.49122
1.46241
1.43499
1.40838
1.38304
1.35834
1.33479
1.31173
1.28971
1.26804
1.24734
1.22687
1.20733
1.18795
1.16948
1.1511
1.13362
1.11619
1.09967
1.08312
1.0675
1.05178
1.03698
1.02203
1.00799
0.993719
0.980377
0.966731
0.954029
0.94095
0.92884
0.916285
0.904733
0.892663
0.881642
0.870028
0.859516
0.848328
0.838302
0.827514
0.817951
0.807536
0.798411
0.788344
0.779636
0.769893
0.761583
0.752144
0.744218
0.735062
0.727511
0.718616
0.711435
0.702778
0.695957
0.687515
0.681039
0.672801
0.666645
0.658598
0.652744
0.644867
0.639308
0.631574
0.626298
0.618654
0.613643
0.606125
0.601487
0.594054
0.589078
0.580731
2.48979
2.45079
2.40877
2.36385
2.3171
2.26912
2.22072
2.17215
2.12401
2.07637
2.02972
1.98398
1.93954
1.89621
1.85432
1.8136
1.77436
1.73629
1.69968
1.66417
1.63007
1.597
1.56527
1.53447
1.50494
1.47622
1.4487
1.42188
1.39619
1.37108
1.34704
1.32349
1.30094
1.27881
1.25764
1.23681
1.21691
1.19726
1.17851
1.15995
1.14227
1.1247
1.10799
1.09132
1.0755
1.05965
1.04464
1.02954
1.01528
1.00085
0.987285
0.973484
0.96056
0.947336
0.935011
0.922322
0.91056
0.898368
0.887138
0.875408
0.864681
0.853382
0.843133
0.832235
0.822442
0.811919
0.80256
0.792386
0.783443
0.773595
0.76505
0.755506
0.747343
0.738083
0.730288
0.721291
0.713852
0.705098
0.698005
0.689475
0.682718
0.674393
0.667964
0.659823
0.653714
0.645742
0.639944
0.632123
0.626629
0.618943
0.613744
0.606175
0.601274
0.593807
0.589158
0.581794
0.577558
0.570153
0.566913
0.556187
2.25463
2.22201
2.18726
2.15034
2.11205
2.07275
2.03306
1.99312
1.95342
1.91396
1.87518
1.83696
1.79966
1.76311
1.7276
1.69291
1.65933
1.62657
1.59494
1.56411
1.53439
1.50542
1.47754
1.45034
1.4242
1.39868
1.37416
1.35018
1.32715
1.30459
1.28293
1.26165
1.24124
1.22113
1.20186
1.18281
1.16458
1.14651
1.12924
1.11208
1.09571
1.07937
1.06383
1.04827
1.0335
1.01865
1.0046
0.990414
0.977032
0.963455
0.9507
0.937691
0.925523
0.913041
0.901426
0.889435
0.878341
0.866807
0.856204
0.845093
0.834955
0.824236
0.814537
0.804183
0.794899
0.784883
0.775996
0.766295
0.757788
0.748379
0.740237
0.731102
0.723313
0.714433
0.706986
0.698346
0.691231
0.682814
0.676023
0.667812
0.661339
0.653317
0.647154
0.639307
0.633447
0.625757
0.620195
0.612646
0.607375
0.599954
0.594967
0.587655
0.582953
0.575739
0.571275
0.564155
0.560092
0.552931
0.549802
0.539477
2.10281
2.07367
2.04295
2.01057
1.97715
1.94294
1.90843
1.87367
1.83908
1.80461
1.77064
1.73706
1.70419
1.67185
1.64037
1.60949
1.57953
1.5502
1.52181
1.49404
1.46722
1.44098
1.41566
1.39088
1.36699
1.34358
1.32104
1.29892
1.27764
1.25671
1.2366
1.21678
1.19775
1.17896
1.16094
1.1431
1.12601
1.10905
1.09283
1.07667
1.06126
1.04585
1.03118
1.01647
1.0025
0.988426
0.975104
0.961627
0.948912
0.935988
0.923843
0.911433
0.899824
0.887893
0.876789
0.865303
0.854677
0.843608
0.833433
0.822753
0.813008
0.802691
0.793355
0.783378
0.774433
0.764773
0.756203
0.746839
0.73863
0.729542
0.721682
0.712853
0.70533
0.696743
0.689545
0.681185
0.674303
0.666154
0.659581
0.651628
0.645355
0.637584
0.631605
0.623999
0.61831
0.610854
0.605449
0.598128
0.593003
0.585802
0.580952
0.57386
0.569271
0.562258
0.557969
0.551092
0.547059
0.540405
0.535966
0.528425
1.99957
1.97246
1.94414
1.91448
1.88403
1.85293
1.8216
1.79005
1.75865
1.72733
1.69644
1.66584
1.63586
1.6063
1.57746
1.54912
1.52156
1.49453
1.46831
1.44261
1.41773
1.39334
1.36977
1.34665
1.32433
1.30242
1.28129
1.26051
1.2405
1.22078
1.2018
1.18307
1.16506
1.14725
1.13015
1.11319
1.09693
1.08076
1.06528
1.04985
1.03511
1.02037
1.00632
0.992209
0.978804
0.96529
0.95249
0.939531
0.927299
0.914857
0.903159
0.891199
0.880007
0.868496
0.857779
0.846687
0.836421
0.825719
0.81588
0.805543
0.796109
0.786113
0.777066
0.767389
0.758712
0.749334
0.741013
0.731915
0.723937
0.715102
0.707456
0.698867
0.691544
0.683186
0.676175
0.668033
0.661327
0.653387
0.646979
0.639227
0.633108
0.625531
0.619697
0.612279
0.606725
0.599452
0.594174
0.587029
0.582023
0.574995
0.570256
0.563333
0.558846
0.552
0.547806
0.541094
0.537146
0.530655
0.526301
0.518947
1.92573
1.89987
1.87304
1.84512
1.81659
1.78752
1.75831
1.7289
1.69964
1.67045
1.64164
1.61308
1.58507
1.55742
1.53042
1.50384
1.47798
1.45256
1.42789
1.40366
1.38019
1.35713
1.33483
1.31292
1.29174
1.27091
1.25081
1.23101
1.21192
1.19309
1.17496
1.15703
1.13979
1.12271
1.1063
1.09
1.07438
1.05882
1.04393
1.02906
1.01485
1.00061
0.987047
0.973411
0.960447
0.947368
0.93497
0.922412
0.910549
0.898477
0.887118
0.875502
0.86462
0.853429
0.843
0.832207
0.822208
0.811787
0.802197
0.792125
0.782925
0.77318
0.764353
0.754915
0.746445
0.737295
0.729168
0.720289
0.712492
0.703867
0.696391
0.688003
0.680838
0.672673
0.66581
0.657852
0.651284
0.643521
0.637241
0.629658
0.62366
0.616245
0.610522
0.60326
0.597809
0.590685
0.585504
0.578502
0.573587
0.566694
0.56204
0.555249
0.55084
0.544124
0.54
0.533418
0.529538
0.523174
0.518898
0.51168
1.87083
1.84577
1.81993
1.79319
1.76597
1.73831
1.71056
1.68264
1.6549
1.62721
1.5999
1.5728
1.54622
1.51996
1.4943
1.46902
1.4444
1.42018
1.39665
1.37352
1.35109
1.32903
1.30768
1.28668
1.26637
1.24637
1.22705
1.208
1.18963
1.17148
1.15399
1.13669
1.12003
1.10352
1.08764
1.07187
1.05673
1.04165
1.0272
1.01276
0.998959
0.985125
0.971933
0.958664
0.946044
0.933305
0.921225
0.908982
0.897411
0.885633
0.874544
0.863202
0.852569
0.841635
0.831435
0.820884
0.811096
0.800904
0.791507
0.781652
0.772631
0.763091
0.754429
0.745185
0.736869
0.727901
0.719921
0.711212
0.703554
0.695089
0.687743
0.679509
0.672464
0.664448
0.657694
0.649883
0.643415
0.635793
0.629606
0.622159
0.616248
0.608962
0.603324
0.596183
0.590815
0.583806
0.578701
0.571815
0.566965
0.560191
0.555593
0.548919
0.544565
0.537958
0.533889
0.527411
0.523584
0.517305
0.513095
0.505985
1.82944
1.80487
1.77967
1.75372
1.72741
1.70073
1.67401
1.64717
1.62051
1.59392
1.56769
1.54166
1.51612
1.49088
1.46622
1.4419
1.41821
1.39488
1.37221
1.3499
1.32826
1.30696
1.28634
1.26602
1.24637
1.22701
1.20829
1.18982
1.172
1.15438
1.13739
1.12057
1.10437
1.0883
1.07285
1.05748
1.04272
1.02801
1.01391
0.999815
0.986338
0.972818
0.959922
0.946944
0.934597
0.922127
0.910297
0.898304
0.886964
0.875419
0.864544
0.853418
0.842984
0.832253
0.822237
0.811876
0.80226
0.792246
0.78301
0.773324
0.764452
0.755072
0.746549
0.737458
0.72927
0.720451
0.712585
0.704024
0.696468
0.688149
0.680893
0.672804
0.665836
0.657964
0.651278
0.64361
0.637198
0.62972
0.623577
0.616275
0.610399
0.603255
0.597645
0.590646
0.585294
0.578435
0.573326
0.566603
0.561726
0.555131
0.550482
0.544003
0.539582
0.533187
0.52899
0.522724
0.518839
0.512679
0.508478
0.501516
1.79733
1.77307
1.7483
1.72289
1.69723
1.67126
1.64529
1.61923
1.59338
1.56759
1.54218
1.51696
1.49222
1.46776
1.44386
1.42028
1.39731
1.37467
1.35268
1.33101
1.31
1.2893
1.26925
1.24949
1.23036
1.2115
1.19328
1.17527
1.15789
1.1407
1.12412
1.10769
1.09186
1.07615
1.06104
1.04599
1.03155
1.01714
1.00333
0.989504
0.976289
0.963022
0.950367
0.937621
0.925495
0.91324
0.901613
0.889819
0.878666
0.867305
0.856601
0.845647
0.835371
0.824799
0.814931
0.804717
0.795239
0.785362
0.776257
0.766694
0.757947
0.748681
0.740278
0.731291
0.723217
0.714495
0.706737
0.698265
0.690812
0.682577
0.675418
0.667408
0.660531
0.652737
0.646132
0.638543
0.632202
0.624805
0.618724
0.611504
0.605681
0.598621
0.593056
0.58614
0.580833
0.574043
0.568993
0.56232
0.557512
0.55096
0.546371
0.539944
0.535568
0.529234
0.525094
0.51885
0.514854
0.508745
0.505988
0.496649
1.77235
1.74824
1.72373
1.6987
1.67349
1.64803
1.62263
1.59716
1.57192
1.54676
1.52198
1.49739
1.47328
1.44943
1.42614
1.40315
1.38075
1.35867
1.33721
1.31607
1.29555
1.27533
1.25573
1.23641
1.21771
1.19925
1.1814
1.16376
1.14673
1.12987
1.1136
1.09747
1.08193
1.06649
1.05164
1.03685
1.02264
1.00845
0.994858
0.981243
0.968223
0.955145
0.942667
0.930095
0.918131
0.906035
0.894556
0.882909
0.871892
0.860666
0.850087
0.83926
0.829099
0.818645
0.808883
0.798781
0.789401
0.77963
0.770615
0.761155
0.752491
0.743323
0.734996
0.726104
0.718101
0.70947
0.701778
0.693395
0.686003
0.677855
0.670752
0.662826
0.656003
0.648289
0.641736
0.634223
0.627931
0.620607
0.614573
0.607423
0.601644
0.594652
0.589128
0.582277
0.577008
0.570282
0.565266
0.558654
0.553878
0.547386
0.542826
0.536458
0.532109
0.525835
0.521716
0.515535
0.511556
0.505494
0.502779
0.493535
1.75372
1.72963
1.70524
1.68042
1.6555
1.63038
1.60537
1.58031
1.55551
1.53081
1.50649
1.48236
1.45871
1.43532
1.41247
1.38991
1.36793
1.34626
1.32519
1.30441
1.28425
1.26436
1.24509
1.22607
1.20766
1.18947
1.17188
1.15449
1.13769
1.12104
1.10499
1.08905
1.0737
1.05843
1.04375
1.02912
1.01507
1.00103
0.987572
0.97409
0.961201
0.948246
0.93589
0.923431
0.911581
0.89959
0.88822
0.876669
0.865756
0.854621
0.844141
0.833399
0.823334
0.812962
0.80329
0.793268
0.783973
0.774281
0.765346
0.755964
0.747374
0.738285
0.730026
0.721212
0.713274
0.704718
0.697089
0.688777
0.681448
0.673366
0.666325
0.658463
0.6517
0.644045
0.637554
0.630093
0.623867
0.616588
0.610623
0.60351
0.597804
0.590842
0.585392
0.578569
0.573368
0.56668
0.561713
0.555157
0.550412
0.54398
0.539456
0.533135
0.528829
0.522591
0.518501
0.512382
0.508589
0.502564
0.498469
0.491698
1.7399
1.71575
1.69137
1.66665
1.64189
1.61698
1.5922
1.56742
1.5429
1.51849
1.49446
1.47063
1.44726
1.42415
1.40156
1.37925
1.3575
1.33605
1.31518
1.2946
1.27461
1.25489
1.23577
1.21689
1.1986
1.18053
1.16306
1.14577
1.12908
1.11253
1.09657
1.08073
1.06549
1.05032
1.03574
1.0212
1.00725
0.993312
0.979964
0.966586
0.953805
0.940948
0.928695
0.91633
0.904582
0.892684
0.881417
0.86996
0.859152
0.848111
0.83774
0.827092
0.817136
0.806857
0.797298
0.787367
0.778186
0.768582
0.759761
0.750464
0.741989
0.732981
0.724838
0.7161
0.708277
0.699793
0.692278
0.684033
0.676815
0.668795
0.661866
0.654057
0.647409
0.639797
0.633422
0.625995
0.619888
0.612634
0.606788
0.599695
0.594105
0.58716
0.581822
0.575014
0.569923
0.56324
0.558392
0.55182
0.547213
0.540742
0.536372
0.529992
0.52585
0.519535
0.515656
0.509463
0.505811
0.499822
0.495785
0.489
1.72891
1.70468
1.68027
1.65559
1.63089
1.60608
1.5814
1.55671
1.53227
1.50792
1.48393
1.46012
1.43675
1.41363
1.391
1.36867
1.34688
1.3254
1.3045
1.28392
1.2639
1.24413
1.22496
1.20604
1.18774
1.16968
1.15225
1.13502
1.11842
1.102
1.08618
1.07051
1.05544
1.04047
1.0261
1.01179
0.998067
0.984359
0.971246
0.958104
0.945558
0.932949
0.920943
0.908831
0.897327
0.885676
0.874642
0.86342
0.852829
0.842009
0.831837
0.821393
0.811619
0.801528
0.792133
0.782374
0.773341
0.763894
0.755207
0.746055
0.7377
0.728823
0.720788
0.712172
0.704444
0.696074
0.688643
0.680504
0.673361
0.665441
0.658578
0.650864
0.644272
0.636752
0.630426
0.623088
0.617022
0.609853
0.604043
0.597031
0.591474
0.584605
0.579298
0.57256
0.567498
0.560881
0.556058
0.549553
0.544965
0.538559
0.534208
0.527888
0.523766
0.517503
0.51365
0.507503
0.503875
0.49791
0.493924
0.487176
1.72044
1.69582
1.67094
1.64592
1.62078
1.59538
1.57004
1.54462
1.51946
1.4944
1.46979
1.44541
1.4216
1.39812
1.3753
1.35284
1.33108
1.30968
1.28901
1.26868
1.24908
1.22986
1.21133
1.19311
1.17553
1.15821
1.14149
1.12498
1.10905
1.09327
1.07807
1.06296
1.04843
1.03395
1.02003
1.00613
0.992789
0.979431
0.966637
0.953788
0.941508
0.929137
0.917344
0.905425
0.894094
0.882601
0.871709
0.86062
0.850147
0.839439
0.829366
0.819019
0.80933
0.799323
0.790001
0.780316
0.771347
0.761966
0.753336
0.744242
0.735937
0.727114
0.719123
0.710555
0.702868
0.694541
0.687146
0.679049
0.671936
0.664057
0.657216
0.649545
0.642968
0.635494
0.629173
0.621885
0.615816
0.608701
0.602881
0.595926
0.590353
0.583543
0.578216
0.571539
0.566452
0.559901
0.555043
0.548614
0.543976
0.537662
0.533238
0.527031
0.522819
0.51669
0.512689
0.506675
0.502967
0.497053
0.493039
0.486358
1.69563
1.66972
1.64413
1.61844
1.59318
1.56814
1.54357
1.51926
1.49545
1.47194
1.44896
1.42629
1.40419
1.3824
1.36119
1.34028
1.31995
1.29991
1.28044
1.26124
1.24261
1.22421
1.20638
1.18875
1.17168
1.15478
1.13844
1.12223
1.10657
1.09102
1.07601
1.06108
1.04669
1.03234
1.01853
1.00473
0.991479
0.9782
0.965477
0.952691
0.94047
0.928151
0.916407
0.904531
0.893241
0.881786
0.870928
0.859872
0.849428
0.838749
0.828702
0.81838
0.808713
0.798729
0.789427
0.779762
0.77081
0.761447
0.752833
0.743753
0.735465
0.726653
0.718678
0.710119
0.702447
0.694127
0.686747
0.678655
0.671557
0.66368
0.656854
0.649185
0.64262
0.63515
0.628838
0.621556
0.615491
0.608387
0.602565
0.595625
0.590046
0.583254
0.577918
0.571258
0.566166
0.559623
0.554773
0.548339
0.543716
0.537396
0.532981
0.526777
0.522566
0.516448
0.512463
0.506435
0.50259
0.496685
0.494043
0.485085
2.93722
3.13627
3.22785
3.55913
3.75112
4.25386
4.94847
6.0762
8.6
20.6338
2.63065
2.75283
2.819
3.01168
3.20662
3.50096
3.88534
4.54535
5.44681
11.8236
2.44738
2.51401
2.54699
2.67383
2.75881
3.00811
3.18588
3.66915
4.0641
7.16359
2.33251
2.36969
2.38593
2.46104
2.50495
2.65828
2.75916
3.0695
3.28592
4.81144
2.23732
2.25848
2.26751
2.3136
2.3385
2.42979
2.48793
2.67471
2.80101
3.58313
2.16542
2.17437
2.17845
2.20508
2.21944
2.27453
2.30824
2.41839
2.49181
2.90279
2.10869
2.10966
2.10965
2.12281
2.13011
2.16243
2.18182
2.24701
2.28931
2.51124
2.0648
2.05958
2.05657
2.06014
2.06239
2.07919
2.08939
2.12691
2.1508
2.27435
2.02995
2.02102
2.01389
2.01076
2.00971
2.01608
2.02014
2.03973
2.0523
2.12259
2.00193
1.9908
1.97994
1.97371
1.96721
1.96665
1.96662
1.97436
1.97967
2.02001
1.97928
1.96698
1.95288
1.94435
1.93402
1.92928
1.92362
1.92383
1.92438
1.94577
1.96201
1.94713
1.93231
1.92022
1.90863
1.89938
1.89107
1.88543
1.88078
1.89047
1.94786
1.93171
1.91519
1.9019
1.88734
1.87711
1.86408
1.85742
1.84516
1.84891
1.93614
1.91996
1.90109
1.88772
1.87018
1.8595
1.84305
1.83491
1.81732
1.81677
1.92676
1.91104
1.88992
1.87674
1.85672
1.84566
1.8266
1.81728
1.79837
1.79187
1.91967
1.90419
1.88159
1.86816
1.84679
1.83474
1.8145
1.80332
1.78432
1.77342
1.91473
1.89822
1.87583
1.8608
1.83991
1.82568
1.80605
1.79214
1.77362
1.75984
1.91126
1.89298
1.87151
1.85452
1.83447
1.8182
1.79915
1.78322
1.76485
1.74909
1.9094
1.89001
1.86874
1.85057
1.83058
1.81313
1.79395
1.77685
1.75813
1.74119
1.90027
1.87849
1.85639
1.83596
1.81498
1.79548
1.77519
1.7563
1.7364
1.71787
3.02019
3.31611
3.85095
4.69082
6.19545
9.34532
18.5773
71.1086
468.006
796.5
3.02396
3.31372
3.88825
4.74345
6.36075
9.88588
20.6215
76.2655
487.509
776.713
3.02453
3.3078
3.89177
4.81092
6.43783
9.8574
20.2903
77.2879
505.427
763.086
3.03143
3.31505
3.90427
4.91825
6.79872
10.7563
23.3562
84.2268
521.863
735.345
3.02677
3.30718
3.89222
4.91991
6.78918
10.7605
22.8593
86.661
532.317
714.74
3.07106
3.3732
3.9911
5.14162
7.3522
12.2163
27.6966
95.9724
547.71
679.156
3.07263
3.38016
3.99659
5.15343
7.38792
12.2879
27.4196
101.675
544.001
649.083
3.16158
3.50492
4.20435
5.55239
8.23803
14.4248
33.6173
113.732
560.634
615.898
3.18641
3.53991
4.25806
5.63467
8.33706
14.8326
36.1464
134.723
556.36
589.179
3.34013
3.75433
4.64444
6.36504
9.82819
18.3284
45.4999
164.176
542.677
557.508
3.16076
3.33705
3.89733
4.65279
7.4383
10.1772
11.9214
88.037
401.122
962.019
3.18571
3.36684
3.91074
4.51808
5.34299
10.9696
14.3352
69.2316
364.676
923.304
3.15252
3.38897
3.91352
4.42691
5.24028
9.51507
14.992
67.9047
373.817
932.187
3.12331
3.40874
3.93954
4.44567
5.42827
8.75468
15.5503
66.7631
383.785
959.808
3.10907
3.40293
3.90273
4.52416
5.64883
8.59439
16.2248
65.7345
388.784
950.988
3.0893
3.38962
3.86701
4.57776
5.81331
8.65677
16.7405
65.6451
407.991
921.282
3.06892
3.3746
3.84561
4.60137
5.91263
8.75618
17.0019
65.3064
409.292
880.231
3.04418
3.35422
3.83035
4.62018
5.98655
8.846
17.4243
67.5328
424.207
858.622
3.01447
3.324
3.81959
4.61683
6.05584
9.05159
17.5827
66.4256
433.218
832.562
3.00291
3.29952
3.84033
4.63393
6.08275
9.24377
18.8461
71.5454
450.404
810.948
790.23
593.251
459.984
366.079
297.66
246.4
207.079
176.303
151.793
131.974
115.734
102.27
90.9883
81.447
73.308
66.3128
60.2577
54.9838
50.3624
46.2921
42.6883
39.4839
36.6215
34.0554
31.7455
29.6599
27.7699
26.0528
24.4873
23.0573
21.7466
20.5434
19.4354
18.4139
17.4691
16.5946
15.7826
15.0284
14.3257
13.6708
13.0586
12.4865
11.95
11.4473
10.9746
10.5306
10.112
9.71795
9.34552
8.99424
8.66146
8.34701
8.04845
7.76587
7.49698
7.24213
6.99911
6.76849
6.54812
6.33876
6.13829
5.94767
5.76476
5.59071
5.42337
5.26402
5.11052
4.96426
4.82312
4.68855
4.5585
4.43438
4.31433
4.1996
4.08861
3.98234
3.87957
3.781
3.68574
3.59422
3.50589
3.4209
3.33903
3.26019
3.18448
3.11164
3.04199
2.97527
2.91177
2.85188
2.79485
2.74387
2.69761
2.65745
2.62687
2.60911
2.60529
2.67646
2.78293
2.9167
790.14
593.09
459.8
365.895
297.485
246.237
206.929
176.167
151.668
131.861
115.631
102.175
90.9015
81.3671
73.2345
66.2449
60.1949
54.9254
50.3082
46.2416
42.6412
39.4397
36.5802
34.0165
31.709
29.6255
27.7374
26.0221
24.4583
23.0297
21.7205
20.5186
19.4119
18.3914
17.4477
16.5741
15.7631
15.0097
14.3078
13.6537
13.0422
12.4707
11.9349
11.4328
10.9606
10.5172
10.0991
9.70548
9.33353
8.98265
8.65031
8.3362
8.03804
7.75577
7.48726
7.23267
6.99001
6.75962
6.53957
6.33042
6.13025
5.93982
5.75719
5.58332
5.41623
5.25704
5.10378
4.95766
4.81675
4.6823
4.55246
4.42847
4.3086
4.194
4.08316
3.97703
3.8744
3.77597
3.68082
3.58947
3.50116
3.41644
3.33447
3.25602
3.1801
3.10773
3.03779
2.97158
2.90786
2.84825
2.79136
2.74033
2.694
2.65615
2.62426
2.60674
2.60652
2.6777
2.72736
3.09172
789.959
592.767
459.435
365.529
297.137
245.914
206.632
175.895
151.421
131.635
115.425
101.987
90.7287
81.2083
73.0883
66.1098
60.0699
54.8094
50.2005
46.141
42.5474
39.3519
36.4979
33.9392
31.6364
29.557
27.6729
25.961
24.4006
22.9749
21.6686
20.4692
19.365
18.3467
17.4052
16.5334
15.7244
14.9726
14.2724
13.6196
13.0097
12.4394
11.9049
11.4039
10.933
10.4904
10.0734
9.68069
9.30973
8.95959
8.62815
8.3147
8.01737
7.73567
7.46794
7.21386
6.97191
6.74197
6.5226
6.31384
6.1143
5.92421
5.74218
5.5686
5.40208
5.24315
5.09042
4.94454
4.80412
4.66991
4.5405
4.41676
4.29726
4.18294
4.07239
3.9666
3.86416
3.76613
3.6711
3.58019
3.49197
3.40769
3.3258
3.24781
3.17193
3.10007
3.03016
2.96453
2.90087
2.84209
2.78551
2.73527
2.68907
2.65179
2.62123
2.60508
2.60615
2.66904
2.75914
2.97558
789.688
592.287
458.89
364.984
296.618
245.432
206.19
175.491
151.053
131.299
115.118
101.706
90.4718
80.9721
72.8708
65.9089
59.8841
54.6369
50.0402
45.9916
42.408
39.2214
36.3757
33.8244
31.5285
29.4552
27.577
25.8702
24.3148
22.8935
21.5915
20.3958
19.2953
18.2802
17.342
16.473
15.6668
14.9174
14.2197
13.5691
12.9613
12.3929
11.8604
11.361
10.8918
10.4507
10.0353
9.64387
9.27434
8.92535
8.59521
8.28278
7.98664
7.70586
7.4392
7.18595
6.94499
6.71579
6.49733
6.28924
6.09054
5.90107
5.71981
5.54678
5.38097
5.22256
5.07048
4.92508
4.78525
4.65149
4.52263
4.39932
4.28031
4.16641
4.05629
3.95092
3.84885
3.75126
3.65652
3.56609
3.47808
3.39431
3.31258
3.23512
3.15936
3.08807
3.01821
2.95325
2.88954
2.8316
2.77486
2.7257
2.67926
2.64323
2.61249
2.59854
2.60536
2.64296
2.73922
2.94477
789.331
591.652
458.171
364.264
295.934
244.797
205.607
174.959
150.567
130.857
114.715
101.337
90.1333
80.661
72.5844
65.6444
59.6394
54.4099
49.8292
45.7949
42.2245
39.0496
36.2148
33.6732
31.3864
29.3213
27.4507
25.7508
24.2019
22.7865
21.4901
20.2994
19.2037
18.1929
17.2588
16.3936
15.591
14.8449
14.1504
13.5026
12.8977
12.3318
11.8018
11.3046
10.8377
10.3986
9.98522
9.59548
9.2278
8.88035
8.55188
8.24084
7.94622
7.66669
7.40141
7.14929
6.90959
6.68142
6.46411
6.25696
6.05932
5.8707
5.69041
5.51818
5.35326
5.19558
5.04432
4.89961
4.76054
4.62743
4.49925
4.37658
4.25819
4.14491
4.03535
3.9306
3.82903
3.73207
3.63779
3.548
3.46041
3.37731
3.29596
3.21921
3.1438
3.07329
3.00375
2.93968
2.8763
2.81941
2.7631
2.71512
2.66895
2.6344
2.60408
2.59222
2.59796
2.64384
2.71992
2.93592
788.889
590.867
457.283
363.376
295.09
244.013
204.889
174.303
149.97
130.312
114.217
100.882
89.7167
80.2782
72.232
65.319
59.3384
54.1306
49.5697
45.5531
41.9988
38.8384
36.017
33.4874
31.2117
29.1567
27.2955
25.6041
24.0632
22.6549
21.3653
20.1808
19.091
18.0855
17.1566
16.2959
15.4979
14.7557
14.0652
13.4209
12.8195
12.2567
11.7298
11.2353
10.7712
10.3345
9.92364
9.53603
9.17062
8.82507
8.49865
8.18932
7.89655
7.61856
7.35497
7.10424
6.86607
6.63917
6.42326
6.21726
6.0209
5.83332
5.65422
5.48294
5.31911
5.16231
5.01205
4.86815
4.72998
4.59764
4.47028
4.34833
4.23068
4.11809
4.00919
3.90511
3.80412
3.70781
3.61402
3.52488
3.4377
3.35526
3.27422
3.19818
3.12296
3.05323
2.98375
2.92055
2.8571
2.8012
2.74469
2.69792
2.65132
2.61831
2.5874
2.57761
2.5899
2.61729
2.72638
2.90823
788.366
589.939
456.233
362.327
294.094
243.089
204.041
173.529
149.265
129.67
113.632
100.347
89.226
79.8275
71.8172
64.936
58.9842
53.802
49.2644
45.2686
41.7333
38.5901
35.7844
33.2689
31.0064
28.9632
27.113
25.4316
23.9001
22.5003
21.2188
20.0415
18.9586
17.9594
17.0365
16.1813
15.3884
14.6511
13.9651
13.325
12.7277
12.1685
11.6453
11.154
10.6931
10.2593
9.85132
9.46628
9.10347
8.76023
8.43616
8.1289
7.83826
7.56214
7.30048
7.05145
6.81506
6.58969
6.3754
6.17081
5.97594
5.78965
5.61193
5.44183
5.27928
5.12356
4.97449
4.83161
4.69455
4.56317
4.43685
4.31581
4.19914
4.08743
3.97946
3.87624
3.77614
3.68069
3.58778
3.49951
3.41319
3.33167
3.25151
3.17644
3.10215
3.0335
2.96502
2.90307
2.84074
2.78637
2.7312
2.68639
2.64097
2.60988
2.57991
2.57218
2.57946
2.62326
2.70189
2.89862
787.764
588.874
455.029
361.125
292.953
242.032
203.072
172.646
148.46
128.936
112.963
99.7354
88.6662
79.3134
71.344
64.4993
58.5803
53.4274
48.9163
44.9444
41.4308
38.3071
35.5193
33.02
30.7724
28.7427
26.9052
25.2352
23.7143
22.3243
21.0518
19.8829
18.8079
17.8158
16.8997
16.0507
15.2638
14.5319
13.8512
13.2158
12.6231
12.0681
11.549
11.0614
10.6042
10.1736
9.76896
9.38683
9.02699
8.68634
8.36495
8.06002
7.77181
7.49778
7.23834
6.99119
6.75682
6.53315
6.32071
6.11765
5.92448
5.73957
5.5634
5.39456
5.23343
5.07887
4.93109
4.78926
4.65337
4.52295
4.39769
4.27753
4.16179
4.05091
3.94373
3.84128
3.74184
3.6471
3.55469
3.46709
3.38109
3.3002
3.22013
3.14567
3.07118
3.00311
2.9341
2.87273
2.80943
2.75569
2.69903
2.65504
2.60817
2.57944
2.54858
2.54612
2.56056
2.58869
2.68888
2.86753
787.088
587.679
453.681
359.781
291.679
240.851
201.99
171.659
147.562
128.119
112.217
99.0541
88.0423
78.7406
70.8169
64.0129
58.1304
53.0104
48.5288
44.5834
41.094
37.9921
35.2242
32.7431
30.5121
28.4975
26.6739
25.0167
23.5077
22.1285
20.8662
19.7065
18.6402
17.6562
16.7476
15.9056
15.1253
14.3994
13.7246
13.0945
12.5069
11.9566
11.442
10.9586
10.5055
10.0786
9.67756
9.29874
8.94215
8.60447
8.28603
7.98376
7.69822
7.4266
7.1696
6.92463
6.69249
6.47081
6.26042
6.05918
5.86791
5.68469
5.51027
5.343
5.18352
5.03043
4.8842
4.74378
4.60937
4.48031
4.35648
4.23766
4.12333
4.0138
3.90805
3.80699
3.70902
3.61578
3.52493
3.43898
3.35469
3.27567
3.19753
3.12526
3.05302
2.98727
2.92057
2.86163
2.80069
2.74942
2.69509
2.65346
2.60819
2.58072
2.55004
2.54741
2.5619
2.58991
2.68692
2.84765
786.343
586.364
452.198
358.303
290.279
239.555
200.803
170.577
146.578
127.223
111.401
98.3084
87.3598
78.1142
70.2406
63.4813
57.6389
52.5548
48.1056
44.1894
40.7264
37.6484
34.9023
32.4409
30.228
28.23
26.4216
24.7783
23.2822
21.9148
20.6635
19.514
18.4572
17.4818
16.5815
15.747
14.9739
14.2545
13.5859
12.9616
12.3795
11.8342
11.3245
10.8456
10.3967
9.97382
9.57661
9.20133
8.84815
8.51363
8.19823
7.8988
7.61599
7.3469
7.09234
6.84965
6.6197
6.40005
6.19164
5.99221
5.80271
5.6211
5.44827
5.28243
5.12435
4.9725
4.82753
4.68817
4.55487
4.42671
4.30386
4.18578
4.0723
3.96335
3.85832
3.75769
3.66033
3.56737
3.47702
3.39114
3.30718
3.228
3.15004
3.0774
3.00524
2.93955
2.87363
2.81552
2.75649
2.70725
2.65666
2.61881
2.58003
2.55759
2.53611
2.53827
2.5578
2.59127
2.69409
2.84943
785.889
585.616
451.372
357.489
289.513
238.85
200.162
169.995
146.05
126.744
110.965
97.9117
86.9974
77.7823
69.9359
63.2008
57.3801
52.3152
47.8835
43.9828
40.534
37.4688
34.7344
32.2836
30.0804
28.0912
26.291
24.6551
23.1659
21.8048
20.5595
19.4153
18.3636
17.3929
16.497
15.6666
14.8974
14.1816
13.5164
12.8952
12.3162
11.7737
11.2667
10.7902
10.3439
9.92314
9.52816
9.15486
8.80371
8.47099
8.15745
7.85966
7.57856
7.31098
7.05802
6.81672
6.58826
6.36991
6.16288
5.96467
5.77648
5.59602
5.42443
5.25968
5.10277
4.95198
4.80811
4.66977
4.5375
4.4103
4.28837
4.17119
4.05854
3.95041
3.84609
3.74619
3.64938
3.55703
3.46702
3.38172
3.29801
3.21933
3.14148
3.06917
2.99691
2.93094
2.8643
2.80505
2.74452
2.69302
2.64
2.59856
2.55623
2.53004
2.50721
2.50894
2.5265
2.56079
2.6231
2.82081
785.888
585.616
451.372
357.489
289.513
238.851
200.162
169.995
146.05
126.744
110.965
97.9115
86.9972
77.7822
69.9356
63.2006
57.3797
52.3149
47.8831
43.9825
40.5336
37.4684
34.734
32.2832
30.0799
28.0908
26.2905
24.6546
23.1654
21.8044
20.5589
19.4148
18.3631
17.3924
16.4964
15.6661
14.8968
14.181
13.5157
12.8946
12.3155
11.7731
11.266
10.7895
10.3431
9.92242
9.52733
9.1541
8.80284
8.47019
8.15654
7.85882
7.57761
7.31011
7.05703
6.81581
6.58723
6.36898
6.16184
5.96374
5.77544
5.59511
5.42342
5.25881
5.10184
4.95121
4.8073
4.66915
4.5369
4.40993
4.28811
4.17123
4.05877
3.951
3.84699
3.74753
3.65117
3.55932
3.46994
3.38513
3.30218
3.22395
3.147
3.07501
3.00377
2.93784
2.87223
2.81236
2.75263
2.69917
2.64626
2.60032
2.55667
2.5209
2.49244
2.47308
2.47793
2.49393
2.54563
2.68681
785.888
585.616
451.372
357.489
289.513
238.851
200.162
169.995
146.05
126.744
110.965
97.9118
86.9974
77.7824
69.9358
63.2008
57.3799
52.3152
47.8833
43.9828
40.5338
37.4688
34.7341
32.2835
30.0801
28.0911
26.2907
24.655
23.1656
21.8047
20.5592
19.4152
18.3633
17.3928
16.4967
15.6665
14.897
14.1815
13.516
12.8951
12.3158
11.7735
11.2663
10.79
10.3434
9.92292
9.52766
9.15461
8.80317
8.47071
8.15688
7.85934
7.57795
7.31063
7.05737
6.81633
6.58756
6.36948
6.16215
5.96421
5.77572
5.59553
5.42366
5.25917
5.10201
4.95148
4.80739
4.6693
4.53688
4.40993
4.28795
4.17102
4.05843
3.95054
3.84644
3.74677
3.6504
3.55822
3.46894
3.38367
3.30097
3.2221
3.14564
3.0728
3.00237
2.93528
2.87097
2.80948
2.7517
2.69586
2.6456
2.59593
2.55511
2.51323
2.48441
2.4564
2.44514
2.4465
2.48319
2.55632
785.888
585.616
451.372
357.489
289.513
238.851
200.162
169.995
146.05
126.744
110.965
97.912
86.9975
77.7827
69.936
63.2012
57.3801
52.3156
47.8835
43.9832
40.5341
37.4692
34.7344
32.2839
30.0804
28.0915
26.291
24.6554
23.1659
21.8052
20.5595
19.4157
18.3637
17.3934
16.4971
15.6671
14.8975
14.1821
13.5165
12.8957
12.3163
11.7742
11.2668
10.7907
10.3439
9.92366
9.52824
9.15539
8.80379
8.47154
8.15755
7.86022
7.57867
7.31156
7.05814
6.81731
6.5884
6.37052
6.16307
5.96531
5.77672
5.5967
5.42475
5.26041
5.1032
4.95279
4.80869
4.67069
4.53828
4.41138
4.28946
4.17254
4.06005
3.95213
3.84818
3.74841
3.65224
3.55991
3.47086
3.38536
3.30291
3.22375
3.14749
3.07432
3.00396
2.93658
2.87197
2.81044
2.75157
2.69646
2.64341
2.5957
2.54897
2.51147
2.47178
2.44767
2.42112
2.4157
2.42441
2.47311
785.888
585.616
451.372
357.49
289.513
238.851
200.162
169.996
146.05
126.744
110.966
97.9123
86.9977
77.783
69.9362
63.2015
57.3804
52.3159
47.8838
43.9836
40.5344
37.4695
34.7347
32.2843
30.0808
28.092
26.2914
24.6559
23.1663
21.8057
20.5599
19.4162
18.3641
17.3939
16.4976
15.6676
14.898
14.1827
13.517
12.8963
12.3168
11.7748
11.2674
10.7914
10.3446
9.92435
9.52892
9.15611
8.80452
8.4723
8.15832
7.86101
7.57949
7.3124
7.05901
6.81819
6.58933
6.37145
6.16405
5.9663
5.77776
5.59775
5.42586
5.26152
5.10438
4.95397
4.80994
4.67194
4.53961
4.41272
4.29087
4.17397
4.06155
3.95366
3.84976
3.75005
3.65388
3.56165
3.47255
3.38721
3.30463
3.22568
3.14918
3.07626
3.00552
2.9384
2.87325
2.81183
2.75231
2.69667
2.64321
2.59384
2.54755
2.5046
2.46869
2.43248
2.41082
2.38592
2.3855
2.40985
785.888
585.616
451.372
357.49
289.513
238.851
200.162
169.996
146.05
126.745
110.966
97.9125
86.9979
77.7833
69.9364
63.2018
57.3806
52.3162
47.8841
43.9839
40.5347
37.4699
34.7351
32.2847
30.0812
28.0924
26.2918
24.6564
23.1668
21.8062
20.5604
19.4168
18.3646
17.3944
16.4981
15.6682
14.8985
14.1833
13.5176
12.8969
12.3174
11.7755
11.268
10.7921
10.3453
9.92509
9.52964
9.1569
8.80529
8.47313
8.15913
7.86189
7.58036
7.31333
7.05994
6.81918
6.59032
6.3725
6.16511
5.96742
5.7789
5.59894
5.42708
5.26279
5.10569
4.95532
4.81135
4.67339
4.54114
4.41427
4.29253
4.17562
4.06334
3.95542
3.85171
3.75191
3.656
3.5636
3.47484
3.38921
3.30708
3.22769
3.15178
3.07817
3.0082
2.94003
2.87585
2.8129
2.75452
2.69664
2.64463
2.59156
2.5467
2.49927
2.46224
2.42363
2.39434
2.37004
2.35001
2.36282
785.888
585.616
451.372
357.49
289.513
238.851
200.162
169.996
146.051
126.745
110.966
97.9128
86.9982
77.7835
69.9367
63.2021
57.3809
52.3166
47.8844
43.9843
40.5351
37.4703
34.7355
32.2852
30.0816
28.0929
26.2922
24.6568
23.1672
21.8067
20.5609
19.4173
18.3652
17.395
16.4986
15.6688
14.8991
14.1839
13.5182
12.8976
12.3181
11.7762
11.2687
10.7928
10.346
9.92585
9.53041
9.1577
8.8061
8.47397
8.16
7.86279
7.58128
7.31427
7.06093
6.82017
6.59137
6.37355
6.16624
5.96852
5.78011
5.6001
5.42838
5.26402
5.10709
4.95662
4.81286
4.67475
4.54277
4.41571
4.29429
4.17713
4.06524
3.957
3.85375
3.75357
3.6582
3.56534
3.47719
3.39103
3.30954
3.22957
3.15429
3.08009
3.01062
2.94196
2.87794
2.81473
2.75583
2.69822
2.64396
2.59292
2.54258
2.50005
2.45273
2.42068
2.3773
2.3587
2.32152
2.32503
785.888
585.616
451.372
357.49
289.514
238.851
200.162
169.996
146.051
126.745
110.966
97.913
86.9984
77.7838
69.937
63.2024
57.3813
52.3169
47.8848
43.9846
40.5355
37.4707
34.7359
32.2856
30.082
28.0933
26.2927
24.6573
23.1678
21.8072
20.5614
19.4178
18.3657
17.3955
16.4993
15.6693
14.8997
14.1845
13.5189
12.8982
12.3188
11.7768
11.2695
10.7935
10.3468
9.92658
9.53127
9.15848
8.80702
8.4748
8.16097
7.86366
7.5823
7.3152
7.06201
6.82117
6.59252
6.37461
6.16746
5.96966
5.7814
5.60132
5.42974
5.26533
5.10854
4.95804
4.81439
4.67629
4.54438
4.41737
4.29599
4.17895
4.06702
3.95899
3.85559
3.75576
3.66007
3.56776
3.47905
3.3937
3.31134
3.23252
3.1559
3.08335
3.0119
2.94548
2.87864
2.8184
2.7556
2.70187
2.64237
2.59569
2.53917
2.50012
2.4467
2.41604
2.36687
2.34565
2.30127
2.29658
785.888
585.616
451.372
357.49
289.514
238.851
200.162
169.996
146.051
126.745
110.966
97.9132
86.9987
77.7841
69.9374
63.2027
57.3817
52.3172
47.8852
43.985
40.5359
37.4711
34.7364
32.286
30.0825
28.0937
26.2933
24.6577
23.1683
21.8077
20.562
19.4183
18.3664
17.3961
16.4999
15.6699
14.9004
14.1851
13.5196
12.8988
12.3196
11.7775
11.2703
10.7943
10.3476
9.92738
9.53213
9.15933
8.80792
8.4757
8.16191
7.86463
7.58329
7.31625
7.06305
6.82229
6.59361
6.37582
6.1686
5.97097
5.78259
5.60274
5.43099
5.26688
5.10983
4.95972
4.81574
4.67812
4.54577
4.41939
4.29742
4.18116
4.06848
3.96143
3.85707
3.75844
3.66155
3.5707
3.48051
3.39692
3.31273
3.23601
3.15718
3.08705
3.01298
2.94928
2.87941
2.82208
2.75588
2.70498
2.642
2.59762
2.53761
2.49974
2.44301
2.41189
2.35913
2.33554
2.28708
2.27522
785.888
585.616
451.372
357.49
289.514
238.852
200.162
169.996
146.051
126.745
110.967
97.9135
86.999
77.7844
69.9376
63.203
57.382
52.3176
47.8856
43.9854
40.5363
37.4715
34.7368
32.2865
30.083
28.0942
26.2937
24.6583
23.1688
21.8082
20.5625
19.4189
18.3669
17.3967
16.5005
15.6706
14.901
14.1858
13.5202
12.8996
12.3202
11.7784
11.271
10.7951
10.3484
9.92831
9.5329
9.16033
8.80872
8.47677
8.16276
7.86578
7.58418
7.31747
7.06398
6.82361
6.59458
6.37724
6.16961
5.9725
5.78365
5.60439
5.4321
5.26866
5.11099
4.96165
4.81694
4.68022
4.54703
4.42166
4.29873
4.18362
4.06984
3.9641
3.85848
3.76132
3.66302
3.57379
3.48202
3.40021
3.31428
3.23947
3.15875
3.0906
3.01453
2.95278
2.88085
2.8253
2.75707
2.70743
2.64268
2.59877
2.5373
2.49913
2.44083
2.40815
2.35381
2.32684
2.27785
2.25739
785.888
585.616
451.372
357.49
289.514
238.852
200.162
169.997
146.051
126.746
110.967
97.9138
86.9992
77.7848
69.9379
63.2035
57.3823
52.3181
47.8859
43.9859
40.5366
37.4721
34.7372
32.287
30.0834
28.0948
26.2941
24.6589
23.1693
21.8089
20.563
19.4196
18.3674
17.3975
16.501
15.6714
14.9016
14.1866
13.5208
12.9005
12.3209
11.7793
11.2716
10.7961
10.349
9.92935
9.53362
9.16143
8.80948
8.47794
8.16356
7.86702
7.58502
7.3188
7.06487
6.82502
6.59552
6.37875
6.17061
5.97411
5.78471
5.60612
5.43321
5.27051
5.11217
4.96363
4.8182
4.68235
4.54837
4.42393
4.30016
4.18606
4.07137
3.96669
3.86012
3.76407
3.66478
3.57669
3.48391
3.40323
3.31631
3.24256
3.1609
3.09368
3.01679
2.95572
2.88315
2.82789
2.75927
2.70943
2.6445
2.59961
2.5383
2.49784
2.44043
2.40427
2.35096
2.31894
2.27091
2.24392
785.888
585.617
451.372
357.49
289.514
238.852
200.163
169.997
146.051
126.746
110.967
97.9142
86.9994
77.7852
69.9381
63.2039
57.3825
52.3186
47.8862
43.9864
40.537
37.4726
34.7375
32.2876
30.0837
28.0955
26.2945
24.6596
23.1697
21.8096
20.5635
19.4204
18.3679
17.3983
16.5015
15.6722
14.9021
14.1875
13.5214
12.9014
12.3215
11.7802
11.2723
10.7971
10.3497
9.93042
9.53437
9.16256
8.81027
8.47914
8.1644
7.86828
7.58592
7.32014
7.06582
6.82644
6.59654
6.38025
6.17169
5.97571
5.78587
5.60781
5.43446
5.2723
5.11352
4.96554
4.81965
4.68436
4.54994
4.42607
4.30186
4.18831
4.07322
3.96905
3.86214
3.76655
3.66697
3.57926
3.4863
3.40587
3.3189
3.24521
3.1637
3.09628
3.01976
2.95814
2.88624
2.82995
2.76233
2.71089
2.64729
2.60016
2.5404
2.49705
2.44112
2.40107
2.34939
2.3127
2.26578
2.23335
785.888
585.617
451.372
357.49
289.514
238.852
200.163
169.997
146.052
126.746
110.967
97.9146
86.9996
77.7856
69.9384
63.2044
57.3828
52.319
47.8865
43.987
40.5373
37.4732
34.7379
32.2882
30.0842
28.0961
26.295
24.6602
23.1702
21.8103
20.564
19.4211
18.3684
17.399
16.5021
15.673
14.9027
14.1883
13.5221
12.9023
12.3222
11.7812
11.273
10.7981
10.3505
9.93145
9.5352
9.16363
8.81116
8.48027
8.16534
7.86948
7.58693
7.3214
7.06691
6.82777
6.5977
6.38166
6.17295
5.97719
5.78722
5.60937
5.43592
5.27396
5.11509
4.96728
4.82136
4.68619
4.55179
4.42799
4.30387
4.19033
4.07541
3.97117
3.86452
3.76874
3.66957
3.58153
3.48913
3.40818
3.32196
3.24754
3.16699
3.09856
3.02323
2.96029
2.8898
2.83184
2.76584
2.71232
2.6505
2.60086
2.54294
2.49667
2.44252
2.39921
2.34874
2.30853
2.26209
2.22585
785.888
585.617
451.372
357.49
289.514
238.852
200.163
169.997
146.052
126.747
110.967
97.9149
86.9999
77.786
69.9387
63.2048
57.3832
52.3195
47.8869
43.9874
40.5377
37.4737
34.7384
32.2887
30.0847
28.0967
26.2955
24.6609
23.1707
21.8109
20.5646
19.4218
18.3691
17.3997
16.5028
15.6738
14.9035
14.1891
13.5228
12.9031
12.323
11.782
11.2739
10.799
10.3514
9.9324
9.53615
9.16463
8.81217
8.48132
8.16643
7.87059
7.58809
7.32256
7.06814
6.829
6.59903
6.38295
6.17437
5.97855
5.78875
5.61081
5.43757
5.27547
5.11688
4.96887
4.82328
4.68788
4.55388
4.42976
4.30613
4.19219
4.07786
3.97312
3.86717
3.77078
3.67244
3.58365
3.49222
3.41038
3.32527
3.24979
3.17048
3.10082
3.02688
2.9625
2.8935
2.8339
2.76944
2.71408
2.65376
2.60212
2.54553
2.49712
2.4439
2.39848
2.34849
2.30608
2.25947
2.22081
785.888
585.617
451.372
357.491
289.514
238.852
200.163
169.998
146.052
126.747
110.968
97.9152
87.0002
77.7863
69.9391
63.2051
57.3836
52.3199
47.8873
43.9879
40.5382
37.4742
34.7389
32.2892
30.0852
28.0972
26.2961
24.6614
23.1714
21.8115
20.5652
19.4224
18.3698
17.4004
16.5035
15.6744
14.9042
14.1898
13.5236
12.9039
12.3238
11.7828
11.2748
10.7998
10.3524
9.93328
9.53719
9.16557
8.81329
8.48231
8.16761
7.87163
7.58935
7.32366
7.06949
6.83016
6.60047
6.38418
6.17591
5.97985
5.79041
5.61218
5.43935
5.27692
5.11879
4.97041
4.82534
4.6895
4.55609
4.43148
4.30851
4.19401
4.08042
3.97505
3.86993
3.77282
3.67539
3.5858
3.49537
3.41264
3.32861
3.25215
3.17399
3.10325
3.03049
2.96497
2.89714
2.83632
2.77296
2.71633
2.65695
2.60401
2.5481
2.49839
2.44546
2.39876
2.34868
2.30493
2.25775
2.21762
785.888
585.617
451.372
357.491
289.514
238.853
200.163
169.998
146.052
126.747
110.968
97.9154
87.0006
77.7866
69.9395
63.2055
57.384
52.3202
47.8878
43.9883
40.5387
37.4746
34.7395
32.2897
30.0858
28.0977
26.2967
24.6619
23.172
21.8121
20.5659
19.423
18.3705
17.401
16.5043
15.6751
14.9051
14.1905
13.5245
12.9046
12.3248
11.7836
11.2758
10.8007
10.3534
9.93415
9.53829
9.16649
8.81445
8.48328
8.16884
7.87265
7.59066
7.32475
7.07089
6.83131
6.60196
6.3854
6.1775
5.98114
5.7921
5.61356
5.44116
5.27839
5.12073
4.97197
4.82742
4.69117
4.55831
4.43326
4.31089
4.19591
4.08297
3.97708
3.87265
3.775
3.67828
3.58812
3.49844
3.41511
3.33184
3.25476
3.17736
3.10599
3.03395
2.96779
2.90061
2.83916
2.77632
2.71909
2.66004
2.6065
2.55069
2.50039
2.44734
2.39992
2.34928
2.30492
2.25702
2.21598
785.888
585.617
451.372
357.491
289.514
238.853
200.163
169.998
146.052
126.747
110.968
97.9157
87.001
77.7869
69.9399
63.2058
57.3845
52.3206
47.8883
43.9887
40.5393
37.475
34.74
32.2902
30.0864
28.0982
26.2974
24.6625
23.1727
21.8127
20.5667
19.4236
18.3713
17.4016
16.5051
15.6758
14.9059
14.1913
13.5254
12.9054
12.3257
11.7844
11.2768
10.8015
10.3545
9.93503
9.5394
9.16742
8.81562
8.48427
8.17009
7.8737
7.59198
7.32586
7.07229
6.83249
6.60345
6.38665
6.17909
5.98248
5.79379
5.61499
5.44296
5.27991
5.12265
4.9736
4.82947
4.69291
4.5605
4.43513
4.31323
4.19792
4.08546
3.97923
3.8753
3.77731
3.68111
3.5906
3.50142
3.41775
3.33499
3.25757
3.18064
3.10896
3.03734
2.97088
2.90404
2.84231
2.7797
2.72217
2.66323
2.60938
2.55353
2.50284
2.4496
2.40171
2.35083
2.30558
2.25724
2.21532
785.888
585.617
451.372
357.491
289.514
238.853
200.164
169.998
146.053
126.748
110.969
97.9159
87.0013
77.7872
69.9403
63.2061
57.385
52.321
47.8888
43.9891
40.5398
37.4755
34.7406
32.2907
30.087
28.0987
26.298
24.663
23.1734
21.8132
20.5674
19.4242
18.372
17.4023
16.5059
15.6765
14.9067
14.192
13.5263
12.9061
12.3266
11.7852
11.2777
10.8024
10.3555
9.93595
9.54048
9.16839
8.81676
8.4853
8.17129
7.8748
7.59326
7.32703
7.07364
6.83373
6.60489
6.38798
6.18062
5.9839
5.79542
5.6165
5.44469
5.28153
5.12449
4.97533
4.83142
4.69477
4.56259
4.43713
4.31545
4.20006
4.08782
3.98153
3.87782
3.77978
3.68378
3.59325
3.50426
3.42059
3.33798
3.26059
3.18379
3.11215
3.04061
2.9742
2.90739
2.8457
2.78307
2.72554
2.66651
2.61256
2.55658
2.50563
2.45222
2.40387
2.35278
2.30691
2.25832
2.21538
785.888
585.617
451.372
357.491
289.514
238.853
200.164
169.998
146.053
126.748
110.969
97.9162
87.0017
77.7875
69.9407
63.2065
57.3854
52.3214
47.8893
43.9895
40.5403
37.4759
34.7411
32.2912
30.0876
28.0992
26.2986
24.6636
23.174
21.8138
20.568
19.4248
18.3727
17.403
16.5066
15.6772
14.9075
14.1927
13.5271
12.9069
12.3275
11.7861
11.2786
10.8033
10.3565
9.93689
9.5415
9.16938
8.81784
8.48634
8.17244
7.8759
7.59447
7.3282
7.07492
6.83497
6.60624
6.38929
6.18205
5.98529
5.79694
5.61798
5.4463
5.2831
5.1262
4.977
4.83324
4.69654
4.56452
4.43901
4.31751
4.20207
4.09003
3.98369
3.88019
3.78209
3.68632
3.59572
3.50698
3.42322
3.34088
3.26339
3.18687
3.11509
3.04388
2.97729
2.91084
2.84891
2.78669
2.72884
2.67026
2.61589
2.56038
2.50891
2.45598
2.40696
2.35634
2.30966
2.26145
2.21729
785.888
585.617
451.372
357.491
289.515
238.853
200.164
169.998
146.053
126.748
110.969
97.9165
87.002
77.7878
69.9411
63.2068
57.3858
52.3218
47.8897
43.9899
40.5408
37.4764
34.7416
32.2916
30.0881
28.0997
26.2991
24.6641
23.1746
21.8144
20.5686
19.4254
18.3733
17.4036
16.5073
15.6778
14.9082
14.1934
13.5278
12.9076
12.3282
11.7868
11.2794
10.804
10.3573
9.93766
9.54231
9.17018
8.81869
8.48718
8.17331
7.87677
7.59538
7.32909
7.07586
6.83589
6.6072
6.39022
6.18302
5.98623
5.79791
5.6189
5.44726
5.28399
5.12711
4.97783
4.83408
4.69728
4.56524
4.4396
4.31805
4.20245
4.09032
3.98376
3.88013
3.78177
3.68584
3.59492
3.506
3.42188
3.33934
3.26143
3.18471
3.11249
3.0411
2.97407
2.90751
2.84517
2.78296
2.72481
2.66643
2.61191
2.55685
2.50541
2.45316
2.40434
2.35456
2.30809
2.26071
2.21668
2.77979
2.76637
2.74752
2.72977
2.72105
2.72141
2.71396
2.76836
2.77923
2.89423
2.66016
2.62988
2.60107
2.57065
2.5477
2.53112
2.52384
2.54508
2.54647
2.60805
2.5212
2.49076
2.4633
2.4399
2.42278
2.41215
2.40368
2.41127
2.40909
2.43857
2.43429
2.41442
2.39269
2.3715
2.35271
2.33731
2.32649
2.31929
2.31564
2.32965
2.37529
2.35332
2.32875
2.30482
2.28266
2.26466
2.24971
2.23953
2.23414
2.23711
2.32812
2.30504
2.27953
2.25515
2.2324
2.21286
2.19608
2.18283
2.17324
2.16736
2.29073
2.26678
2.24009
2.21604
2.19152
2.17173
2.15195
2.13766
2.12364
2.11601
2.26151
2.23629
2.20995
2.18496
2.16043
2.13912
2.11843
2.10185
2.08606
2.07488
2.23862
2.21302
2.18628
2.1609
2.13595
2.11354
2.092
2.07353
2.05628
2.04236
2.22128
2.19521
2.1679
2.14223
2.11661
2.09351
2.07096
2.05131
2.03242
2.01683
2.20782
2.18129
2.15324
2.12749
2.10089
2.07769
2.0537
2.03381
2.01294
1.9968
2.19762
2.17012
2.14202
2.11544
2.0888
2.0646
2.04039
2.01924
1.99799
1.98005
2.18983
2.16179
2.13328
2.10621
2.07928
2.05437
2.02983
2.00771
1.98594
1.96683
2.18407
2.15582
2.12646
2.09939
2.07159
2.04672
2.02119
1.99903
1.976
1.95685
2.17994
2.15163
2.12123
2.09438
2.06553
2.04103
2.01424
1.99258
1.968
1.94939
2.17732
2.14896
2.11753
2.09097
2.06101
2.03698
2.00894
1.98787
1.96189
1.94379
2.1761
2.1473
2.11522
2.08843
2.05792
2.0337
2.00524
1.98386
1.9576
1.93891
2.17612
2.14636
2.11428
2.08654
2.05627
2.03102
2.00303
1.98041
1.95481
1.93462
2.17776
2.14713
2.11486
2.08639
2.05618
2.0302
2.00241
1.97897
1.95365
1.93248
2.1775
2.14601
2.11393
2.08428
2.05422
2.02657
1.99868
1.97314
1.94747
1.92395
)
;

boundaryField
{
    down
    {
        type            symmetryPlane;
    }
    right
    {
        type            inletOutlet;
        inletValue      uniform 1;
        value           nonuniform List<scalar> 
30
(
102.856
111.049
125.718
143.527
159.748
169.04
167.021
149.844
116.14
69.3536
25.4273
4.73497
1.07096
0.681081
0.613249
0.580731
0.556187
0.539477
0.528425
0.518947
0.51168
0.505985
0.501516
0.496649
0.493535
0.491698
0.489
0.487176
0.486358
0.485085
)
;
    }
    up
    {
        type            zeroGradient;
    }
    left
    {
        type            turbulentMixingLengthDissipationRateInlet;
        mixingLength    0.005;
        phi             phi;
        k               k;
        value           uniform 943.341;
    }
    cylinder
    {
        type            epsilonWallFunction;
        value           nonuniform List<scalar> 
40
(
416.03
281.135
344.819
384.97
413.704
441.33
461.979
487.866
507.762
536.793
2595.72
2491.76
2304.58
2082.24
1848.46
1645.89
1472.15
1386.99
1191.23
860.976
796.5
776.713
763.086
735.345
714.74
679.156
649.083
615.898
589.179
557.508
962.019
923.304
932.187
959.808
950.988
921.282
880.231
858.622
832.562
810.948
)
;
    }
    defaultFaces
    {
        type            empty;
    }
}


// ************************************************************************* //
