/*--------------------------------*- C++ -*----------------------------------*\
  =========                 |
  \\      /  F ield         | OpenFOAM: The Open Source CFD Toolbox
   \\    /   O peration     | Website:  https://openfoam.org
    \\  /    A nd           | Version:  8
     \\/     M anipulation  |
\*---------------------------------------------------------------------------*/
FoamFile
{
    version     2.0;
    format      ascii;
    class       volScalarField;
    location    "0.999962";
    object      alphat;
}
// * * * * * * * * * * * * * * * * * * * * * * * * * * * * * * * * * * * * * //

dimensions      [1 -1 -1 0 0 0 0];

internalField   nonuniform List<scalar> 
6800
(
0.0458449
0.0657014
0.06674
0.064842
0.0648874
0.0555901
0.0445498
0.0332189
0.0271141
0.0277022
0.0348519
0.0574276
0.0617682
0.0625008
0.0582411
0.0451902
0.0333769
0.028865
0.0266503
0.0225021
0.0350681
0.0553782
0.0612149
0.0582691
0.0478654
0.0353873
0.0298646
0.0263342
0.0205386
0.0185925
0.0354301
0.0545883
0.0582524
0.0536224
0.0404809
0.0330084
0.0272671
0.0220345
0.0191058
0.0178791
0.0351516
0.0536721
0.0567349
0.048526
0.0356769
0.0282226
0.022843
0.020555
0.0181696
0.0155136
0.0351194
0.0547091
0.0546499
0.0418515
0.0317521
0.0270135
0.0231288
0.0193794
0.0160523
0.0147066
0.0347527
0.0555986
0.0525638
0.0387955
0.0311791
0.0244046
0.019967
0.0168101
0.0153018
0.0143058
0.0346571
0.0573805
0.0490736
0.0335307
0.0267263
0.0233846
0.0191785
0.0170741
0.014579
0.0134647
0.0344391
0.0585931
0.0440944
0.0350757
0.0285375
0.021607
0.0175583
0.0153684
0.0138207
0.0132048
0.0345159
0.0598247
0.0418311
0.0305472
0.0232996
0.0209246
0.0171397
0.0152341
0.0136095
0.0126797
0.343426
0.487856
0.55794
0.582907
0.58592
0.593565
0.604967
0.618577
0.627714
0.631776
0.290361
0.448165
0.524788
0.556473
0.556962
0.560372
0.566221
0.570541
0.568513
0.565849
0.0457971
0.274558
0.448092
0.503559
0.508793
0.508696
0.505975
0.504332
0.503831
0.496428
0.0403248
0.203267
0.386715
0.44161
0.447245
0.437387
0.430073
0.419645
0.398769
0.357619
0.198157
0.25116
0.3537
0.376699
0.367811
0.355574
0.338346
0.300518
0.270087
0.207538
0.209311
0.25653
0.30884
0.30772
0.299823
0.268385
0.22759
0.172181
0.140008
0.100235
0.0442432
0.180109
0.249829
0.244987
0.208579
0.15498
0.115296
0.0890417
0.081363
0.0631078
0.0402284
0.157682
0.188225
0.155848
0.11259
0.0909967
0.0779692
0.065015
0.0621787
0.0503101
0.179795
0.164584
0.137588
0.0960021
0.0794356
0.0714984
0.063196
0.0564549
0.0541662
0.0392604
0.116457
0.0897827
0.0794593
0.0709839
0.0682891
0.0643936
0.0558065
0.0490544
0.0353194
0.0283853
0.634393
0.627917
0.617393
0.605881
0.59493
0.585042
0.576268
0.568823
0.562479
0.556958
0.552085
0.547752
0.54388
0.540405
0.537269
0.534421
0.531817
0.529419
0.527197
0.525124
0.523183
0.521359
0.519639
0.518022
0.516497
0.515048
0.513672
0.51237
0.511139
0.509968
0.508855
0.507803
0.506811
0.505877
0.504998
0.504171
0.50339
0.50265
0.501947
0.501275
0.500631
0.500014
0.499423
0.498857
0.498315
0.497797
0.497302
0.496828
0.496379
0.495954
0.495554
0.495178
0.494825
0.494497
0.494193
0.493912
0.493657
0.493426
0.493219
0.493038
0.492882
0.49275
0.492642
0.492556
0.492491
0.492444
0.492414
0.492398
0.492394
0.492397
0.492407
0.49242
0.492435
0.492449
0.492461
0.492471
0.492476
0.492478
0.492475
0.49247
0.49246
0.492451
0.492437
0.49243
0.492414
0.492415
0.4924
0.492418
0.492401
0.492447
0.492423
0.49251
0.492463
0.492606
0.492537
0.492733
0.492613
0.492929
0.492367
0.493715
0.568012
0.566784
0.560771
0.553679
0.546662
0.540085
0.534076
0.529025
0.524604
0.520714
0.517294
0.514286
0.511637
0.509301
0.50723
0.505378
0.503705
0.502176
0.500767
0.499459
0.498238
0.497096
0.496023
0.495029
0.494074
0.493138
0.492247
0.491418
0.490632
0.48987
0.489162
0.488518
0.487937
0.487414
0.486942
0.486515
0.486126
0.485765
0.485431
0.485113
0.484814
0.484536
0.484279
0.484039
0.483815
0.483604
0.483403
0.483218
0.483054
0.482907
0.482775
0.482656
0.48255
0.482459
0.482382
0.482321
0.482277
0.48225
0.482241
0.482249
0.482277
0.482323
0.482385
0.482463
0.482554
0.482659
0.482773
0.482894
0.483021
0.483151
0.483283
0.483415
0.483546
0.483674
0.483798
0.483916
0.484029
0.484138
0.484239
0.484338
0.484431
0.484524
0.484609
0.484702
0.484783
0.484882
0.48496
0.485073
0.485146
0.485284
0.485344
0.485522
0.485555
0.48579
0.485792
0.486082
0.486031
0.486448
0.485925
0.487408
0.499872
0.501577
0.497035
0.491953
0.487063
0.482546
0.478487
0.474388
0.470643
0.467405
0.464677
0.462402
0.460527
0.458999
0.45774
0.456703
0.455844
0.455128
0.454531
0.454031
0.453614
0.45327
0.452995
0.452778
0.452646
0.452611
0.452666
0.452773
0.452999
0.453353
0.453787
0.454273
0.454789
0.455323
0.455862
0.456396
0.456917
0.457419
0.457901
0.458348
0.458801
0.459262
0.459711
0.460144
0.460553
0.460941
0.461309
0.461655
0.461976
0.462279
0.462571
0.462855
0.463134
0.463411
0.463689
0.463969
0.464253
0.464543
0.464841
0.465145
0.46546
0.465778
0.466097
0.466419
0.466745
0.467078
0.467404
0.467727
0.468048
0.468369
0.468688
0.469003
0.469313
0.469617
0.469913
0.470202
0.470483
0.470759
0.471026
0.47129
0.471544
0.471799
0.472042
0.472292
0.472526
0.472778
0.473002
0.473263
0.473474
0.473757
0.473946
0.474266
0.474422
0.474798
0.474916
0.475349
0.475391
0.475969
0.475511
0.477236
0.356442
0.358936
0.35999
0.360791
0.361823
0.363023
0.364432
0.366195
0.368169
0.370333
0.372645
0.375029
0.377487
0.37998
0.382406
0.384761
0.38701
0.389159
0.391209
0.393164
0.395034
0.396827
0.398558
0.400239
0.401882
0.403502
0.405108
0.406713
0.408287
0.409832
0.411366
0.412886
0.414386
0.415859
0.417293
0.418682
0.420017
0.421304
0.422525
0.423718
0.424808
0.425803
0.426726
0.427599
0.428427
0.429228
0.430001
0.430759
0.431501
0.432232
0.432954
0.43367
0.434379
0.435085
0.435787
0.436487
0.437186
0.437887
0.438587
0.439292
0.439996
0.440708
0.441429
0.442155
0.442883
0.44361
0.44435
0.445094
0.445836
0.446569
0.447291
0.447999
0.448689
0.449363
0.450015
0.450656
0.451283
0.451898
0.452494
0.453078
0.453641
0.454196
0.454727
0.455259
0.455761
0.456278
0.456752
0.457263
0.457706
0.458226
0.458632
0.459175
0.459525
0.460111
0.460404
0.461038
0.461245
0.462022
0.461661
0.463693
0.200958
0.1989
0.199017
0.200912
0.204243
0.208711
0.213887
0.21961
0.225647
0.232043
0.238538
0.245019
0.251609
0.258018
0.263977
0.269702
0.27512
0.280349
0.285386
0.290242
0.294934
0.299478
0.303895
0.308197
0.312403
0.316514
0.320547
0.324497
0.328377
0.332159
0.335872
0.339461
0.342937
0.346278
0.349462
0.352509
0.355425
0.358215
0.360896
0.363464
0.365956
0.368379
0.370721
0.373004
0.375204
0.377363
0.379436
0.38148
0.383467
0.38541
0.387305
0.389149
0.390944
0.392694
0.394398
0.396063
0.397689
0.399282
0.400843
0.402375
0.403881
0.405362
0.40682
0.408254
0.409663
0.411047
0.412399
0.413722
0.415015
0.416281
0.417514
0.418719
0.419891
0.421033
0.422146
0.42322
0.424251
0.425251
0.426216
0.427159
0.428069
0.428967
0.429829
0.430692
0.431512
0.432349
0.433128
0.433953
0.43469
0.435515
0.436202
0.437046
0.437668
0.438549
0.439104
0.440033
0.440479
0.441565
0.441406
0.443828
0.0988009
0.0982443
0.0981036
0.0985193
0.09942
0.100862
0.102749
0.105059
0.107857
0.111343
0.114758
0.118424
0.122942
0.127168
0.13254
0.13802
0.143975
0.1503
0.156669
0.163104
0.169596
0.176114
0.18265
0.189169
0.195663
0.202093
0.208479
0.214777
0.221003
0.22709
0.233108
0.238714
0.244163
0.249234
0.254013
0.258758
0.263371
0.267872
0.272264
0.276562
0.280758
0.28488
0.2889
0.292868
0.296706
0.300541
0.304173
0.307916
0.311466
0.314965
0.318345
0.321601
0.324761
0.327835
0.330819
0.333732
0.336561
0.339337
0.34205
0.344704
0.347303
0.349853
0.352351
0.354801
0.357197
0.359547
0.361842
0.36409
0.36628
0.368425
0.370507
0.372546
0.374517
0.37645
0.378312
0.38014
0.381908
0.383641
0.385327
0.386979
0.388573
0.390144
0.391655
0.393157
0.394591
0.396039
0.397399
0.398809
0.400096
0.401483
0.402691
0.404073
0.405186
0.406584
0.4076
0.409036
0.409899
0.411478
0.411716
0.414685
0.0623811
0.0616012
0.0609019
0.0604208
0.0600305
0.0598103
0.0596629
0.0597033
0.0598631
0.0602012
0.0606889
0.0613036
0.0621167
0.0630981
0.0639541
0.0652147
0.0666074
0.0679194
0.0696465
0.0713261
0.0735639
0.0759238
0.0787331
0.0816994
0.0849568
0.088522
0.0923568
0.0964244
0.100745
0.105309
0.110105
0.1153
0.120994
0.126979
0.133081
0.139295
0.145555
0.151856
0.158139
0.164405
0.170602
0.17674
0.182775
0.18872
0.194542
0.200249
0.205839
0.211269
0.216643
0.221734
0.226631
0.231267
0.235783
0.240199
0.244507
0.248765
0.252874
0.257137
0.261159
0.265137
0.269066
0.27294
0.276743
0.280485
0.284149
0.28775
0.291266
0.294719
0.298075
0.301365
0.304541
0.307659
0.310648
0.313602
0.316414
0.319214
0.321872
0.324537
0.327126
0.329633
0.332049
0.334447
0.336757
0.339064
0.34127
0.343506
0.345614
0.347792
0.349799
0.351933
0.353829
0.355936
0.357703
0.359803
0.361426
0.363551
0.364984
0.367236
0.368035
0.371628
0.0496415
0.0488678
0.0481333
0.0474587
0.0467284
0.0460575
0.045333
0.0446556
0.0438517
0.0430945
0.0422115
0.041429
0.0405461
0.0397353
0.0390541
0.0384295
0.0379717
0.0375717
0.0373502
0.0371119
0.0370659
0.036983
0.0371548
0.0372558
0.0376788
0.0382803
0.0386556
0.039218
0.0400959
0.0411203
0.0423072
0.0436552
0.0451884
0.0469563
0.048916
0.0511482
0.0535689
0.0562735
0.0591621
0.0623513
0.0657195
0.0693867
0.0732165
0.0773394
0.0815972
0.0861371
0.0907722
0.0956775
0.100622
0.105903
0.111373
0.117123
0.122943
0.12883
0.134725
0.140644
0.146512
0.152356
0.158141
0.163861
0.169487
0.175029
0.180446
0.185759
0.190929
0.195993
0.200904
0.205721
0.210311
0.214772
0.219021
0.223182
0.22719
0.231158
0.234981
0.238786
0.242453
0.246127
0.249659
0.25323
0.256617
0.260096
0.263373
0.266665
0.269832
0.273069
0.276102
0.279253
0.282143
0.28522
0.287947
0.290961
0.2935
0.296473
0.298802
0.301792
0.303838
0.306925
0.308568
0.312717
0.0381302
0.0370367
0.0360161
0.0349425
0.0339195
0.0329136
0.0319996
0.0311316
0.0303634
0.0296538
0.0290327
0.0283993
0.0277315
0.0271053
0.0265603
0.0260759
0.0256518
0.0252681
0.0249344
0.0246289
0.024368
0.0241263
0.0239251
0.0237416
0.0235929
0.0234642
0.0233795
0.0232939
0.0232611
0.0232244
0.0232614
0.0232776
0.0233889
0.0234617
0.0236473
0.023889
0.0240448
0.0243352
0.0246704
0.0251254
0.0255819
0.0261743
0.0267894
0.0275649
0.0283857
0.0293776
0.0304486
0.0316951
0.0330491
0.0346004
0.0362877
0.0382226
0.0403168
0.0426769
0.0451949
0.047996
0.0509583
0.054205
0.0576085
0.0612886
0.0651144
0.0692004
0.0734066
0.0778449
0.0823673
0.0870862
0.0918484
0.0967688
0.101763
0.106947
0.112142
0.117474
0.122695
0.127996
0.133142
0.13835
0.143365
0.148438
0.153284
0.158198
0.162852
0.167592
0.172042
0.176609
0.180836
0.185245
0.189249
0.193521
0.197298
0.201383
0.204863
0.208813
0.212002
0.215893
0.218794
0.222703
0.225369
0.229284
0.23184
0.236441
0.0278576
0.0269577
0.0260632
0.0253258
0.024696
0.0241388
0.0236343
0.0231699
0.0227413
0.022339
0.0219577
0.0216018
0.0212654
0.0209522
0.020658
0.0203874
0.0201346
0.0199034
0.019687
0.0194906
0.0193059
0.0191394
0.0189815
0.0188402
0.0187052
0.0185861
0.0184713
0.0183715
0.0182745
0.0181925
0.0181119
0.0180466
0.017982
0.0179341
0.0178766
0.0178442
0.017808
0.0177968
0.017762
0.0177752
0.0177431
0.01778
0.0177546
0.01781
0.0178087
0.0178703
0.0179165
0.0179763
0.018123
0.0181814
0.0183669
0.0184467
0.0186477
0.0187415
0.0189635
0.0192984
0.0195834
0.0200465
0.0204417
0.0210631
0.0216381
0.0224268
0.0231792
0.0241825
0.0251437
0.0263937
0.0275899
0.0291143
0.0305702
0.0323993
0.0341457
0.0363108
0.0383718
0.0408902
0.0432713
0.0461488
0.0488448
0.0520776
0.0550715
0.0586451
0.0619064
0.0657956
0.0692798
0.0734506
0.0771015
0.0815137
0.0852675
0.0898802
0.093667
0.0985279
0.102351
0.107412
0.111181
0.116402
0.119929
0.125235
0.128441
0.133751
0.137915
0.142419
0.0225275
0.0220345
0.0215606
0.0211099
0.0206881
0.0202945
0.0199243
0.0195809
0.019257
0.0189593
0.0186877
0.0184423
0.0182151
0.0180085
0.0178144
0.0176369
0.0174676
0.0173125
0.0171643
0.0170291
0.0168984
0.0167795
0.0166632
0.0165579
0.0164537
0.0163595
0.0162653
0.0161801
0.0160938
0.016016
0.0159359
0.0158641
0.0157893
0.0157226
0.0156523
0.0155905
0.0155236
0.01547
0.0154105
0.0153657
0.0153122
0.0152753
0.0152276
0.015197
0.0151555
0.01513
0.0150944
0.0150745
0.0150434
0.0150317
0.0150045
0.0149998
0.0149783
0.0149791
0.014963
0.0149698
0.0149644
0.0149784
0.0149861
0.0150089
0.0150322
0.0150683
0.0151115
0.0151637
0.0152328
0.0153108
0.0153765
0.0155202
0.0155976
0.0157873
0.0158872
0.0161385
0.0162746
0.0166043
0.0167839
0.01722
0.0174533
0.018022
0.0183335
0.0190531
0.0194575
0.0203717
0.0208786
0.0220332
0.0226544
0.0240795
0.0248384
0.0265514
0.0274656
0.0294927
0.0305722
0.0329413
0.0341942
0.036924
0.0383562
0.0413885
0.0429108
0.0462647
0.0477694
0.0531876
0.0186839
0.0184554
0.0182319
0.0180118
0.0177898
0.017565
0.0173484
0.0171371
0.0169385
0.0167483
0.0165719
0.0164037
0.0162485
0.0161009
0.0159648
0.0158353
0.0157155
0.015601
0.0154924
0.0153874
0.0152873
0.0151907
0.0150986
0.0150103
0.0149258
0.0148455
0.0147681
0.0146953
0.0146243
0.0145582
0.0144929
0.0144326
0.0143723
0.0143173
0.0142615
0.0142114
0.0141599
0.0141145
0.0140672
0.0140263
0.0139831
0.0139466
0.0139071
0.0138749
0.0138386
0.0138103
0.0137768
0.0137519
0.0137205
0.0136987
0.0136688
0.0136499
0.0136214
0.0136051
0.0135775
0.0135636
0.0135368
0.0135248
0.013499
0.0134892
0.013465
0.0134559
0.0134335
0.0134242
0.0134011
0.0133941
0.013375
0.0133726
0.0133583
0.0133591
0.0133491
0.0133527
0.0133463
0.013354
0.0133513
0.0133648
0.013369
0.0133894
0.0134033
0.0134313
0.0134598
0.0135057
0.0135536
0.0136376
0.0136722
0.013763
0.0137977
0.0139477
0.0140023
0.0142002
0.0142932
0.0145564
0.0146428
0.0150278
0.0151125
0.0155928
0.0156834
0.0166474
0.0164373
0.0179733
0.0161379
0.0160115
0.0158821
0.0157441
0.0156041
0.0154599
0.0153185
0.0151761
0.0150393
0.0149033
0.0147742
0.0146466
0.0145267
0.0144086
0.0142984
0.01419
0.0140895
0.0139906
0.0138994
0.0138097
0.0137275
0.0136465
0.0135725
0.0134996
0.013433
0.0133673
0.0133075
0.0132483
0.0131945
0.0131413
0.013093
0.0130452
0.0130017
0.0129588
0.0129196
0.012881
0.0128455
0.0128107
0.0127783
0.012747
0.0127173
0.0126889
0.0126615
0.012636
0.0126106
0.0125875
0.012564
0.0125433
0.0125215
0.012503
0.0124826
0.0124661
0.012447
0.0124325
0.0124145
0.0124018
0.0123848
0.0123737
0.0123575
0.0123481
0.0123326
0.0123248
0.0123098
0.0123035
0.0122889
0.012284
0.0122697
0.0122663
0.0122522
0.01225
0.0122361
0.0122351
0.0122214
0.0122215
0.0122079
0.0122091
0.0121956
0.0121979
0.0121846
0.0121882
0.0121749
0.0121801
0.0121669
0.0121748
0.0121619
0.0121726
0.0121598
0.0121738
0.0121615
0.0121796
0.0121683
0.0121911
0.012182
0.0122099
0.0122046
0.0122368
0.0122419
0.0122753
0.01229
0.0123578
0.0143865
0.0143136
0.0142364
0.0141493
0.0140592
0.0139635
0.0138692
0.0137723
0.0136796
0.0135858
0.0134976
0.0134092
0.0133273
0.0132453
0.0131703
0.013095
0.0130271
0.0129585
0.0128973
0.012835
0.0127802
0.0127237
0.0126745
0.0126232
0.0125791
0.0125323
0.0124926
0.0124498
0.012414
0.0123747
0.0123424
0.0123062
0.0122769
0.0122435
0.0122169
0.0121859
0.0121617
0.0121329
0.0121108
0.0120837
0.0120634
0.0120379
0.0120193
0.0119952
0.011978
0.0119553
0.0119395
0.011918
0.0119034
0.0118831
0.0118698
0.0118505
0.0118384
0.0118202
0.011809
0.0117918
0.0117817
0.0117653
0.0117561
0.0117406
0.0117322
0.0117175
0.0117099
0.0116959
0.011689
0.0116756
0.0116694
0.0116565
0.011651
0.0116386
0.0116336
0.0116216
0.0116171
0.0116055
0.0116014
0.0115901
0.0115864
0.0115754
0.011572
0.0115613
0.0115582
0.0115478
0.0115449
0.0115349
0.0115322
0.0115226
0.0115202
0.0115107
0.0115086
0.0114994
0.0114974
0.0114885
0.0114868
0.0114779
0.0114756
0.0114655
0.0114601
0.0114453
0.0114747
0.0114079
0.0131106
0.0130715
0.0130286
0.0129759
0.0129198
0.0128575
0.0127955
0.0127301
0.0126671
0.0126019
0.0125405
0.0124777
0.0124195
0.0123602
0.0123059
0.0122504
0.0122003
0.0121489
0.0121029
0.0120553
0.0120133
0.0119694
0.0119311
0.0118906
0.0118557
0.0118184
0.0117867
0.0117522
0.0117235
0.0116916
0.0116655
0.0116359
0.0116123
0.0115849
0.0115634
0.0115379
0.0115185
0.0114947
0.0114771
0.0114549
0.0114389
0.0114181
0.0114037
0.0113841
0.011371
0.0113526
0.0113407
0.0113232
0.0113125
0.0112959
0.0112862
0.0112704
0.0112616
0.0112466
0.0112386
0.0112243
0.0112171
0.0112035
0.011197
0.0111839
0.011178
0.0111654
0.0111602
0.0111481
0.0111433
0.0111317
0.0111274
0.0111161
0.0111123
0.0111014
0.0110979
0.0110873
0.0110841
0.0110739
0.011071
0.0110611
0.0110584
0.0110489
0.0110463
0.0110371
0.0110347
0.0110259
0.0110235
0.011015
0.0110128
0.0110046
0.0110023
0.0109945
0.0109922
0.0109847
0.0109824
0.0109753
0.0109728
0.010966
0.0109634
0.010957
0.0109541
0.0109481
0.0109445
0.0109376
0.0122267
0.0122089
0.0121887
0.0121589
0.0121263
0.012087
0.0120481
0.0120046
0.0119632
0.0119183
0.0118768
0.0118325
0.0117923
0.0117496
0.0117116
0.0116713
0.0116359
0.0115982
0.0115656
0.0115304
0.0115005
0.0114679
0.0114405
0.0114102
0.0113852
0.011357
0.0113342
0.0113079
0.0112869
0.0112623
0.0112431
0.01122
0.0112024
0.0111806
0.0111644
0.0111439
0.0111291
0.0111096
0.011096
0.0110776
0.0110651
0.0110477
0.0110362
0.0110196
0.0110091
0.0109932
0.0109836
0.0109684
0.0109596
0.010945
0.0109369
0.010923
0.0109155
0.010902
0.0108952
0.0108822
0.0108759
0.0108634
0.0108576
0.0108455
0.0108402
0.0108285
0.0108236
0.0108122
0.0108077
0.0107967
0.0107925
0.0107818
0.0107779
0.0107675
0.0107639
0.0107537
0.0107503
0.0107404
0.0107373
0.0107277
0.0107247
0.0107153
0.0107124
0.0107034
0.0107006
0.0106918
0.0106891
0.0106806
0.0106779
0.0106697
0.010667
0.0106591
0.0106564
0.0106488
0.0106461
0.0106388
0.010636
0.010629
0.010626
0.0106195
0.0106162
0.01061
0.0106077
0.0105989
0.011619
0.0116129
0.0116055
0.0115891
0.0115704
0.0115449
0.0115199
0.0114898
0.0114617
0.0114295
0.0114003
0.0113676
0.0113386
0.0113064
0.0112784
0.0112472
0.0112207
0.0111909
0.011166
0.0111377
0.0111145
0.0110878
0.0110662
0.0110411
0.0110212
0.0109974
0.0109791
0.0109567
0.0109398
0.0109188
0.0109032
0.0108833
0.010869
0.0108501
0.010837
0.0108191
0.010807
0.01079
0.0107788
0.0107626
0.0107524
0.0107369
0.0107274
0.0107126
0.0107039
0.0106896
0.0106816
0.0106679
0.0106605
0.0106473
0.0106404
0.0106277
0.0106214
0.0106091
0.0106033
0.0105913
0.010586
0.0105744
0.0105695
0.0105583
0.0105537
0.0105428
0.0105386
0.010528
0.0105241
0.0105138
0.0105102
0.0105002
0.0104968
0.010487
0.0104839
0.0104744
0.0104714
0.0104622
0.0104593
0.0104503
0.0104476
0.0104388
0.0104362
0.0104277
0.0104251
0.0104169
0.0104143
0.0104063
0.0104038
0.010396
0.0103935
0.010386
0.0103834
0.0103762
0.0103734
0.0103666
0.0103637
0.010357
0.0103537
0.0103481
0.0103482
0.0103425
0.0103077
0.0103541
0.0111848
0.0111853
0.011185
0.0111763
0.0111658
0.0111487
0.0111322
0.0111105
0.0110908
0.0110666
0.0110454
0.0110201
0.0109986
0.0109732
0.010952
0.010927
0.0109067
0.0108826
0.0108634
0.0108402
0.0108222
0.0108
0.0107833
0.0107622
0.0107466
0.0107265
0.0107121
0.0106929
0.0106796
0.0106614
0.0106491
0.0106317
0.0106203
0.0106037
0.0105932
0.0105773
0.0105677
0.0105524
0.0105435
0.0105288
0.0105206
0.0105065
0.010499
0.0104853
0.0104783
0.0104651
0.0104587
0.0104459
0.01044
0.0104275
0.0104221
0.0104099
0.0104049
0.0103931
0.0103885
0.010377
0.0103727
0.0103615
0.0103576
0.0103466
0.010343
0.0103323
0.010329
0.0103185
0.0103155
0.0103052
0.0103024
0.0102924
0.0102897
0.01028
0.0102775
0.0102679
0.0102655
0.0102562
0.0102539
0.0102448
0.0102426
0.0102338
0.0102316
0.010223
0.0102208
0.0102125
0.0102103
0.0102022
0.0101999
0.0101921
0.0101898
0.0101823
0.0101798
0.0101726
0.01017
0.0101631
0.0101603
0.0101539
0.0101511
0.0101445
0.0101376
0.0101322
0.0101599
0.0100985
0.0108707
0.0108752
0.0108788
0.0108747
0.010869
0.0108571
0.0108459
0.0108297
0.0108153
0.0107965
0.0107804
0.0107603
0.0107436
0.010723
0.0107063
0.0106858
0.0106696
0.0106495
0.0106341
0.0106146
0.0106
0.0105811
0.0105675
0.0105493
0.0105366
0.0105191
0.0105074
0.0104905
0.0104796
0.0104634
0.0104533
0.0104377
0.0104284
0.0104133
0.0104048
0.0103902
0.0103823
0.0103681
0.0103609
0.0103472
0.0103406
0.0103271
0.0103211
0.010308
0.0103026
0.0102897
0.0102848
0.0102722
0.0102677
0.0102554
0.0102514
0.0102392
0.0102356
0.0102237
0.0102205
0.0102087
0.0102059
0.0101943
0.0101918
0.0101803
0.0101782
0.0101669
0.0101651
0.0101538
0.0101523
0.0101412
0.01014
0.010129
0.010128
0.0101171
0.0101164
0.0101055
0.010105
0.0100942
0.0100939
0.0100832
0.0100831
0.0100725
0.0100726
0.010062
0.0100622
0.0100517
0.010052
0.0100416
0.0100421
0.0100318
0.0100323
0.0100221
0.0100226
0.0100125
0.0100131
0.0100031
0.0100039
0.00999414
0.00999401
0.00998457
0.00998865
0.0099765
0.00997259
0.00996344
0.010635
0.0106424
0.0106478
0.0106462
0.0106432
0.0106348
0.0106268
0.0106144
0.0106034
0.0105885
0.0105757
0.0105594
0.0105458
0.0105289
0.0105152
0.0104981
0.0104846
0.0104677
0.0104547
0.0104381
0.0104257
0.0104096
0.0103979
0.0103823
0.0103714
0.0103562
0.010346
0.0103314
0.0103218
0.0103077
0.0102988
0.0102851
0.0102769
0.0102635
0.0102559
0.0102429
0.0102359
0.0102233
0.0102168
0.0102044
0.0101985
0.0101864
0.010181
0.010169
0.0101641
0.0101524
0.0101478
0.0101363
0.0101322
0.0101208
0.0101171
0.0101059
0.0101026
0.0100915
0.0100885
0.0100775
0.0100749
0.010064
0.0100617
0.0100509
0.0100489
0.0100382
0.0100365
0.0100259
0.0100245
0.0100139
0.0100127
0.0100023
0.0100013
0.00999092
0.0099902
0.00997983
0.00997932
0.009969
0.00996868
0.0099584
0.00995826
0.00994802
0.00994804
0.00993785
0.00993801
0.00992787
0.00992817
0.00991808
0.00991849
0.00990845
0.00990896
0.00989899
0.00989958
0.0098897
0.00989032
0.00988044
0.00988124
0.00987176
0.00987202
0.00986208
0.00986316
0.00985121
0.00987598
0.0098175
0.0104602
0.0104672
0.0104732
0.0104732
0.0104719
0.0104657
0.0104598
0.0104499
0.0104412
0.0104289
0.0104185
0.0104048
0.0103935
0.0103792
0.0103676
0.0103531
0.0103416
0.010327
0.0103159
0.0103016
0.0102909
0.0102769
0.0102667
0.0102531
0.0102434
0.0102302
0.0102211
0.0102083
0.0101998
0.0101872
0.0101793
0.0101671
0.0101596
0.0101478
0.0101408
0.0101292
0.0101227
0.0101114
0.0101054
0.0100943
0.0100887
0.0100778
0.0100725
0.0100619
0.010057
0.0100465
0.010042
0.0100317
0.0100274
0.0100173
0.0100134
0.0100033
0.00999971
0.00998984
0.00998647
0.00997673
0.00997361
0.009964
0.00996112
0.00995162
0.00994896
0.00993958
0.00993711
0.00992786
0.00992557
0.00991643
0.00991429
0.00990528
0.00990328
0.00989439
0.0098925
0.00988374
0.00988194
0.00987331
0.00987159
0.0098631
0.00986142
0.00985309
0.00985143
0.00984327
0.0098416
0.00983363
0.00983193
0.00982416
0.0098224
0.00981486
0.009813
0.0098057
0.00980372
0.00979669
0.00979458
0.00978791
0.00978534
0.00977867
0.00977723
0.00977182
0.00976769
0.00976775
0.00973748
0.00977907
0.0103255
0.0103319
0.0103382
0.010339
0.0103388
0.0103341
0.0103297
0.0103215
0.0103145
0.0103041
0.0102954
0.0102837
0.0102741
0.0102617
0.0102518
0.0102391
0.0102291
0.0102164
0.0102067
0.0101941
0.0101847
0.0101724
0.0101634
0.0101514
0.0101428
0.010131
0.0101229
0.0101115
0.0101038
0.0100926
0.0100853
0.0100744
0.0100676
0.0100569
0.0100504
0.01004
0.0100339
0.0100237
0.010018
0.0100079
0.0100025
0.00999269
0.00998761
0.00997791
0.00997314
0.00996359
0.0099591
0.00994968
0.00994546
0.00993618
0.00993221
0.00992304
0.00991931
0.00991026
0.00990676
0.00989782
0.00989453
0.0098857
0.00988261
0.00987388
0.00987098
0.00986236
0.00985962
0.0098511
0.00984852
0.0098401
0.00983766
0.00982935
0.00982703
0.00981882
0.0098166
0.0098085
0.00980637
0.00979838
0.00979631
0.00978845
0.00978643
0.0097787
0.0097767
0.00976911
0.00976712
0.00975969
0.00975768
0.00975042
0.00974838
0.0097413
0.0097392
0.00973231
0.00973012
0.00972346
0.00972119
0.00971483
0.00971216
0.00970572
0.00970429
0.00969906
0.009695
0.00969528
0.00966551
0.00970643
0.0102242
0.0102302
0.0102364
0.0102374
0.0102379
0.0102339
0.0102306
0.0102236
0.0102178
0.0102086
0.0102013
0.0101909
0.0101827
0.0101717
0.010163
0.0101517
0.010143
0.0101316
0.010123
0.0101117
0.0101033
0.0100922
0.0100841
0.0100732
0.0100654
0.0100547
0.0100472
0.0100369
0.0100297
0.0100196
0.0100127
0.0100028
0.00999631
0.00998664
0.0099804
0.00997095
0.00996499
0.00995575
0.00995005
0.00994099
0.00993554
0.00992666
0.00992144
0.00991273
0.00990773
0.00989918
0.00989437
0.00988599
0.00988137
0.00987314
0.00986868
0.0098606
0.0098563
0.00984838
0.00984422
0.00983645
0.00983242
0.0098248
0.00982088
0.00981343
0.0098096
0.00980231
0.00979856
0.00979143
0.00978774
0.00978079
0.00977713
0.00977036
0.00976672
0.00976014
0.00975649
0.00975012
0.00974644
0.00974028
0.00973655
0.00973062
0.0097268
0.00972112
0.0097172
0.00971178
0.00970773
0.0097026
0.00969838
0.00969356
0.00968915
0.00968467
0.00968003
0.00967592
0.00967102
0.00966728
0.00966209
0.00965885
0.00965318
0.00965021
0.00964496
0.00964245
0.00963273
0.00963367
0.009633
0.00962498
0.010149
0.0101543
0.0101604
0.0101611
0.010162
0.0101582
0.0101555
0.0101488
0.0101439
0.0101353
0.0101289
0.0101191
0.0101119
0.0101014
0.0100938
0.010083
0.0100754
0.0100645
0.0100568
0.0100461
0.0100386
0.0100279
0.0100207
0.0100103
0.0100033
0.00999307
0.00998636
0.00997637
0.00996992
0.00996016
0.00995398
0.00994444
0.00993851
0.00992917
0.00992349
0.00991435
0.0099089
0.00989995
0.00989472
0.00988595
0.00988091
0.00987231
0.00986746
0.00985903
0.00985435
0.00984607
0.00984155
0.00983343
0.00982905
0.00982109
0.00981684
0.00980903
0.0098049
0.00979724
0.00979322
0.00978571
0.00978179
0.00977444
0.00977059
0.00976341
0.00975962
0.00975261
0.00974887
0.00974203
0.00973832
0.00973166
0.00972796
0.00972148
0.00971778
0.0097115
0.00970776
0.0097017
0.0096979
0.00969206
0.00968819
0.00968259
0.00967862
0.00967327
0.00966917
0.0096641
0.00965985
0.00965507
0.00965065
0.00964618
0.00964155
0.00963743
0.00963255
0.00962881
0.00962365
0.00962029
0.00961483
0.00961198
0.00960605
0.00960333
0.00959753
0.00959595
0.00958908
0.00959003
0.00956011
0.00960223
0.0100883
0.010093
0.0100987
0.010099
0.0101
0.0100961
0.0100939
0.0100873
0.010083
0.0100746
0.010069
0.0100594
0.0100531
0.0100429
0.0100362
0.0100257
0.0100189
0.0100084
0.0100017
0.0099912
0.00998463
0.0099743
0.00996794
0.00995778
0.00995166
0.00994169
0.00993581
0.00992604
0.0099204
0.00991082
0.00990541
0.00989602
0.00989082
0.00988161
0.00987661
0.00986757
0.00986277
0.00985389
0.00984926
0.00984054
0.00983608
0.0098275
0.00982319
0.00981475
0.00981058
0.00980229
0.00979824
0.00979009
0.00978615
0.00977815
0.00977432
0.00976645
0.00976271
0.00975499
0.00975133
0.00974376
0.00974017
0.00973275
0.00972923
0.00972196
0.00971848
0.00971137
0.00970792
0.00970098
0.00969754
0.00969079
0.00968734
0.00968077
0.0096773
0.00967092
0.00966741
0.00966124
0.00965767
0.00965172
0.00964806
0.00964235
0.00963858
0.00963312
0.00962922
0.00962403
0.00961997
0.00961508
0.00961084
0.00960626
0.00960181
0.00959757
0.00959288
0.00958901
0.00958405
0.00958055
0.00957526
0.00957221
0.00956671
0.0095641
0.00955743
0.00955512
0.00954987
0.00954554
0.00954139
0.00953691
0.0100409
0.0100449
0.0100502
0.01005
0.010051
0.0100471
0.0100452
0.0100387
0.0100349
0.0100267
0.0100217
0.0100124
0.0100067
0.0099969
0.00999093
0.00998077
0.00997475
0.00996448
0.00995854
0.00994826
0.0099425
0.00993229
0.00992673
0.00991661
0.00991128
0.00990127
0.00989617
0.00988628
0.0098814
0.00987162
0.00986696
0.00985729
0.00985283
0.00984328
0.00983902
0.00982957
0.0098255
0.00981616
0.00981226
0.00980303
0.00979929
0.00979016
0.00978657
0.00977756
0.00977411
0.0097652
0.00976188
0.00975308
0.00974988
0.0097412
0.00973811
0.00972954
0.00972655
0.0097181
0.0097152
0.00970689
0.00970406
0.00969589
0.00969312
0.0096851
0.00968238
0.00967451
0.00967182
0.00966412
0.00966145
0.00965391
0.00965124
0.00964389
0.00964119
0.00963405
0.00963129
0.00962437
0.00962154
0.00961485
0.00961192
0.00960548
0.00960242
0.00959627
0.00959305
0.0095872
0.00958379
0.00957827
0.00957465
0.00956948
0.0095656
0.00956082
0.00955665
0.0095523
0.00954779
0.00954389
0.00953897
0.00953559
0.00953034
0.0095276
0.00952134
0.00951833
0.00950984
0.00950547
0.00953025
0.00947597
0.0100072
0.0100106
0.0100152
0.0100147
0.0100154
0.0100114
0.0100094
0.010003
0.00999916
0.00999117
0.00998618
0.00997714
0.00997151
0.00996183
0.00995591
0.00994587
0.00993988
0.00992965
0.00992375
0.00991342
0.00990767
0.00989731
0.00989175
0.00988139
0.00987605
0.00986571
0.00986062
0.00985031
0.00984549
0.00983524
0.00983068
0.00982048
0.0098162
0.00980607
0.00980206
0.00979198
0.00978825
0.00977823
0.00977476
0.00976479
0.00976159
0.00975167
0.00974875
0.00973883
0.00973614
0.00972623
0.00972378
0.00971388
0.00971168
0.0097018
0.00969984
0.00968998
0.00968826
0.00967842
0.00967693
0.00966711
0.00966586
0.00965605
0.00965502
0.00964522
0.0096444
0.00963462
0.00963401
0.00962423
0.00962382
0.00961405
0.00961382
0.00960406
0.009604
0.00959425
0.00959435
0.00958461
0.00958487
0.00957513
0.00957554
0.00956581
0.00956635
0.00955664
0.0095573
0.00954761
0.00954838
0.00953872
0.00953958
0.00952997
0.00953089
0.00952133
0.00952232
0.00951282
0.00951385
0.00950443
0.00950546
0.00949608
0.00949724
0.00948813
0.00948845
0.00947957
0.0094838
0.00947237
0.00946869
0.00946076
0.00998169
0.00998465
0.00998849
0.00998755
0.00998765
0.00998333
0.00998066
0.0099739
0.00996928
0.00996079
0.00995489
0.00994527
0.00993863
0.00992834
0.00992133
0.0099107
0.00990362
0.00989287
0.00988583
0.0098748
0.00986779
0.00985674
0.00984996
0.00983906
0.00983264
0.00982196
0.00981597
0.00980555
0.00979999
0.00978982
0.00978469
0.00977475
0.00977004
0.00976031
0.00975598
0.00974644
0.00974246
0.00973307
0.00972943
0.00972016
0.00971683
0.00970766
0.00970459
0.00969555
0.00969278
0.00968383
0.00968132
0.00967244
0.00967017
0.00966135
0.0096593
0.00965051
0.00964868
0.00963992
0.00963828
0.00962954
0.00962809
0.00961937
0.0096181
0.00960938
0.00960829
0.00959958
0.00959865
0.00958995
0.00958918
0.00958047
0.00957985
0.00957115
0.00957066
0.00956196
0.00956161
0.00955291
0.00955268
0.00954399
0.00954388
0.00953519
0.00953519
0.00952651
0.00952661
0.00951794
0.00951813
0.00950948
0.00950976
0.00950114
0.00950149
0.00949289
0.00949332
0.00948475
0.00948523
0.00947671
0.00947723
0.00946869
0.00946937
0.0094612
0.00946142
0.00945276
0.00945378
0.00944322
0.0094666
0.00941259
0.00996423
0.00996562
0.0099674
0.00996371
0.00996092
0.00995325
0.00994737
0.00993718
0.00992952
0.00991796
0.00990955
0.00989748
0.00988901
0.00987699
0.00986889
0.00985724
0.00984974
0.00983858
0.00983182
0.00982151
0.00981563
0.00980596
0.00980078
0.00979158
0.00978695
0.00977809
0.00977389
0.00976526
0.00976141
0.00975294
0.00974938
0.00974102
0.00973769
0.00972941
0.0097263
0.00971806
0.00971513
0.00970693
0.00970417
0.00969599
0.00969339
0.00968522
0.00968276
0.0096746
0.00967229
0.00966414
0.00966196
0.00965381
0.00965177
0.00964363
0.00964172
0.00963359
0.0096318
0.00962369
0.00962201
0.00961392
0.00961235
0.00960428
0.00960282
0.00959478
0.00959341
0.00958541
0.00958412
0.00957616
0.00957495
0.00956704
0.00956589
0.00955803
0.00955694
0.00954914
0.00954808
0.00954037
0.00953933
0.0095317
0.00953066
0.00952315
0.00952209
0.0095147
0.00951361
0.00950635
0.00950521
0.00949812
0.0094969
0.00948999
0.00948867
0.00948197
0.00948052
0.00947405
0.00947244
0.00946623
0.00946447
0.0094586
0.00945637
0.00945052
0.00944932
0.00944468
0.0094409
0.00944143
0.00941304
0.00945249
0.00989581
0.0098935
0.00989313
0.00988892
0.00988691
0.00988121
0.0098781
0.0098714
0.00986762
0.0098603
0.00985619
0.00984852
0.00984429
0.00983646
0.00983226
0.00982435
0.00982025
0.00981232
0.00980835
0.00980043
0.00979661
0.0097887
0.00978503
0.00977714
0.00977362
0.00976574
0.00976237
0.00975449
0.00975127
0.00974338
0.0097403
0.00973241
0.00972947
0.00972157
0.00971876
0.00971085
0.00970817
0.00970024
0.00969769
0.00968975
0.00968732
0.00967937
0.00967706
0.00966909
0.0096669
0.00965893
0.00965685
0.00964888
0.00964691
0.00963893
0.00963708
0.0096291
0.00962735
0.00961939
0.00961774
0.00960979
0.00960824
0.00960031
0.00959884
0.00959094
0.00958956
0.00958169
0.00958038
0.00957255
0.0095713
0.00956352
0.00956232
0.0095546
0.00955344
0.00954579
0.00954466
0.00953708
0.00953596
0.00952847
0.00952735
0.00951996
0.00951883
0.00951156
0.00951039
0.00950325
0.00950203
0.00949505
0.00949375
0.00948694
0.00948555
0.00947894
0.00947743
0.00947103
0.00946938
0.00946323
0.00946144
0.00945561
0.00945337
0.0094475
0.00944636
0.00944178
0.00943814
0.00943877
0.00941051
0.00944947
0.0121463
0.0121107
0.0128765
0.0128964
0.0139837
0.0141258
0.0154347
0.0167509
0.0178546
0.0227317
0.0115185
0.01153
0.0119959
0.0122361
0.012665
0.0134235
0.0136928
0.0151265
0.0157799
0.0186849
0.0110205
0.0111969
0.011335
0.0116778
0.011875
0.0124849
0.0127755
0.0137074
0.0142258
0.0160916
0.0107533
0.0109171
0.0109959
0.0112377
0.0113694
0.0117687
0.0119951
0.0126544
0.0130367
0.0142987
0.0105847
0.0107207
0.0107761
0.0109595
0.0110487
0.0113175
0.0114692
0.0119093
0.0121735
0.0130527
0.0104217
0.0105307
0.0105788
0.0107271
0.0107971
0.0109989
0.0111058
0.0114066
0.0115833
0.0121889
0.0103067
0.0103908
0.0104284
0.0105448
0.0105989
0.010754
0.010833
0.0110501
0.0111711
0.0115862
0.010218
0.0102834
0.0103139
0.0104054
0.0104479
0.0105667
0.0106262
0.010785
0.0108727
0.0111491
0.0101372
0.0101935
0.0102183
0.0102944
0.0103277
0.0104228
0.0104672
0.0105889
0.010651
0.0108435
0.0100726
0.0101108
0.010144
0.0102004
0.0102281
0.0103032
0.0103384
0.0104333
0.0104752
0.0106209
0.0100261
0.0100532
0.0100841
0.0101213
0.0101557
0.0102092
0.0102371
0.0103083
0.01034
0.0104451
0.00998426
0.0100148
0.0100326
0.0100689
0.0100909
0.0101331
0.0101618
0.0102143
0.0102397
0.010316
0.0099555
0.00997615
0.00999845
0.0100202
0.0100495
0.01007
0.0101072
0.0101264
0.0101764
0.0102152
0.00993328
0.00994382
0.00997006
0.00998202
0.0100121
0.0100249
0.0100571
0.0100719
0.0101153
0.0101401
0.0099142
0.00992167
0.00994558
0.00995486
0.00998048
0.00999093
0.0100166
0.0100291
0.010046
0.0100794
0.00990086
0.00990618
0.00992824
0.00993583
0.00995782
0.00996699
0.00998715
0.00999779
0.0100084
0.0100324
0.00988458
0.00989777
0.00990893
0.00992481
0.00993497
0.00995222
0.00996021
0.00997775
0.00998324
0.00999914
0.00987523
0.00988985
0.00989756
0.00991328
0.00992129
0.00993642
0.00994382
0.00995705
0.00996344
0.00997412
0.00987184
0.00988479
0.00989257
0.00990587
0.00991408
0.00992625
0.0099338
0.00994386
0.00995002
0.0099576
0.0098437
0.00985065
0.00985566
0.00986311
0.00986837
0.00987542
0.00987986
0.00988582
0.00988878
0.00989324
0.0115255
0.012062
0.0128941
0.0140642
0.0163454
0.0178482
0.0218766
0.029239
0.0532905
0.0401792
0.0115813
0.0122348
0.0127977
0.0139899
0.0161958
0.0196656
0.0246002
0.0297186
0.0530841
0.039646
0.0115426
0.0122013
0.0131352
0.0142123
0.0167228
0.0182561
0.0226935
0.0305696
0.0547342
0.0390266
0.0116432
0.0121608
0.0130214
0.0141304
0.0166559
0.0206667
0.0261459
0.0300212
0.0550959
0.0383425
0.0116306
0.012283
0.0133504
0.0144606
0.0172485
0.0188929
0.0234921
0.0324174
0.0565375
0.037634
0.0117883
0.0121508
0.0133392
0.0144808
0.0173062
0.0219814
0.0284107
0.0311591
0.0575134
0.0369462
0.0118299
0.0125415
0.01366
0.0149624
0.0180108
0.0198222
0.0250404
0.0345721
0.0588704
0.0361465
0.0120673
0.0124039
0.0137478
0.0150774
0.018121
0.0237999
0.0305098
0.0336356
0.0600294
0.0354037
0.0121571
0.0129674
0.0142146
0.0157729
0.0192653
0.0212703
0.0277187
0.0373093
0.0605276
0.0349667
0.0125183
0.01294
0.0144253
0.016025
0.0194551
0.0261177
0.0328039
0.0375921
0.060285
0.0345941
0.0116115
0.0117307
0.0122687
0.0133017
0.0140296
0.0168452
0.0209122
0.0241498
0.0432268
0.0435629
0.0114585
0.0119434
0.0122957
0.0130592
0.0153983
0.016506
0.0249015
0.0263725
0.0420469
0.0404292
0.0115168
0.012029
0.0125059
0.0134236
0.0157057
0.017893
0.0233455
0.029265
0.0432177
0.0397924
0.0115372
0.0120773
0.0125443
0.0136358
0.0156624
0.0184166
0.0219441
0.0305398
0.0461828
0.0403034
0.0115128
0.012132
0.0125427
0.0137638
0.0155008
0.0182395
0.0222335
0.0301935
0.0474783
0.0398099
0.0115147
0.0122658
0.0125049
0.0137424
0.0154901
0.0180568
0.0226382
0.0304136
0.0489252
0.0410214
0.0115075
0.0121806
0.0128253
0.0137069
0.0153573
0.018037
0.0225551
0.0294828
0.0499738
0.0402575
0.011482
0.0121498
0.01276
0.0141163
0.0151672
0.0177808
0.0226749
0.0302466
0.0503341
0.0411388
0.0114407
0.0120392
0.0127248
0.0140441
0.0160076
0.0176616
0.0214311
0.0287531
0.0518328
0.0402121
0.0114936
0.0122018
0.0126503
0.0139657
0.0157217
0.0187119
0.0234115
0.0299327
0.0515469
0.0406087
0.0128463
0.0126247
0.0124433
0.0122906
0.0121592
0.0120442
0.0119419
0.01185
0.0117666
0.0116903
0.01162
0.0115549
0.0114941
0.0114374
0.011384
0.0113337
0.011286
0.0112409
0.011198
0.0111571
0.011118
0.0110807
0.0110448
0.0110104
0.0109773
0.0109455
0.0109147
0.0108851
0.0108564
0.0108288
0.0108019
0.010776
0.0107507
0.0107263
0.0107024
0.0106794
0.0106568
0.010635
0.0106135
0.0105929
0.0105725
0.0105529
0.0105335
0.0105148
0.0104962
0.0104785
0.0104607
0.0104438
0.0104268
0.0104106
0.0103943
0.0103788
0.0103632
0.0103484
0.0103334
0.0103193
0.0103049
0.0102914
0.0102776
0.0102647
0.0102515
0.0102392
0.0102265
0.0102149
0.0102027
0.0101917
0.0101801
0.0101697
0.0101587
0.0101489
0.0101386
0.0101294
0.0101198
0.0101114
0.0101026
0.010095
0.0100871
0.0100804
0.0100736
0.0100681
0.0100626
0.0100586
0.0100548
0.0100526
0.0100511
0.0100516
0.0100533
0.0100574
0.0100639
0.0100741
0.0100892
0.0101088
0.010133
0.0101675
0.0102161
0.0102891
0.0104367
0.0105667
0.0107356
0.0110628
0.0128462
0.0126245
0.0124429
0.0122902
0.0121587
0.0120435
0.0119413
0.0118493
0.0117659
0.0116896
0.0116193
0.0115541
0.0114934
0.0114365
0.0113832
0.0113328
0.0112852
0.0112401
0.0111971
0.0111562
0.0111172
0.0110798
0.0110439
0.0110095
0.0109764
0.0109446
0.0109139
0.0108842
0.0108556
0.0108279
0.010801
0.010775
0.0107498
0.0107253
0.0107015
0.0106784
0.0106559
0.0106341
0.0106127
0.010592
0.0105716
0.010552
0.0105326
0.0105139
0.0104954
0.0104775
0.0104598
0.0104428
0.0104259
0.0104096
0.0103934
0.0103779
0.0103623
0.0103475
0.0103325
0.0103184
0.010304
0.0102905
0.0102767
0.0102638
0.0102506
0.0102383
0.0102256
0.010214
0.0102018
0.0101908
0.0101792
0.0101688
0.0101578
0.010148
0.0101376
0.0101286
0.0101189
0.0101106
0.0101016
0.0100942
0.0100861
0.0100797
0.0100726
0.0100674
0.0100616
0.0100579
0.0100538
0.010052
0.0100501
0.010051
0.0100522
0.0100569
0.0100628
0.0100736
0.0100881
0.0101082
0.0101318
0.0101666
0.0102145
0.0102884
0.0104301
0.0105555
0.0107325
0.0111176
0.0128461
0.0126239
0.0124422
0.0122892
0.0121576
0.0120423
0.01194
0.0118479
0.0117645
0.0116881
0.0116178
0.0115525
0.0114918
0.0114349
0.0113816
0.0113311
0.0112836
0.0112383
0.0111955
0.0111545
0.0111155
0.011078
0.0110423
0.0110077
0.0109748
0.0109427
0.0109122
0.0108823
0.0108539
0.010826
0.0107994
0.0107731
0.0107482
0.0107234
0.0106999
0.0106764
0.0106543
0.010632
0.0106111
0.0105899
0.0105701
0.0105499
0.0105311
0.0105117
0.0104939
0.0104754
0.0104584
0.0104406
0.0104245
0.0104074
0.010392
0.0103756
0.010361
0.0103452
0.0103313
0.010316
0.0103028
0.0102881
0.0102755
0.0102613
0.0102495
0.0102358
0.0102246
0.0102114
0.0102008
0.0101881
0.0101783
0.0101661
0.010157
0.0101452
0.010137
0.0101257
0.0101184
0.0101076
0.0101013
0.0100912
0.010086
0.0100766
0.0100727
0.0100642
0.010062
0.0100546
0.0100545
0.0100486
0.0100512
0.0100475
0.0100539
0.0100535
0.0100654
0.0100703
0.0100912
0.0101054
0.0101384
0.010167
0.0102251
0.0102948
0.0104681
0.0104975
0.0108093
0.0110942
0.0128459
0.0126232
0.012441
0.0122877
0.0121559
0.0120405
0.0119381
0.0118458
0.0117624
0.0116858
0.0116156
0.0115501
0.0114895
0.0114324
0.0113792
0.0113286
0.0112812
0.0112358
0.0111931
0.0111518
0.0111131
0.0110753
0.0110398
0.011005
0.0109723
0.01094
0.0109098
0.0108796
0.0108515
0.0108232
0.010797
0.0107703
0.0107457
0.0107205
0.0106975
0.0106735
0.0106519
0.0106291
0.0106087
0.010587
0.0105677
0.0105469
0.0105287
0.0105087
0.0104916
0.0104723
0.0104561
0.0104375
0.0104222
0.0104043
0.0103898
0.0103724
0.0103588
0.0103419
0.0103291
0.0103127
0.0103007
0.0102847
0.0102735
0.0102579
0.0102475
0.0102323
0.0102227
0.0102078
0.010199
0.0101845
0.0101766
0.0101624
0.0101554
0.0101415
0.0101355
0.0101219
0.010117
0.0101037
0.0101
0.0100871
0.0100848
0.0100724
0.0100718
0.0100599
0.0100612
0.0100501
0.0100539
0.010044
0.0100509
0.0100427
0.0100539
0.0100485
0.0100657
0.010065
0.010092
0.0101
0.0101399
0.0101616
0.0102279
0.0103001
0.0104479
0.0104992
0.0108
0.0110932
0.0128457
0.0126222
0.0124395
0.0122858
0.0121538
0.012038
0.0119355
0.0118431
0.0117596
0.0116829
0.0116126
0.011547
0.0114865
0.0114292
0.0113761
0.0113253
0.011278
0.0112324
0.0111899
0.0111484
0.0111098
0.0110718
0.0110366
0.0110015
0.010969
0.0109364
0.0109065
0.010876
0.0108482
0.0108195
0.0107936
0.0107666
0.0107424
0.0107168
0.0106942
0.0106698
0.0106486
0.0106253
0.0106055
0.0105832
0.0105645
0.0105431
0.0105255
0.0105049
0.0104884
0.0104684
0.0104529
0.0104336
0.0104191
0.0104003
0.0103867
0.0103684
0.0103557
0.0103379
0.0103261
0.0103087
0.0102977
0.0102806
0.0102706
0.0102538
0.0102446
0.0102281
0.0102199
0.0102036
0.0101963
0.0101803
0.0101739
0.0101581
0.0101528
0.0101372
0.010133
0.0101176
0.0101147
0.0100994
0.0100979
0.0100828
0.010083
0.0100681
0.0100702
0.0100557
0.0100601
0.0100461
0.0100533
0.0100402
0.010051
0.0100392
0.0100548
0.0100455
0.0100677
0.0100626
0.0100953
0.0100982
0.0101459
0.0101623
0.010237
0.0102999
0.0104662
0.0104861
0.0108017
0.0111239
0.0128454
0.0126209
0.0124376
0.0122834
0.0121511
0.012035
0.0119323
0.0118397
0.0117562
0.0116792
0.011609
0.0115432
0.0114827
0.0114253
0.0113722
0.0113212
0.0112741
0.0112282
0.0111859
0.0111442
0.0111058
0.0110675
0.0110325
0.0109971
0.010965
0.010932
0.0109024
0.0108715
0.0108441
0.010815
0.0107896
0.0107621
0.0107384
0.0107122
0.0106902
0.0106652
0.0106446
0.0106207
0.0106015
0.0105784
0.0105606
0.0105383
0.0105216
0.0105
0.0104845
0.0104635
0.0104491
0.0104287
0.0104153
0.0103953
0.010383
0.0103634
0.0103521
0.0103328
0.0103225
0.0103035
0.0102942
0.0102754
0.0102672
0.0102484
0.0102413
0.0102227
0.0102167
0.0101981
0.0101932
0.0101746
0.010171
0.0101523
0.0101501
0.0101312
0.0101304
0.0101114
0.0101123
0.010093
0.0100957
0.0100762
0.010081
0.0100613
0.0100684
0.0100485
0.0100585
0.0100385
0.010052
0.010032
0.0100498
0.0100305
0.0100539
0.0100359
0.010067
0.0100519
0.0100947
0.0100864
0.0101458
0.0101497
0.01024
0.0103004
0.0104491
0.0105143
0.0108036
0.0111451
0.0128451
0.0126194
0.0124354
0.0122806
0.0121479
0.0120314
0.0119286
0.0118357
0.011752
0.0116749
0.0116046
0.0115387
0.0114782
0.0114206
0.0113676
0.0113165
0.0112694
0.0112234
0.0111811
0.0111392
0.011101
0.0110625
0.0110277
0.010992
0.0109601
0.0109269
0.0108975
0.0108664
0.0108392
0.0108098
0.0107847
0.0107568
0.0107335
0.010707
0.0106853
0.0106599
0.0106398
0.0106154
0.0105966
0.0105731
0.0105557
0.0105329
0.0105168
0.0104946
0.0104797
0.0104581
0.0104443
0.0104232
0.0104105
0.0103898
0.0103783
0.0103579
0.0103474
0.0103273
0.0103178
0.0102979
0.0102896
0.0102698
0.0102626
0.0102429
0.0102368
0.0102171
0.0102122
0.0101925
0.0101889
0.010169
0.0101668
0.0101468
0.010146
0.0101258
0.0101265
0.0101061
0.0101086
0.0100879
0.0100924
0.0100713
0.0100781
0.0100567
0.0100661
0.0100444
0.010057
0.010035
0.0100515
0.0100295
0.0100509
0.0100291
0.0100569
0.0100362
0.0100728
0.0100541
0.0101017
0.0100892
0.0101549
0.0101541
0.0102503
0.0103221
0.0104239
0.0105196
0.0107558
0.0111711
0.0128447
0.0126177
0.0124328
0.0122773
0.0121442
0.0120273
0.0119242
0.0118311
0.0117473
0.01167
0.0115996
0.0115335
0.011473
0.0114152
0.0113623
0.0113109
0.011264
0.0112177
0.0111757
0.0111335
0.0110955
0.0110567
0.0110221
0.0109862
0.0109546
0.010921
0.010892
0.0108604
0.0108337
0.0108038
0.0107792
0.0107508
0.010728
0.0107009
0.0106798
0.0106538
0.0106343
0.0106092
0.0105912
0.0105669
0.0105503
0.0105266
0.0105114
0.0104883
0.0104744
0.0104517
0.0104391
0.0104168
0.0104054
0.0103833
0.0103732
0.0103513
0.0103424
0.0103206
0.0103129
0.0102911
0.0102848
0.0102629
0.0102579
0.0102359
0.0102322
0.01021
0.0102078
0.0101852
0.0101846
0.0101615
0.0101626
0.010139
0.010142
0.0101177
0.0101227
0.0100977
0.0101049
0.010079
0.0100887
0.0100619
0.0100745
0.0100466
0.0100624
0.0100333
0.0100531
0.0100226
0.0100472
0.0100154
0.0100458
0.0100127
0.0100506
0.0100167
0.0100646
0.0100317
0.0100958
0.0100671
0.0101548
0.0101352
0.0102618
0.0103142
0.0104175
0.0105218
0.0107503
0.0111578
0.0128442
0.0126158
0.0124299
0.0122736
0.01214
0.0120227
0.0119193
0.0118259
0.011742
0.0116644
0.011594
0.0115277
0.0114672
0.0114092
0.0113563
0.0113048
0.0112579
0.0112115
0.0111695
0.0111272
0.0110892
0.0110504
0.0110159
0.0109798
0.0109483
0.0109145
0.0108856
0.0108539
0.0108273
0.0107973
0.0107728
0.0107442
0.0107216
0.0106943
0.0106734
0.0106472
0.0106279
0.0106026
0.0105849
0.0105602
0.010544
0.01052
0.0105051
0.0104816
0.0104681
0.010445
0.0104329
0.0104101
0.0103992
0.0103766
0.010367
0.0103446
0.0103363
0.0103139
0.0103069
0.0102844
0.0102788
0.0102562
0.010252
0.0102292
0.0102265
0.0102033
0.0102022
0.0101786
0.0101791
0.0101551
0.0101574
0.0101328
0.0101371
0.0101118
0.0101183
0.0100922
0.0101011
0.0100742
0.0100859
0.0100579
0.0100728
0.0100439
0.0100625
0.0100325
0.0100555
0.0100244
0.0100526
0.0100196
0.0100542
0.0100201
0.0100629
0.0100279
0.0100813
0.0100467
0.0101145
0.0100824
0.0101744
0.0101529
0.0102811
0.0103384
0.0104368
0.0105396
0.0107701
0.0111445
0.0128437
0.0126136
0.0124266
0.0122696
0.0121354
0.0120177
0.011914
0.0118203
0.0117361
0.0116584
0.0115878
0.0115214
0.0114608
0.0114028
0.0113498
0.0112983
0.0112513
0.0112049
0.0111628
0.0111205
0.0110826
0.0110436
0.0110091
0.010973
0.0109415
0.0109078
0.0108789
0.0108471
0.0108206
0.0107905
0.0107661
0.0107374
0.0107149
0.0106875
0.0106667
0.0106404
0.0106213
0.0105958
0.0105782
0.0105534
0.0105373
0.0105132
0.0104985
0.0104749
0.0104615
0.0104383
0.0104263
0.0104033
0.0103926
0.0103698
0.0103605
0.0103377
0.0103298
0.010307
0.0103004
0.0102775
0.0102724
0.0102493
0.0102456
0.0102222
0.01022
0.0101962
0.0101958
0.0101714
0.0101727
0.0101477
0.0101511
0.0101252
0.0101308
0.0101039
0.0101119
0.0100839
0.0100948
0.0100653
0.0100794
0.0100484
0.0100661
0.0100334
0.0100552
0.010021
0.0100473
0.0100116
0.0100435
0.0100077
0.0100461
0.0100104
0.0100567
0.0100228
0.010079
0.0100506
0.0101191
0.0101024
0.0101789
0.0101857
0.0102974
0.0103412
0.0104916
0.0105964
0.0108612
0.0112217
0.0128435
0.0126127
0.0124252
0.0122679
0.0121334
0.0120156
0.0119117
0.0118179
0.0117337
0.0116559
0.0115853
0.0115189
0.0114582
0.0114002
0.0113472
0.0112956
0.0112486
0.0112022
0.0111601
0.0111178
0.0110798
0.0110409
0.0110064
0.0109702
0.0109387
0.010905
0.0108761
0.0108443
0.0108178
0.0107877
0.0107633
0.0107346
0.0107121
0.0106847
0.0106639
0.0106375
0.0106184
0.0105929
0.0105753
0.0105506
0.0105345
0.0105103
0.0104956
0.010472
0.0104586
0.0104354
0.0104234
0.0104004
0.0103897
0.010367
0.0103575
0.0103349
0.0103268
0.0103042
0.0102974
0.0102748
0.0102693
0.0102466
0.0102424
0.0102196
0.0102168
0.0101937
0.0101924
0.010169
0.0101691
0.0101454
0.010147
0.0101231
0.0101262
0.0101019
0.0101067
0.0100822
0.0100887
0.0100639
0.0100721
0.0100473
0.0100575
0.0100325
0.010045
0.01002
0.0100351
0.0100103
0.0100283
0.0100043
0.0100256
0.0100035
0.0100287
0.0100101
0.0100404
0.0100283
0.0100662
0.0100662
0.0101205
0.0101422
0.0102307
0.0103006
0.0103947
0.0105754
0.0106473
0.0113065
0.0128435
0.0126127
0.0124252
0.0122679
0.0121334
0.0120156
0.0119117
0.011818
0.0117336
0.011656
0.0115852
0.0115189
0.0114581
0.0114002
0.011347
0.0112957
0.0112484
0.0112023
0.0111599
0.0111179
0.0110795
0.011041
0.0110061
0.0109704
0.0109384
0.0109051
0.0108757
0.0108445
0.0108173
0.0107879
0.0107627
0.0107349
0.0107115
0.010685
0.0106633
0.0106379
0.0106177
0.0105933
0.0105745
0.010551
0.0105336
0.0105108
0.0104947
0.0104725
0.0104576
0.010436
0.0104222
0.0104011
0.0103884
0.0103677
0.0103561
0.0103357
0.0103252
0.0103051
0.0102957
0.0102758
0.0102674
0.0102477
0.0102404
0.0102208
0.0102147
0.0101951
0.0101901
0.0101706
0.0101667
0.0101473
0.0101447
0.0101253
0.0101239
0.0101046
0.0101044
0.0100854
0.0100865
0.0100677
0.0100702
0.0100519
0.010056
0.0100381
0.010044
0.0100269
0.0100347
0.0100188
0.0100286
0.0100145
0.0100266
0.0100151
0.0100299
0.0100222
0.01004
0.0100381
0.0100604
0.0100679
0.0100968
0.0101247
0.0101603
0.0102521
0.0102931
0.0104233
0.0105898
0.0109459
0.0128434
0.0126127
0.0124251
0.0122679
0.0121333
0.0120157
0.0119116
0.011818
0.0117335
0.0116561
0.0115851
0.011519
0.0114579
0.0114004
0.0113468
0.0112958
0.0112482
0.0112025
0.0111596
0.0111181
0.0110792
0.0110413
0.0110057
0.0109707
0.010938
0.0109055
0.0108752
0.0108449
0.0108168
0.0107884
0.0107622
0.0107354
0.0107109
0.0106855
0.0106625
0.0106385
0.0106169
0.010594
0.0105736
0.0105518
0.0105326
0.0105117
0.0104935
0.0104735
0.0104563
0.010437
0.0104208
0.0104022
0.0103868
0.0103689
0.0103543
0.0103371
0.0103233
0.0103066
0.0102935
0.0102774
0.010265
0.0102494
0.0102376
0.0102226
0.0102115
0.010197
0.0101865
0.0101726
0.0101626
0.0101494
0.0101399
0.0101274
0.0101184
0.0101067
0.0100982
0.0100874
0.0100794
0.0100698
0.0100621
0.010054
0.0100465
0.0100403
0.0100328
0.0100292
0.0100214
0.0100213
0.0100127
0.0100175
0.0100075
0.0100189
0.0100068
0.0100276
0.0100124
0.0100458
0.0100268
0.0100772
0.010053
0.0101247
0.0101118
0.0101965
0.0102497
0.0103225
0.0104208
0.0106425
0.0128434
0.0126127
0.0124251
0.012268
0.0121333
0.0120157
0.0119115
0.0118181
0.0117335
0.0116561
0.011585
0.0115191
0.0114578
0.0114005
0.0113467
0.011296
0.011248
0.0112026
0.0111594
0.0111183
0.011079
0.0110415
0.0110055
0.0109709
0.0109377
0.0109057
0.0108749
0.0108452
0.0108165
0.0107887
0.0107618
0.0107357
0.0107104
0.0106859
0.010662
0.0106389
0.0106163
0.0105945
0.010573
0.0105523
0.0105319
0.0105122
0.0104928
0.0104741
0.0104555
0.0104377
0.0104198
0.0104029
0.0103858
0.0103697
0.0103532
0.0103379
0.0103221
0.0103075
0.0102922
0.0102784
0.0102635
0.0102505
0.0102361
0.0102238
0.0102099
0.0101983
0.0101848
0.010174
0.0101608
0.0101509
0.0101381
0.010129
0.0101166
0.0101083
0.0100964
0.010089
0.0100776
0.0100713
0.0100603
0.0100551
0.0100447
0.0100409
0.0100313
0.0100288
0.0100204
0.0100193
0.0100126
0.0100127
0.010009
0.0100097
0.0100108
0.0100108
0.0100197
0.0100176
0.0100392
0.0100313
0.0100757
0.0100506
0.0101322
0.0101032
0.0102143
0.0102383
0.0103494
0.010454
0.0128434
0.0126127
0.0124251
0.0122679
0.0121333
0.0120157
0.0119115
0.0118181
0.0117334
0.0116561
0.011585
0.0115191
0.0114578
0.0114005
0.0113467
0.0112959
0.011248
0.0112026
0.0111594
0.0111182
0.011079
0.0110414
0.0110055
0.0109709
0.0109377
0.0109057
0.0108749
0.0108451
0.0108165
0.0107886
0.0107618
0.0107356
0.0107104
0.0106858
0.0106621
0.0106388
0.0106163
0.0105943
0.010573
0.0105521
0.0105319
0.010512
0.0104928
0.0104738
0.0104555
0.0104373
0.0104199
0.0104025
0.0103859
0.0103692
0.0103534
0.0103373
0.0103222
0.0103068
0.0102924
0.0102775
0.0102638
0.0102495
0.0102364
0.0102226
0.0102102
0.0101968
0.0101851
0.0101722
0.0101613
0.0101488
0.0101386
0.0101265
0.0101172
0.0101054
0.0100972
0.0100856
0.0100786
0.0100673
0.0100615
0.0100505
0.0100464
0.0100354
0.0100333
0.0100225
0.0100228
0.0100119
0.0100153
0.0100044
0.0100114
0.0100003
0.0100117
0.0100005
0.0100171
0.0100066
0.0100291
0.0100253
0.0100468
0.0100634
0.0100676
0.0101183
0.0101116
0.0102137
0.0102278
0.0103683
0.0128434
0.0126127
0.0124251
0.0122679
0.0121333
0.0120157
0.0119115
0.011818
0.0117335
0.0116561
0.011585
0.011519
0.0114578
0.0114004
0.0113467
0.0112959
0.0112481
0.0112025
0.0111595
0.0111182
0.0110791
0.0110413
0.0110055
0.0109708
0.0109378
0.0109056
0.010875
0.010845
0.0108165
0.0107884
0.0107619
0.0107354
0.0107105
0.0106856
0.0106622
0.0106385
0.0106165
0.010594
0.0105732
0.0105518
0.0105321
0.0105116
0.010493
0.0104734
0.0104557
0.0104369
0.0104202
0.010402
0.0103862
0.0103686
0.0103536
0.0103367
0.0103225
0.0103061
0.0102927
0.0102767
0.0102641
0.0102486
0.0102367
0.0102216
0.0102105
0.0101958
0.0101854
0.0101711
0.0101615
0.0101475
0.0101388
0.0101251
0.0101172
0.010104
0.0100969
0.0100841
0.0100778
0.0100657
0.0100603
0.0100489
0.0100443
0.010034
0.0100301
0.0100211
0.010018
0.0100109
0.0100082
0.0100039
0.0100013
0.0100013
0.00999778
0.010004
0.0099977
0.0100131
0.010001
0.0100285
0.0100144
0.0100514
0.010047
0.0100814
0.0100995
0.0101274
0.0101982
0.0102556
0.0128434
0.0126127
0.0124251
0.0122679
0.0121332
0.0120156
0.0119115
0.011818
0.0117334
0.0116561
0.011585
0.011519
0.0114578
0.0114004
0.0113466
0.0112959
0.011248
0.0112025
0.0111594
0.0111182
0.011079
0.0110413
0.0110054
0.0109708
0.0109377
0.0109056
0.0108749
0.010845
0.0108164
0.0107885
0.0107617
0.0107355
0.0107103
0.0106856
0.010662
0.0106386
0.0106162
0.0105941
0.0105729
0.0105519
0.0105318
0.0105118
0.0104926
0.0104735
0.0104553
0.0104371
0.0104196
0.0104022
0.0103855
0.0103689
0.0103529
0.010337
0.0103217
0.0103064
0.0102917
0.0102771
0.010263
0.010249
0.0102354
0.0102221
0.010209
0.0101964
0.0101837
0.0101718
0.0101596
0.0101483
0.0101365
0.0101261
0.0101147
0.0101051
0.010094
0.0100853
0.0100747
0.010067
0.0100568
0.0100503
0.0100404
0.0100353
0.010026
0.0100222
0.0100136
0.0100114
0.0100038
0.0100029
0.00999699
0.00999692
0.00999383
0.00999403
0.00999607
0.00999477
0.0100054
0.00999715
0.0100224
0.0100018
0.0100478
0.0100201
0.010085
0.010056
0.0101398
0.0101807
0.0128434
0.0126127
0.0124251
0.0122679
0.0121332
0.0120156
0.0119115
0.011818
0.0117334
0.011656
0.0115849
0.011519
0.0114578
0.0114004
0.0113466
0.0112959
0.011248
0.0112025
0.0111594
0.0111181
0.011079
0.0110413
0.0110054
0.0109707
0.0109377
0.0109055
0.0108749
0.010845
0.0108164
0.0107884
0.0107617
0.0107354
0.0107103
0.0106856
0.0106619
0.0106385
0.0106162
0.010594
0.0105729
0.0105518
0.0105317
0.0105116
0.0104925
0.0104734
0.0104552
0.0104369
0.0104196
0.010402
0.0103855
0.0103686
0.0103528
0.0103366
0.0103216
0.010306
0.0102916
0.0102766
0.0102628
0.0102484
0.0102353
0.0102214
0.0102089
0.0101955
0.0101836
0.0101707
0.0101595
0.010147
0.0101365
0.0101244
0.0101147
0.010103
0.0100941
0.0100827
0.0100749
0.0100638
0.0100572
0.0100463
0.0100412
0.0100303
0.0100271
0.0100161
0.0100153
0.0100039
0.0100061
0.00999397
0.0100001
0.00998656
0.00999773
0.00998181
0.00999938
0.00997922
0.0100059
0.00998188
0.0100156
0.00999333
0.0100267
0.0100104
0.0100434
0.0100401
0.0100813
0.0101135
0.0128434
0.0126127
0.0124251
0.0122679
0.0121332
0.0120156
0.0119115
0.011818
0.0117334
0.011656
0.011585
0.011519
0.0114578
0.0114003
0.0113467
0.0112958
0.0112481
0.0112024
0.0111595
0.011118
0.0110791
0.0110412
0.0110055
0.0109706
0.0109378
0.0109053
0.010875
0.0108447
0.0108165
0.0107881
0.0107619
0.0107351
0.0107105
0.0106852
0.0106622
0.0106381
0.0106165
0.0105935
0.0105732
0.0105512
0.0105321
0.010511
0.0104929
0.0104727
0.0104556
0.0104361
0.01042
0.0104011
0.010386
0.0103676
0.0103534
0.0103356
0.0103222
0.0103048
0.0102923
0.0102752
0.0102637
0.0102469
0.0102362
0.0102197
0.0102099
0.0101935
0.0101848
0.0101685
0.0101607
0.0101445
0.0101379
0.0101216
0.0101162
0.0100999
0.0100958
0.0100793
0.0100767
0.01006
0.0100591
0.010042
0.0100431
0.0100256
0.0100289
0.010011
0.0100165
0.00999826
0.0100063
0.0099878
0.0099985
0.00997987
0.00999322
0.00997517
0.00999034
0.00997484
0.0099894
0.00997853
0.00999135
0.00998535
0.00999764
0.00999636
0.0100087
0.0100136
0.0100254
0.0100534
0.0128433
0.0126126
0.012425
0.0122679
0.0121332
0.0120156
0.0119115
0.011818
0.0117334
0.011656
0.0115849
0.0115189
0.0114578
0.0114003
0.0113467
0.0112958
0.011248
0.0112024
0.0111594
0.011118
0.011079
0.0110411
0.0110055
0.0109705
0.0109377
0.0109053
0.010875
0.0108447
0.0108165
0.0107881
0.0107618
0.0107351
0.0107105
0.0106852
0.0106621
0.010638
0.0106164
0.0105935
0.0105731
0.0105511
0.0105319
0.0105109
0.0104928
0.0104725
0.0104555
0.0104359
0.0104199
0.0104009
0.0103858
0.0103674
0.0103532
0.0103353
0.0103219
0.0103044
0.010292
0.0102749
0.0102633
0.0102464
0.0102357
0.0102192
0.0102093
0.010193
0.010184
0.0101679
0.0101598
0.0101438
0.0101367
0.0101209
0.0101147
0.0100991
0.010094
0.0100785
0.0100745
0.0100592
0.0100563
0.0100413
0.0100397
0.010025
0.0100247
0.0100105
0.0100115
0.0099981
0.0100004
0.00998801
0.00999144
0.00998051
0.0099847
0.00997551
0.00998016
0.00997273
0.0099778
0.00997197
0.00997751
0.00997363
0.00997933
0.00997791
0.0099835
0.00998647
0.00998292
0.0100155
0.0128433
0.0126126
0.012425
0.0122679
0.0121332
0.0120156
0.0119114
0.011818
0.0117333
0.011656
0.0115849
0.011519
0.0114577
0.0114004
0.0113465
0.0112959
0.0112479
0.0112025
0.0111592
0.0111182
0.0110788
0.0110413
0.0110052
0.0109708
0.0109374
0.0109055
0.0108746
0.010845
0.0108161
0.0107884
0.0107614
0.0107354
0.01071
0.0106855
0.0106616
0.0106385
0.0106158
0.0105939
0.0105724
0.0105516
0.0105312
0.0105114
0.010492
0.0104731
0.0104546
0.0104366
0.0104189
0.0104016
0.0103847
0.0103682
0.010352
0.0103361
0.0103206
0.0103053
0.0102905
0.0102758
0.0102616
0.0102474
0.0102339
0.0102202
0.0102073
0.0101941
0.0101818
0.0101691
0.0101574
0.0101451
0.0101341
0.0101222
0.0101118
0.0101005
0.0100908
0.01008
0.0100709
0.0100607
0.0100524
0.0100428
0.0100352
0.0100266
0.0100197
0.0100121
0.0100058
0.00999954
0.00999391
0.00998924
0.00998402
0.00998131
0.00997621
0.00997589
0.00997034
0.00997284
0.0099659
0.00997125
0.0099622
0.00996996
0.00995834
0.00997024
0.00995521
0.00997258
0.00995377
0.0099804
0.0128433
0.0126127
0.012425
0.0122679
0.0121331
0.0120157
0.0119113
0.0118181
0.0117332
0.0116561
0.0115847
0.0115191
0.0114575
0.0114005
0.0113463
0.011296
0.0112477
0.0112027
0.011159
0.0111184
0.0110785
0.0110416
0.0110049
0.0109711
0.0109371
0.0109059
0.0108742
0.0108454
0.0108156
0.0107888
0.0107608
0.0107359
0.0107094
0.0106861
0.0106608
0.0106391
0.010615
0.0105946
0.0105715
0.0105524
0.0105302
0.0105122
0.0104909
0.010474
0.0104534
0.0104375
0.0104176
0.0104026
0.0103833
0.0103692
0.0103504
0.0103372
0.0103189
0.0103065
0.0102886
0.010277
0.0102596
0.0102487
0.0102317
0.0102216
0.0102049
0.0101955
0.0101792
0.0101705
0.0101545
0.0101466
0.0101309
0.0101238
0.0101084
0.0101021
0.010087
0.0100816
0.0100667
0.0100624
0.0100477
0.0100446
0.0100301
0.0100283
0.010014
0.0100137
0.00999954
0.010001
0.00998686
0.00999026
0.00997609
0.0099817
0.00996722
0.00997529
0.0099601
0.00997089
0.00995434
0.00996837
0.00994853
0.00996632
0.00994308
0.00996187
0.00993741
0.00995691
0.00993347
0.00995466
0.0128432
0.0126127
0.0124249
0.0122679
0.012133
0.0120157
0.0119112
0.0118181
0.0117331
0.0116562
0.0115846
0.0115192
0.0114574
0.0114007
0.0113461
0.0112962
0.0112474
0.0112029
0.0111587
0.0111186
0.0110782
0.0110418
0.0110046
0.0109713
0.0109367
0.0109062
0.0108737
0.0108457
0.0108151
0.0107893
0.0107603
0.0107364
0.0107087
0.0106866
0.0106602
0.0106396
0.0106142
0.0105952
0.0105707
0.010553
0.0105293
0.010513
0.0104899
0.0104748
0.0104523
0.0104384
0.0104163
0.0104035
0.0103819
0.0103702
0.0103489
0.0103383
0.0103172
0.0103077
0.0102868
0.0102783
0.0102575
0.0102501
0.0102294
0.010223
0.0102024
0.010197
0.0101765
0.0101721
0.0101515
0.0101483
0.0101276
0.0101256
0.0101048
0.010104
0.010083
0.0100836
0.0100624
0.0100644
0.010043
0.0100465
0.010025
0.0100302
0.0100084
0.0100154
0.00999352
0.0100025
0.00998037
0.00999133
0.00996909
0.00998204
0.00995967
0.00997438
0.0099519
0.00996778
0.00994524
0.00996147
0.00993957
0.00995449
0.0099335
0.00994663
0.00992652
0.00993673
0.00991978
0.00992852
0.0128432
0.0126127
0.0124249
0.0122679
0.012133
0.0120157
0.0119112
0.0118182
0.0117331
0.0116562
0.0115845
0.0115193
0.0114573
0.0114007
0.011346
0.0112963
0.0112473
0.011203
0.0111586
0.0111187
0.011078
0.011042
0.0110043
0.0109715
0.0109364
0.0109064
0.0108735
0.0108459
0.0108148
0.0107895
0.0107599
0.0107366
0.0107084
0.0106868
0.0106597
0.0106399
0.0106137
0.0105955
0.0105701
0.0105534
0.0105287
0.0105134
0.0104892
0.0104752
0.0104515
0.0104388
0.0104155
0.010404
0.010381
0.0103707
0.0103479
0.0103388
0.0103161
0.0103082
0.0102856
0.0102789
0.0102562
0.0102507
0.010228
0.0102236
0.0102008
0.0101976
0.0101747
0.0101726
0.0101496
0.0101487
0.0101255
0.0101258
0.0101026
0.010104
0.0100806
0.0100832
0.0100599
0.0100637
0.0100404
0.0100454
0.0100223
0.0100285
0.0100057
0.0100132
0.00999077
0.00999947
0.00997767
0.0099875
0.00996648
0.0099772
0.00995715
0.00996832
0.0099494
0.00996033
0.00994288
0.00995208
0.00993634
0.00994274
0.0099279
0.00993158
0.00991829
0.00991874
0.00990782
0.00990695
0.0128432
0.0126127
0.0124249
0.0122679
0.012133
0.0120157
0.0119112
0.0118181
0.011733
0.0116562
0.0115845
0.0115193
0.0114573
0.0114007
0.011346
0.0112962
0.0112473
0.0112029
0.0111586
0.0111187
0.011078
0.0110419
0.0110043
0.0109714
0.0109364
0.0109063
0.0108735
0.0108458
0.0108148
0.0107894
0.0107599
0.0107365
0.0107083
0.0106867
0.0106597
0.0106398
0.0106137
0.0105953
0.0105701
0.0105532
0.0105287
0.0105131
0.0104892
0.0104749
0.0104515
0.0104385
0.0104154
0.0104036
0.0103809
0.0103703
0.0103478
0.0103383
0.010316
0.0103076
0.0102855
0.0102781
0.0102561
0.0102498
0.0102279
0.0102225
0.0102007
0.0101964
0.0101746
0.0101712
0.0101495
0.0101471
0.0101254
0.010124
0.0101024
0.010102
0.0100805
0.010081
0.0100597
0.0100611
0.0100402
0.0100425
0.010022
0.0100252
0.0100053
0.0100094
0.00999027
0.00999514
0.00997701
0.00998249
0.0099656
0.00997143
0.00995595
0.00996171
0.0099477
0.00995279
0.00994018
0.00994388
0.00993267
0.00993376
0.00992345
0.00992106
0.00991088
0.00990602
0.00989734
0.00989141
0.0128432
0.0126126
0.0124249
0.0122679
0.012133
0.0120157
0.0119112
0.0118181
0.0117331
0.0116562
0.0115845
0.0115192
0.0114573
0.0114006
0.0113461
0.0112961
0.0112474
0.0112028
0.0111587
0.0111185
0.0110782
0.0110417
0.0110045
0.0109712
0.0109366
0.0109061
0.0108736
0.0108456
0.010815
0.0107891
0.0107601
0.0107361
0.0107086
0.0106863
0.01066
0.0106393
0.010614
0.0105948
0.0105704
0.0105526
0.010529
0.0105125
0.0104896
0.0104742
0.0104519
0.0104377
0.0104159
0.0104028
0.0103814
0.0103693
0.0103483
0.0103372
0.0103165
0.0103064
0.010286
0.0102769
0.0102567
0.0102484
0.0102284
0.010221
0.0102012
0.0101947
0.0101751
0.0101694
0.01015
0.0101451
0.0101259
0.0101218
0.0101028
0.0100995
0.0100809
0.0100782
0.01006
0.0100581
0.0100404
0.0100391
0.0100221
0.0100215
0.0100053
0.0100052
0.00999009
0.00999051
0.00997662
0.00997738
0.00996492
0.0099658
0.00995488
0.00995551
0.00994611
0.00994597
0.00993768
0.00993629
0.00992869
0.00992539
0.00991884
0.00991227
0.00990603
0.0098959
0.00989007
0.00987986
0.0128432
0.0126126
0.0124249
0.0122678
0.012133
0.0120156
0.0119112
0.011818
0.0117331
0.0116561
0.0115846
0.0115191
0.0114574
0.0114005
0.0113462
0.011296
0.0112475
0.0112026
0.0111588
0.0111183
0.0110783
0.0110415
0.0110046
0.010971
0.0109368
0.0109058
0.0108739
0.0108452
0.0108152
0.0107887
0.0107604
0.0107357
0.0107089
0.0106859
0.0106603
0.0106388
0.0106144
0.0105943
0.0105708
0.010552
0.0105294
0.0105118
0.01049
0.0104735
0.0104524
0.0104369
0.0104164
0.0104018
0.0103819
0.0103683
0.0103489
0.0103361
0.0103171
0.0103052
0.0102866
0.0102755
0.0102573
0.0102469
0.0102291
0.0102194
0.0102019
0.0101929
0.0101758
0.0101674
0.0101506
0.0101429
0.0101265
0.0101193
0.0101034
0.0100968
0.0100813
0.0100753
0.0100604
0.0100549
0.0100407
0.0100356
0.0100222
0.0100177
0.0100052
0.0100011
0.00998982
0.00998602
0.00997605
0.00997255
0.00996398
0.00996063
0.00995344
0.00995001
0.00994403
0.00994015
0.00993495
0.00993009
0.00992485
0.00991868
0.0099121
0.00990535
0.00989751
0.00989055
0.00988053
0.00987315
0.0128432
0.0126126
0.0124249
0.0122678
0.012133
0.0120155
0.0119112
0.011818
0.0117331
0.011656
0.0115846
0.011519
0.0114574
0.0114004
0.0113462
0.0112958
0.0112476
0.0112025
0.0111589
0.0111182
0.0110784
0.0110413
0.0110048
0.0109708
0.0109369
0.0109056
0.010874
0.010845
0.0108154
0.0107884
0.0107606
0.0107354
0.0107091
0.0106855
0.0106605
0.0106384
0.0106146
0.0105938
0.0105711
0.0105515
0.0105297
0.0105112
0.0104903
0.0104728
0.0104527
0.0104361
0.0104167
0.0104011
0.0103823
0.0103674
0.0103492
0.0103352
0.0103175
0.0103041
0.010287
0.0102743
0.0102577
0.0102456
0.0102294
0.010218
0.0102022
0.0101914
0.010176
0.0101657
0.0101508
0.010141
0.0101266
0.0101173
0.0101034
0.0100946
0.0100812
0.0100729
0.0100602
0.0100523
0.0100402
0.0100328
0.0100215
0.0100147
0.0100043
0.00999796
0.0099885
0.00998278
0.00997435
0.00996924
0.00996183
0.00995733
0.00995081
0.00994682
0.00994087
0.00993716
0.00993125
0.00992745
0.00992078
0.00991643
0.00990821
0.00990261
0.00989236
0.00988633
0.00987556
0.00987009
0.0128432
0.0126125
0.0124249
0.0122678
0.012133
0.0120155
0.0119112
0.0118179
0.0117331
0.011656
0.0115846
0.0115189
0.0114574
0.0114003
0.0113463
0.0112958
0.0112476
0.0112024
0.0111589
0.0111181
0.0110784
0.0110412
0.0110048
0.0109706
0.0109369
0.0109054
0.0108741
0.0108448
0.0108155
0.0107882
0.0107606
0.0107352
0.0107091
0.0106853
0.0106606
0.0106382
0.0106147
0.0105935
0.0105712
0.0105512
0.0105298
0.0105109
0.0104903
0.0104725
0.0104527
0.0104358
0.0104167
0.0104006
0.0103822
0.010367
0.0103492
0.0103346
0.0103174
0.0103036
0.0102868
0.0102737
0.0102574
0.0102449
0.0102291
0.0102172
0.0102018
0.0101905
0.0101755
0.0101648
0.0101502
0.01014
0.0101258
0.0101162
0.0101025
0.0100933
0.01008
0.0100715
0.0100586
0.0100507
0.0100383
0.010031
0.0100192
0.0100126
0.0100014
0.00999554
0.0099851
0.00998003
0.0099703
0.00996613
0.00995709
0.00995382
0.00994535
0.00994288
0.00993471
0.00993279
0.00992444
0.00992266
0.00991349
0.00991128
0.00990067
0.00989758
0.00988529
0.00988093
0.00986747
0.00986404
0.0128432
0.0126125
0.0124248
0.0122678
0.012133
0.0120155
0.0119112
0.0118179
0.0117331
0.0116559
0.0115846
0.0115189
0.0114574
0.0114003
0.0113462
0.0112957
0.0112476
0.0112024
0.0111589
0.011118
0.0110784
0.0110412
0.0110048
0.0109706
0.0109369
0.0109054
0.010874
0.0108447
0.0108154
0.0107882
0.0107606
0.0107351
0.0107091
0.0106852
0.0106605
0.010638
0.0106146
0.0105934
0.0105711
0.010551
0.0105297
0.0105107
0.0104902
0.0104723
0.0104525
0.0104355
0.0104165
0.0104004
0.010382
0.0103666
0.0103489
0.0103343
0.010317
0.0103031
0.0102864
0.0102731
0.0102569
0.0102443
0.0102284
0.0102164
0.0102009
0.0101895
0.0101744
0.0101636
0.0101488
0.0101385
0.0101241
0.0101144
0.0101003
0.0100911
0.0100773
0.0100687
0.0100553
0.0100472
0.0100343
0.0100268
0.0100143
0.0100074
0.00999536
0.00998924
0.00997772
0.00997239
0.00996145
0.009957
0.00994667
0.00994313
0.0099334
0.00993073
0.00992149
0.00991953
0.00991054
0.00990894
0.00989982
0.00989806
0.00988842
0.00988591
0.00987557
0.00987197
0.00986119
0.00985687
0.0111537
0.0111371
0.0111546
0.0110878
0.0112381
0.0111209
0.0113889
0.0112978
0.0116655
0.0115909
0.0109457
0.0108752
0.0108824
0.0108255
0.0108592
0.0108486
0.0109417
0.0109583
0.011157
0.0111543
0.0106687
0.0106377
0.0105966
0.0105968
0.0105868
0.0106571
0.0106616
0.0107254
0.0108043
0.0108939
0.0104588
0.0104418
0.0104351
0.0104341
0.0104454
0.0104759
0.010493
0.0105618
0.0105868
0.010706
0.010336
0.0103333
0.0103366
0.0103318
0.0103452
0.0103589
0.0103716
0.0104394
0.0104551
0.0105506
0.0102511
0.0102439
0.0102303
0.0102293
0.0102271
0.0102401
0.0102556
0.0102956
0.0103153
0.0103887
0.010167
0.0101536
0.0101492
0.0101424
0.010147
0.0101539
0.0101715
0.0101968
0.0102178
0.0102834
0.0101029
0.0100932
0.010087
0.0100809
0.0100847
0.0100879
0.0101041
0.0101196
0.0101497
0.0101854
0.0100479
0.0100401
0.0100302
0.0100267
0.0100259
0.0100304
0.0100411
0.010056
0.0100789
0.010107
0.01
0.00999347
0.00998261
0.00998219
0.00997781
0.00998591
0.00998992
0.0100079
0.0100213
0.0100497
0.00996472
0.00995714
0.00995035
0.00994727
0.00994661
0.00995003
0.00995696
0.00996811
0.00998341
0.0100026
0.00993679
0.00993364
0.00992292
0.00992457
0.00991843
0.00992644
0.00992633
0.00994186
0.00994827
0.00997166
0.00991721
0.0099097
0.00990322
0.00990085
0.00989798
0.00990184
0.00990411
0.00991476
0.00992335
0.00994004
0.0098998
0.00988921
0.00988706
0.00988013
0.00988234
0.00988001
0.00988787
0.00989065
0.00990501
0.00991246
0.0098855
0.00987493
0.00987379
0.00986605
0.00986943
0.00986541
0.0098743
0.00987459
0.00988951
0.00989397
0.00987552
0.00986426
0.00986467
0.00985565
0.00986063
0.00985471
0.009865
0.00986308
0.00987884
0.00988091
0.0098647
0.00985801
0.00985398
0.00984998
0.00984952
0.0098492
0.00985293
0.00985734
0.00986504
0.00987423
0.00985894
0.00985537
0.00984823
0.00984762
0.0098436
0.00984678
0.00984643
0.00985407
0.00985735
0.0098691
0.00985325
0.00985076
0.00984387
0.00984429
0.00984052
0.00984433
0.00984402
0.00985167
0.00985485
0.0098658
0.00984817
0.00984476
0.00983844
0.00983654
0.00983182
0.00983239
0.00983043
0.00983361
0.00983468
0.00984014
)
;

boundaryField
{
    down
    {
        type            symmetryPlane;
    }
    right
    {
        type            calculated;
        value           nonuniform List<scalar> 
30
(
0.493693
0.487387
0.477218
0.463678
0.443817
0.414677
0.371624
0.312715
0.236442
0.142419
0.0531877
0.0179732
0.0123578
0.0114078
0.0109375
0.0105988
0.0103541
0.0100984
0.00996339
0.00981746
0.00977903
0.00970639
0.00962495
0.00960221
0.00953689
0.00947595
0.00946075
0.00941258
0.00945249
0.00944946
)
;
    }
    up
    {
        type            calculated;
        value           nonuniform List<scalar> 
220
(
0.00984623
0.00985324
0.00985829
0.00986578
0.00987106
0.00987811
0.00988255
0.00988849
0.00989142
0.00989582
0.00989832
0.00989584
0.00989524
0.0098908
0.00988857
0.00988266
0.00987936
0.00987248
0.00986853
0.00986105
0.00985679
0.009849
0.00984466
0.00983673
0.00983243
0.00982445
0.00982027
0.00981228
0.00980826
0.00980029
0.00979643
0.00978849
0.0097848
0.00977688
0.00977335
0.00976544
0.00976207
0.00975418
0.00975095
0.00974306
0.00973998
0.00973209
0.00972915
0.00972125
0.00971845
0.00971054
0.00970787
0.00969994
0.0096974
0.00968947
0.00968704
0.0096791
0.0096768
0.00966884
0.00966666
0.00965869
0.00965662
0.00964865
0.0096467
0.00963873
0.00963688
0.00962891
0.00962717
0.00961921
0.00961757
0.00960963
0.00960808
0.00960016
0.0095987
0.0095908
0.00958942
0.00958156
0.00958026
0.00957243
0.00957119
0.00956341
0.00956222
0.0095545
0.00955335
0.0095457
0.00954457
0.009537
0.00953588
0.0095284
0.00952728
0.0095199
0.00951876
0.0095115
0.00951033
0.0095032
0.00950198
0.009495
0.0094937
0.0094869
0.00948551
0.0094789
0.0094774
0.009471
0.00946935
0.0094632
0.00946142
0.00945559
0.00945335
0.00944749
0.00944634
0.00944177
0.00943813
0.00943876
0.00941051
0.00944946
0.00984886
0.00984578
0.00983974
0.00983807
0.00983356
0.00983432
0.00983253
0.00983585
0.00983704
0.00984259
0.0128431
0.0126125
0.0124248
0.0122677
0.012133
0.0120155
0.0119112
0.0118179
0.0117331
0.0116559
0.0115846
0.0115189
0.0114574
0.0114003
0.0113462
0.0112957
0.0112475
0.0112024
0.0111589
0.011118
0.0110784
0.0110411
0.0110048
0.0109706
0.0109369
0.0109053
0.010874
0.0108447
0.0108154
0.0107881
0.0107606
0.0107351
0.010709
0.0106851
0.0106605
0.010638
0.0106145
0.0105933
0.010571
0.010551
0.0105296
0.0105106
0.0104901
0.0104722
0.0104524
0.0104354
0.0104164
0.0104002
0.0103819
0.0103665
0.0103487
0.0103341
0.0103168
0.0103029
0.0102862
0.0102729
0.0102566
0.010244
0.0102281
0.0102161
0.0102006
0.0101892
0.010174
0.0101632
0.0101484
0.0101381
0.0101236
0.0101138
0.0100997
0.0100904
0.0100767
0.0100679
0.0100545
0.0100464
0.0100334
0.0100258
0.0100132
0.0100063
0.0099942
0.00998801
0.00997641
0.00997102
0.00996
0.00995548
0.00994509
0.00994149
0.00993171
0.00992901
0.00991975
0.00991779
0.00990882
0.00990728
0.00989826
0.00989663
0.00988716
0.00988487
0.0098748
0.00987151
0.00986109
0.00985715
)
;
    }
    left
    {
        type            calculated;
        value           nonuniform List<scalar> 
30
(
0.0129113
0.0129113
0.0129113
0.0129113
0.0129113
0.0129113
0.0129113
0.0129113
0.0129113
0.0129113
0.0129113
0.0129113
0.0129113
0.0129112
0.0129112
0.0129112
0.0129112
0.0129112
0.0129112
0.0129112
0.0129112
0.0129111
0.0129111
0.0129111
0.0129111
0.0129111
0.0129111
0.012911
0.012911
0.012911
)
;
    }
    cylinder
    {
        type            compressible::alphatWallFunction;
        Prt             0.85;
        value           nonuniform List<scalar> 
40
(
0
0
0
0
0
0
0
0
0
0
0.000929488
0.000382763
0
0
0
0
0
0
0
0
0
0
0
0
0
0
0
0
0
0
0
0
0
0
0
0
0
0
0
0
)
;
    }
    defaultFaces
    {
        type            empty;
    }
}


// ************************************************************************* //
